0 0.06796875 0.004970178926441352 0.0067708333333333336 0.009940357852882704
0 0.26640625 0.008449304174950299 0.0078125 0.016898608349900597
0 0.4627604166666667 0.02584493041749503 0.019270833333333334 0.019880715705765408
0 0.33255208333333336 0.06461232604373758 0.009895833333333333 0.03578528827037773
0 0.03854166666666667 0.10337972166998012 0.013541666666666667 0.02385685884691849
0 0.9372395833333333 0.13518886679920478 0.0109375 0.041749502982107355
0 0.07916666666666666 0.15656063618290258 0.015625 0.05268389662027833
0 0.5940104166666667 0.14314115308151093 0.0067708333333333336 0.013916500994035786
0 0.2359375 0.15705765407554673 0.009375 0.033797216699801194
0 0.803125 0.18389662027833 0.022916666666666665 0.02385685884691849
0 0.5955729166666667 0.18986083499005965 0.0078125 0.015904572564612324
0 0.4473958333333333 0.20129224652087474 0.005208333333333333 0.030815109343936383
0 0.7489583333333333 0.19980119284294234 0.015625 0.027833001988071572
0 0.2518229166666667 0.20377733598409542 0.022395833333333334 0.02584493041749503
0 0.3611979166666667 0.21371769383697814 0.008854166666666666 0.02982107355864811
0 0.3424479166666667 0.2147117296222664 0.015104166666666667 0.015904572564612324
0 0.15494791666666666 0.24403578528827038 0.016145833333333335 0.02485089463220676
0 0.21822916666666667 0.24900596421471172 0.016666666666666666 0.032803180914512925
0 0.35390625 0.23856858846918488 0.011979166666666667 0.009940357852882704
0 0.7796875 0.25347912524850896 0.00625 0.033797216699801194
0 0.19583333333333333 0.25198807157057657 0.014583333333333334 0.02882703777335984
0 0.3625 0.2614314115308151 0.010416666666666666 0.03180914512922465
0 0.4669270833333333 0.2828031809145129 0.0234375 0.040755467196819085
0 0.7395833333333334 0.2768389662027833 0.005208333333333333 0.0268389662027833
0 0.43359375 0.27634194831013914 0.008854166666666666 0.017892644135188866
0 0.2328125 0.28876739562624254 0.010416666666666666 0.02286282306163022
0 0.04453125 0.294234592445328 0.0234375 0.02982107355864811
0 0.11588541666666667 0.2952286282306163 0.018229166666666668 0.019880715705765408
0 0.5096354166666667 0.30318091451292245 0.022395833333333334 0.02385685884691849
0 0.17291666666666666 0.3071570576540755 0.013541666666666667 0.02385685884691849
0 0.4041666666666667 0.30467196819085485 0.00625 0.018886679920477135
0 0.946875 0.323558648111332 0.017708333333333333 0.05069582504970179
0 0.140625 0.3265407554671968 0.009375 0.042743538767395624
0 0.28541666666666665 0.323558648111332 0.005208333333333333 0.030815109343936383
0 0.015104166666666667 0.33001988071570576 0.016666666666666666 0.03777335984095427
0 0.39427083333333335 0.32803180914512925 0.0125 0.019880715705765408
0 0.259375 0.3553677932405567 0.014583333333333334 0.02286282306163022
0 0.40520833333333334 0.34840954274353875 0.009375 0.010934393638170975
0 0.28463541666666664 0.36928429423459247 0.015104166666666667 0.016898608349900597
0 0.5713541666666667 0.36779324055666 0.011458333333333333 0.011928429423459244
0 0.3885416666666667 0.39363817097415504 0.009375 0.041749502982107355
0 0.2708333333333333 0.3851888667992048 0.011458333333333333 0.012922465208747515
0 0.7138020833333333 0.3956262425447316 0.011979166666666667 0.02982107355864811
0 0.8864583333333333 0.3976143141153082 0.013541666666666667 0.02584493041749503
0 0.4473958333333333 0.3981113320079523 0.013541666666666667 0.018886679920477135
0 0.2643229166666667 0.40357852882703776 0.013020833333333334 0.007952286282306162
0 0.5484375 0.4274353876739563 0.010416666666666666 0.02584493041749503
0 0.31302083333333336 0.4507952286282306 0.009375 0.018886679920477135
0 0.7986979166666667 0.4542743538767396 0.009895833333333333 0.019880715705765408
0 0.103125 0.46322067594433397 0.01875 0.011928429423459244
0 0.49166666666666664 0.47514910536779326 0.00625 0.033797216699801194
0 0.7901041666666667 0.46520874751491054 0.011458333333333333 0.013916500994035786
0 0.80546875 0.4875745526838966 0.018229166666666668 0.036779324055666
0 0.7856770833333333 0.4835984095427435 0.0067708333333333336 0.012922465208747515
0 0.27109375 0.5034791252485089 0.016145833333333335 0.040755467196819085
0 0.3723958333333333 0.4900596421471173 0.009375 0.015904572564612324
0 0.45729166666666665 0.4985089463220676 0.005208333333333333 0.014910536779324055
0 0.90078125 0.5154075546719682 0.016145833333333335 0.040755467196819085
0 0.40520833333333334 0.5129224652087475 0.005208333333333333 0.02982107355864811
0 0.33619791666666665 0.5253479125248509 0.0078125 0.02485089463220676
0 0.27838541666666666 0.5333001988071571 0.005729166666666666 0.032803180914512925
0 0.6317708333333333 0.5531809145129225 0.017708333333333333 0.06660039761431412
0 0.47630208333333335 0.5392644135188867 0.0203125 0.030815109343936383
0 0.8450520833333334 0.5342942345924453 0.009895833333333333 0.018886679920477135
0 0.80078125 0.5457256461232605 0.0265625 0.039761431411530816
0 0.9447916666666667 0.5422465208747514 0.011458333333333333 0.02485089463220676
0 0.40859375 0.5472166998011928 0.0140625 0.012922465208747515
0 0.46458333333333335 0.5511928429423459 0.015625 0.020874751491053677
0 0.48125 0.5690854870775348 0.007291666666666667 0.020874751491053677
0 0.21432291666666667 0.5745526838966203 0.016145833333333335 0.011928429423459244
0 0.09583333333333334 0.5849900596421471 0.008333333333333333 0.02485089463220676
0 0.8794270833333333 0.5929423459244533 0.0140625 0.03479125248508946
0 0.4036458333333333 0.5924453280318092 0.023958333333333335 0.015904572564612324
0 0.20494791666666667 0.5984095427435387 0.018229166666666668 0.015904572564612324
0 0.4596354166666667 0.6013916500994035 0.011979166666666667 0.02385685884691849
0 0.44114583333333335 0.6088469184890656 0.011458333333333333 0.02286282306163022
0 0.4786458333333333 0.6098409542743539 0.007291666666666667 0.014910536779324055
0 0.5598958333333334 0.6093439363817097 0.00625 0.013916500994035786
0 0.4109375 0.6416500994035785 0.016666666666666666 0.0705765407554672
0 0.10833333333333334 0.6297216699801192 0.025 0.03479125248508946
0 0.3 0.6257455268389662 0.017708333333333333 0.018886679920477135
0 0.46510416666666665 0.6237574552683897 0.021875 0.016898608349900597
0 0.19244791666666666 0.628727634194831 0.0203125 0.016898608349900597
0 0.5138020833333333 0.6436381709741551 0.005729166666666666 0.03479125248508946
0 0.9846354166666667 0.639662027833002 0.011979166666666667 0.0268389662027833
0 0.52890625 0.6466202783300199 0.0046875 0.02882703777335984
0 0.48125 0.6540755467196819 0.023958333333333335 0.03777335984095427
0 0.8546875 0.6560636182902585 0.016666666666666666 0.039761431411530816
0 0.9557291666666666 0.6575546719681908 0.0125 0.030815109343936383
0 0.44921875 0.6595427435387674 0.015104166666666667 0.016898608349900597
0 0.4671875 0.6600397614314115 0.008333333333333333 0.015904572564612324
0 0.2140625 0.6714711729622267 0.014583333333333334 0.018886679920477135
0 0.26927083333333335 0.668986083499006 0.010416666666666666 0.011928429423459244
0 0.4434895833333333 0.6744532803180915 0.008854166666666666 0.010934393638170975
0 0.56015625 0.6893638170974155 0.016145833333333335 0.040755467196819085
0 0.7979166666666667 0.6923459244532804 0.011458333333333333 0.036779324055666
0 0.23411458333333332 0.6908548707753479 0.0140625 0.02982107355864811
0 0.04348958333333333 0.6908548707753479 0.0109375 0.013916500994035786
0 0.035416666666666666 0.7037773359840954 0.010416666666666666 0.02186878727634195
0 0.006510416666666667 0.7087475149105368 0.013020833333333334 0.019880715705765408
0 0.2203125 0.7181908548707754 0.016666666666666666 0.03876739562624255
0 0.9559895833333333 0.73558648111332 0.019270833333333334 0.06759443339960239
0 0.39479166666666665 0.7077534791252486 0.010416666666666666 0.009940357852882704
0 0.45 0.717196819085487 0.008333333333333333 0.02882703777335984
0 0.5799479166666667 0.7117296222664016 0.0140625 0.011928429423459244
0 0.20104166666666667 0.7181908548707754 0.016666666666666666 0.020874751491053677
0 0.6205729166666667 0.7191848906560636 0.018229166666666668 0.02485089463220676
0 0.33984375 0.7291252485089463 0.013020833333333334 0.018886679920477135
0 0.07005208333333333 0.7485089463220675 0.015104166666666667 0.04970178926441352
0 0.5216145833333333 0.73558648111332 0.022395833333333334 0.02385685884691849
0 0.17838541666666666 0.7375745526838966 0.013020833333333334 0.02385685884691849
0 0.40546875 0.7420477137176938 0.013020833333333334 0.014910536779324055
0 0.12213541666666666 0.7490059642147118 0.011979166666666667 0.020874751491053677
0 0.4822916666666667 0.7539761431411531 0.008333333333333333 0.012922465208747515
0 0.40677083333333336 0.7723658051689861 0.015625 0.02584493041749503
0 0.5338541666666666 0.7723658051689861 0.0125 0.009940357852882704
0 0.32578125 0.7987077534791253 0.028645833333333332 0.05864811133200795
0 0.4390625 0.7793240556660039 0.005208333333333333 0.02186878727634195
0 0.6208333333333333 0.7798210735586482 0.016666666666666666 0.02286282306163022
0 0.0036458333333333334 0.7972166998011928 0.007291666666666667 0.0437375745526839
0 0.6880208333333333 0.797713717693837 0.020833333333333332 0.042743538767395624
0 0.5015625 0.7982107355864811 0.00625 0.03578528827037773
0 0.3729166666666667 0.8111332007952287 0.016666666666666666 0.04970178926441352
0 0.0140625 0.7972166998011928 0.00625 0.015904572564612324
0 0.46380208333333334 0.8071570576540755 0.0109375 0.02584493041749503
0 0.34921875 0.8175944333996024 0.0067708333333333336 0.02485089463220676
0 0.3984375 0.8166003976143141 0.013541666666666667 0.02485089463220676
0 0.5557291666666667 0.841948310139165 0.008333333333333333 0.03578528827037773
0 0.12473958333333333 0.8523856858846919 0.0140625 0.040755467196819085
0 0.27109375 0.841948310139165 0.0067708333333333336 0.015904572564612324
0 0.6067708333333334 0.8538767395626242 0.01875 0.03777335984095427
0 0.9638020833333333 0.845427435387674 0.0140625 0.014910536779324055
0 0.15104166666666666 0.8618290258449304 0.0125 0.033797216699801194
0 0.48333333333333334 0.8578528827037774 0.004166666666666667 0.027833001988071572
0 0.5838541666666667 0.8499005964214712 0.015625 0.007952286282306162
0 0.06276041666666667 0.8638170974155069 0.025520833333333333 0.02982107355864811
0 0.3299479166666667 0.8633200795228628 0.008854166666666666 0.018886679920477135
0 0.4473958333333333 0.8762425447316103 0.011458333333333333 0.04473161033797217
0 0.9643229166666667 0.871272365805169 0.015104166666666667 0.02286282306163022
0 0.5263020833333333 0.8732604373757455 0.015104166666666667 0.020874751491053677
0 0.5458333333333333 0.8807157057654076 0.010416666666666666 0.02982107355864811
0 0.43307291666666664 0.8871769383697813 0.0109375 0.02485089463220676
0 0.1328125 0.8876739562624254 0.014583333333333334 0.019880715705765408
0 0.26458333333333334 0.8876739562624254 0.013541666666666667 0.017892644135188866
0 0.40625 0.8817097415506958 0.013541666666666667 0.007952286282306162
0 0.421875 0.9020874751491054 0.014583333333333334 0.036779324055666
0 0.07682291666666667 0.904572564612326 0.021354166666666667 0.03578528827037773
0 0.36744791666666665 0.9075546719681908 0.0046875 0.03180914512922465
0 0.19114583333333332 0.9130218687872763 0.014583333333333334 0.02286282306163022
0 0.28463541666666664 0.9169980119284294 0.011979166666666667 0.020874751491053677
0 0.3807291666666667 0.9244532803180915 0.009375 0.02186878727634195
0 0.5520833333333334 0.9274353876739563 0.009375 0.011928429423459244
0 0.40911458333333334 0.9403578528827038 0.0109375 0.033797216699801194
0 0.6388020833333333 0.9577534791252486 0.0067708333333333336 0.012922465208747515
0 0.63125 0.9845924453280318 0.017708333333333333 0.02882703777335984
0 0.91953125 0.9905566600397614 0.0067708333333333336 0.016898608349900597
0 0.30807291666666664 0.9930417495029821 0.0140625 0.011928429423459244
0 0.029947916666666668 0.9940357852882704 0.0140625 0.009940357852882704