0 0.2359375 0.013916500994035786 0.022916666666666665 0.027833001988071572
0 0.26015625 0.0054671968190854875 0.016145833333333335 0.010934393638170975
0 0.48463541666666665 0.009443339960238568 0.0234375 0.018886679920477135
0 0.33125 0.009443339960238568 0.008333333333333333 0.008946322067594433
0 0.6434895833333333 0.011928429423459244 0.0067708333333333336 0.011928429423459244
0 0.63203125 0.02286282306163022 0.0067708333333333336 0.013916500994035786
0 0.6703125 0.03330019880715706 0.014583333333333334 0.036779324055666
0 0.17213541666666668 0.03578528827037773 0.0067708333333333336 0.017892644135188866
0 0.43984375 0.06660039761431412 0.016145833333333335 0.03180914512922465
0 0.58203125 0.12127236580516898 0.015104166666666667 0.041749502982107355
0 0.5338541666666666 0.12922465208747516 0.010416666666666666 0.041749502982107355
0 0.8934895833333333 0.1272365805168986 0.0203125 0.02982107355864811
0 0.7338541666666667 0.12475149105367793 0.017708333333333333 0.016898608349900597
0 0.0036458333333333334 0.14065606361829025 0.007291666666666667 0.014910536779324055
0 0.9671875 0.15705765407554673 0.017708333333333333 0.03578528827037773
0 0.6083333333333333 0.16451292246520874 0.016666666666666666 0.020874751491053677
0 0.53203125 0.16500994035785288 0.013020833333333334 0.017892644135188866
0 0.004427083333333333 0.18538767395626243 0.008854166666666666 0.0268389662027833
0 0.44114583333333335 0.19681908548707752 0.016666666666666666 0.02982107355864811
0 0.5703125 0.21123260437375746 0.013541666666666667 0.02286282306163022
0 0.12994791666666666 0.22117296222664015 0.015104166666666667 0.02882703777335984
0 0.590625 0.21819085487077536 0.013541666666666667 0.02286282306163022
0 0.6411458333333333 0.22813121272365805 0.015625 0.03876739562624255
0 0.5049479166666667 0.2216699801192843 0.019270833333333334 0.011928429423459244
0 0.57421875 0.23161033797216699 0.008854166666666666 0.02982107355864811
0 0.5283854166666667 0.23757455268389663 0.033854166666666664 0.039761431411530816
0 0.5611979166666666 0.23359840954274355 0.0078125 0.02186878727634195
0 0.34739583333333335 0.2430417495029821 0.021875 0.036779324055666
0 0.7 0.2554671968190855 0.008333333333333333 0.033797216699801194
0 0.8028645833333333 0.2773359840954274 0.008854166666666666 0.03180914512922465
0 0.5299479166666666 0.2813121272365805 0.009895833333333333 0.027833001988071572
0 0.05677083333333333 0.2852882703777336 0.016666666666666666 0.02186878727634195
0 0.5684895833333333 0.28777335984095426 0.011979166666666667 0.018886679920477135
0 0.71484375 0.29870775347912526 0.0078125 0.032803180914512925
0 0.7268229166666667 0.31510934393638174 0.008854166666666666 0.015904572564612324
0 0.48098958333333336 0.32554671968190857 0.016145833333333335 0.012922465208747515
0 0.5950520833333334 0.33399602385685884 0.008854166666666666 0.013916500994035786
0 0.5065104166666666 0.3538767395626243 0.0067708333333333336 0.02982107355864811
0 0.42578125 0.3588469184890656 0.016145833333333335 0.017892644135188866
0 0.41067708333333336 0.371272365805169 0.005729166666666666 0.030815109343936383
0 0.5986979166666667 0.37624254473161034 0.0140625 0.02485089463220676
0 0.13359375 0.38618290258449306 0.015104166666666667 0.02882703777335984
0 0.5450520833333333 0.3946322067594433 0.009895833333333333 0.027833001988071572
0 0.40286458333333336 0.3976143141153082 0.016145833333333335 0.009940357852882704
0 0.43411458333333336 0.40755467196819084 0.0109375 0.02385685884691849
0 0.5583333333333333 0.4100397614314115 0.010416666666666666 0.016898608349900597
0 0.52578125 0.42296222664015903 0.0067708333333333336 0.014910536779324055
0 0.6109375 0.43190854870775347 0.00625 0.0268389662027833
0 0.5283854166666667 0.44532803180914515 0.0067708333333333336 0.02584493041749503
0 0.13203125 0.4463220675944334 0.0265625 0.02186878727634195
0 0.6393229166666666 0.47912524850894633 0.0078125 0.02982107355864811
0 0.3958333333333333 0.470675944333996 0.013541666666666667 0.008946322067594433
0 0.62109375 0.48061630218687873 0.019270833333333334 0.018886679920477135
0 0.4270833333333333 0.5049701789264414 0.0125 0.03777335984095427
0 0.5294270833333333 0.5173956262425448 0.011979166666666667 0.02485089463220676
0 0.5002604166666667 0.5308151093439364 0.013020833333333334 0.013916500994035786
0 0.41822916666666665 0.5541749502982107 0.008333333333333333 0.036779324055666
0 0.4432291666666667 0.5561630218687873 0.007291666666666667 0.032803180914512925
0 0.82109375 0.56610337972167 0.0203125 0.040755467196819085
0 0.5247395833333334 0.6038767395626242 0.013020833333333334 0.04473161033797217
0 0.6174479166666667 0.5979125248508946 0.015104166666666667 0.0268389662027833
0 0.3424479166666667 0.6277335984095428 0.0109375 0.05268389662027833
0 0.5348958333333333 0.6167992047713717 0.005208333333333333 0.016898608349900597
0 0.5921875 0.6262425447316103 0.015625 0.02584493041749503
0 0.6739583333333333 0.6351888667992047 0.014583333333333334 0.019880715705765408
0 0.5151041666666667 0.6645129224652088 0.015625 0.018886679920477135
0 0.40677083333333336 0.6665009940357853 0.016666666666666666 0.014910536779324055
0 0.46041666666666664 0.6809145129224652 0.009375 0.02186878727634195
0 0.5942708333333333 0.691351888667992 0.01875 0.02286282306163022
0 0.4588541666666667 0.7186878727634195 0.016666666666666666 0.02982107355864811
0 0.39739583333333334 0.7246520874751491 0.016666666666666666 0.02186878727634195
0 0.8703125 0.7281312127236581 0.016666666666666666 0.02882703777335984
0 0.68046875 0.7345924453280318 0.0078125 0.039761431411530816
0 0.4283854166666667 0.7400596421471173 0.0067708333333333336 0.0268389662027833
0 0.515625 0.7957256461232605 0.009375 0.02882703777335984
0 0.38307291666666665 0.8190854870775348 0.008854166666666666 0.03578528827037773
0 0.5307291666666667 0.8374751491053678 0.015625 0.02485089463220676
0 0.5177083333333333 0.8374751491053678 0.009375 0.020874751491053677
0 0.7033854166666667 0.8414512922465208 0.013020833333333334 0.02485089463220676
0 0.6580729166666667 0.8439363817097415 0.018229166666666668 0.019880715705765408
0 0.027604166666666666 0.8558648111332008 0.014583333333333334 0.02982107355864811
0 0.4627604166666667 0.8926441351888668 0.009895833333333333 0.04572564612326044
0 0.8885416666666667 0.9005964214711729 0.015625 0.04970178926441352
0 0.40598958333333335 0.9020874751491054 0.0265625 0.03876739562624255
0 0.44583333333333336 0.9010934393638171 0.014583333333333334 0.030815109343936383
0 0.321875 0.9607355864811133 0.011458333333333333 0.032803180914512925
0 0.37213541666666666 0.9821073558648111 0.0078125 0.033797216699801194