0 0.91875 0.01341948310139165 0.011458333333333333 0.0268389662027833
0 0.6138020833333333 0.007952286282306162 0.013020833333333334 0.015904572564612324
0 0.3828125 0.01242544731610338 0.008333333333333333 0.02485089463220676
0 0.6893229166666667 0.02584493041749503 0.008854166666666666 0.019880715705765408
0 0.08958333333333333 0.06759443339960239 0.00625 0.02584493041749503
0 0.46484375 0.10387673956262425 0.0078125 0.03876739562624255
0 0.9283854166666666 0.11182902584493042 0.019270833333333334 0.018886679920477135
0 0.95859375 0.12276341948310139 0.0171875 0.030815109343936383
0 0.459375 0.18190854870775347 0.011458333333333333 0.027833001988071572
0 0.7171875 0.1848906560636183 0.011458333333333333 0.02584493041749503
0 0.48151041666666666 0.20129224652087474 0.009895833333333333 0.030815109343936383
0 0.37864583333333335 0.21023856858846918 0.019791666666666666 0.03479125248508946
0 0.7182291666666667 0.23260437375745527 0.008333333333333333 0.02982107355864811
0 0.51015625 0.2430417495029821 0.005729166666666666 0.032803180914512925
0 0.37473958333333335 0.24453280318091453 0.008854166666666666 0.02584493041749503
0 0.9377604166666667 0.27137176938369784 0.009895833333333333 0.03777335984095427
0 0.6934895833333333 0.2634194831013916 0.0234375 0.017892644135188866
0 0.41901041666666666 0.2937375745526839 0.0067708333333333336 0.030815109343936383
0 0.49583333333333335 0.3101391650099404 0.011458333333333333 0.039761431411530816
0 0.9447916666666667 0.31411530815109345 0.020833333333333332 0.02584493041749503
0 0.4453125 0.3136182902584493 0.014583333333333334 0.016898608349900597
0 0.24661458333333333 0.32554671968190857 0.005729166666666666 0.02882703777335984
0 0.22395833333333334 0.33399602385685884 0.01875 0.02982107355864811
0 0.5471354166666667 0.3334990059642147 0.013020833333333334 0.006958250497017893
0 0.9106770833333333 0.3633200795228628 0.008854166666666666 0.018886679920477135
0 0.7723958333333333 0.39214711729622265 0.023958333333333335 0.018886679920477135
0 0.21510416666666668 0.40656063618290256 0.014583333333333334 0.011928429423459244
0 0.98125 0.4552683896620278 0.0125 0.033797216699801194
0 0.20859375 0.47813121272365805 0.0067708333333333336 0.033797216699801194
0 0.4901041666666667 0.4875745526838966 0.0125 0.02286282306163022
0 0.5958333333333333 0.49105367793240556 0.011458333333333333 0.009940357852882704
0 0.5596354166666667 0.5029821073558648 0.0078125 0.02584493041749503
0 0.515625 0.5213717693836978 0.017708333333333333 0.05467196819085487
0 0.5885416666666666 0.525844930417495 0.01875 0.02584493041749503
0 0.76171875 0.5333001988071571 0.008854166666666666 0.030815109343936383
0 0.62265625 0.536779324055666 0.011979166666666667 0.03180914512922465
0 0.4557291666666667 0.5303180914512923 0.016666666666666666 0.012922465208747515
0 0.8145833333333333 0.5318091451292246 0.011458333333333333 0.011928429423459244
0 0.796875 0.5601391650099403 0.009375 0.036779324055666
0 0.7216145833333333 0.5666003976143141 0.0078125 0.02982107355864811
0 0.7369791666666666 0.5859840954274353 0.014583333333333334 0.04671968190854871
0 0.63359375 0.5894632206759444 0.0171875 0.039761431411530816
0 0.46484375 0.5800198807157058 0.013020833333333334 0.012922465208747515
0 0.84453125 0.5974155069582505 0.011979166666666667 0.02584493041749503
0 0.5919270833333333 0.5969184890656064 0.0109375 0.02286282306163022
0 0.6640625 0.6088469184890656 0.013541666666666667 0.03479125248508946
0 0.6166666666666667 0.6088469184890656 0.013541666666666667 0.008946322067594433
0 0.428125 0.6237574552683897 0.014583333333333334 0.010934393638170975
0 0.5986979166666667 0.6317097415506958 0.009895833333333333 0.014910536779324055
0 0.35833333333333334 0.6361829025844931 0.015625 0.009940357852882704
0 0.5536458333333333 0.643141153081511 0.009375 0.013916500994035786
0 0.8924479166666667 0.6714711729622267 0.0203125 0.036779324055666
0 0.5255208333333333 0.6669980119284294 0.020833333333333332 0.013916500994035786
0 0.56328125 0.668986083499006 0.0078125 0.015904572564612324
0 0.45078125 0.7007952286282306 0.015104166666666667 0.039761431411530816
0 0.7072916666666667 0.702286282306163 0.014583333333333334 0.014910536779324055
0 0.5604166666666667 0.7032803180914513 0.009375 0.012922465208747515
0 0.97109375 0.7157057654075547 0.0109375 0.03180914512922465
0 0.82265625 0.7102385685884692 0.015104166666666667 0.012922465208747515
0 0.6783854166666666 0.713220675944334 0.013020833333333334 0.008946322067594433
0 0.79453125 0.73558648111332 0.021354166666666667 0.011928429423459244
0 0.9908854166666666 0.7465208747514911 0.018229166666666668 0.02584493041749503
0 0.6872395833333333 0.7380715705765407 0.0140625 0.010934393638170975
0 0.5463541666666667 0.7649105367793241 0.014583333333333334 0.03479125248508946
0 0.23619791666666667 0.7763419483101391 0.018229166666666668 0.027833001988071572
0 0.5729166666666666 0.7798210735586482 0.007291666666666667 0.0268389662027833
0 0.5151041666666667 0.7808151093439364 0.004166666666666667 0.02286282306163022
0 0.28619791666666666 0.7788270377733598 0.0109375 0.014910536779324055
0 0.6692708333333334 0.7882703777335984 0.011458333333333333 0.02186878727634195
0 0.41171875 0.8006958250497018 0.009895833333333333 0.030815109343936383
0 0.9916666666666667 0.8136182902584493 0.013541666666666667 0.030815109343936383
0 0.7515625 0.8175944333996024 0.005208333333333333 0.02882703777335984
0 0.5419270833333333 0.8151093439363817 0.0171875 0.015904572564612324
0 0.8372395833333334 0.8325049701789264 0.018229166666666668 0.014910536779324055
0 0.5596354166666667 0.8404572564612326 0.008854166666666666 0.010934393638170975
0 0.5294270833333333 0.8573558648111332 0.008854166666666666 0.03876739562624255
0 0.50625 0.8494035785288271 0.011458333333333333 0.010934393638170975
0 0.78828125 0.8692842942345924 0.0067708333333333336 0.032803180914512925
0 0.69140625 0.8648111332007953 0.016145833333333335 0.02584493041749503
0 0.490625 0.8707753479125249 0.010416666666666666 0.03777335984095427
0 0.9609375 0.8772365805168986 0.020833333333333332 0.02286282306163022
0 0.8059895833333334 0.8777335984095428 0.015104166666666667 0.02385685884691849
0 0.4166666666666667 0.8742544731610338 0.008333333333333333 0.016898608349900597
0 0.6247395833333333 0.8732604373757455 0.018229166666666668 0.010934393638170975
0 0.7622395833333333 0.8926441351888668 0.015104166666666667 0.02385685884691849
0 0.5440104166666667 0.9145129224652088 0.013020833333333334 0.02982107355864811
0 0.4544270833333333 0.9184890656063618 0.018229166666666668 0.015904572564612324
0 0.05260416666666667 0.9259443339960238 0.016666666666666666 0.02286282306163022
0 0.6604166666666667 0.922962226640159 0.014583333333333334 0.012922465208747515
0 0.43776041666666665 0.9398608349900597 0.011979166666666667 0.014910536779324055
0 0.5575520833333333 0.9572564612326043 0.0109375 0.02584493041749503
0 0.65390625 0.974155069582505 0.013020833333333334 0.041749502982107355
0 0.25286458333333334 0.9870775347912525 0.009895833333333333 0.02385685884691849