0 0.24192708333333332 0.029324055666003976 0.0078125 0.03479125248508946
0 0.11197916666666667 0.045228628230616304 0.0125 0.030815109343936383
0 0.9046875 0.05666003976143141 0.011458333333333333 0.027833001988071572
0 0.4395833333333333 0.07554671968190854 0.014583333333333334 0.02584493041749503
0 0.14401041666666667 0.13469184890656064 0.015104166666666667 0.05467196819085487
0 0.6302083333333334 0.12524850894632206 0.013541666666666667 0.019880715705765408
0 0.26927083333333335 0.14910536779324055 0.014583333333333334 0.03180914512922465
0 0.24921875 0.17047713717693838 0.021354166666666667 0.040755467196819085
0 0.421875 0.1988071570576541 0.0125 0.007952286282306162
0 0.06380208333333333 0.22564612326043737 0.0140625 0.02584493041749503
0 0.6018229166666667 0.23807157057654074 0.009895833333333333 0.03876739562624255
0 0.32838541666666665 0.24701789264413518 0.0078125 0.02882703777335984
0 0.9135416666666667 0.2738568588469185 0.025 0.030815109343936383
0 0.6458333333333334 0.26938369781312127 0.020833333333333332 0.013916500994035786
0 0.57734375 0.27137176938369784 0.008854166666666666 0.015904572564612324
0 0.32057291666666665 0.2882703777335984 0.0140625 0.02385685884691849
0 0.5697916666666667 0.30019880715705766 0.009375 0.017892644135188866
0 0.89921875 0.30069582504970177 0.013020833333333334 0.016898608349900597
0 0.3328125 0.305168986083499 0.0125 0.019880715705765408
0 0.19505208333333332 0.3116302186878728 0.015104166666666667 0.012922465208747515
0 0.17682291666666666 0.33697813121272363 0.008854166666666666 0.02584493041749503
0 0.3848958333333333 0.3320079522862823 0.019791666666666666 0.017892644135188866
0 0.90390625 0.341948310139165 0.015104166666666667 0.02584493041749503
0 0.5703125 0.3533797216699801 0.013541666666666667 0.03479125248508946
0 0.47734375 0.3508946322067594 0.027604166666666666 0.02186878727634195
0 0.16510416666666666 0.3499005964214712 0.016666666666666666 0.015904572564612324
0 0.41796875 0.3663021868787276 0.016145833333333335 0.020874751491053677
0 0.16822916666666668 0.3797216699801193 0.010416666666666666 0.03180914512922465
0 0.6486979166666667 0.38966202783300197 0.0109375 0.03777335984095427
0 0.146875 0.4100397614314115 0.011458333333333333 0.036779324055666
0 0.31536458333333334 0.40457256461232605 0.0140625 0.02385685884691849
0 0.41770833333333335 0.4403578528827038 0.005208333333333333 0.02982107355864811
0 0.9747395833333333 0.4383697813121272 0.005729166666666666 0.013916500994035786
0 0.35546875 0.44532803180914515 0.0067708333333333336 0.019880715705765408
0 0.3841145833333333 0.4398608349900596 0.016145833333333335 0.008946322067594433
0 0.6640625 0.4507952286282306 0.020833333333333332 0.030815109343936383
0 0.9125 0.4552683896620278 0.010416666666666666 0.015904572564612324
0 0.73984375 0.46222664015904574 0.0140625 0.015904572564612324
0 0.44817708333333334 0.47862823061630216 0.0078125 0.02485089463220676
0 0.9822916666666667 0.48807157057654077 0.013541666666666667 0.033797216699801194
0 0.28619791666666666 0.47962226640159045 0.019270833333333334 0.014910536779324055
0 0.334375 0.4855864811133201 0.015625 0.018886679920477135
0 0.21666666666666667 0.5064612326043738 0.021875 0.04473161033797217
0 0.46510416666666665 0.5039761431411531 0.014583333333333334 0.02584493041749503
0 0.54140625 0.5054671968190855 0.009895833333333333 0.012922465208747515
0 0.74375 0.5044731610337972 0.015625 0.010934393638170975
0 0.3299479166666667 0.5342942345924453 0.005729166666666666 0.0268389662027833
0 0.9908854166666666 0.5636182902584493 0.0171875 0.02186878727634195
0 0.3372395833333333 0.5636182902584493 0.015104166666666667 0.013916500994035786
0 0.9700520833333334 0.5675944333996024 0.019270833333333334 0.02385685884691849
0 0.2630208333333333 0.5735586481113321 0.016666666666666666 0.017892644135188866
0 0.46484375 0.5854870775347912 0.011979166666666667 0.03578528827037773
0 0.3580729166666667 0.5750497017892644 0.0140625 0.010934393638170975
0 0.39817708333333335 0.591948310139165 0.0046875 0.02882703777335984
0 0.41692708333333334 0.588469184890656 0.009895833333333333 0.02186878727634195
0 0.038802083333333334 0.5914512922465208 0.018229166666666668 0.02385685884691849
0 0.055989583333333336 0.6003976143141153 0.013020833333333334 0.02385685884691849
0 0.9885416666666667 0.5979125248508946 0.007291666666666667 0.018886679920477135
0 0.38619791666666664 0.6018886679920478 0.0140625 0.014910536779324055
0 0.47734375 0.6222664015904572 0.009895833333333333 0.019880715705765408
0 0.15390625 0.6237574552683897 0.021354166666666667 0.020874751491053677
0 0.7611979166666667 0.6381709741550696 0.0265625 0.03578528827037773
0 0.44453125 0.6336978131212724 0.018229166666666668 0.02485089463220676
0 0.32447916666666665 0.6496023856858847 0.010416666666666666 0.0268389662027833
0 0.40625 0.6451292246520874 0.015625 0.017892644135188866
0 0.5119791666666667 0.6635188866799204 0.015625 0.04473161033797217
0 0.3546875 0.6550695825049702 0.007291666666666667 0.019880715705765408
0 0.07838541666666667 0.6724652087475149 0.011979166666666667 0.032803180914512925
0 0.7536458333333333 0.6774353876739563 0.017708333333333333 0.040755467196819085
0 0.18463541666666666 0.6674950298210736 0.016145833333333335 0.016898608349900597
0 0.9950520833333333 0.6714711729622267 0.008854166666666666 0.02286282306163022
0 0.4921875 0.6754473161033797 0.010416666666666666 0.02882703777335984
0 0.4078125 0.6694831013916501 0.010416666666666666 0.010934393638170975
0 0.39765625 0.6759443339960238 0.009895833333333333 0.017892644135188866
0 0.3768229166666667 0.6898608349900597 0.005729166666666666 0.013916500994035786
0 0.44479166666666664 0.7002982107355865 0.015625 0.010934393638170975
0 0.28619791666666666 0.7157057654075547 0.022395833333333334 0.033797216699801194
0 0.0049479166666666664 0.7221669980119284 0.009895833333333333 0.042743538767395624
0 0.38203125 0.7077534791252486 0.013020833333333334 0.009940357852882704
0 0.6255208333333333 0.7350894632206759 0.009375 0.05069582504970179
0 0.25677083333333334 0.7251491053677932 0.008333333333333333 0.0268389662027833
0 0.9473958333333333 0.7321073558648111 0.014583333333333334 0.030815109343936383
0 0.2125 0.7455268389662028 0.007291666666666667 0.039761431411530816
0 0.43333333333333335 0.7420477137176938 0.0125 0.016898608349900597
0 0.38645833333333335 0.7634194831013916 0.022916666666666665 0.0437375745526839
0 0.49453125 0.7584493041749503 0.0140625 0.02385685884691849
0 0.12057291666666667 0.7693836978131213 0.0171875 0.03777335984095427
0 0.42421875 0.7654075546719682 0.0078125 0.02584493041749503
0 0.5119791666666667 0.760934393638171 0.01875 0.014910536779324055
0 0.41875 0.7788270377733598 0.00625 0.018886679920477135
0 0.46067708333333335 0.7842942345924453 0.009895833333333333 0.011928429423459244
0 0.5403645833333334 0.7927435387673957 0.0036458333333333334 0.02882703777335984
0 0.3572916666666667 0.797713717693837 0.01875 0.016898608349900597
0 0.41510416666666666 0.8001988071570576 0.0125 0.019880715705765408
0 0.87109375 0.8026838966202783 0.015104166666666667 0.02286282306163022
0 0.21145833333333333 0.8245526838966203 0.016666666666666666 0.05467196819085487
0 0.4466145833333333 0.8131212723658051 0.0067708333333333336 0.033797216699801194
0 0.41380208333333335 0.8280318091451292 0.0078125 0.015904572564612324
0 0.5830729166666667 0.8364811133200796 0.011979166666666667 0.006958250497017893
0 0.4296875 0.8459244532803181 0.013541666666666667 0.017892644135188866
0 0.0265625 0.8494035785288271 0.011458333333333333 0.018886679920477135
0 0.05807291666666667 0.8543737574552683 0.0203125 0.02286282306163022
0 0.16276041666666666 0.8583499005964215 0.0203125 0.032803180914512925
0 0.49765625 0.8503976143141153 0.0140625 0.016898608349900597
0 0.6013020833333333 0.8623260437375746 0.009895833333333333 0.018886679920477135
0 0.365625 0.8802186878727635 0.016666666666666666 0.042743538767395624
0 0.25052083333333336 0.8832007952286283 0.010416666666666666 0.03876739562624255
0 0.5122395833333333 0.8966202783300199 0.022395833333333334 0.061630218687872766
0 0.4979166666666667 0.9005964214711729 0.007291666666666667 0.033797216699801194
0 0.03125 0.9279324055666004 0.01875 0.040755467196819085
0 0.37604166666666666 0.9199801192842942 0.0125 0.020874751491053677
0 0.24192708333333332 0.9463220675944334 0.015104166666666667 0.039761431411530816
0 0.39791666666666664 0.9458250497017893 0.009375 0.040755467196819085
0 0.38671875 0.9393638170974155 0.0046875 0.019880715705765408
0 0.30807291666666664 0.9821073558648111 0.011979166666666667 0.033797216699801194
0 0.4557291666666667 0.9840954274353877 0.010416666666666666 0.02982107355864811
0 0.190625 0.989065606361829 0.013541666666666667 0.019880715705765408
0 0.91953125 0.9895626242544732 0.0171875 0.018886679920477135
0 0.36796875 0.9905566600397614 0.015104166666666667 0.016898608349900597
0 0.41901041666666666 0.9905566600397614 0.024479166666666666 0.016898608349900597
0 0.8380208333333333 0.9910536779324056 0.01875 0.015904572564612324