0 0.25885416666666666 0.004970178926441352 0.009375 0.009940357852882704
0 0.23776041666666667 0.013916500994035786 0.0203125 0.019880715705765408
0 0.037760416666666664 0.03479125248508946 0.013020833333333334 0.015904572564612324
0 0.09453125 0.04572564612326044 0.011979166666666667 0.013916500994035786
0 0.475 0.05168986083499006 0.005208333333333333 0.013916500994035786
0 0.2203125 0.07107355864811134 0.01875 0.02882703777335984
0 0.17421875 0.07007952286282307 0.009895833333333333 0.02286282306163022
0 0.45208333333333334 0.09840954274353876 0.005208333333333333 0.015904572564612324
0 0.11848958333333333 0.12823061630218688 0.022395833333333334 0.033797216699801194
0 0.65078125 0.12077534791252485 0.0067708333333333336 0.012922465208747515
0 0.026302083333333334 0.14065606361829025 0.0140625 0.02485089463220676
0 0.08177083333333333 0.16351888667992048 0.011458333333333333 0.016898608349900597
0 0.3502604166666667 0.17047713717693838 0.0046875 0.02286282306163022
0 0.008333333333333333 0.17296222664015903 0.015625 0.02186878727634195
0 0.24921875 0.17047713717693838 0.013020833333333334 0.012922465208747515
0 0.12734375 0.17842942345924453 0.0078125 0.02286282306163022
0 0.625 0.17445328031809146 0.007291666666666667 0.012922465208747515
0 0.5322916666666667 0.1918489065606362 0.00625 0.019880715705765408
0 0.26901041666666664 0.21669980119284293 0.0046875 0.02186878727634195
0 0.00859375 0.2216699801192843 0.016145833333333335 0.02186878727634195
0 0.37395833333333334 0.2276341948310139 0.015625 0.02385685884691849
0 0.09114583333333333 0.2355864811133201 0.009375 0.027833001988071572
0 0.07421875 0.2539761431411531 0.013020833333333334 0.014910536779324055
0 0.19244791666666666 0.27435387673956263 0.0140625 0.017892644135188866
0 0.49921875 0.30566600397614313 0.0109375 0.02286282306163022
0 0.20182291666666666 0.3225646123260437 0.013020833333333334 0.020874751491053677
0 0.7041666666666667 0.3523856858846918 0.017708333333333333 0.02286282306163022
0 0.037760416666666664 0.35636182902584496 0.015104166666666667 0.016898608349900597
0 0.3255208333333333 0.36381709741550694 0.007291666666666667 0.02982107355864811
0 0.31328125 0.35934393638170975 0.0078125 0.018886679920477135
0 0.05963541666666667 0.3851888667992048 0.0109375 0.03876739562624255
0 0.21848958333333332 0.40506958250497016 0.0067708333333333336 0.016898608349900597
0 0.17552083333333332 0.4234592445328032 0.010416666666666666 0.02584493041749503
0 0.26171875 0.4304174950298211 0.0067708333333333336 0.015904572564612324
0 0.0453125 0.43290258449304175 0.015625 0.020874751491053677
0 0.24296875 0.46520874751491054 0.0109375 0.015904572564612324
0 0.40963541666666664 0.48906560636182905 0.0067708333333333336 0.027833001988071572
0 0.4817708333333333 0.49204771371769385 0.00625 0.02186878727634195
0 0.07291666666666667 0.4985089463220676 0.008333333333333333 0.0268389662027833
0 0.2916666666666667 0.5034791252485089 0.0125 0.014910536779324055
0 0.23203125 0.518389662027833 0.009895833333333333 0.02485089463220676
0 0.10260416666666666 0.5218687872763419 0.013541666666666667 0.019880715705765408
0 0.15494791666666666 0.5511928429423459 0.009895833333333333 0.020874751491053677
0 0.17005208333333333 0.5561630218687873 0.0067708333333333336 0.02882703777335984
0 0.23359375 0.5651093439363817 0.005729166666666666 0.020874751491053677
0 0.3265625 0.5641153081510935 0.013541666666666667 0.014910536779324055
0 0.24973958333333332 0.5765407554671969 0.0067708333333333336 0.02982107355864811
0 0.6033854166666667 0.5989065606361829 0.0390625 0.06660039761431412
0 0.12135416666666667 0.5859840954274353 0.0125 0.040755467196819085
0 0.14739583333333334 0.5894632206759444 0.008333333333333333 0.02186878727634195
0 0.10494791666666667 0.6023856858846919 0.013020833333333334 0.02385685884691849
0 0.15286458333333333 0.6163021868787276 0.013020833333333334 0.009940357852882704
0 0.23489583333333333 0.6366799204771372 0.013541666666666667 0.032803180914512925
0 0.20052083333333334 0.6391650099403579 0.014583333333333334 0.015904572564612324
0 0.10755208333333334 0.6565606361829026 0.0140625 0.020874751491053677
0 0.6921875 0.668986083499006 0.00625 0.011928429423459244
0 0.24140625 0.6779324055666004 0.0067708333333333336 0.02982107355864811
0 0.22005208333333334 0.6908548707753479 0.009895833333333333 0.017892644135188866
0 0.75859375 0.694831013916501 0.0078125 0.02186878727634195
0 0.40130208333333334 0.6973161033797217 0.0109375 0.016898608349900597
0 0.16979166666666667 0.7002982107355865 0.011458333333333333 0.02286282306163022
0 0.59140625 0.7246520874751491 0.011979166666666667 0.03578528827037773
0 0.21744791666666666 0.717196819085487 0.016145833333333335 0.014910536779324055
0 0.2859375 0.7246520874751491 0.0125 0.02584493041749503
0 0.3416666666666667 0.7360834990059643 0.008333333333333333 0.02882703777335984
0 0.7697916666666667 0.7370775347912525 0.011458333333333333 0.018886679920477135
0 0.19427083333333334 0.7420477137176938 0.011458333333333333 0.018886679920477135
0 0.0921875 0.7415506958250497 0.010416666666666666 0.009940357852882704
0 0.24765625 0.7564612326043738 0.011979166666666667 0.03180914512922465
0 0.27239583333333334 0.7549701789264414 0.010416666666666666 0.018886679920477135
0 0.078125 0.768389662027833 0.01875 0.039761431411530816
0 0.42109375 0.76441351888668 0.0171875 0.017892644135188866
0 0.2833333333333333 0.7668986083499006 0.00625 0.02286282306163022
0 0.25755208333333335 0.7688866799204771 0.008854166666666666 0.02485089463220676
0 0.29609375 0.8469184890656064 0.005729166666666666 0.03180914512922465
0 0.31744791666666666 0.8494035785288271 0.022395833333333334 0.020874751491053677
0 0.27708333333333335 0.8598409542743539 0.015625 0.013916500994035786
0 0.9080729166666667 0.8762425447316103 0.0140625 0.042743538767395624
0 0.21171875 0.867296222664016 0.019270833333333334 0.010934393638170975
0 0.3880208333333333 0.878727634194831 0.011458333333333333 0.02982107355864811
0 0.4739583333333333 0.8832007952286283 0.005208333333333333 0.02485089463220676
0 0.3203125 0.8836978131212724 0.007291666666666667 0.02584493041749503
0 0.20546875 0.8951292246520874 0.015104166666666667 0.020874751491053677
0 0.29635416666666664 0.9035785288270378 0.005208333333333333 0.027833001988071572
0 0.30807291666666664 0.9075546719681908 0.013020833333333334 0.017892644135188866
0 0.6166666666666667 0.9179920477137177 0.015625 0.0268389662027833
0 0.4200520833333333 0.9110337972166997 0.015104166666666667 0.010934393638170975
0 0.39505208333333336 0.9184890656063618 0.0078125 0.02584493041749503
0 0.44427083333333334 0.9249502982107356 0.00625 0.0268389662027833
0 0.3416666666666667 0.9219681908548708 0.00625 0.012922465208747515
0 0.14166666666666666 0.9264413518886679 0.011458333333333333 0.02186878727634195
0 0.7598958333333333 0.9517892644135189 0.015625 0.05864811133200795
0 0.37213541666666666 0.937375745526839 0.005729166666666666 0.027833001988071572
0 0.4296875 0.9438369781312127 0.020833333333333332 0.030815109343936383
0 0.3494791666666667 0.9368787276341949 0.009375 0.016898608349900597
0 0.21510416666666668 0.9438369781312127 0.0125 0.018886679920477135
0 0.27578125 0.9428429423459245 0.011979166666666667 0.012922465208747515
0 0.46119791666666665 0.9701789264413518 0.024479166666666666 0.04970178926441352
0 0.30625 0.9612326043737575 0.022916666666666665 0.02186878727634195
0 0.33828125 0.9637176938369781 0.0171875 0.020874751491053677
0 0.3854166666666667 0.9771371769383698 0.030208333333333334 0.0437375745526839
0 0.2546875 0.9796222664015904 0.025 0.030815109343936383
0 0.39947916666666666 0.9756461232604374 0.013541666666666667 0.014910536779324055
0 0.1859375 0.9835984095427436 0.0125 0.030815109343936383
0 0.46953125 0.9870775347912525 0.0109375 0.02385685884691849
0 0.31302083333333336 0.9915506958250497 0.007291666666666667 0.014910536779324055