0 0.50390625 0.01739562624254473 0.015104166666666667 0.03479125248508946
0 0.57421875 0.020874751491053677 0.016145833333333335 0.041749502982107355
0 0.53359375 0.02186878727634195 0.0046875 0.033797216699801194
0 0.6752604166666667 0.020377733598409543 0.022395833333333334 0.02882703777335984
0 0.025 0.027335984095427434 0.023958333333333335 0.02882703777335984
0 0.6375 0.03827037773359841 0.013541666666666667 0.036779324055666
0 0.55 0.040755467196819085 0.008333333333333333 0.039761431411530816
0 0.5880208333333333 0.039761431411530816 0.013541666666666667 0.03777335984095427
0 0.65234375 0.039761431411530816 0.013020833333333334 0.033797216699801194
0 0.4239583333333333 0.04224652087475149 0.007291666666666667 0.03479125248508946
0 0.7705729166666667 0.04224652087475149 0.013020833333333334 0.0268389662027833
0 0.6106770833333334 0.053180914512922464 0.015104166666666667 0.04473161033797217
0 0.7002604166666667 0.0536779324055666 0.0234375 0.02982107355864811
0 0.5346354166666667 0.06063618290258449 0.011979166666666667 0.03180914512922465
0 0.6239583333333333 0.09145129224652088 0.015625 0.041749502982107355
0 0.08671875 0.10188866799204771 0.0234375 0.02286282306163022
0 0.5442708333333334 0.10685884691848907 0.021875 0.0268389662027833
0 0.46171875 0.10636182902584493 0.011979166666666667 0.02186878727634195
0 0.06510416666666667 0.12176938369781312 0.014583333333333334 0.018886679920477135
0 0.32916666666666666 0.12922465208747516 0.015625 0.027833001988071572
0 0.6440104166666667 0.14512922465208747 0.008854166666666666 0.033797216699801194
0 0.6263020833333334 0.14860834990059643 0.005729166666666666 0.030815109343936383
0 0.5020833333333333 0.15009940357852883 0.021875 0.02584493041749503
0 0.8677083333333333 0.16451292246520874 0.010416666666666666 0.032803180914512925
0 0.3333333333333333 0.16749502982107356 0.014583333333333334 0.032803180914512925
0 0.4361979166666667 0.16699801192842942 0.0203125 0.02186878727634195
0 0.8184895833333333 0.1694831013916501 0.016145833333333335 0.010934393638170975
0 0.63671875 0.1749502982107356 0.0078125 0.015904572564612324
0 0.5169270833333334 0.1878727634194831 0.013020833333333334 0.03777335984095427
0 0.6203125 0.18290258449304175 0.020833333333333332 0.019880715705765408
0 0.4234375 0.18737574552683897 0.008333333333333333 0.0268389662027833
0 0.8549479166666667 0.1918489065606362 0.0203125 0.02385685884691849
0 0.53984375 0.18886679920477137 0.0078125 0.013916500994035786
0 0.559375 0.19483101391650098 0.0125 0.02186878727634195
0 0.7658854166666667 0.19284294234592445 0.0078125 0.015904572564612324
0 0.5416666666666666 0.20377733598409542 0.009375 0.011928429423459244
0 0.64921875 0.22117296222664015 0.011979166666666667 0.020874751491053677
0 0.6002604166666666 0.23757455268389663 0.022395833333333334 0.03180914512922465
0 0.5565104166666667 0.24254473161033796 0.011979166666666667 0.013916500994035786
0 0.940625 0.2514910536779324 0.013541666666666667 0.02186878727634195
0 0.8583333333333333 0.25596421471172964 0.025 0.0268389662027833
0 0.6153645833333333 0.2678926441351889 0.0078125 0.032803180914512925
0 0.9372395833333333 0.26938369781312127 0.0078125 0.011928429423459244
0 0.06979166666666667 0.28180914512922467 0.0125 0.030815109343936383
0 0.540625 0.2808151093439364 0.007291666666666667 0.02882703777335984
0 0.5091145833333334 0.27335984095427435 0.0109375 0.009940357852882704
0 0.7369791666666666 0.3101391650099404 0.016666666666666666 0.02982107355864811
0 0.16875 0.31809145129224653 0.014583333333333334 0.019880715705765408
0 0.6171875 0.3250497017892644 0.017708333333333333 0.02982107355864811
0 0.6901041666666666 0.33399602385685884 0.051041666666666666 0.04771371769383698
0 0.8401041666666667 0.3260437375745527 0.01875 0.017892644135188866
0 0.20598958333333334 0.36779324055666 0.011979166666666667 0.03777335984095427
0 0.9377604166666667 0.3682902584493042 0.013020833333333334 0.03876739562624255
0 0.6958333333333333 0.36779324055666 0.011458333333333333 0.02385685884691849
0 0.44140625 0.3682902584493042 0.025520833333333333 0.020874751491053677
0 0.5296875 0.37226640159045726 0.017708333333333333 0.02286282306163022
0 0.3104166666666667 0.39065606361829025 0.016666666666666666 0.02584493041749503
0 0.42473958333333334 0.3976143141153082 0.008854166666666666 0.039761431411530816
0 0.9114583333333334 0.39165009940357853 0.010416666666666666 0.027833001988071572
0 0.4513020833333333 0.3991053677932406 0.021354166666666667 0.014910536779324055
0 0.63203125 0.3991053677932406 0.008854166666666666 0.014910536779324055
0 0.40963541666666664 0.4070576540755467 0.0140625 0.018886679920477135
0 0.48411458333333335 0.42196819085487075 0.0140625 0.042743538767395624
0 0.5356770833333333 0.40556660039761433 0.013020833333333334 0.009940357852882704
0 0.44765625 0.4428429423459245 0.016145833333333335 0.02882703777335984
0 0.26640625 0.4711729622266402 0.0109375 0.033797216699801194
0 0.7911458333333333 0.47365805168986086 0.013541666666666667 0.03876739562624255
0 0.8341145833333333 0.47664015904572565 0.019270833333333334 0.030815109343936383
0 0.034375 0.47813121272365805 0.01875 0.02982107355864811
0 0.5666666666666667 0.4900596421471173 0.014583333333333334 0.017892644135188866
0 0.6361979166666667 0.4985089463220676 0.013020833333333334 0.02882703777335984
0 0.46822916666666664 0.4970178926441352 0.0125 0.019880715705765408
0 0.534375 0.5079522862823062 0.019791666666666666 0.03777335984095427
0 0.7864583333333334 0.5198807157057654 0.00625 0.03180914512922465
0 0.6791666666666667 0.5248508946322068 0.01875 0.033797216699801194
0 0.26328125 0.5417495029821073 0.018229166666666668 0.02186878727634195
0 0.61875 0.5506958250497018 0.019791666666666666 0.019880715705765408
0 0.2734375 0.5670974155069582 0.01875 0.014910536779324055
0 0.6263020833333334 0.5800198807157058 0.0067708333333333336 0.03479125248508946
0 0.3734375 0.5740556660039762 0.013541666666666667 0.012922465208747515
0 0.47734375 0.5815109343936382 0.0171875 0.013916500994035786
0 0.88828125 0.595427435387674 0.021354166666666667 0.03578528827037773
0 0.453125 0.5949304174950298 0.023958333333333335 0.020874751491053677
0 0.28958333333333336 0.5959244532803181 0.022916666666666665 0.018886679920477135
0 0.7411458333333333 0.617296222664016 0.016666666666666666 0.0437375745526839
0 0.5635416666666667 0.614314115308151 0.009375 0.033797216699801194
0 0.6213541666666667 0.6177932405566601 0.013541666666666667 0.008946322067594433
0 0.8208333333333333 0.647117296222664 0.015625 0.03578528827037773
0 0.8041666666666667 0.6560636182902585 0.015625 0.027833001988071572
0 0.5515625 0.6679920477137177 0.007291666666666667 0.03777335984095427
0 0.56796875 0.6650099403578529 0.0067708333333333336 0.03180914512922465
0 0.4549479166666667 0.6625248508946322 0.0203125 0.020874751491053677
0 0.4752604166666667 0.6620278330019881 0.0140625 0.011928429423459244
0 0.4278645833333333 0.6709741550695825 0.016145833333333335 0.019880715705765408
0 0.8153645833333333 0.7072564612326043 0.009895833333333333 0.032803180914512925
0 0.540625 0.709741550695825 0.017708333333333333 0.017892644135188866
0 0.978125 0.7544731610337972 0.017708333333333333 0.04771371769383698
0 0.3497395833333333 0.7470178926441352 0.0140625 0.0268389662027833
0 0.5549479166666667 0.7514910536779325 0.0140625 0.03578528827037773
0 0.5338541666666666 0.7415506958250497 0.009375 0.009940357852882704
0 0.9565104166666667 0.7619284294234593 0.0203125 0.048707753479125246
0 0.62890625 0.760934393638171 0.013020833333333334 0.032803180914512925
0 0.46901041666666665 0.7579522862823062 0.018229166666666668 0.02286282306163022
0 0.43020833333333336 0.7634194831013916 0.015625 0.02584493041749503
0 0.5276041666666667 0.7718687872763419 0.019791666666666666 0.02485089463220676
0 0.5861979166666667 0.7768389662027833 0.0078125 0.030815109343936383
0 0.47161458333333334 0.7778330019880716 0.0067708333333333336 0.016898608349900597
0 0.7309895833333333 0.7813121272365805 0.0203125 0.02584493041749503
0 0.7114583333333333 0.7783300198807157 0.008333333333333333 0.011928429423459244
0 0.5005208333333333 0.7872763419483101 0.011458333333333333 0.019880715705765408
0 0.5322916666666667 0.8046719681908548 0.028125 0.032803180914512925
0 0.46822916666666664 0.8175944333996024 0.0125 0.02286282306163022
0 0.54140625 0.8479125248508946 0.013020833333333334 0.02982107355864811
0 0.73515625 0.856858846918489 0.018229166666666668 0.03777335984095427
0 0.4354166666666667 0.8682902584493042 0.022916666666666665 0.02882703777335984
0 0.5197916666666667 0.8911530815109344 0.011458333333333333 0.03479125248508946
0 0.46953125 0.8966202783300199 0.018229166666666668 0.027833001988071572
0 0.42864583333333334 0.904572564612326 0.0125 0.039761431411530816
0 0.49973958333333335 0.9224652087475149 0.005729166666666666 0.03777335984095427
0 0.8270833333333333 0.959741550695825 0.019791666666666666 0.02485089463220676
0 0.3455729166666667 0.9880715705765407 0.021354166666666667 0.02186878727634195
0 0.4591145833333333 0.9900596421471173 0.013020833333333334 0.017892644135188866