0 0.9890625 0.006958250497017893 0.020833333333333332 0.013916500994035786
0 0.32005208333333335 0.022365805168986085 0.013020833333333334 0.014910536779324055
0 0.3966145833333333 0.02982107355864811 0.0046875 0.017892644135188866
0 0.42421875 0.05069582504970179 0.016145833333333335 0.03777335984095427
0 0.31666666666666665 0.051192842942345926 0.016666666666666666 0.032803180914512925
0 0.5578125 0.11481113320079522 0.016666666666666666 0.02286282306163022
0 0.059375 0.1272365805168986 0.013541666666666667 0.02186878727634195
0 0.59765625 0.1257455268389662 0.013020833333333334 0.008946322067594433
0 0.24114583333333334 0.1550695825049702 0.007291666666666667 0.027833001988071572
0 0.775 0.18389662027833 0.0125 0.0437375745526839
0 0.5182291666666666 0.1878727634194831 0.01875 0.027833001988071572
0 0.7302083333333333 0.20228628230616302 0.010416666666666666 0.048707753479125246
0 0.6984375 0.18588469184890655 0.016666666666666666 0.007952286282306162
0 0.8734375 0.19831013916500995 0.011458333333333333 0.016898608349900597
0 0.26145833333333335 0.22465208747514911 0.009375 0.017892644135188866
0 0.6796875 0.2355864811133201 0.014583333333333334 0.03777335984095427
0 0.1765625 0.22912524850894633 0.017708333333333333 0.014910536779324055
0 0.38776041666666666 0.24950298210735586 0.0046875 0.02385685884691849
0 0.5377604166666666 0.27634194831013914 0.0078125 0.033797216699801194
0 0.09166666666666666 0.27186878727634195 0.021875 0.020874751491053677
0 0.6247395833333333 0.28429423459244535 0.0046875 0.02982107355864811
0 0.55078125 0.28180914512922467 0.0078125 0.016898608349900597
0 0.5184895833333333 0.29174950298210733 0.008854166666666666 0.02286282306163022
0 0.47604166666666664 0.30168986083499005 0.0125 0.02882703777335984
0 0.23229166666666667 0.305168986083499 0.013541666666666667 0.013916500994035786
0 0.00546875 0.3374751491053678 0.0109375 0.04671968190854871
0 0.4635416666666667 0.33250497017892644 0.015625 0.02882703777335984
0 0.5846354166666666 0.34691848906560635 0.0046875 0.02982107355864811
0 0.08333333333333333 0.37326043737574555 0.013541666666666667 0.040755467196819085
0 0.2591145833333333 0.37673956262425445 0.0171875 0.02186878727634195
0 0.7393229166666667 0.3772365805168986 0.009895833333333333 0.02286282306163022
0 0.9140625 0.38866799204771374 0.020833333333333332 0.015904572564612324
0 0.7020833333333333 0.41998011928429424 0.011458333333333333 0.02286282306163022
0 0.45755208333333336 0.43290258449304175 0.0067708333333333336 0.040755467196819085
0 0.4322916666666667 0.43290258449304175 0.019791666666666666 0.03479125248508946
0 0.153125 0.43737574552683894 0.010416666666666666 0.015904572564612324
0 0.11796875 0.44681908548707755 0.008854166666666666 0.032803180914512925
0 0.19583333333333333 0.46222664015904574 0.011458333333333333 0.033797216699801194
0 0.8221354166666667 0.4592445328031809 0.0171875 0.02186878727634195
0 0.6934895833333333 0.46073558648111335 0.011979166666666667 0.010934393638170975
0 0.10729166666666666 0.47514910536779326 0.007291666666666667 0.02982107355864811
0 0.40546875 0.4711729622266402 0.008854166666666666 0.019880715705765408
0 0.475 0.4731610337972167 0.013541666666666667 0.015904572564612324
0 0.9140625 0.4801192842942346 0.019791666666666666 0.02982107355864811
0 0.6786458333333333 0.4835984095427435 0.005208333333333333 0.018886679920477135
0 0.9989583333333333 0.5024850894632207 0.0010416666666666667 0.05467196819085487
0 0.5049479166666667 0.5129224652087475 0.009895833333333333 0.0536779324055666
0 0.546875 0.49105367793240556 0.0125 0.009940357852882704
0 0.7825520833333334 0.5193836978131213 0.0067708333333333336 0.042743538767395624
0 0.07421875 0.5178926441351889 0.025520833333333333 0.027833001988071572
0 0.3606770833333333 0.5159045725646123 0.0109375 0.019880715705765408
0 0.4828125 0.5253479125248509 0.00625 0.032803180914512925
0 0.44505208333333335 0.5323061630218688 0.016145833333333335 0.012922465208747515
0 0.41822916666666665 0.5437375745526839 0.00625 0.03180914512922465
0 0.09479166666666666 0.5651093439363817 0.023958333333333335 0.06858846918489066
0 0.4661458333333333 0.5531809145129225 0.00625 0.0268389662027833
0 0.026302083333333334 0.5720675944333996 0.0171875 0.04473161033797217
0 0.13776041666666666 0.5745526838966203 0.005729166666666666 0.03180914512922465
0 0.23255208333333333 0.5830019880715706 0.0078125 0.032803180914512925
0 0.4705729166666667 0.5740556660039762 0.008854166666666666 0.012922465208747515
0 0.4471354166666667 0.5825049701789264 0.0078125 0.017892644135188866
0 0.4739583333333333 0.6058648111332008 0.014583333333333334 0.016898608349900597
0 0.6966145833333334 0.6153081510934394 0.034895833333333334 0.033797216699801194
0 0.9408854166666667 0.6033797216699801 0.0109375 0.011928429423459244
0 0.5067708333333333 0.6138170974155069 0.005208333333333333 0.0268389662027833
0 0.5526041666666667 0.6307157057654076 0.014583333333333334 0.03479125248508946
0 0.39375 0.6252485089463221 0.011458333333333333 0.015904572564612324
0 0.46588541666666666 0.632703777335984 0.0067708333333333336 0.0268389662027833
0 0.525 0.6307157057654076 0.011458333333333333 0.016898608349900597
0 0.44817708333333334 0.6381709741550696 0.013020833333333334 0.019880715705765408
0 0.6924479166666667 0.6426441351888668 0.0109375 0.014910536779324055
0 0.13489583333333333 0.6540755467196819 0.010416666666666666 0.03180914512922465
0 0.15416666666666667 0.6461232604373758 0.017708333333333333 0.015904572564612324
0 0.29192708333333334 0.6446322067594433 0.011979166666666667 0.012922465208747515
0 0.5197916666666667 0.654572564612326 0.010416666666666666 0.016898608349900597
0 0.1171875 0.6625248508946322 0.010416666666666666 0.0268389662027833
0 0.49322916666666666 0.6570576540755467 0.009375 0.009940357852882704
0 0.42526041666666664 0.6674950298210736 0.0078125 0.020874751491053677
0 0.19791666666666666 0.6734592445328031 0.013541666666666667 0.020874751491053677
0 0.296875 0.6789264413518886 0.011458333333333333 0.02584493041749503
0 0.7375 0.6814115308151093 0.0125 0.0268389662027833
0 0.1484375 0.6833996023856859 0.016666666666666666 0.016898608349900597
0 0.3171875 0.6853876739562624 0.01875 0.020874751491053677
0 0.50078125 0.6819085487077535 0.015104166666666667 0.013916500994035786
0 0.21692708333333333 0.6903578528827038 0.018229166666666668 0.02286282306163022
0 0.2796875 0.694831013916501 0.022916666666666665 0.02584493041749503
0 0.1859375 0.6993041749502982 0.007291666666666667 0.030815109343936383
0 0.4546875 0.7047713717693836 0.013541666666666667 0.03777335984095427
0 0.80234375 0.7012922465208747 0.0109375 0.032803180914512925
0 0.11796875 0.7032803180914513 0.0067708333333333336 0.02882703777335984
0 0.36432291666666666 0.6928429423459245 0.013020833333333334 0.007952286282306162
0 0.41953125 0.7142147117296223 0.009895833333333333 0.030815109343936383
0 0.67265625 0.7201789264413518 0.0067708333333333336 0.03479125248508946
0 0.5203125 0.7152087475149106 0.0125 0.018886679920477135
0 0.36223958333333334 0.7221669980119284 0.0078125 0.02882703777335984
0 0.04244791666666667 0.7311133200795229 0.013020833333333334 0.040755467196819085
0 0.5989583333333334 0.7216699801192843 0.017708333333333333 0.013916500994035786
0 0.06744791666666666 0.7514910536779325 0.008854166666666666 0.033797216699801194
0 0.22526041666666666 0.7435387673956262 0.018229166666666668 0.009940357852882704
0 0.3424479166666667 0.7519880715705766 0.0046875 0.02286282306163022
0 0.3841145833333333 0.7569582504970179 0.0078125 0.02485089463220676
0 0.47604166666666664 0.7544731610337972 0.016666666666666666 0.019880715705765408
0 0.50703125 0.7728628230616302 0.009895833333333333 0.030815109343936383
0 0.8692708333333333 0.7659045725646123 0.016666666666666666 0.018886679920477135
0 0.33359375 0.7763419483101391 0.013020833333333334 0.02186878727634195
0 0.5734375 0.7783300198807157 0.004166666666666667 0.02385685884691849
0 0.06041666666666667 0.790258449304175 0.023958333333333335 0.0437375745526839
0 0.4515625 0.7857852882703777 0.00625 0.02286282306163022
0 0.26796875 0.8136182902584493 0.011979166666666667 0.05268389662027833
0 0.5544270833333333 0.7912524850894632 0.0140625 0.009940357852882704
0 0.5934895833333333 0.8106361829025845 0.008854166666666666 0.040755467196819085
0 0.33880208333333334 0.8036779324055666 0.0109375 0.020874751491053677
0 0.5127604166666667 0.8320079522862823 0.0140625 0.027833001988071572
0 0.015625 0.8424453280318092 0.016666666666666666 0.03479125248508946
0 0.24010416666666667 0.8339960238568589 0.016666666666666666 0.015904572564612324
0 0.3984375 0.8389662027833003 0.022916666666666665 0.02186878727634195
0 0.5611979166666666 0.8369781312127237 0.011979166666666667 0.013916500994035786
0 0.7401041666666667 0.8399602385685885 0.011458333333333333 0.019880715705765408
0 0.3033854166666667 0.8414512922465208 0.0203125 0.012922465208747515
0 0.21067708333333332 0.852882703777336 0.013020833333333334 0.033797216699801194
0 0.6010416666666667 0.8439363817097415 0.020833333333333332 0.015904572564612324
0 0.43671875 0.8469184890656064 0.009895833333333333 0.017892644135188866
0 0.5830729166666667 0.8613320079522863 0.016145833333333335 0.040755467196819085
0 0.03411458333333333 0.8682902584493042 0.015104166666666667 0.040755467196819085
0 0.23125 0.856858846918489 0.007291666666666667 0.017892644135188866
0 0.6505208333333333 0.8538767395626242 0.011458333333333333 0.011928429423459244
0 0.7533854166666667 0.8583499005964215 0.013020833333333334 0.020874751491053677
0 0.7049479166666667 0.864314115308151 0.0109375 0.016898608349900597
0 0.7268229166666667 0.8802186878727635 0.0109375 0.030815109343936383
0 0.2677083333333333 0.8777335984095428 0.008333333333333333 0.02385685884691849
0 0.8111979166666666 0.9000994035785288 0.015104166666666667 0.042743538767395624
0 0.23411458333333332 0.8926441351888668 0.0234375 0.017892644135188866
0 0.9901041666666667 0.911530815109344 0.01875 0.04771371769383698
0 0.17005208333333333 0.9050695825049702 0.021354166666666667 0.02485089463220676
0 0.11015625 0.9179920477137177 0.0171875 0.04473161033797217
0 0.20911458333333333 0.9065606361829026 0.0109375 0.009940357852882704
0 0.37916666666666665 0.922962226640159 0.010416666666666666 0.030815109343936383
0 0.35572916666666665 0.9209741550695825 0.011458333333333333 0.020874751491053677
0 0.5919270833333333 0.9254473161033797 0.0140625 0.02982107355864811
0 0.4197916666666667 0.9309145129224652 0.009375 0.02485089463220676
0 0.17161458333333332 0.944831013916501 0.011979166666666667 0.032803180914512925
0 0.21119791666666668 0.941351888667992 0.022395833333333334 0.02584493041749503
0 0.57109375 0.944831013916501 0.0078125 0.010934393638170975
0 0.07838541666666667 0.9532803180914513 0.0140625 0.02385685884691849
0 0.2513020833333333 0.9617296222664016 0.0171875 0.032803180914512925
0 0.3299479166666667 0.9582504970178927 0.0036458333333333334 0.02584493041749503
0 0.35572916666666665 0.9791252485089463 0.008333333333333333 0.039761431411530816
0 0.59453125 0.9696819085487077 0.0171875 0.010934393638170975
0 0.81796875 0.9766401590457257 0.015104166666666667 0.016898608349900597
0 0.37421875 0.9880715705765407 0.0109375 0.02186878727634195
0 0.3098958333333333 0.9895626242544732 0.013541666666666667 0.018886679920477135
0 0.43411458333333336 0.9900596421471173 0.0067708333333333336 0.017892644135188866
0 0.47265625 0.9915506958250497 0.0203125 0.014910536779324055