0 0.7872395833333333 0.004970178926441352 0.0067708333333333336 0.009940357852882704
0 0.14427083333333332 0.005964214711729622 0.0125 0.011928429423459244
0 0.07552083333333333 0.027335984095427434 0.014583333333333334 0.04473161033797217
0 0.8067708333333333 0.03827037773359841 0.019791666666666666 0.040755467196819085
0 0.6989583333333333 0.030815109343936383 0.004166666666666667 0.027833001988071572
0 0.9096354166666667 0.05666003976143141 0.0171875 0.03180914512922465
0 0.18385416666666668 0.0621272365805169 0.019791666666666666 0.02485089463220676
0 0.00625 0.10139165009940358 0.011458333333333333 0.04572564612326044
0 0.22734375 0.10834990059642147 0.019270833333333334 0.03578528827037773
0 0.12682291666666667 0.11829025844930417 0.0109375 0.02584493041749503
0 0.60078125 0.1257455268389662 0.021354166666666667 0.02485089463220676
0 0.2609375 0.12475149105367793 0.008333333333333333 0.02286282306163022
0 0.578125 0.1257455268389662 0.013541666666666667 0.014910536779324055
0 0.5325520833333334 0.12773359840954274 0.015104166666666667 0.010934393638170975
0 0.10078125 0.14761431411530815 0.021354166666666667 0.02485089463220676
0 0.49244791666666665 0.15109343936381708 0.011979166666666667 0.027833001988071572
0 0.26145833333333335 0.15457256461232605 0.00625 0.018886679920477135
0 0.3731770833333333 0.17196819085487078 0.009895833333333333 0.041749502982107355
0 0.659375 0.16003976143141152 0.014583333333333334 0.015904572564612324
0 0.10651041666666666 0.17147117296222664 0.008854166666666666 0.012922465208747515
0 0.7236979166666667 0.1824055666003976 0.0078125 0.016898608349900597
0 0.06536458333333334 0.20377733598409542 0.013020833333333334 0.039761431411530816
0 0.5536458333333333 0.20029821073558648 0.008333333333333333 0.02882703777335984
0 0.3028645833333333 0.2201789264413519 0.011979166666666667 0.02286282306163022
0 0.01796875 0.2370775347912525 0.011979166666666667 0.02485089463220676
0 0.9455729166666667 0.25795228628230615 0.018229166666666668 0.010934393638170975
0 0.44921875 0.26888667992047716 0.008854166666666666 0.03479125248508946
0 0.3078125 0.27186878727634195 0.013541666666666667 0.02485089463220676
0 0.42994791666666665 0.27634194831013914 0.008854166666666666 0.027833001988071572
0 0.7575520833333333 0.2922465208747515 0.009895833333333333 0.03578528827037773
0 0.0546875 0.2937375745526839 0.01875 0.03479125248508946
0 0.4036458333333333 0.28628230616302186 0.011458333333333333 0.013916500994035786
0 0.38645833333333335 0.2982107355864811 0.004166666666666667 0.015904572564612324
0 0.35260416666666666 0.31709741550695825 0.005208333333333333 0.019880715705765408
0 0.9947916666666666 0.3230616302186879 0.010416666666666666 0.02385685884691849
0 0.12942708333333333 0.3334990059642147 0.009895833333333333 0.02485089463220676
0 0.5731770833333333 0.3364811133200795 0.013020833333333334 0.006958250497017893
0 0.08932291666666667 0.36182902584493043 0.016145833333333335 0.0536779324055666
0 0.5497395833333333 0.3523856858846918 0.008854166666666666 0.016898608349900597
0 0.8385416666666666 0.36083499005964215 0.023958333333333335 0.027833001988071572
0 0.6921875 0.36182902584493043 0.014583333333333334 0.009940357852882704
0 0.6221354166666667 0.37624254473161034 0.021354166666666667 0.02286282306163022
0 0.2953125 0.37673956262425445 0.0125 0.011928429423459244
0 0.7729166666666667 0.3981113320079523 0.013541666666666667 0.02882703777335984
0 0.6567708333333333 0.40457256461232605 0.011458333333333333 0.033797216699801194
0 0.6317708333333333 0.40904572564612324 0.022916666666666665 0.018886679920477135
0 0.5901041666666667 0.4284294234592445 0.03229166666666667 0.04970178926441352
0 0.7294270833333333 0.41749502982107356 0.015104166666666667 0.02186878727634195
0 0.49973958333333335 0.43489065606361826 0.009895833333333333 0.020874751491053677
0 0.5708333333333333 0.44781312127236583 0.014583333333333334 0.016898608349900597
0 0.17682291666666666 0.44980119284294234 0.0234375 0.02286282306163022
0 0.48802083333333335 0.4577534791252485 0.005208333333333333 0.0268389662027833
0 0.66484375 0.4572564612326044 0.009895833333333333 0.02186878727634195
0 0.46484375 0.4592445328031809 0.011979166666666667 0.011928429423459244
0 0.6856770833333333 0.4701789264413519 0.013020833333333334 0.027833001988071572
0 0.5190104166666667 0.48111332007952284 0.011979166666666667 0.04970178926441352
0 0.221875 0.4831013916500994 0.0125 0.04572564612326044
0 0.4049479166666667 0.4845924453280318 0.024479166666666666 0.042743538767395624
0 0.5453125 0.48111332007952284 0.013541666666666667 0.03180914512922465
0 0.3255208333333333 0.4721669980119284 0.0125 0.011928429423459244
0 0.5736979166666667 0.5009940357852882 0.009895833333333333 0.0437375745526839
0 0.371875 0.5154075546719682 0.027083333333333334 0.040755467196819085
0 0.0010416666666666667 0.532803180914513 0.0010416666666666667 0.06958250497017893
0 0.5276041666666667 0.525844930417495 0.017708333333333333 0.02186878727634195
0 0.40598958333333335 0.5238568588469185 0.024479166666666666 0.019880715705765408
0 0.990625 0.5288270377733598 0.007291666666666667 0.017892644135188866
0 0.5200520833333333 0.5382703777335984 0.0140625 0.0268389662027833
0 0.43463541666666666 0.5422465208747514 0.009895833333333333 0.030815109343936383
0 0.3697916666666667 0.5511928429423459 0.005208333333333333 0.014910536779324055
0 0.75859375 0.5601391650099403 0.015104166666666667 0.020874751491053677
0 0.5880208333333333 0.5685884691848907 0.00625 0.033797216699801194
0 0.16119791666666666 0.577037773359841 0.021354166666666667 0.02286282306163022
0 0.6302083333333334 0.5909542743538767 0.010416666666666666 0.03876739562624255
0 0.7177083333333333 0.5849900596421471 0.019791666666666666 0.020874751491053677
0 0.57265625 0.5929423459244533 0.0036458333333333334 0.020874751491053677
0 0.8848958333333333 0.6063618290258449 0.015625 0.041749502982107355
0 0.9153645833333334 0.6187872763419483 0.013020833333333334 0.03876739562624255
0 0.6770833333333334 0.6073558648111332 0.017708333333333333 0.013916500994035786
0 0.9010416666666666 0.6182902584493042 0.0125 0.033797216699801194
0 0.17760416666666667 0.6113320079522863 0.007291666666666667 0.011928429423459244
0 0.778125 0.6312127236580517 0.009375 0.027833001988071572
0 0.5799479166666667 0.6336978131212724 0.011979166666666667 0.018886679920477135
0 0.5114583333333333 0.6386679920477137 0.019791666666666666 0.018886679920477135
0 0.9260416666666667 0.6456262425447317 0.009375 0.012922465208747515
0 0.71796875 0.6500994035785288 0.022395833333333334 0.019880715705765408
0 0.8989583333333333 0.6560636182902585 0.013541666666666667 0.027833001988071572
0 0.80390625 0.6560636182902585 0.0067708333333333336 0.027833001988071572
0 0.5690104166666666 0.6575546719681908 0.011979166666666667 0.02882703777335984
0 0.5471354166666667 0.6570576540755467 0.0046875 0.015904572564612324
0 0.6541666666666667 0.6789264413518886 0.005208333333333333 0.02385685884691849
0 0.5072916666666667 0.7012922465208747 0.008333333333333333 0.030815109343936383
0 0.16067708333333333 0.6963220675944334 0.0109375 0.016898608349900597
0 0.19505208333333332 0.7052683896620279 0.015104166666666667 0.0268389662027833
0 0.91484375 0.709741550695825 0.011979166666666667 0.017892644135188866
0 0.04635416666666667 0.7276341948310139 0.020833333333333332 0.033797216699801194
0 0.5479166666666667 0.7206759443339961 0.0125 0.015904572564612324
0 0.9817708333333334 0.7420477137176938 0.029166666666666667 0.040755467196819085
0 0.48072916666666665 0.7296222664015904 0.015625 0.009940357852882704
0 0.49765625 0.7524850894632207 0.018229166666666668 0.02186878727634195
0 0.3268229166666667 0.7544731610337972 0.009895833333333333 0.027833001988071572
0 0.6942708333333333 0.7529821073558648 0.011458333333333333 0.016898608349900597
0 0.459375 0.768389662027833 0.0125 0.027833001988071572
0 0.6161458333333333 0.775844930417495 0.007291666666666667 0.030815109343936383
0 0.6411458333333333 0.7818091451292246 0.00625 0.02485089463220676
0 0.2989583333333333 0.782803180914513 0.007291666666666667 0.02882703777335984
0 0.6924479166666667 0.7803180914512923 0.0140625 0.013916500994035786
0 0.43776041666666665 0.790258449304175 0.0078125 0.02982107355864811
0 0.16770833333333332 0.7992047713717694 0.023958333333333335 0.04572564612326044
0 0.76171875 0.7947316103379721 0.021354166666666667 0.0268389662027833
0 0.8546875 0.808648111332008 0.009375 0.036779324055666
0 0.56953125 0.8011928429423459 0.016145833333333335 0.017892644135188866
0 0.453125 0.8141153081510935 0.016666666666666666 0.03180914512922465
0 0.5848958333333333 0.8141153081510935 0.008333333333333333 0.011928429423459244
0 0.65546875 0.8305168986083499 0.0046875 0.02882703777335984
0 0.5044270833333333 0.8280318091451292 0.0078125 0.011928429423459244
0 0.43020833333333336 0.841948310139165 0.010416666666666666 0.027833001988071572
0 0.6950520833333333 0.845427435387674 0.0140625 0.0268389662027833
0 0.453125 0.8523856858846919 0.0125 0.032803180914512925
0 0.5091145833333334 0.8464214711729622 0.016145833333333335 0.016898608349900597
0 0.371875 0.8499005964214712 0.017708333333333333 0.017892644135188866
0 0.48072916666666665 0.8469184890656064 0.010416666666666666 0.009940357852882704
0 0.9763020833333333 0.8608349900596421 0.024479166666666666 0.033797216699801194
0 0.66015625 0.8707753479125249 0.0078125 0.033797216699801194
0 0.63203125 0.8633200795228628 0.011979166666666667 0.018886679920477135
0 0.35859375 0.8727634194831014 0.019270833333333334 0.027833001988071572
0 0.6109375 0.8752485089463221 0.017708333333333333 0.02882703777335984
0 0.5221354166666666 0.8752485089463221 0.0067708333333333336 0.02882703777335984
0 0.378125 0.8682902584493042 0.017708333333333333 0.010934393638170975
0 0.9020833333333333 0.889662027833002 0.013541666666666667 0.03180914512922465
0 0.22161458333333334 0.889662027833002 0.0171875 0.02385685884691849
0 0.6252604166666667 0.8936381709741551 0.011979166666666667 0.015904572564612324
0 0.7296875 0.908051689860835 0.01875 0.040755467196819085
0 0.3645833333333333 0.897117296222664 0.015625 0.008946322067594433
0 0.8408854166666667 0.9060636182902585 0.0171875 0.02485089463220676
0 0.634375 0.908051689860835 0.015625 0.020874751491053677
0 0.60625 0.9274353876739563 0.01875 0.04572564612326044
0 0.23307291666666666 0.9219681908548708 0.0067708333333333336 0.0268389662027833
0 0.89609375 0.9199801192842942 0.0140625 0.018886679920477135
0 0.6453125 0.9319085487077535 0.016666666666666666 0.03479125248508946
0 0.003125 0.9249502982107356 0.005208333333333333 0.016898608349900597
0 0.03203125 0.9592445328031809 0.027604166666666666 0.0437375745526839
0 0.26223958333333336 0.9567594433399602 0.011979166666666667 0.032803180914512925
0 0.6505208333333333 0.9696819085487077 0.015625 0.036779324055666
0 0.521875 0.9761431411530815 0.016666666666666666 0.03578528827037773
0 0.61640625 0.9691848906560636 0.0234375 0.017892644135188866
0 0.9333333333333333 0.9796222664015904 0.019791666666666666 0.0268389662027833
0 0.15859375 0.9821073558648111 0.0265625 0.027833001988071572
0 0.58203125 0.9850894632206759 0.022395833333333334 0.027833001988071572
0 0.4390625 0.98558648111332 0.011458333333333333 0.0268389662027833
0 0.47760416666666666 0.9870775347912525 0.010416666666666666 0.015904572564612324
0 0.30078125 0.9905566600397614 0.016145833333333335 0.016898608349900597
0 0.7625 0.9930417495029821 0.010416666666666666 0.011928429423459244