0 0.9434895833333333 0.010934393638170975 0.0265625 0.02186878727634195
0 0.9119791666666667 0.02286282306163022 0.015625 0.04572564612326044
0 0.69375 0.011928429423459244 0.010416666666666666 0.02385685884691849
0 0.3984375 0.0064612326043737576 0.007291666666666667 0.012922465208747515
0 0.38385416666666666 0.008449304174950299 0.019791666666666666 0.016898608349900597
0 0.3541666666666667 0.010934393638170975 0.034375 0.02186878727634195
0 0.30494791666666665 0.015407554671968192 0.03697916666666667 0.030815109343936383
0 0.17630208333333333 0.01242544731610338 0.011979166666666667 0.02485089463220676
0 0.14895833333333333 0.0064612326043737576 0.008333333333333333 0.012922465208747515
0 0.9768229166666667 0.022365805168986085 0.021354166666666667 0.03876739562624255
0 0.828125 0.031312127236580514 0.052083333333333336 0.05268389662027833
0 0.03671875 0.015407554671968192 0.016145833333333335 0.016898608349900597
0 0.8895833333333333 0.020377733598409543 0.017708333333333333 0.020874751491053677
0 0.56640625 0.02982107355864811 0.0067708333333333336 0.03180914512922465
0 0.759375 0.03230616302186879 0.019791666666666666 0.02882703777335984
0 0.5778645833333333 0.02882703777335984 0.008854166666666666 0.02385685884691849
0 0.6765625 0.051192842942345926 0.022916666666666665 0.05666003976143141
0 0.10572916666666667 0.02882703777335984 0.0125 0.011928429423459244
0 0.14765625 0.03180914512922465 0.0109375 0.013916500994035786
0 0.471875 0.05417495029821073 0.035416666666666666 0.05268389662027833
0 0.43645833333333334 0.040755467196819085 0.021875 0.02385685884691849
0 0.5197916666666667 0.03876739562624255 0.015625 0.011928429423459244
0 0.4265625 0.040755467196819085 0.009375 0.013916500994035786
0 0.33359375 0.05168986083499006 0.009895833333333333 0.02584493041749503
0 0.10130208333333333 0.04771371769383698 0.013020833333333334 0.015904572564612324
0 0.41041666666666665 0.04970178926441352 0.009375 0.017892644135188866
0 0.7174479166666666 0.05666003976143141 0.016145833333333335 0.027833001988071572
0 0.3125 0.061630218687872766 0.030208333333333334 0.03578528827037773
0 0.13411458333333334 0.051192842942345926 0.0140625 0.016898608349900597
0 0.9854166666666667 0.06411530815109344 0.023958333333333335 0.036779324055666
0 0.58046875 0.06461232604373758 0.018229166666666668 0.039761431411530816
0 0.9557291666666666 0.05616302186878728 0.016666666666666666 0.016898608349900597
0 0.15078125 0.07157057654075547 0.016145833333333335 0.04572564612326044
0 0.7296875 0.0621272365805169 0.029166666666666667 0.02286282306163022
0 0.08958333333333333 0.06809145129224652 0.017708333333333333 0.0268389662027833
0 0.4140625 0.0705765407554672 0.01875 0.02584493041749503
0 0.9372395833333333 0.07157057654075547 0.015104166666666667 0.013916500994035786
0 0.8002604166666667 0.07952286282306163 0.058854166666666666 0.02584493041749503
0 0.25494791666666666 0.08548707753479125 0.0171875 0.02982107355864811
0 0.90625 0.08548707753479125 0.041666666666666664 0.02385685884691849
0 0.35963541666666665 0.07952286282306163 0.0140625 0.013916500994035786
0 0.7450520833333333 0.08399602385685885 0.011979166666666667 0.012922465208747515
0 0.5411458333333333 0.09145129224652088 0.023958333333333335 0.02982107355864811
0 0.49270833333333336 0.09840954274353876 0.053125 0.03777335984095427
0 0.4557291666666667 0.0889662027833002 0.009375 0.010934393638170975
0 0.4395833333333333 0.09244532803180915 0.009375 0.015904572564612324
0 0.3653645833333333 0.10785288270377734 0.024479166666666666 0.040755467196819085
0 0.22760416666666666 0.09840954274353876 0.01875 0.02186878727634195
0 0.7098958333333333 0.10039761431411531 0.025 0.019880715705765408
0 0.6213541666666667 0.10188866799204771 0.03333333333333333 0.020874751491053677
0 0.56484375 0.10387673956262425 0.011979166666666667 0.016898608349900597
0 0.27708333333333335 0.11829025844930417 0.023958333333333335 0.04771371769383698
0 0.5776041666666667 0.10337972166998012 0.008333333333333333 0.011928429423459244
0 0.46067708333333335 0.10685884691848907 0.0203125 0.020874751491053677
0 0.38125 0.10685884691848907 0.017708333333333333 0.018886679920477135
0 0.7815104166666667 0.11232604373757456 0.021354166666666667 0.02186878727634195
0 0.6721354166666667 0.10636182902584493 0.013020833333333334 0.011928429423459244
0 0.7403645833333333 0.11182902584493042 0.0171875 0.014910536779324055
0 0.9578125 0.1143141153081511 0.017708333333333333 0.013916500994035786
0 0.521875 0.13469184890656064 0.03333333333333333 0.05666003976143141
0 0.26015625 0.12326043737574553 0.008854166666666666 0.02982107355864811
0 0.44817708333333334 0.13469184890656064 0.016145833333333335 0.042743538767395624
0 0.9166666666666666 0.12673956262425448 0.028125 0.02485089463220676
0 0.578125 0.12624254473161034 0.05625 0.019880715705765408
0 0.24296875 0.1426441351888668 0.028645833333333332 0.03876739562624255
0 0.19713541666666667 0.1456262425447316 0.027604166666666666 0.04671968190854871
0 0.6955729166666667 0.15357852882703776 0.0296875 0.040755467196819085
0 0.66171875 0.14363817097415507 0.022395833333333334 0.012922465208747515
0 0.4153645833333333 0.15109343936381708 0.0265625 0.027833001988071572
0 0.3765625 0.1441351888667992 0.010416666666666666 0.013916500994035786
0 0.34791666666666665 0.1525844930417495 0.042708333333333334 0.0268389662027833
0 0.28854166666666664 0.15805168986083498 0.017708333333333333 0.03578528827037773
0 0.5578125 0.15208747514910537 0.030208333333333334 0.019880715705765408
0 0.46458333333333335 0.15755467196819087 0.015625 0.030815109343936383
0 0.12786458333333334 0.1595427435387674 0.008854166666666666 0.02882703777335984
0 0.22213541666666667 0.15308151093439365 0.0140625 0.013916500994035786
0 0.4359375 0.15656063618290258 0.015625 0.016898608349900597
0 0.31640625 0.16003976143141152 0.018229166666666668 0.019880715705765408
0 0.6661458333333333 0.15904572564612326 0.015625 0.013916500994035786
0 0.39895833333333336 0.19234592445328033 0.057291666666666664 0.05268389662027833
0 0.04765625 0.1863817097415507 0.027604166666666666 0.032803180914512925
0 0.2911458333333333 0.18439363817097415 0.010416666666666666 0.018886679920477135
0 0.2677083333333333 0.20129224652087474 0.027083333333333334 0.05268389662027833
0 0.1390625 0.1918489065606362 0.03229166666666667 0.03578528827037773
0 0.34479166666666666 0.19234592445328033 0.0125 0.030815109343936383
0 0.5927083333333333 0.1933399602385686 0.021875 0.02485089463220676
0 0.43307291666666664 0.20874751491053678 0.043229166666666666 0.039761431411530816
0 0.10859375 0.19980119284294234 0.011979166666666667 0.019880715705765408
0 0.017447916666666667 0.2147117296222664 0.033854166666666664 0.041749502982107355
0 0.32864583333333336 0.20874751491053678 0.0125 0.02584493041749503
0 0.17760416666666667 0.20725646123260438 0.0125 0.020874751491053677
0 0.46875 0.22813121272365805 0.027083333333333334 0.040755467196819085
0 0.09427083333333333 0.22962226640159045 0.06875 0.0437375745526839
0 0.4473958333333333 0.22813121272365805 0.015625 0.012922465208747515
0 0.26666666666666666 0.2345924453280318 0.013541666666666667 0.019880715705765408
0 0.38385416666666666 0.2400596421471173 0.021875 0.02882703777335984
0 0.5734375 0.25596421471172964 0.01875 0.03876739562624255
0 0.24895833333333334 0.2529821073558648 0.009375 0.02485089463220676
0 0.7888020833333333 0.2664015904572565 0.0203125 0.039761431411530816
0 0.5255208333333333 0.2554671968190855 0.014583333333333334 0.011928429423459244
0 0.50546875 0.26192842942345923 0.0203125 0.02286282306163022
0 0.4 0.2649105367793241 0.019791666666666666 0.02286282306163022
0 0.33645833333333336 0.2664015904572565 0.017708333333333333 0.02584493041749503
0 0.0921875 0.268389662027833 0.009375 0.02385685884691849
0 0.06848958333333334 0.2639165009940358 0.019270833333333334 0.016898608349900597
0 0.28932291666666665 0.27435387673956263 0.024479166666666666 0.033797216699801194
0 0.5791666666666667 0.2773359840954274 0.027083333333333334 0.017892644135188866
0 0.23151041666666666 0.2932405566600398 0.025520833333333333 0.04970178926441352
0 0.21276041666666667 0.2778330019880716 0.009895833333333333 0.020874751491053677
0 0.3302083333333333 0.31312127236580517 0.04375 0.055666003976143144
0 0.5346354166666667 0.3220675944333996 0.011979166666666667 0.017892644135188866
0 0.057291666666666664 0.3374751491053678 0.011458333333333333 0.016898608349900597
0 0.2877604166666667 0.35984095427435386 0.0234375 0.02982107355864811
0 0.4830729166666667 0.38071570576540753 0.021354166666666667 0.02385685884691849
0 0.2125 0.3941351888667992 0.022916666666666665 0.05069582504970179
0 0.32421875 0.37922465208747513 0.011979166666666667 0.012922465208747515
0 0.2640625 0.38966202783300197 0.022916666666666665 0.02982107355864811
0 0.24479166666666666 0.40208747514910537 0.0125 0.018886679920477135
0 0.21119791666666668 0.4274353876739563 0.021354166666666667 0.013916500994035786
0 0.16640625 0.4567594433399602 0.0234375 0.02485089463220676
0 0.13255208333333332 0.4686878727634195 0.0265625 0.02882703777335984
0 0.053125 0.4671968190854871 0.008333333333333333 0.011928429423459244