0 0.0010416666666666667 0.027335984095427434 0.0010416666666666667 0.05069582504970179
0 0.31796875 0.0959244532803181 0.0109375 0.012922465208747515
0 0.05078125 0.20427435387673956 0.009895833333333333 0.02286282306163022
0 0.6489583333333333 0.2673956262425447 0.008333333333333333 0.033797216699801194
0 0.3971354166666667 0.2753479125248509 0.0140625 0.011928429423459244
0 0.546875 0.3076540755467197 0.00625 0.02485089463220676
0 0.4942708333333333 0.3205765407554672 0.00625 0.018886679920477135
0 0.29609375 0.34642147117296224 0.009895833333333333 0.020874751491053677
0 0.34817708333333336 0.3508946322067594 0.008854166666666666 0.017892644135188866
0 0.36302083333333335 0.35636182902584496 0.010416666666666666 0.02286282306163022
0 0.6408854166666667 0.3687872763419483 0.009895833333333333 0.033797216699801194
0 0.08854166666666667 0.4110337972166998 0.0125 0.02286282306163022
0 0.490625 0.4125248508946322 0.010416666666666666 0.019880715705765408
0 0.290625 0.42047713717693835 0.007291666666666667 0.02186878727634195
0 0.11796875 0.4304174950298211 0.015104166666666667 0.02584493041749503
0 0.4434895833333333 0.426441351888668 0.008854166666666666 0.015904572564612324
0 0.66875 0.4383697813121272 0.015625 0.013916500994035786
0 0.37552083333333336 0.4885685884691849 0.00625 0.020874751491053677
0 0.12552083333333333 0.4995029821073559 0.015625 0.02286282306163022
0 0.35130208333333335 0.5173956262425448 0.019270833333333334 0.014910536779324055
0 0.30520833333333336 0.5333001988071571 0.010416666666666666 0.016898608349900597
0 0.25677083333333334 0.5497017892644135 0.013541666666666667 0.019880715705765408
0 0.5559895833333334 0.5750497017892644 0.0171875 0.030815109343936383
0 0.22552083333333334 0.5675944333996024 0.016666666666666666 0.013916500994035786
0 0.6583333333333333 0.5750497017892644 0.0125 0.016898608349900597
0 0.3028645833333333 0.5795228628230616 0.0046875 0.02186878727634195
0 0.45338541666666665 0.6167992047713717 0.013020833333333334 0.02286282306163022
0 0.04973958333333333 0.6227634194831014 0.0140625 0.012922465208747515
0 0.6481770833333333 0.6386679920477137 0.016145833333333335 0.03479125248508946
0 0.8908854166666667 0.6665009940357853 0.0109375 0.02882703777335984
0 0.034895833333333334 0.6814115308151093 0.014583333333333334 0.018886679920477135
0 0.3302083333333333 0.6848906560636183 0.0125 0.017892644135188866
0 0.2830729166666667 0.7082504970178927 0.005729166666666666 0.016898608349900597
0 0.13385416666666666 0.7266401590457257 0.014583333333333334 0.017892644135188866
0 0.38307291666666665 0.739065606361829 0.005729166666666666 0.032803180914512925
0 0.2734375 0.7420477137176938 0.004166666666666667 0.02485089463220676
0 0.4044270833333333 0.7485089463220675 0.013020833333333334 0.02584493041749503
0 0.43828125 0.7649105367793241 0.0109375 0.018886679920477135
0 0.31302083333333336 0.7673956262425448 0.008333333333333333 0.015904572564612324
0 0.35130208333333335 0.7778330019880716 0.011979166666666667 0.0268389662027833
0 0.02578125 0.7982107355864811 0.015104166666666667 0.03180914512922465
0 0.4786458333333333 0.7932405566600398 0.011458333333333333 0.015904572564612324
0 0.6348958333333333 0.8180914512922465 0.009375 0.0437375745526839
0 0.50234375 0.8146123260437376 0.0140625 0.016898608349900597
0 0.35546875 0.8339960238568589 0.0078125 0.027833001988071572
0 0.5848958333333333 0.8479125248508946 0.008333333333333333 0.03578528827037773
0 0.18828125 0.8434393638170974 0.018229166666666668 0.02286282306163022
0 0.4796875 0.856858846918489 0.004166666666666667 0.02186878727634195
0 0.42083333333333334 0.8727634194831014 0.008333333333333333 0.02982107355864811
0 0.3502604166666667 0.8717693836978131 0.018229166666666668 0.019880715705765408
0 0.16354166666666667 0.8777335984095428 0.016666666666666666 0.011928429423459244
0 0.30572916666666666 0.8841948310139165 0.015625 0.010934393638170975
0 0.48098958333333336 0.9005964214711729 0.008854166666666666 0.03180914512922465
0 0.12604166666666666 0.8911530815109344 0.011458333333333333 0.012922465208747515
0 0.3575520833333333 0.8976143141153081 0.013020833333333334 0.015904572564612324
0 0.54140625 0.9174950298210736 0.013020833333333334 0.0437375745526839
0 0.521875 0.9194831013916501 0.007291666666666667 0.03578528827037773
0 0.4153645833333333 0.9125248508946322 0.008854166666666666 0.015904572564612324
0 0.2559895833333333 0.9140159045725647 0.005729166666666666 0.020874751491053677
0 0.18567708333333333 0.9184890656063618 0.005729166666666666 0.02982107355864811
0 0.10859375 0.9214711729622267 0.008854166666666666 0.03180914512922465
0 0.4002604166666667 0.9458250497017893 0.0265625 0.03876739562624255
0 0.6049479166666667 0.937375745526839 0.0171875 0.015904572564612324
0 0.3533854166666667 0.9498011928429424 0.0140625 0.030815109343936383
0 0.21510416666666668 0.9637176938369781 0.009375 0.02882703777335984
0 0.5674479166666667 0.9676938369781312 0.0067708333333333336 0.032803180914512925
0 0.58828125 0.967196819085487 0.0171875 0.017892644135188866
0 0.46927083333333336 0.9681908548707754 0.00625 0.02186878727634195
0 0.6809895833333334 0.9756461232604374 0.015104166666666667 0.020874751491053677
0 0.42421875 0.9821073558648111 0.0109375 0.033797216699801194
0 0.2598958333333333 0.9826043737574552 0.015625 0.018886679920477135
0 0.13203125 0.9791252485089463 0.0171875 0.011928429423459244
0 0.22734375 0.9826043737574552 0.016145833333333335 0.010934393638170975
0 0.43697916666666664 0.9920477137176938 0.010416666666666666 0.013916500994035786