0 0.2947916666666667 0.03330019880715706 0.011458333333333333 0.020874751491053677
0 0.46927083333333336 0.045228628230616304 0.007291666666666667 0.018886679920477135
0 0.5427083333333333 0.061630218687872766 0.009375 0.009940357852882704
0 0.809375 0.07256461232604373 0.009375 0.027833001988071572
0 0.540625 0.1272365805168986 0.015625 0.015904572564612324
0 0.9369791666666667 0.16600397614314116 0.020833333333333332 0.03578528827037773
0 0.5138020833333333 0.17693836978131214 0.0067708333333333336 0.009940357852882704
0 0.81640625 0.20377733598409542 0.009895833333333333 0.033797216699801194
0 0.44947916666666665 0.21570576540755468 0.010416666666666666 0.02186878727634195
0 0.9942708333333333 0.2355864811133201 0.011458333333333333 0.05168986083499006
0 0.740625 0.23260437375745527 0.013541666666666667 0.02385685884691849
0 0.10182291666666667 0.24801192842942346 0.0078125 0.014910536779324055
0 0.8119791666666667 0.26888667992047716 0.015625 0.02485089463220676
0 0.6575520833333334 0.27037773359840955 0.0067708333333333336 0.015904572564612324
0 0.44479166666666664 0.279324055666004 0.011458333333333333 0.02385685884691849
0 0.9822916666666667 0.28876739562624254 0.011458333333333333 0.014910536779324055
0 0.5401041666666667 0.3474155069582505 0.004166666666666667 0.032803180914512925
0 0.5247395833333334 0.3429423459244533 0.0078125 0.017892644135188866
0 0.7005208333333334 0.35685884691848907 0.009375 0.011928429423459244
0 0.45625 0.37326043737574555 0.008333333333333333 0.010934393638170975
0 0.49375 0.37922465208747513 0.019791666666666666 0.018886679920477135
0 0.44505208333333335 0.37475149105367794 0.0109375 0.011928429423459244
0 0.4278645833333333 0.39363817097415504 0.0109375 0.02186878727634195
0 0.68046875 0.3991053677932406 0.009895833333333333 0.014910536779324055
0 0.8864583333333333 0.41898608349900596 0.013541666666666667 0.02286282306163022
0 0.6731770833333334 0.4209741550695825 0.015104166666666667 0.020874751491053677
0 0.42291666666666666 0.4418489065606362 0.007291666666666667 0.02882703777335984
0 0.59375 0.4507952286282306 0.00625 0.02485089463220676
0 0.50625 0.4691848906560636 0.009375 0.013916500994035786
0 0.8533854166666667 0.5268389662027833 0.011979166666666667 0.03777335984095427
0 0.6565104166666667 0.5263419483101391 0.0046875 0.02286282306163022
0 0.4041666666666667 0.5303180914512923 0.009375 0.012922465208747515
0 0.38828125 0.540258449304175 0.0078125 0.012922465208747515
0 0.19166666666666668 0.5651093439363817 0.013541666666666667 0.03479125248508946
0 0.3260416666666667 0.5641153081510935 0.0125 0.014910536779324055
0 0.87734375 0.5949304174950298 0.008854166666666666 0.036779324055666
0 0.41848958333333336 0.5815109343936382 0.008854166666666666 0.011928429423459244
0 0.5708333333333333 0.5874751491053678 0.011458333333333333 0.011928429423459244
0 0.3854166666666667 0.5979125248508946 0.016666666666666666 0.020874751491053677
0 0.4705729166666667 0.5974155069582505 0.009895833333333333 0.015904572564612324
0 0.26171875 0.6222664015904572 0.0140625 0.02584493041749503
0 0.6731770833333334 0.6401590457256461 0.008854166666666666 0.013916500994035786
0 0.6953125 0.6645129224652088 0.03333333333333333 0.04671968190854871
0 0.4609375 0.7062624254473161 0.007291666666666667 0.012922465208747515
0 0.6356770833333333 0.7226640159045725 0.0067708333333333336 0.027833001988071572
0 0.5526041666666667 0.7196819085487077 0.0125 0.013916500994035786
0 0.66484375 0.7470178926441352 0.0171875 0.016898608349900597
0 0.7127604166666667 0.7818091451292246 0.0109375 0.008946322067594433
0 0.67734375 0.7937375745526839 0.018229166666666668 0.018886679920477135
0 0.6393229166666666 0.8195825049701789 0.008854166666666666 0.014910536779324055
0 0.36744791666666665 0.8807157057654076 0.0171875 0.017892644135188866
0 0.5630208333333333 0.9010934393638171 0.009375 0.042743538767395624
0 0.428125 0.9547713717693836 0.009375 0.018886679920477135
0 0.44609375 0.9592445328031809 0.008854166666666666 0.011928429423459244
0 0.4109375 0.9950298210735586 0.023958333333333335 0.007952286282306162