0 0.6372395833333333 0.029324055666003976 0.009895833333333333 0.02286282306163022
0 0.7057291666666666 0.030318091451292245 0.010416666666666666 0.016898608349900597
0 0.6919270833333333 0.03926441351888668 0.0171875 0.032803180914512925
0 0.95390625 0.10039761431411531 0.016145833333333335 0.03777335984095427
0 0.571875 0.10188866799204771 0.017708333333333333 0.02485089463220676
0 0.26796875 0.1143141153081511 0.021354166666666667 0.02584493041749503
0 0.30494791666666665 0.11580516898608349 0.0109375 0.02485089463220676
0 0.36640625 0.11928429423459244 0.008854166666666666 0.009940357852882704
0 0.05859375 0.14860834990059643 0.0109375 0.02286282306163022
0 0.6619791666666667 0.19980119284294234 0.009375 0.03180914512922465
0 0.5440104166666667 0.1978131212723658 0.019270833333333334 0.02385685884691849
0 0.30833333333333335 0.20974155069582506 0.013541666666666667 0.02584493041749503
0 0.32369791666666664 0.22216699801192843 0.0109375 0.02882703777335984
0 0.02109375 0.22415506958250497 0.009895833333333333 0.02882703777335984
0 0.4002604166666667 0.24105367793240556 0.0140625 0.018886679920477135
0 0.7622395833333333 0.27485089463220674 0.0171875 0.02882703777335984
0 0.3731770833333333 0.2773359840954274 0.0140625 0.02982107355864811
0 0.40911458333333334 0.2922465208747515 0.005729166666666666 0.017892644135188866
0 0.9934895833333334 0.308648111332008 0.011979166666666667 0.040755467196819085
0 0.0765625 0.32554671968190857 0.008333333333333333 0.03479125248508946
0 0.5526041666666667 0.3290258449304175 0.009375 0.02186878727634195
0 0.9122395833333333 0.38469184890656066 0.016145833333333335 0.03777335984095427
0 0.27421875 0.37773359840954274 0.015104166666666667 0.015904572564612324
0 0.3731770833333333 0.378727634194831 0.013020833333333334 0.015904572564612324
0 0.3390625 0.3782306163021869 0.014583333333333334 0.010934393638170975
0 0.3578125 0.3926441351888668 0.010416666666666666 0.019880715705765408
0 0.47421875 0.40606361829025844 0.011979166666666667 0.0268389662027833
0 0.5901041666666667 0.4100397614314115 0.009375 0.03479125248508946
0 0.8588541666666667 0.4140159045725646 0.013541666666666667 0.02882703777335984
0 0.24348958333333334 0.41302186878727637 0.005729166666666666 0.02286282306163022
0 0.19739583333333333 0.41749502982107356 0.010416666666666666 0.017892644135188866
0 0.225 0.42196819085487075 0.01875 0.016898608349900597
0 0.3734375 0.42992047713717696 0.008333333333333333 0.02485089463220676
0 0.428125 0.4831013916500994 0.00625 0.03180914512922465
0 0.7473958333333334 0.4761431411530815 0.005208333333333333 0.017892644135188866
0 0.46536458333333336 0.49105367793240556 0.0067708333333333336 0.02385685884691849
0 0.39114583333333336 0.5014910536779325 0.007291666666666667 0.018886679920477135
0 0.5182291666666666 0.5347912524850894 0.00625 0.02982107355864811
0 0.7963541666666667 0.5392644135188867 0.013541666666666667 0.032803180914512925
0 0.8375 0.5382703777335984 0.010416666666666666 0.0268389662027833
0 0.41901041666666666 0.5318091451292246 0.013020833333333334 0.011928429423459244
0 0.57109375 0.5511928429423459 0.024479166666666666 0.032803180914512925
0 0.3828125 0.544234592445328 0.008333333333333333 0.016898608349900597
0 0.24140625 0.5536779324055666 0.005729166666666666 0.03180914512922465
0 0.28046875 0.5730616302186878 0.022395833333333334 0.0268389662027833
0 0.022135416666666668 0.5979125248508946 0.018229166666666668 0.04671968190854871
0 0.4322916666666667 0.6018886679920478 0.017708333333333333 0.02882703777335984
0 0.2625 0.6088469184890656 0.009375 0.02485089463220676
0 0.4083333333333333 0.6346918489065606 0.0125 0.03479125248508946
0 0.07005208333333333 0.6635188866799204 0.0140625 0.04473161033797217
0 0.7122395833333334 0.654572564612326 0.015104166666666667 0.014910536779324055
0 0.018489583333333334 0.6804174950298211 0.0109375 0.030815109343936383
0 0.20104166666666667 0.6814115308151093 0.007291666666666667 0.010934393638170975
0 0.48828125 0.691351888667992 0.015104166666666667 0.0268389662027833
0 0.159375 0.7445328031809145 0.015625 0.017892644135188866
0 0.4796875 0.7634194831013916 0.015625 0.019880715705765408
0 0.5596354166666667 0.7798210735586482 0.009895833333333333 0.014910536779324055
0 0.5450520833333333 0.8583499005964215 0.0109375 0.02286282306163022
0 0.24010416666666667 0.860337972166998 0.009375 0.012922465208747515
0 0.2791666666666667 0.885685884691849 0.008333333333333333 0.02584493041749503
0 0.23385416666666667 0.893141153081511 0.00625 0.030815109343936383
0 0.16666666666666666 0.918986083499006 0.015625 0.016898608349900597
0 0.11875 0.9329025844930418 0.009375 0.042743538767395624
0 0.4309895833333333 0.9423459244532804 0.0078125 0.03777335984095427
0 0.175 0.9527833001988072 0.011458333333333333 0.0268389662027833
0 0.19427083333333334 0.9850894632206759 0.010416666666666666 0.027833001988071572