0 0.3924479166666667 0.005964214711729622 0.009895833333333333 0.011928429423459244
0 0.8885416666666667 0.021371769383697812 0.014583333333333334 0.032803180914512925
0 0.8609375 0.027833001988071572 0.01875 0.03777335984095427
0 0.35598958333333336 0.019383697813121274 0.0067708333333333336 0.018886679920477135
0 0.28046875 0.03578528827037773 0.0234375 0.033797216699801194
0 0.1921875 0.05417495029821073 0.016666666666666666 0.06262425447316103
0 0.35234375 0.04771371769383698 0.0036458333333333334 0.02186878727634195
0 0.30520833333333336 0.05268389662027833 0.014583333333333334 0.019880715705765408
0 0.14947916666666666 0.05666003976143141 0.0125 0.02186878727634195
0 0.13333333333333333 0.05765407554671968 0.01875 0.02584493041749503
0 0.46848958333333335 0.0536779324055666 0.0078125 0.011928429423459244
0 0.22135416666666666 0.06660039761431412 0.011458333333333333 0.019880715705765408
0 0.28619791666666666 0.0705765407554672 0.0067708333333333336 0.013916500994035786
0 0.88359375 0.08548707753479125 0.009895833333333333 0.03777335984095427
0 0.5721354166666667 0.0805168986083499 0.011979166666666667 0.015904572564612324
0 0.27109375 0.08797216699801193 0.03177083333333333 0.0268389662027833
0 0.16015625 0.08797216699801193 0.011979166666666667 0.0268389662027833
0 0.8122395833333333 0.09940357852882704 0.0265625 0.04572564612326044
0 0.21536458333333333 0.10288270377733598 0.027604166666666666 0.048707753479125246
0 0.1796875 0.08548707753479125 0.010416666666666666 0.013916500994035786
0 0.23020833333333332 0.09443339960238568 0.011458333333333333 0.02385685884691849
0 0.36302083333333335 0.12077534791252485 0.0375 0.036779324055666
0 0.10703125 0.11332007952286283 0.0078125 0.017892644135188866
0 0.40182291666666664 0.13021868787276342 0.018229166666666668 0.041749502982107355
0 0.44453125 0.139662027833002 0.009895833333333333 0.02882703777335984
0 0.80390625 0.14612326043737575 0.016145833333333335 0.03777335984095427
0 0.17005208333333333 0.1386679920477137 0.011979166666666667 0.02286282306163022
0 0.8752604166666667 0.14065606361829025 0.013020833333333334 0.020874751491053677
0 0.23567708333333334 0.14860834990059643 0.013020833333333334 0.02882703777335984
0 0.11588541666666667 0.13916500994035785 0.0171875 0.009940357852882704
0 0.9247395833333333 0.14363817097415507 0.0109375 0.010934393638170975
0 0.5 0.16401590457256462 0.010416666666666666 0.02982107355864811
0 0.30625 0.15656063618290258 0.009375 0.010934393638170975
0 0.14557291666666666 0.17594433399602386 0.03802083333333333 0.05168986083499006
0 0.18932291666666667 0.16202783300198806 0.009895833333333333 0.019880715705765408
0 0.10104166666666667 0.16898608349900596 0.026041666666666668 0.033797216699801194
0 0.4239583333333333 0.17196819085487078 0.020833333333333332 0.015904572564612324
0 0.12265625 0.17147117296222664 0.019270833333333334 0.014910536779324055
0 0.17005208333333333 0.18290258449304175 0.008854166666666666 0.015904572564612324
0 0.8502604166666666 0.18389662027833 0.011979166666666667 0.015904572564612324
0 0.09140625 0.1893638170974155 0.0265625 0.0268389662027833
0 0.68203125 0.1933399602385686 0.019270833333333334 0.030815109343936383
0 0.43463541666666666 0.19234592445328033 0.011979166666666667 0.018886679920477135
0 0.26458333333333334 0.21272365805168986 0.019791666666666666 0.03777335984095427
0 0.09817708333333333 0.21123260437375746 0.011979166666666667 0.020874751491053677
0 0.11979166666666667 0.21769383697813122 0.015625 0.019880715705765408
0 0.8489583333333334 0.22365805168986083 0.013541666666666667 0.02385685884691849
0 0.9203125 0.23807157057654074 0.020833333333333332 0.032803180914512925
0 0.5486979166666667 0.24502982107355864 0.015104166666666667 0.032803180914512925
0 0.09166666666666666 0.24502982107355864 0.017708333333333333 0.03479125248508946
0 0.8203125 0.2509940357852883 0.017708333333333333 0.03479125248508946
0 0.27786458333333336 0.2430417495029821 0.009895833333333333 0.016898608349900597
0 0.10651041666666666 0.24453280318091453 0.0078125 0.013916500994035786
0 0.90234375 0.25347912524850896 0.011979166666666667 0.02385685884691849
0 0.07552083333333333 0.2629224652087475 0.016666666666666666 0.036779324055666
0 0.45026041666666666 0.27137176938369784 0.0171875 0.03777335984095427
0 0.46145833333333336 0.27634194831013914 0.009375 0.033797216699801194
0 0.9255208333333333 0.26938369781312127 0.0125 0.015904572564612324
0 0.8778645833333333 0.2828031809145129 0.019270833333333334 0.02882703777335984
0 0.09192708333333334 0.2798210735586481 0.008854166666666666 0.018886679920477135
0 0.12265625 0.2788270377733598 0.009895833333333333 0.012922465208747515
0 0.93828125 0.30119284294234594 0.0234375 0.0536779324055666
0 0.29296875 0.2922465208747515 0.015104166666666667 0.033797216699801194
0 0.69921875 0.31809145129224653 0.0140625 0.02982107355864811
0 0.16223958333333333 0.33001988071570576 0.0328125 0.04771371769383698
0 0.6276041666666666 0.3305168986083499 0.013541666666666667 0.040755467196819085
0 0.47291666666666665 0.3210735586481113 0.021875 0.02186878727634195
0 0.21041666666666667 0.33001988071570576 0.019791666666666666 0.039761431411530816
0 0.47760416666666666 0.3489065606361829 0.026041666666666668 0.061630218687872766
0 0.296875 0.33250497017892644 0.009375 0.02485089463220676
0 0.7768229166666667 0.3384691848906561 0.013020833333333334 0.02882703777335984
0 0.7411458333333333 0.35984095427435386 0.021875 0.05964214711729622
0 0.005729166666666666 0.35834990059642147 0.010416666666666666 0.048707753479125246
0 0.9197916666666667 0.3667992047713718 0.03125 0.05964214711729622
0 0.6643229166666667 0.3489065606361829 0.018229166666666668 0.019880715705765408
0 0.6104166666666667 0.3573558648111332 0.009375 0.036779324055666
0 0.72265625 0.37773359840954274 0.0067708333333333336 0.02186878727634195
0 0.03203125 0.38469184890656066 0.043229166666666666 0.02584493041749503
0 0.64609375 0.39065606361829025 0.018229166666666668 0.03578528827037773
0 0.50625 0.3986083499005964 0.0125 0.04572564612326044
0 0.9463541666666667 0.397117296222664 0.011458333333333333 0.032803180914512925
0 0.4817708333333333 0.40457256461232605 0.017708333333333333 0.041749502982107355
0 0.35130208333333335 0.40506958250497016 0.0140625 0.030815109343936383
0 0.015885416666666666 0.3996023856858847 0.030729166666666665 0.019880715705765408
0 0.7619791666666667 0.41898608349900596 0.016666666666666666 0.05467196819085487
0 0.9171875 0.4289264413518887 0.0375 0.05268389662027833
0 0.4453125 0.4254473161033797 0.023958333333333335 0.03777335984095427
0 0.996875 0.4378727634194831 0.00625 0.03479125248508946
0 0.5432291666666667 0.43190854870775347 0.026041666666666668 0.020874751491053677
0 0.09765625 0.4433399602385686 0.0421875 0.033797216699801194
0 0.33125 0.44731610337972166 0.03229166666666667 0.02385685884691849
0 0.35885416666666664 0.44980119284294234 0.022916666666666665 0.0268389662027833
0 0.9299479166666667 0.45825049701789267 0.016145833333333335 0.033797216699801194
0 0.5169270833333334 0.46421471172962225 0.009895833333333333 0.04572564612326044
0 0.7385416666666667 0.46322067594433397 0.0125 0.041749502982107355
0 0.4796875 0.4547713717693837 0.01875 0.018886679920477135
0 0.6552083333333333 0.46123260437375746 0.015625 0.02584493041749503
0 0.55 0.4547713717693837 0.0125 0.010934393638170975
0 0.5893229166666667 0.46272365805168986 0.0140625 0.02485089463220676
0 0.4278645833333333 0.4567594433399602 0.009895833333333333 0.012922465208747515
0 0.7192708333333333 0.4726640159045726 0.019791666666666666 0.032803180914512925
0 0.2828125 0.46669980119284293 0.011458333333333333 0.012922465208747515
0 0.6768229166666667 0.4801192842942346 0.0078125 0.02385685884691849
0 0.8140625 0.4885685884691849 0.013541666666666667 0.032803180914512925
0 0.42526041666666664 0.4840954274353877 0.013020833333333334 0.015904572564612324
0 0.1421875 0.4955268389662028 0.022916666666666665 0.03876739562624255
0 0.7807291666666667 0.49353876739562624 0.021875 0.016898608349900597
0 0.6635416666666667 0.5134194831013916 0.017708333333333333 0.0268389662027833
0 0.6354166666666666 0.5064612326043738 0.007291666666666667 0.012922465208747515
0 0.6182291666666667 0.5228628230616302 0.025 0.03777335984095427
0 0.5791666666666667 0.5188866799204771 0.013541666666666667 0.027833001988071572
0 0.3578125 0.5119284294234593 0.01875 0.015904572564612324
0 0.9111979166666667 0.5313121272365805 0.013020833333333334 0.03876739562624255
0 0.871875 0.5253479125248509 0.01875 0.02286282306163022
0 0.92421875 0.5288270377733598 0.009895833333333333 0.02584493041749503
0 0.18619791666666666 0.5303180914512923 0.0140625 0.012922465208747515
0 0.0078125 0.547713717693837 0.014583333333333334 0.0437375745526839
0 0.5895833333333333 0.5407554671968191 0.010416666666666666 0.02385685884691849
0 0.5497395833333333 0.5437375745526839 0.022395833333333334 0.02584493041749503
0 0.9302083333333333 0.5501988071570576 0.014583333333333334 0.036779324055666
0 0.8997395833333334 0.5432405566600398 0.0067708333333333336 0.02286282306163022
0 0.5729166666666666 0.5501988071570576 0.0125 0.016898608349900597
0 0.16484375 0.5641153081510935 0.0328125 0.042743538767395624
0 0.6450520833333333 0.5651093439363817 0.018229166666666668 0.040755467196819085
0 0.12135416666666667 0.5750497017892644 0.026041666666666668 0.048707753479125246
0 0.6989583333333333 0.5646123260437376 0.015625 0.013916500994035786
0 0.203125 0.5680914512922465 0.009375 0.016898608349900597
0 0.27838541666666666 0.5755467196819085 0.0109375 0.02584493041749503
0 0.59453125 0.5790258449304175 0.019270833333333334 0.02485089463220676
0 0.7559895833333333 0.5839960238568589 0.021354166666666667 0.030815109343936383
0 0.4401041666666667 0.5999005964214712 0.017708333333333333 0.04671968190854871
0 0.10260416666666666 0.5939363817097415 0.017708333333333333 0.020874751491053677
0 0.2903645833333333 0.6093439363817097 0.015104166666666667 0.04572564612326044
0 0.41458333333333336 0.6058648111332008 0.011458333333333333 0.03479125248508946
0 0.5364583333333334 0.6033797216699801 0.010416666666666666 0.02584493041749503
0 0.9497395833333333 0.6217693836978131 0.015104166666666667 0.03479125248508946
0 0.30078125 0.614314115308151 0.024479166666666666 0.019880715705765408
0 0.23020833333333332 0.6257455268389662 0.023958333333333335 0.042743538767395624
0 0.9372395833333333 0.6128230616302187 0.0078125 0.012922465208747515
0 0.18333333333333332 0.614314115308151 0.010416666666666666 0.017892644135188866
0 0.259375 0.6292246520874751 0.011458333333333333 0.0437375745526839
0 0.7328125 0.6207753479125249 0.0125 0.02286282306163022
0 0.24739583333333334 0.6242544731610338 0.010416666666666666 0.02982107355864811
0 0.9299479166666667 0.6322067594433399 0.016145833333333335 0.013916500994035786
0 0.8044270833333333 0.6510934393638171 0.011979166666666667 0.04572564612326044
0 0.14427083333333332 0.6421471172962226 0.03125 0.02982107355864811
0 0.7127604166666667 0.6486083499005965 0.016145833333333335 0.02485089463220676
0 0.5080729166666667 0.6500994035785288 0.0067708333333333336 0.027833001988071572
0 0.2794270833333333 0.6426441351888668 0.0140625 0.014910536779324055
0 0.5638020833333334 0.654572564612326 0.03697916666666667 0.02882703777335984
0 0.47578125 0.6515904572564613 0.018229166666666668 0.02485089463220676
0 0.22447916666666667 0.6669980119284294 0.014583333333333334 0.039761431411530816
0 0.9372395833333333 0.6610337972166997 0.008854166666666666 0.019880715705765408
0 0.05182291666666667 0.6630218687872763 0.008854166666666666 0.019880715705765408
0 0.9747395833333333 0.6704771371769384 0.0067708333333333336 0.02485089463220676
0 0.5015625 0.6699801192842942 0.011458333333333333 0.02186878727634195
0 0.38958333333333334 0.6650099403578529 0.013541666666666667 0.011928429423459244
0 0.2526041666666667 0.6739562624254473 0.00625 0.019880715705765408
0 0.35208333333333336 0.6784294234592445 0.013541666666666667 0.0268389662027833
0 0.259375 0.6734592445328031 0.007291666666666667 0.016898608349900597
0 0.8346354166666666 0.6883697813121272 0.018229166666666668 0.040755467196819085
0 0.56171875 0.6829025844930418 0.0109375 0.03180914512922465
0 0.008854166666666666 0.679920477137177 0.016666666666666666 0.02584493041749503
0 0.6864583333333333 0.68389662027833 0.017708333333333333 0.027833001988071572
0 0.48203125 0.6843936381709742 0.011979166666666667 0.02882703777335984
0 0.44609375 0.6903578528827038 0.0078125 0.03479125248508946
0 0.43307291666666664 0.6833996023856859 0.008854166666666666 0.020874751491053677
0 0.19739583333333333 0.6819085487077535 0.010416666666666666 0.015904572564612324
0 0.96875 0.6868787276341949 0.00625 0.02385685884691849
0 0.06354166666666666 0.6923459244532804 0.025 0.030815109343936383
0 0.8794270833333333 0.6988071570576541 0.016145833333333335 0.039761431411530816
0 0.0421875 0.6943339960238568 0.00625 0.02485089463220676
0 0.9841145833333333 0.6968190854870775 0.015104166666666667 0.027833001988071572
0 0.10651041666666666 0.6978131212723658 0.013020833333333334 0.02982107355864811
0 0.5885416666666666 0.6993041749502982 0.0125 0.02286282306163022
0 0.45729166666666665 0.7062624254473161 0.009375 0.03876739562624255
0 0.027604166666666666 0.6928429423459245 0.010416666666666666 0.011928429423459244
0 0.6158854166666666 0.6988071570576541 0.0078125 0.015904572564612324
0 0.39479166666666665 0.7017892644135189 0.007291666666666667 0.02186878727634195
0 0.05260416666666667 0.7012922465208747 0.010416666666666666 0.010934393638170975
0 0.8609375 0.7166998011928429 0.011458333333333333 0.03777335984095427
0 0.19479166666666667 0.7062624254473161 0.009375 0.012922465208747515
0 0.9463541666666667 0.7157057654075547 0.022916666666666665 0.02982107355864811
0 0.07526041666666666 0.7166998011928429 0.0078125 0.02584493041749503
0 0.7067708333333333 0.7246520874751491 0.007291666666666667 0.02584493041749503
0 0.9111979166666667 0.7271371769383698 0.0109375 0.0268389662027833
0 0.14479166666666668 0.724155069582505 0.007291666666666667 0.012922465208747515
0 0.03828125 0.7301192842942346 0.016145833333333335 0.02485089463220676
0 0.9744791666666667 0.7445328031809145 0.020833333333333332 0.04771371769383698
0 0.9940104166666667 0.731610337972167 0.011979166666666667 0.015904572564612324
0 0.9622395833333334 0.7350894632206759 0.0078125 0.016898608349900597
0 0.04869791666666667 0.7400596421471173 0.0109375 0.014910536779324055
0 0.88671875 0.7649105367793241 0.0171875 0.05666003976143141
0 0.7111979166666667 0.7599403578528827 0.013020833333333334 0.032803180914512925
0 0.00390625 0.7534791252485089 0.0067708333333333336 0.013916500994035786
0 0.20130208333333333 0.7619284294234593 0.015104166666666667 0.0268389662027833
0 0.5161458333333333 0.7678926441351889 0.009375 0.03479125248508946
0 0.01484375 0.7634194831013916 0.015104166666666667 0.02584493041749503
0 0.996875 0.76441351888668 0.00625 0.02385685884691849
0 0.5611979166666666 0.7654075546719682 0.013020833333333334 0.02385685884691849
0 0.06458333333333334 0.7639165009940357 0.013541666666666667 0.020874751491053677
0 0.5815104166666667 0.7649105367793241 0.0140625 0.016898608349900597
0 0.43307291666666664 0.7813121272365805 0.024479166666666666 0.02385685884691849
0 0.39166666666666666 0.7818091451292246 0.017708333333333333 0.018886679920477135
0 0.20494791666666667 0.8026838966202783 0.022395833333333334 0.05864811133200795
0 0.7830729166666667 0.7877733598409543 0.018229166666666668 0.0268389662027833
0 0.96640625 0.7897614314115308 0.0109375 0.02286282306163022
0 0.9971354166666667 0.7922465208747514 0.005729166666666666 0.02186878727634195
0 0.5856770833333333 0.7982107355864811 0.008854166666666666 0.027833001988071572
0 0.18411458333333333 0.8101391650099403 0.0140625 0.05168986083499006
0 0.023958333333333335 0.794234592445328 0.007291666666666667 0.019880715705765408
0 0.9182291666666667 0.7987077534791253 0.0125 0.02286282306163022
0 0.23697916666666666 0.8076540755467196 0.022916666666666665 0.040755467196819085
0 0.040625 0.7957256461232605 0.009375 0.014910536779324055
0 0.7127604166666667 0.8245526838966203 0.022395833333333334 0.06262425447316103
0 0.12838541666666667 0.8056660039761432 0.009895833333333333 0.02286282306163022
0 0.8036458333333333 0.8116302186878728 0.019791666666666666 0.0268389662027833
0 0.38203125 0.8056660039761432 0.016145833333333335 0.012922465208747515
0 0.25833333333333336 0.8131212723658051 0.014583333333333334 0.027833001988071572
0 0.04114583333333333 0.8096421471172962 0.01875 0.010934393638170975
0 0.5502604166666667 0.8315109343936382 0.013020833333333334 0.042743538767395624
0 0.10598958333333333 0.820079522862823 0.009895833333333333 0.019880715705765408
0 0.3815104166666667 0.8334990059642147 0.008854166666666666 0.02882703777335984
0 0.0734375 0.8275347912524851 0.010416666666666666 0.018886679920477135
0 0.9541666666666667 0.8469184890656064 0.027083333333333334 0.05168986083499006
0 0.5638020833333334 0.838469184890656 0.011979166666666667 0.03479125248508946
0 0.04114583333333333 0.8280318091451292 0.010416666666666666 0.015904572564612324
0 0.1234375 0.8444333996023857 0.017708333333333333 0.03479125248508946
0 0.6401041666666667 0.845427435387674 0.009375 0.02882703777335984
0 0.615625 0.8444333996023857 0.013541666666666667 0.02882703777335984
0 0.6596354166666667 0.8489065606361829 0.021354166666666667 0.033797216699801194
0 0.9966145833333333 0.8677932405566601 0.0067708333333333336 0.0636182902584493
0 0.9869791666666666 0.8563618290258449 0.013541666666666667 0.02882703777335984
0 0.19244791666666666 0.8523856858846919 0.015104166666666667 0.020874751491053677
0 0.8921875 0.8697813121272365 0.030208333333333334 0.04771371769383698
0 0.78671875 0.8593439363817097 0.022395833333333334 0.02485089463220676
0 0.07526041666666666 0.8583499005964215 0.016145833333333335 0.018886679920477135
0 0.5010416666666667 0.8702783300198808 0.011458333333333333 0.03876739562624255
0 0.5778645833333333 0.8717693836978131 0.028645833333333332 0.03777335984095427
0 0.7067708333333333 0.8692842942345924 0.019791666666666666 0.02882703777335984
0 0.04791666666666667 0.867296222664016 0.017708333333333333 0.010934393638170975
0 0.17890625 0.8707753479125249 0.0067708333333333336 0.013916500994035786
0 0.9747395833333333 0.8767395626242545 0.008854166666666666 0.019880715705765408
0 0.4518229166666667 0.878727634194831 0.016145833333333335 0.019880715705765408
0 0.9546875 0.8817097415506958 0.022916666666666665 0.02385685884691849
0 0.10859375 0.8861829025844931 0.015104166666666667 0.02882703777335984
0 0.8588541666666667 0.8916500994035785 0.011458333333333333 0.027833001988071572
0 0.9609375 0.908051689860835 0.020833333333333332 0.032803180914512925
0 0.7447916666666666 0.9050695825049702 0.015625 0.02485089463220676
0 0.7140625 0.9110337972166997 0.021875 0.0268389662027833
0 0.7864583333333334 0.9075546719681908 0.013541666666666667 0.015904572564612324
0 0.39505208333333336 0.915506958250497 0.022395833333333334 0.02584493041749503
0 0.88359375 0.9254473161033797 0.0109375 0.03578528827037773
0 0.8276041666666667 0.9304174950298211 0.008333333333333333 0.027833001988071572
0 0.48802083333333335 0.9314115308151093 0.013541666666666667 0.019880715705765408
0 0.26145833333333335 0.9319085487077535 0.007291666666666667 0.018886679920477135
0 0.40598958333333335 0.9637176938369781 0.0171875 0.0705765407554672
0 0.18255208333333334 0.9363817097415507 0.013020833333333334 0.015904572564612324
0 0.4861979166666667 0.955765407554672 0.0140625 0.0268389662027833
0 0.08984375 0.9547713717693836 0.0078125 0.02485089463220676
0 0.95078125 0.955765407554672 0.013020833333333334 0.018886679920477135
0 0.9236979166666667 0.9602385685884692 0.009895833333333333 0.017892644135188866
0 0.10859375 0.9756461232604374 0.015104166666666667 0.04671968190854871
0 0.25703125 0.9771371769383698 0.013020833333333334 0.03180914512922465
0 0.9263020833333333 0.981610337972167 0.0265625 0.03479125248508946
0 0.75390625 0.981610337972167 0.015104166666666667 0.03479125248508946
0 0.5049479166666667 0.9731610337972167 0.016145833333333335 0.019880715705765408
0 0.8283854166666667 0.9821073558648111 0.0234375 0.033797216699801194
0 0.80234375 0.9826043737574552 0.016145833333333335 0.032803180914512925
0 0.3494791666666667 0.9746520874751491 0.03958333333333333 0.018886679920477135
0 0.66875 0.974155069582505 0.00625 0.013916500994035786
0 0.08776041666666666 0.9845924453280318 0.0203125 0.02882703777335984
0 0.12213541666666666 0.9905566600397614 0.009895833333333333 0.016898608349900597