0 0.09973958333333334 0.0004970178926441351 0.0265625 0.0009940357852882703
0 0.11067708333333333 0.04224652087475149 0.0140625 0.02286282306163022
0 0.16927083333333334 0.0437375745526839 0.017708333333333333 0.017892644135188866
0 0.17682291666666666 0.08598409542743539 0.0109375 0.018886679920477135
0 0.06484375 0.08648111332007952 0.0171875 0.015904572564612324
0 0.58359375 0.1341948310139165 0.0078125 0.02584493041749503
0 0.43671875 0.15904572564612326 0.0109375 0.019880715705765408
0 0.3958333333333333 0.22465208747514911 0.010416666666666666 0.027833001988071572
0 0.045572916666666664 0.22365805168986083 0.0140625 0.017892644135188866
0 0.3609375 0.24204771371769385 0.013541666666666667 0.012922465208747515
0 0.21979166666666666 0.27087475149105367 0.009375 0.018886679920477135
0 0.10651041666666666 0.2813121272365805 0.015104166666666667 0.017892644135188866
0 0.29348958333333336 0.2882703777335984 0.008854166666666666 0.019880715705765408
0 0.08020833333333334 0.28876739562624254 0.008333333333333333 0.02286282306163022
0 0.36614583333333334 0.30467196819085485 0.010416666666666666 0.018886679920477135
0 0.30755208333333334 0.3797216699801193 0.0171875 0.02584493041749503
0 0.45651041666666664 0.3797216699801193 0.0078125 0.02186878727634195
0 0.35182291666666665 0.38469184890656066 0.0078125 0.017892644135188866
0 0.18333333333333332 0.40457256461232605 0.009375 0.02584493041749503
0 0.004427083333333333 0.40556660039761433 0.0078125 0.02186878727634195
0 0.020833333333333332 0.4105367793240557 0.0125 0.02385685884691849
0 0.4708333333333333 0.42992047713717696 0.011458333333333333 0.016898608349900597
0 0.37994791666666666 0.4294234592445328 0.008854166666666666 0.011928429423459244
0 0.4861979166666667 0.5024850894632207 0.009895833333333333 0.020874751491053677
0 0.28567708333333336 0.5064612326043738 0.011979166666666667 0.014910536779324055
0 0.20338541666666668 0.5064612326043738 0.0171875 0.014910536779324055
0 0.42604166666666665 0.5164015904572564 0.011458333333333333 0.02286282306163022
0 0.10260416666666666 0.558648111332008 0.007291666666666667 0.02186878727634195
0 0.46432291666666664 0.56610337972167 0.013020833333333334 0.0268389662027833
0 0.4505208333333333 0.5735586481113321 0.009375 0.019880715705765408
0 0.43984375 0.5879721669980119 0.009895833333333333 0.016898608349900597
0 0.22682291666666668 0.635685884691849 0.013020833333333334 0.03479125248508946
0 0.5346354166666667 0.6351888667992047 0.0046875 0.017892644135188866
0 0.01640625 0.6361829025844931 0.019270833333333334 0.02186878727634195
0 0.44296875 0.6590457256461233 0.0109375 0.02385685884691849
0 0.3984375 0.6734592445328031 0.0125 0.012922465208747515
0 0.490625 0.6863817097415507 0.0125 0.020874751491053677
0 0.13411458333333334 0.6938369781312127 0.0171875 0.017892644135188866
0 0.50703125 0.7281312127236581 0.0109375 0.036779324055666
0 0.296875 0.7509940357852882 0.0125 0.020874751491053677
0 0.15390625 0.7927435387673957 0.011979166666666667 0.030815109343936383
0 0.32083333333333336 0.797713717693837 0.013541666666666667 0.020874751491053677
0 0.09270833333333334 0.7932405566600398 0.013541666666666667 0.013916500994035786
0 0.00625 0.8056660039761432 0.011458333333333333 0.03479125248508946
0 0.6302083333333334 0.8151093439363817 0.015625 0.009940357852882704
0 0.16302083333333334 0.8210735586481114 0.01875 0.017892644135188866
0 0.02890625 0.838469184890656 0.015104166666666667 0.0268389662027833
0 0.10052083333333334 0.8374751491053678 0.015625 0.012922465208747515
0 0.48828125 0.8682902584493042 0.0046875 0.02882703777335984
0 0.6247395833333333 0.885685884691849 0.015104166666666667 0.02385685884691849
0 0.509375 0.885685884691849 0.010416666666666666 0.015904572564612324
0 0.48098958333333336 0.8886679920477137 0.0109375 0.019880715705765408
0 0.27057291666666666 0.9005964214711729 0.0109375 0.033797216699801194
0 0.011197916666666667 0.9005964214711729 0.021354166666666667 0.02584493041749503
0 0.39166666666666666 0.9209741550695825 0.013541666666666667 0.036779324055666
0 0.6830729166666667 0.9130218687872763 0.015104166666666667 0.012922465208747515
0 0.4515625 0.9204771371769384 0.007291666666666667 0.02186878727634195
0 0.5028645833333333 0.9443339960238568 0.015104166666666667 0.02186878727634195
0 0.46536458333333336 0.9433399602385686 0.0140625 0.019880715705765408
0 0.3067708333333333 0.9438369781312127 0.009375 0.016898608349900597
0 0.40260416666666665 0.9577534791252486 0.01875 0.040755467196819085
0 0.28958333333333336 0.9572564612326043 0.0125 0.017892644135188866
0 0.44947916666666665 0.9647117296222664 0.015625 0.010934393638170975
0 0.6231770833333333 0.9796222664015904 0.0109375 0.02882703777335984
0 0.22734375 0.9826043737574552 0.011979166666666667 0.032803180914512925
0 0.5515625 0.9781312127236581 0.008333333333333333 0.009940357852882704
0 0.3078125 0.9796222664015904 0.014583333333333334 0.008946322067594433
0 0.5401041666666667 0.9831013916500994 0.009375 0.009940357852882704
0 0.13463541666666667 0.9900596421471173 0.0036458333333333334 0.017892644135188866
0 0.428125 0.9885685884691849 0.013541666666666667 0.010934393638170975
0 0.47760416666666666 0.9940357852882704 0.014583333333333334 0.009940357852882704
0 0.3963541666666667 0.9940357852882704 0.008333333333333333 0.009940357852882704