0 0.9171875 0.006958250497017893 0.019791666666666666 0.013916500994035786
0 0.4083333333333333 0.026341948310139165 0.01875 0.018886679920477135
0 0.32369791666666664 0.02485089463220676 0.019270833333333334 0.015904572564612324
0 0.08958333333333333 0.08151093439363817 0.016666666666666666 0.017892644135188866
0 0.7723958333333333 0.09294234592445327 0.008333333333333333 0.016898608349900597
0 0.025520833333333333 0.1058648111332008 0.027083333333333334 0.02485089463220676
0 0.8526041666666667 0.1317097415506958 0.016666666666666666 0.018886679920477135
0 0.4401041666666667 0.14214711729622267 0.0125 0.027833001988071572
0 0.50390625 0.15357852882703776 0.0067708333333333336 0.03479125248508946
0 0.5401041666666667 0.16153081510934394 0.013541666666666667 0.02485089463220676
0 0.09401041666666667 0.18538767395626243 0.019270833333333334 0.020874751491053677
0 0.10234375 0.24502982107355864 0.018229166666666668 0.030815109343936383
0 0.20390625 0.24453280318091453 0.019270833333333334 0.019880715705765408
0 0.08359375 0.25695825049701787 0.016145833333333335 0.03479125248508946
0 0.7630208333333334 0.2629224652087475 0.013541666666666667 0.02882703777335984
0 0.428125 0.2644135188866799 0.009375 0.011928429423459244
0 0.37864583333333335 0.2753479125248509 0.008333333333333333 0.027833001988071572
0 0.4901041666666667 0.2773359840954274 0.008333333333333333 0.015904572564612324
0 0.41510416666666666 0.28180914512922467 0.009375 0.016898608349900597
0 0.5216145833333333 0.2932405566600398 0.0140625 0.027833001988071572
0 0.4890625 0.3096421471172962 0.007291666666666667 0.02882703777335984
0 0.09114583333333333 0.32007952286282304 0.0125 0.039761431411530816
0 0.6377604166666667 0.3265407554671968 0.009895833333333333 0.018886679920477135
0 0.7346354166666667 0.34542743538767395 0.005729166666666666 0.02882703777335984
0 0.5283854166666667 0.3538767395626243 0.015104166666666667 0.017892644135188866
0 0.6486979166666667 0.35934393638170975 0.019270833333333334 0.02485089463220676
0 0.5020833333333333 0.36232604373757454 0.00625 0.012922465208747515
0 0.47369791666666666 0.36928429423459247 0.0140625 0.016898608349900597
0 0.054427083333333334 0.397117296222664 0.016145833333333335 0.04671968190854871
0 0.18229166666666666 0.40308151093439365 0.008333333333333333 0.030815109343936383
0 0.4674479166666667 0.40556660039761433 0.011979166666666667 0.02385685884691849
0 0.5229166666666667 0.43489065606361826 0.015625 0.0268389662027833
0 0.13541666666666666 0.4388667992047714 0.020833333333333332 0.0268389662027833
0 0.4783854166666667 0.4885685884691849 0.009895833333333333 0.018886679920477135
0 0.6856770833333333 0.49254473161033796 0.011979166666666667 0.008946322067594433
0 0.38229166666666664 0.5094433399602386 0.005208333333333333 0.02882703777335984
0 0.7119791666666667 0.532803180914513 0.013541666666666667 0.0437375745526839
0 0.4546875 0.5427435387673957 0.008333333333333333 0.03777335984095427
0 0.42526041666666664 0.5412524850894632 0.008854166666666666 0.032803180914512925
0 0.6341145833333334 0.5710735586481114 0.0067708333333333336 0.032803180914512925
0 0.7450520833333333 0.5720675944333996 0.018229166666666668 0.016898608349900597
0 0.47942708333333334 0.5745526838966203 0.0078125 0.02186878727634195
0 0.49973958333333335 0.5889662027833003 0.008854166666666666 0.02485089463220676
0 0.5361979166666667 0.6043737574552683 0.015104166666666667 0.03180914512922465
0 0.6234375 0.614314115308151 0.010416666666666666 0.015904572564612324
0 0.36770833333333336 0.6486083499005965 0.009375 0.042743538767395624
0 0.5588541666666667 0.6630218687872763 0.016666666666666666 0.027833001988071572
0 0.69765625 0.6779324055666004 0.0109375 0.03777335984095427
0 0.46432291666666664 0.6679920477137177 0.005729166666666666 0.011928429423459244
0 0.6515625 0.6709741550695825 0.009375 0.015904572564612324
0 0.42161458333333335 0.6764413518886679 0.0067708333333333336 0.018886679920477135
0 0.45338541666666665 0.69831013916501 0.0078125 0.016898608349900597
0 0.38958333333333334 0.7122266401590457 0.009375 0.018886679920477135
0 0.6385416666666667 0.7599403578528827 0.009375 0.020874751491053677
0 0.36328125 0.7569582504970179 0.0171875 0.014910536779324055
0 0.6294270833333333 0.7743538767395626 0.0078125 0.013916500994035786
0 0.17604166666666668 0.7887673956262425 0.007291666666666667 0.010934393638170975
0 0.18151041666666667 0.8101391650099403 0.013020833333333334 0.027833001988071572
0 0.4513020833333333 0.8166003976143141 0.0109375 0.012922465208747515
0 0.5739583333333333 0.8275347912524851 0.014583333333333334 0.0268389662027833
0 0.4674479166666667 0.8330019880715706 0.0078125 0.011928429423459244
0 0.43072916666666666 0.8548707753479126 0.0125 0.03777335984095427
0 0.38984375 0.8702783300198808 0.0067708333333333336 0.02882703777335984
0 0.5653645833333333 0.8707753479125249 0.016145833333333335 0.015904572564612324
0 0.5885416666666666 0.9095427435387674 0.008333333333333333 0.027833001988071572
0 0.6239583333333333 0.9527833001988072 0.008333333333333333 0.0268389662027833
0 0.6927083333333334 0.9806163021868787 0.026041666666666668 0.020874751491053677
0 0.5666666666666667 0.9940357852882704 0.009375 0.009940357852882704