0 0.4953125 0.004970178926441352 0.026041666666666668 0.009940357852882704
0 0.8109375 0.03876739562624255 0.0125 0.04771371769383698
0 0.9625 0.05765407554671968 0.009375 0.017892644135188866
0 0.9932291666666667 0.11282306163021869 0.013541666666666667 0.07455268389662027
0 0.9330729166666667 0.1963220675944334 0.033854166666666664 0.032803180914512925
0 0.9739583333333334 0.19681908548707752 0.009375 0.02186878727634195
0 0.72578125 0.2639165009940358 0.008854166666666666 0.032803180914512925
0 0.9848958333333333 0.3071570576540755 0.028125 0.039761431411530816
0 0.72890625 0.3106361829025845 0.015104166666666667 0.014910536779324055
0 0.7627604166666667 0.3240556660039761 0.0067708333333333336 0.015904572564612324
0 0.8822916666666667 0.5049701789264414 0.007291666666666667 0.015904572564612324
0 0.509375 0.6207753479125249 0.015625 0.010934393638170975
0 0.7885416666666667 0.6789264413518886 0.0125 0.039761431411530816
0 0.8377604166666667 0.6858846918489065 0.021354166666666667 0.033797216699801194
0 0.66484375 0.7793240556660039 0.0203125 0.039761431411530816
0 0.9729166666666667 0.8871769383697813 0.011458333333333333 0.014910536779324055
0 0.9815104166666667 0.8996023856858847 0.013020833333333334 0.013916500994035786
0 0.9723958333333333 0.9194831013916501 0.014583333333333334 0.02982107355864811
0 0.96796875 0.9746520874751491 0.0078125 0.048707753479125246