0 0.42265625 0.023359840954274354 0.0078125 0.03876739562624255
0 0.6416666666666667 0.019880715705765408 0.019791666666666666 0.033797216699801194
0 0.5705729166666667 0.03926441351888668 0.0109375 0.0268389662027833
0 0.32890625 0.05467196819085487 0.0171875 0.017892644135188866
0 0.3692708333333333 0.05417495029821073 0.011458333333333333 0.018886679920477135
0 0.8973958333333333 0.06858846918489066 0.007291666666666667 0.011928429423459244
0 0.9713541666666666 0.09642147117296222 0.026041666666666668 0.033797216699801194
0 0.35208333333333336 0.0959244532803181 0.007291666666666667 0.02882703777335984
0 0.3046875 0.13518886679920478 0.014583333333333334 0.041749502982107355
0 0.240625 0.12524850894632206 0.010416666666666666 0.017892644135188866
0 0.8966145833333333 0.14512922465208747 0.0203125 0.055666003976143144
0 0.86640625 0.1317097415506958 0.016145833333333335 0.02485089463220676
0 0.4953125 0.16650099403578528 0.009375 0.02485089463220676
0 0.0703125 0.1908548707753479 0.016666666666666666 0.02385685884691849
0 0.4078125 0.20079522862823063 0.016666666666666666 0.04572564612326044
0 0.32265625 0.1918489065606362 0.011979166666666667 0.011928429423459244
0 0.7546875 0.20427435387673956 0.029166666666666667 0.03479125248508946
0 0.38255208333333335 0.19383697813121273 0.0078125 0.011928429423459244
0 0.0890625 0.20526838966202784 0.011458333333333333 0.02286282306163022
0 0.3223958333333333 0.21620278330019882 0.009375 0.02286282306163022
0 0.3372395833333333 0.21868787276341947 0.0140625 0.02982107355864811
0 0.5578125 0.2231610337972167 0.008333333333333333 0.02882703777335984
0 0.24505208333333334 0.23161033797216699 0.013020833333333334 0.027833001988071572
0 0.17057291666666666 0.27435387673956263 0.019270833333333334 0.06958250497017893
0 0.5875 0.25745526838966204 0.011458333333333333 0.03578528827037773
0 0.3028645833333333 0.3116302186878728 0.0078125 0.02286282306163022
0 0.6505208333333333 0.3260437375745527 0.0125 0.033797216699801194
0 0.35260416666666666 0.3404572564612326 0.019791666666666666 0.0268389662027833
0 0.8770833333333333 0.3518886679920477 0.011458333333333333 0.027833001988071572
0 0.42890625 0.3538767395626243 0.0067708333333333336 0.017892644135188866
0 0.4041666666666667 0.3682902584493042 0.013541666666666667 0.010934393638170975
0 0.23828125 0.3981113320079523 0.0171875 0.0268389662027833
0 0.32864583333333336 0.426441351888668 0.017708333333333333 0.019880715705765408
0 0.24739583333333334 0.4388667992047714 0.019791666666666666 0.016898608349900597
0 0.3809895833333333 0.4676938369781312 0.011979166666666667 0.014910536779324055
0 0.32395833333333335 0.47763419483101394 0.017708333333333333 0.016898608349900597
0 0.36302083333333335 0.5233598409542743 0.017708333333333333 0.07654075546719682
0 0.5658854166666667 0.5273359840954275 0.0067708333333333336 0.0268389662027833
0 0.4192708333333333 0.5323061630218688 0.008333333333333333 0.02882703777335984
0 0.4466145833333333 0.5392644135188867 0.0046875 0.018886679920477135
0 0.5268229166666667 0.5472166998011928 0.013020833333333334 0.014910536779324055
0 0.3796875 0.581013916500994 0.015625 0.036779324055666
0 0.5390625 0.5715705765407555 0.014583333333333334 0.011928429423459244
0 0.22057291666666667 0.577037773359841 0.016145833333333335 0.016898608349900597
0 0.36041666666666666 0.5869781312127237 0.016666666666666666 0.036779324055666
0 0.6026041666666667 0.614314115308151 0.021875 0.027833001988071572
0 0.12604166666666666 0.6182902584493042 0.027083333333333334 0.02186878727634195
0 0.39921875 0.6242544731610338 0.0140625 0.019880715705765408
0 0.26666666666666666 0.6709741550695825 0.013541666666666667 0.04572564612326044
0 0.6513020833333333 0.6555666003976143 0.016145833333333335 0.012922465208747515
0 0.6911458333333333 0.6600397614314115 0.021875 0.013916500994035786
0 0.40234375 0.6779324055666004 0.015104166666666667 0.017892644135188866
0 0.4700520833333333 0.6759443339960238 0.011979166666666667 0.013916500994035786
0 0.20651041666666667 0.6898608349900597 0.022395833333333334 0.02186878727634195
0 0.2908854166666667 0.7166998011928429 0.0265625 0.05964214711729622
0 0.37552083333333336 0.6973161033797217 0.007291666666666667 0.018886679920477135
0 0.59609375 0.6923459244532804 0.015104166666666667 0.008946322067594433
0 0.4002604166666667 0.7037773359840954 0.030729166666666665 0.027833001988071572
0 0.07317708333333334 0.7246520874751491 0.009895833333333333 0.041749502982107355
0 0.47239583333333335 0.7455268389662028 0.013541666666666667 0.03578528827037773
0 0.19791666666666666 0.7509940357852882 0.019791666666666666 0.010934393638170975
0 0.27708333333333335 0.7514910536779325 0.017708333333333333 0.013916500994035786
0 0.3684895833333333 0.7957256461232605 0.024479166666666666 0.05666003976143141
0 0.4856770833333333 0.7912524850894632 0.008854166666666666 0.041749502982107355
0 0.10390625 0.8071570576540755 0.021354166666666667 0.041749502982107355
0 0.18255208333333334 0.8320079522862823 0.011979166666666667 0.02982107355864811
0 0.8408854166666667 0.8414512922465208 0.0234375 0.05069582504970179
0 0.75703125 0.8508946322067594 0.0140625 0.02186878727634195
0 0.10911458333333333 0.8543737574552683 0.019270833333333334 0.02485089463220676
0 0.3299479166666667 0.9125248508946322 0.015104166666666667 0.03180914512922465
0 0.49453125 0.9070576540755467 0.008854166666666666 0.020874751491053677
0 0.41822916666666665 0.9174950298210736 0.008333333333333333 0.03180914512922465
0 0.19375 0.9368787276341949 0.011458333333333333 0.040755467196819085
0 0.46432291666666664 0.9418489065606361 0.0067708333333333336 0.018886679920477135
0 0.36614583333333334 0.9473161033797217 0.020833333333333332 0.02186878727634195
0 0.3424479166666667 0.9721669980119284 0.0109375 0.0437375745526839
0 0.09609375 0.9806163021868787 0.013020833333333334 0.02882703777335984
0 0.8338541666666667 0.9835984095427436 0.022916666666666665 0.030815109343936383
0 0.2 0.9865805168986084 0.00625 0.02485089463220676
0 0.25703125 0.992544731610338 0.0140625 0.012922465208747515