0 0.9190104166666667 0.05268389662027833 0.018229166666666668 0.04572564612326044
0 0.5203125 0.041749502982107355 0.009375 0.017892644135188866
0 0.99375 0.05019880715705766 0.011458333333333333 0.014910536779324055
0 0.12630208333333334 0.06262425447316103 0.005729166666666666 0.015904572564612324
0 0.7869791666666667 0.06610337972166998 0.009375 0.016898608349900597
0 0.8380208333333333 0.0805168986083499 0.016666666666666666 0.02982107355864811
0 0.9033854166666667 0.0705765407554672 0.0078125 0.011928429423459244
0 0.7046875 0.10884691848906561 0.017708333333333333 0.016898608349900597
0 0.7815104166666667 0.11381709741550695 0.011979166666666667 0.020874751491053677
0 0.8583333333333333 0.12524850894632206 0.009375 0.011928429423459244
0 0.5315104166666667 0.16451292246520874 0.0067708333333333336 0.02286282306163022
0 0.81796875 0.19433399602385687 0.0109375 0.018886679920477135
0 0.9067708333333333 0.20079522862823063 0.0125 0.017892644135188866
0 0.446875 0.2117296222664016 0.007291666666666667 0.015904572564612324
0 0.80546875 0.2415506958250497 0.008854166666666666 0.015904572564612324
0 0.7841145833333333 0.25 0.0109375 0.012922465208747515
0 0.7854166666666667 0.2773359840954274 0.00625 0.02385685884691849
0 0.66875 0.2798210735586481 0.013541666666666667 0.02485089463220676
0 0.7114583333333333 0.2778330019880716 0.011458333333333333 0.008946322067594433
0 0.6572916666666667 0.29721669980119286 0.010416666666666666 0.015904572564612324
0 0.99296875 0.3265407554671968 0.013020833333333334 0.032803180914512925
0 0.48359375 0.34095427435387676 0.0140625 0.03180914512922465
0 0.8052083333333333 0.34393638170974156 0.014583333333333334 0.02982107355864811
0 0.99140625 0.3643141153081511 0.0109375 0.0268389662027833
0 0.6359375 0.35984095427435386 0.0125 0.009940357852882704
0 0.81640625 0.37226640159045726 0.005729166666666666 0.02882703777335984
0 0.62265625 0.3717693836978131 0.013020833333333334 0.02584493041749503
0 0.9645833333333333 0.4025844930417495 0.013541666666666667 0.019880715705765408
0 0.8953125 0.4115308151093439 0.0125 0.033797216699801194
0 0.48541666666666666 0.40656063618290256 0.0125 0.019880715705765408
0 0.8380208333333333 0.4194831013916501 0.010416666666666666 0.013916500994035786
0 0.6013020833333333 0.4259443339960239 0.015104166666666667 0.014910536779324055
0 0.48098958333333336 0.43588469184890655 0.0078125 0.02882703777335984
0 0.9151041666666667 0.44532803180914515 0.00625 0.02385685884691849
0 0.796875 0.4617296222664016 0.010416666666666666 0.014910536779324055
0 0.85234375 0.4831013916500994 0.015104166666666667 0.0437375745526839
0 0.9375 0.4845924453280318 0.007291666666666667 0.032803180914512925
0 0.7635416666666667 0.4875745526838966 0.005208333333333333 0.0268389662027833
0 0.63515625 0.4831013916500994 0.013020833333333334 0.011928429423459244
0 0.79765625 0.4990059642147117 0.0078125 0.02982107355864811
0 0.17708333333333334 0.5178926441351889 0.010416666666666666 0.02385685884691849
0 0.7216145833333333 0.5288270377733598 0.005729166666666666 0.019880715705765408
0 0.90546875 0.532803180914513 0.0265625 0.02982107355864811
0 0.5057291666666667 0.5437375745526839 0.011458333333333333 0.015904572564612324
0 0.7145833333333333 0.5715705765407555 0.004166666666666667 0.017892644135188866
0 0.43411458333333336 0.595427435387674 0.0078125 0.03180914512922465
0 0.5604166666666667 0.6063618290258449 0.00625 0.02982107355864811
0 0.98046875 0.5979125248508946 0.008854166666666666 0.012922465208747515
0 0.5848958333333333 0.6108349900596421 0.00625 0.032803180914512925
0 0.7354166666666667 0.6332007952286283 0.00625 0.02982107355864811
0 0.7450520833333333 0.6466202783300199 0.015104166666666667 0.0268389662027833
0 0.7166666666666667 0.658051689860835 0.010416666666666666 0.009940357852882704
0 0.5447916666666667 0.6998011928429424 0.011458333333333333 0.015904572564612324
0 0.6674479166666667 0.7087475149105368 0.0046875 0.02385685884691849
0 0.8268229166666666 0.709741550695825 0.0036458333333333334 0.02186878727634195
0 0.050520833333333334 0.7226640159045725 0.01875 0.03578528827037773
0 0.7924479166666667 0.7420477137176938 0.028645833333333332 0.06858846918489066
0 0.91328125 0.7196819085487077 0.013020833333333334 0.02584493041749503
0 0.6130208333333333 0.7321073558648111 0.009375 0.032803180914512925
0 0.9596354166666666 0.7475149105367793 0.008854166666666666 0.02982107355864811
0 0.703125 0.7504970178926441 0.009375 0.02385685884691849
0 0.6065104166666667 0.7604373757455268 0.015104166666666667 0.017892644135188866
0 0.9265625 0.7887673956262425 0.014583333333333334 0.032803180914512925
0 0.26666666666666666 0.7857852882703777 0.017708333333333333 0.018886679920477135
0 0.5583333333333333 0.8021868787276342 0.009375 0.027833001988071572
0 0.46432291666666664 0.8146123260437376 0.009895833333333333 0.02882703777335984
0 0.9463541666666667 0.808648111332008 0.015625 0.012922465208747515
0 0.5958333333333333 0.8146123260437376 0.019791666666666666 0.016898608349900597
0 0.7921875 0.845427435387674 0.022916666666666665 0.04671968190854871
0 0.5739583333333333 0.8429423459244533 0.015625 0.027833001988071572
0 0.5390625 0.8772365805168986 0.007291666666666667 0.02882703777335984
0 0.5861979166666667 0.8871769383697813 0.0046875 0.0268389662027833
0 0.5260416666666666 0.8951292246520874 0.009375 0.018886679920477135
0 0.96796875 0.9050695825049702 0.0078125 0.030815109343936383
0 0.2786458333333333 0.9075546719681908 0.022916666666666665 0.013916500994035786
0 0.62421875 0.922962226640159 0.0171875 0.014910536779324055
0 0.8674479166666667 0.9343936381709742 0.009895833333333333 0.02982107355864811
0 0.49270833333333336 0.9423459244532804 0.007291666666666667 0.02584493041749503
0 0.3307291666666667 0.9398608349900597 0.0125 0.016898608349900597
0 0.5419270833333333 0.9512922465208747 0.0067708333333333336 0.02982107355864811
0 0.22473958333333333 0.9517892644135189 0.008854166666666666 0.014910536779324055
0 0.55703125 0.981610337972167 0.021354166666666667 0.03479125248508946
0 0.5979166666666667 0.9920477137176938 0.013541666666666667 0.013916500994035786
0 0.81328125 0.9940357852882704 0.015104166666666667 0.009940357852882704