0 0.05416666666666667 0.014910536779324055 0.04375 0.02982107355864811
0 0.08880208333333334 0.01242544731610338 0.015104166666666667 0.02485089463220676
0 0.12109375 0.024353876739562623 0.0265625 0.048707753479125246
0 0.23802083333333332 0.011928429423459244 0.035416666666666666 0.02385685884691849
0 0.2716145833333333 0.019880715705765408 0.0296875 0.039761431411530816
0 0.28984375 0.01441351888667992 0.0109375 0.02882703777335984
0 0.3528645833333333 0.016898608349900597 0.044270833333333336 0.033797216699801194
0 0.5166666666666667 0.010934393638170975 0.007291666666666667 0.02186878727634195
0 0.61953125 0.018886679920477135 0.04739583333333333 0.03777335984095427
0 0.5119791666666667 0.030815109343936383 0.04375 0.041749502982107355
0 0.10390625 0.026341948310139165 0.0078125 0.02286282306163022
0 0.30364583333333334 0.023359840954274354 0.017708333333333333 0.016898608349900597
0 0.24713541666666666 0.03628230616302187 0.008854166666666666 0.02485089463220676
0 0.47734375 0.033797216699801194 0.022395833333333334 0.013916500994035786
0 0.43385416666666665 0.04125248508946322 0.009375 0.018886679920477135
0 0.8869791666666667 0.04622266401590457 0.010416666666666666 0.030815109343936383
0 0.6200520833333333 0.061630218687872766 0.0067708333333333336 0.05765407554671968
0 0.5893229166666667 0.048707753479125246 0.011979166666666667 0.011928429423459244
0 0.146875 0.0705765407554672 0.022916666666666665 0.0437375745526839
0 0.6416666666666667 0.059145129224652086 0.015625 0.020874751491053677
0 0.603125 0.06461232604373758 0.013541666666666667 0.027833001988071572
0 0.8361979166666667 0.07107355864811134 0.0067708333333333336 0.040755467196819085
0 0.63125 0.06461232604373758 0.0125 0.015904572564612324
0 0.42890625 0.07554671968190854 0.0109375 0.02584493041749503
0 0.68828125 0.07803180914512922 0.03177083333333333 0.030815109343936383
0 0.16640625 0.07852882703777336 0.013020833333333334 0.027833001988071572
0 0.6416666666666667 0.08548707753479125 0.030208333333333334 0.02982107355864811
0 0.5783854166666667 0.08697813121272366 0.0109375 0.018886679920477135
0 0.209375 0.08697813121272366 0.009375 0.014910536779324055
0 0.4901041666666667 0.09393638170974156 0.014583333333333334 0.02882703777335984
0 0.15234375 0.0959244532803181 0.008854166666666666 0.018886679920477135
0 0.7278645833333334 0.09691848906560636 0.005729166666666666 0.020874751491053677
0 0.7200520833333334 0.10884691848906561 0.033854166666666664 0.03479125248508946
0 0.9630208333333333 0.10089463220675944 0.020833333333333332 0.014910536779324055
0 0.17135416666666667 0.13369781312127235 0.03333333333333333 0.07852882703777336
0 0.40234375 0.10685884691848907 0.011979166666666667 0.02286282306163022
0 0.9356770833333333 0.10636182902584493 0.0296875 0.02385685884691849
0 0.6140625 0.11381709741550695 0.03125 0.032803180914512925
0 0.4296875 0.12027833001988071 0.026041666666666668 0.033797216699801194
0 0.6497395833333334 0.12077534791252485 0.016145833333333335 0.030815109343936383
0 0.9020833333333333 0.12673956262425448 0.01875 0.02882703777335984
0 0.5731770833333333 0.13320079522862824 0.0140625 0.03578528827037773
0 0.5143229166666666 0.12475149105367793 0.008854166666666666 0.014910536779324055
0 0.20625 0.1257455268389662 0.009375 0.012922465208747515
0 0.7450520833333333 0.12773359840954274 0.011979166666666667 0.018886679920477135
0 0.44479166666666664 0.1441351888667992 0.016666666666666666 0.03777335984095427
0 0.6627604166666666 0.13220675944333996 0.008854166666666666 0.011928429423459244
0 0.765625 0.1411530815109344 0.028125 0.02982107355864811
0 0.6747395833333333 0.14165009940357853 0.009895833333333333 0.02286282306163022
0 0.6888020833333334 0.1441351888667992 0.013020833333333334 0.009940357852882704
0 0.8278645833333333 0.14910536779324055 0.011979166666666667 0.011928429423459244
0 0.2171875 0.1694831013916501 0.017708333333333333 0.048707753479125246
0 0.6997395833333333 0.15656063618290258 0.011979166666666667 0.010934393638170975
0 0.7234375 0.16650099403578528 0.008333333333333333 0.014910536779324055
0 0.7971354166666667 0.1749502982107356 0.011979166666666667 0.027833001988071572
0 0.5911458333333334 0.19582504970178927 0.023958333333333335 0.0636182902584493
0 0.19453125 0.18986083499005965 0.0140625 0.02982107355864811
0 0.44895833333333335 0.18986083499005965 0.009375 0.03180914512922465
0 0.3020833333333333 0.1833996023856859 0.008333333333333333 0.010934393638170975
0 0.5424479166666667 0.18538767395626243 0.013020833333333334 0.010934393638170975
0 0.6013020833333333 0.2117296222664016 0.0109375 0.02186878727634195
0 0.8572916666666667 0.21123260437375746 0.007291666666666667 0.012922465208747515
0 0.20859375 0.21769383697813122 0.016145833333333335 0.02385685884691849
0 0.19010416666666666 0.2360834990059642 0.014583333333333334 0.032803180914512925
0 0.7578125 0.23111332007952287 0.009375 0.020874751491053677
0 0.6166666666666667 0.2509940357852883 0.010416666666666666 0.02286282306163022
0 0.9705729166666667 0.26043737574552683 0.009895833333333333 0.02385685884691849
0 0.8544270833333333 0.28180914512922467 0.013020833333333334 0.06262425447316103
0 0.4625 0.2624254473161034 0.011458333333333333 0.02186878727634195
0 0.6013020833333333 0.26043737574552683 0.008854166666666666 0.015904572564612324
0 0.15859375 0.29174950298210733 0.011979166666666667 0.02882703777335984
0 0.6330729166666667 0.2922465208747515 0.0234375 0.02982107355864811
0 0.04895833333333333 0.32554671968190857 0.007291666666666667 0.014910536779324055
0 0.10520833333333333 0.3851888667992048 0.004166666666666667 0.020874751491053677
0 0.19609375 0.3981113320079523 0.008854166666666666 0.014910536779324055
0 0.2986979166666667 0.5283300198807157 0.0078125 0.018886679920477135
0 0.33567708333333335 0.5452286282306164 0.0067708333333333336 0.02882703777335984
0 0.2513020833333333 0.639662027833002 0.0078125 0.018886679920477135
0 0.053125 0.6829025844930418 0.007291666666666667 0.02186878727634195
0 0.8489583333333334 0.7420477137176938 0.009375 0.016898608349900597
0 0.039322916666666666 0.7539761431411531 0.0078125 0.032803180914512925