0 0.55625 0.0064612326043737576 0.0125 0.012922465208747515
0 0.2911458333333333 0.007455268389662028 0.015625 0.014910536779324055
0 0.128125 0.007455268389662028 0.026041666666666668 0.014910536779324055
0 0.029947916666666668 0.0004970178926441351 0.027604166666666666 0.0009940357852882703
0 0.09192708333333334 0.02584493041749503 0.0265625 0.03777335984095427
0 0.48489583333333336 0.05069582504970179 0.010416666666666666 0.019880715705765408
0 0.01875 0.05616302186878728 0.008333333333333333 0.010934393638170975
0 0.0046875 0.061630218687872766 0.008333333333333333 0.019880715705765408
0 0.18515625 0.07405566600397614 0.0140625 0.02485089463220676
0 0.012239583333333333 0.08300198807157058 0.0234375 0.0268389662027833
0 0.0796875 0.09990059642147117 0.01875 0.02286282306163022
0 0.04635416666666667 0.11928429423459244 0.014583333333333334 0.013916500994035786
0 0.15130208333333334 0.13817097415506957 0.0140625 0.03180914512922465
0 0.17265625 0.13717693836978131 0.008854166666666666 0.019880715705765408
0 0.33098958333333334 0.14015904572564614 0.0078125 0.019880715705765408
0 0.013020833333333334 0.15009940357852883 0.011458333333333333 0.02982107355864811
0 0.48072916666666665 0.14512922465208747 0.00625 0.013916500994035786
0 0.7875 0.15457256461232605 0.014583333333333334 0.014910536779324055
0 0.5890625 0.16600397614314116 0.010416666666666666 0.02982107355864811
0 0.19921875 0.21421471172962225 0.008854166666666666 0.0268389662027833
0 0.4479166666666667 0.21023856858846918 0.009375 0.010934393638170975
0 0.12864583333333332 0.21868787276341947 0.008333333333333333 0.02982107355864811
0 0.60546875 0.2261431411530815 0.016145833333333335 0.036779324055666
0 0.053125 0.22564612326043737 0.010416666666666666 0.02385685884691849
0 0.2125 0.23359840954274355 0.0125 0.02385685884691849
0 0.6692708333333334 0.2524850894632207 0.00625 0.017892644135188866
0 0.6088541666666667 0.2529821073558648 0.008333333333333333 0.014910536779324055
0 0.047135416666666666 0.2644135188866799 0.009895833333333333 0.02584493041749503
0 0.2794270833333333 0.2678926441351889 0.013020833333333334 0.014910536779324055
0 0.2635416666666667 0.2962226640159046 0.007291666666666667 0.02385685884691849
0 0.0390625 0.31461232604373757 0.00625 0.014910536779324055
0 0.23177083333333334 0.3474155069582505 0.015625 0.012922465208747515
0 0.8966145833333333 0.3966202783300199 0.013020833333333334 0.02982107355864811
0 0.203125 0.38916500994035785 0.013541666666666667 0.010934393638170975
0 0.28671875 0.41998011928429424 0.013020833333333334 0.02882703777335984
0 0.51953125 0.4309145129224652 0.005729166666666666 0.018886679920477135
0 0.6401041666666667 0.4388667992047714 0.010416666666666666 0.032803180914512925
0 0.6684895833333333 0.47713717693836977 0.018229166666666668 0.011928429423459244
0 0.27890625 0.4831013916500994 0.0140625 0.02186878727634195
0 0.35911458333333335 0.5064612326043738 0.0078125 0.0268389662027833
0 0.19739583333333333 0.5178926441351889 0.008333333333333333 0.03578528827037773
0 0.5356770833333333 0.5288270377733598 0.0078125 0.009940357852882704
0 0.371875 0.532803180914513 0.007291666666666667 0.015904572564612324
0 0.5984375 0.5387673956262425 0.00625 0.02186878727634195
0 0.3171875 0.5561630218687873 0.007291666666666667 0.010934393638170975
0 0.4205729166666667 0.5944333996023857 0.0140625 0.017892644135188866
0 0.32864583333333336 0.6118290258449304 0.011458333333333333 0.018886679920477135
0 0.378125 0.6252485089463221 0.015625 0.019880715705765408
0 0.23515625 0.628727634194831 0.0078125 0.014910536779324055
0 0.20546875 0.6386679920477137 0.005729166666666666 0.02882703777335984
0 0.32734375 0.6496023856858847 0.0067708333333333336 0.02286282306163022
0 0.3919270833333333 0.6555666003976143 0.005729166666666666 0.02286282306163022
0 0.6953125 0.6560636182902585 0.008333333333333333 0.015904572564612324
0 0.759375 0.6660039761431411 0.007291666666666667 0.017892644135188866
0 0.22786458333333334 0.6824055666003976 0.009895833333333333 0.016898608349900597
0 0.33515625 0.6893638170974155 0.0140625 0.012922465208747515
0 0.18723958333333332 0.702286282306163 0.015104166666666667 0.030815109343936383
0 0.9096354166666667 0.7261431411530815 0.0109375 0.018886679920477135
0 0.3953125 0.7495029821073559 0.008333333333333333 0.05765407554671968
0 0.7875 0.7340954274353877 0.013541666666666667 0.012922465208747515
0 0.36614583333333334 0.7430417495029821 0.011458333333333333 0.018886679920477135
0 0.36822916666666666 0.7932405566600398 0.021875 0.06958250497017893
0 0.221875 0.7678926441351889 0.011458333333333333 0.010934393638170975
0 0.146875 0.7877733598409543 0.014583333333333334 0.02286282306163022
0 0.16901041666666666 0.8061630218687873 0.0140625 0.015904572564612324
0 0.46640625 0.8111332007952287 0.015104166666666667 0.019880715705765408
0 0.43255208333333334 0.8166003976143141 0.013020833333333334 0.032803180914512925
0 0.91640625 0.8185884691848907 0.011979166666666667 0.02882703777335984
0 0.47317708333333336 0.8290258449304175 0.011979166666666667 0.03180914512922465
0 0.38645833333333335 0.8339960238568589 0.008333333333333333 0.027833001988071572
0 0.34661458333333334 0.8305168986083499 0.0171875 0.016898608349900597
0 0.2046875 0.8414512922465208 0.007291666666666667 0.012922465208747515
0 0.3692708333333333 0.8479125248508946 0.0125 0.015904572564612324
0 0.671875 0.9095427435387674 0.007291666666666667 0.027833001988071572
0 0.3932291666666667 0.9065606361829026 0.013541666666666667 0.017892644135188866
0 0.2916666666666667 0.9194831013916501 0.009375 0.019880715705765408
0 0.26484375 0.9343936381709742 0.005729166666666666 0.02982107355864811
0 0.009114583333333334 0.9259443339960238 0.008854166666666666 0.010934393638170975
0 0.15703125 0.9378727634194831 0.0067708333333333336 0.030815109343936383
0 0.28203125 0.9458250497017893 0.0109375 0.03876739562624255
0 0.9591145833333333 0.967196819085487 0.027604166666666666 0.027833001988071572
0 0.27578125 0.9701789264413518 0.0067708333333333336 0.02385685884691849
0 0.39348958333333334 0.9761431411530815 0.0171875 0.02584493041749503
0 0.22630208333333332 0.9860834990059643 0.016145833333333335 0.02584493041749503
0 0.4354166666666667 0.9940357852882704 0.011458333333333333 0.009940357852882704