0 0.12421875 0.0044731610337972166 0.011979166666666667 0.008946322067594433
0 0.3143229166666667 0.021371769383697812 0.0109375 0.042743538767395624
0 0.4596354166666667 0.007455268389662028 0.009895833333333333 0.014910536779324055
0 0.9096354166666667 0.004970178926441352 0.024479166666666666 0.009940357852882704
0 0.39140625 0.030318091451292245 0.021354166666666667 0.014910536779324055
0 0.12109375 0.05864811133200795 0.015104166666666667 0.03180914512922465
0 0.7575520833333333 0.052186878727634195 0.008854166666666666 0.018886679920477135
0 0.5020833333333333 0.05964214711729622 0.007291666666666667 0.02186878727634195
0 0.8622395833333333 0.06660039761431412 0.015104166666666667 0.03578528827037773
0 0.8421875 0.06759443339960239 0.013541666666666667 0.015904572564612324
0 0.011197916666666667 0.08499005964214712 0.022395833333333334 0.03479125248508946
0 0.16875 0.08200795228628231 0.0125 0.02485089463220676
0 0.27447916666666666 0.09343936381709742 0.014583333333333334 0.041749502982107355
0 0.29453125 0.08598409542743539 0.009895833333333333 0.02485089463220676
0 0.1203125 0.09343936381709742 0.005208333333333333 0.03180914512922465
0 0.92265625 0.08548707753479125 0.013020833333333334 0.017892644135188866
0 0.2234375 0.1341948310139165 0.019791666666666666 0.039761431411530816
0 0.5549479166666667 0.13320079522862824 0.008854166666666666 0.02385685884691849
0 0.53984375 0.14314115308151093 0.018229166666666668 0.02385685884691849
0 0.34921875 0.14165009940357853 0.016145833333333335 0.010934393638170975
0 0.24947916666666667 0.16153081510934394 0.009375 0.04473161033797217
0 0.36666666666666664 0.15656063618290258 0.00625 0.03479125248508946
0 0.6333333333333333 0.14910536779324055 0.009375 0.015904572564612324
0 0.5169270833333334 0.15457256461232605 0.008854166666666666 0.02286282306163022
0 0.2677083333333333 0.16848906560636182 0.005208333333333333 0.032803180914512925
0 0.3106770833333333 0.16998011928429424 0.019270833333333334 0.033797216699801194
0 0.42682291666666666 0.16848906560636182 0.0078125 0.030815109343936383
0 0.17447916666666666 0.20228628230616302 0.00625 0.02485089463220676
0 0.24869791666666666 0.2524850894632207 0.013020833333333334 0.033797216699801194
0 0.30859375 0.25 0.013020833333333334 0.020874751491053677
0 0.48671875 0.27087475149105367 0.013020833333333334 0.018886679920477135
0 0.540625 0.27435387673956263 0.011458333333333333 0.019880715705765408
0 0.9833333333333333 0.27137176938369784 0.011458333333333333 0.015904572564612324
0 0.05963541666666667 0.2753479125248509 0.0171875 0.015904572564612324
0 0.47369791666666666 0.28926441351888665 0.013020833333333334 0.02584493041749503
0 0.62578125 0.2837972166998012 0.0171875 0.012922465208747515
0 0.98203125 0.29721669980119286 0.0140625 0.02186878727634195
0 0.6966145833333334 0.305168986083499 0.005729166666666666 0.02186878727634195
0 0.3854166666666667 0.3081510934393638 0.00625 0.02584493041749503
0 0.5731770833333333 0.3111332007952286 0.005729166666666666 0.013916500994035786
0 0.76875 0.31858846918489064 0.011458333333333333 0.02882703777335984
0 0.48463541666666665 0.34691848906560635 0.015104166666666667 0.04771371769383698
0 0.6494791666666667 0.341948310139165 0.007291666666666667 0.027833001988071572
0 0.9635416666666666 0.3503976143141153 0.013541666666666667 0.018886679920477135
0 0.0171875 0.35785288270377735 0.013541666666666667 0.019880715705765408
0 0.7197916666666667 0.3663021868787276 0.0125 0.03479125248508946
0 0.7072916666666667 0.38866799204771374 0.007291666666666667 0.02584493041749503
0 0.946875 0.3836978131212724 0.0125 0.009940357852882704
0 0.25494791666666666 0.3951292246520875 0.018229166666666668 0.018886679920477135
0 0.6393229166666666 0.40208747514910537 0.016145833333333335 0.032803180914512925
0 0.6627604166666666 0.40606361829025844 0.0203125 0.036779324055666
0 0.5895833333333333 0.4110337972166998 0.019791666666666666 0.012922465208747515
0 0.9989583333333333 0.44731610337972166 0.0010416666666666667 0.05964214711729622
0 0.4005208333333333 0.43240556660039764 0.009375 0.027833001988071572
0 0.26927083333333335 0.44731610337972166 0.00625 0.02982107355864811
0 0.35703125 0.4537773359840954 0.0140625 0.036779324055666
0 0.6794270833333333 0.4647117296222664 0.0203125 0.016898608349900597
0 0.20572916666666666 0.47365805168986086 0.004166666666666667 0.02882703777335984
0 0.46979166666666666 0.4726640159045726 0.011458333333333333 0.020874751491053677
0 0.6619791666666667 0.47365805168986086 0.010416666666666666 0.018886679920477135
0 0.9234375 0.4826043737574553 0.0125 0.0268389662027833
0 0.7294270833333333 0.48061630218687873 0.009895833333333333 0.012922465208747515
0 0.4080729166666667 0.48807157057654077 0.005729166666666666 0.017892644135188866
0 0.9453125 0.49652087475149104 0.014583333333333334 0.02882703777335984
0 0.6135416666666667 0.5164015904572564 0.008333333333333333 0.02882703777335984
0 0.7088541666666667 0.51441351888668 0.007291666666666667 0.010934393638170975
0 0.39895833333333336 0.5268389662027833 0.015625 0.019880715705765408
0 0.08385416666666666 0.5298210735586482 0.0125 0.019880715705765408
0 0.9125 0.5362823061630219 0.019791666666666666 0.02882703777335984
0 0.65703125 0.536779324055666 0.0067708333333333336 0.013916500994035786
0 0.9447916666666667 0.5497017892644135 0.017708333333333333 0.02584493041749503
0 0.3377604166666667 0.5541749502982107 0.0109375 0.030815109343936383
0 0.64921875 0.547713717693837 0.0078125 0.015904572564612324
0 0.8864583333333333 0.5596421471172962 0.0125 0.039761431411530816
0 0.31953125 0.5576540755467196 0.0067708333333333336 0.027833001988071572
0 0.7796875 0.5601391650099403 0.017708333333333333 0.032803180914512925
0 0.5268229166666667 0.5636182902584493 0.0109375 0.015904572564612324
0 0.45651041666666664 0.5825049701789264 0.008854166666666666 0.017892644135188866
0 0.4895833333333333 0.5775347912524851 0.014583333333333334 0.007952286282306162
0 0.31588541666666664 0.5924453280318092 0.009895833333333333 0.027833001988071572
0 0.6802083333333333 0.595427435387674 0.015625 0.027833001988071572
0 0.2953125 0.5994035785288271 0.00625 0.02982107355864811
0 0.08489583333333334 0.6043737574552683 0.019791666666666666 0.03578528827037773
0 0.546875 0.5984095427435387 0.00625 0.02584493041749503
0 0.24296875 0.6098409542743539 0.011979166666666667 0.03479125248508946
0 0.4114583333333333 0.6158051689860835 0.015625 0.030815109343936383
0 0.5234375 0.610337972166998 0.016666666666666666 0.015904572564612324
0 0.45651041666666664 0.6282306163021869 0.009895833333333333 0.03578528827037773
0 0.47265625 0.6336978131212724 0.019270833333333334 0.03876739562624255
0 0.4401041666666667 0.6476143141153081 0.009375 0.04671968190854871
0 0.7578125 0.643141153081511 0.013541666666666667 0.039761431411530816
0 0.63515625 0.6481113320079522 0.0067708333333333336 0.02982107355864811
0 0.4041666666666667 0.6555666003976143 0.017708333333333333 0.030815109343936383
0 0.34661458333333334 0.6505964214711729 0.016145833333333335 0.014910536779324055
0 0.42135416666666664 0.6496023856858847 0.014583333333333334 0.012922465208747515
0 0.7263020833333333 0.6640159045725647 0.0171875 0.03180914512922465
0 0.09348958333333333 0.6630218687872763 0.027604166666666666 0.02385685884691849
0 0.46979166666666666 0.6714711729622267 0.008333333333333333 0.018886679920477135
0 0.07447916666666667 0.679920477137177 0.00625 0.02385685884691849
0 0.3927083333333333 0.6794234592445328 0.010416666666666666 0.02286282306163022
0 0.05286458333333333 0.6858846918489065 0.008854166666666666 0.02584493041749503
0 0.6947916666666667 0.6958250497017893 0.008333333333333333 0.033797216699801194
0 0.7098958333333333 0.6853876739562624 0.013541666666666667 0.010934393638170975
0 0.7598958333333333 0.6963220675944334 0.009375 0.018886679920477135
0 0.8015625 0.7087475149105368 0.0125 0.03578528827037773
0 0.9408854166666667 0.7127236580516899 0.015104166666666667 0.027833001988071572
0 0.23723958333333334 0.7112326043737575 0.005729166666666666 0.018886679920477135
0 0.32760416666666664 0.724155069582505 0.009375 0.010934393638170975
0 0.271875 0.7360834990059643 0.010416666666666666 0.018886679920477135
0 0.09375 0.7544731610337972 0.015625 0.041749502982107355
0 0.5203125 0.7420477137176938 0.008333333333333333 0.018886679920477135
0 0.44296875 0.7524850894632207 0.013020833333333334 0.011928429423459244
0 0.2596354166666667 0.7599403578528827 0.0078125 0.02286282306163022
0 0.2109375 0.7778330019880716 0.022916666666666665 0.032803180914512925
0 0.409375 0.7713717693836978 0.013541666666666667 0.015904572564612324
0 0.3614583333333333 0.7768389662027833 0.008333333333333333 0.02286282306163022
0 0.95078125 0.7842942345924453 0.0109375 0.03180914512922465
0 0.33567708333333335 0.7892644135188867 0.0140625 0.03578528827037773
0 0.4361979166666667 0.7857852882703777 0.005729166666666666 0.02485089463220676
0 0.4078125 0.790258449304175 0.010416666666666666 0.017892644135188866
0 0.29348958333333336 0.8036779324055666 0.0140625 0.03876739562624255
0 0.196875 0.7972166998011928 0.016666666666666666 0.017892644135188866
0 0.23802083333333332 0.8081510934393639 0.008333333333333333 0.039761431411530816
0 0.6122395833333333 0.80168986083499 0.0036458333333333334 0.0268389662027833
0 0.34713541666666664 0.7997017892644135 0.0078125 0.016898608349900597
0 0.8921875 0.8026838966202783 0.011458333333333333 0.02286282306163022
0 0.17057291666666666 0.8151093439363817 0.0046875 0.03180914512922465
0 0.44765625 0.8096421471172962 0.008854166666666666 0.008946322067594433
0 0.5203125 0.812624254473161 0.015625 0.010934393638170975
0 0.4981770833333333 0.820079522862823 0.011979166666666667 0.019880715705765408
0 0.34739583333333335 0.8225646123260437 0.020833333333333332 0.014910536779324055
0 0.5528645833333333 0.8330019880715706 0.0140625 0.019880715705765408
0 0.91171875 0.8330019880715706 0.015104166666666667 0.011928429423459244
0 0.825 0.8523856858846919 0.0125 0.03479125248508946
0 0.2604166666666667 0.8499005964214712 0.007291666666666667 0.02584493041749503
0 0.7125 0.8543737574552683 0.023958333333333335 0.036779324055666
0 0.4921875 0.8469184890656064 0.0125 0.009940357852882704
0 0.3450520833333333 0.8553677932405567 0.013020833333333334 0.016898608349900597
0 0.6046875 0.8618290258449304 0.00625 0.027833001988071572
0 0.8830729166666667 0.8598409542743539 0.013020833333333334 0.017892644135188866
0 0.9317708333333333 0.8663021868787276 0.029166666666666667 0.032803180914512925
0 0.4328125 0.8608349900596421 0.013541666666666667 0.009940357852882704
0 0.5752604166666667 0.8692842942345924 0.0078125 0.02286282306163022
0 0.39791666666666664 0.8732604373757455 0.003125 0.02485089463220676
0 0.47265625 0.8692842942345924 0.013020833333333334 0.016898608349900597
0 0.6216145833333333 0.8757455268389662 0.013020833333333334 0.02982107355864811
0 0.49166666666666664 0.8752485089463221 0.011458333333333333 0.020874751491053677
0 0.24088541666666666 0.8812127236580517 0.018229166666666668 0.0268389662027833
0 0.6856770833333333 0.8911530815109344 0.0109375 0.03876739562624255
0 0.35703125 0.893141153081511 0.0203125 0.032803180914512925
0 0.41796875 0.8951292246520874 0.011979166666666667 0.032803180914512925
0 0.18880208333333334 0.897117296222664 0.0203125 0.0268389662027833
0 0.44036458333333334 0.8986083499005965 0.016145833333333335 0.02385685884691849
0 0.4934895833333333 0.908051689860835 0.0140625 0.036779324055666
0 0.027083333333333334 0.9249502982107356 0.028125 0.06262425447316103
0 0.4703125 0.9125248508946322 0.01875 0.019880715705765408
0 0.24322916666666666 0.9264413518886679 0.027083333333333334 0.027833001988071572
0 0.40260416666666665 0.9488071570576541 0.014583333333333334 0.010934393638170975
0 0.4557291666666667 0.9761431411530815 0.020833333333333332 0.019880715705765408
0 0.41380208333333335 0.9875745526838966 0.008854166666666666 0.02286282306163022
0 0.5338541666666666 0.9920477137176938 0.010416666666666666 0.013916500994035786