0 0.6369791666666667 0.008449304174950299 0.007291666666666667 0.016898608349900597
0 0.7783854166666667 0.019383697813121274 0.0067708333333333336 0.03876739562624255
0 0.49583333333333335 0.03876739562624255 0.008333333333333333 0.05168986083499006
0 0.07916666666666666 0.052186878727634195 0.014583333333333334 0.042743538767395624
0 0.10026041666666667 0.04821073558648111 0.008854166666666666 0.030815109343936383
0 0.16119791666666666 0.06411530815109344 0.0140625 0.04473161033797217
0 0.43307291666666664 0.05268389662027833 0.0109375 0.019880715705765408
0 0.6575520833333334 0.0621272365805169 0.0046875 0.02286282306163022
0 0.4640625 0.07504970178926441 0.0125 0.02882703777335984
0 0.94765625 0.0805168986083499 0.013020833333333334 0.03180914512922465
0 0.709375 0.08001988071570576 0.023958333333333335 0.02286282306163022
0 0.75234375 0.0889662027833002 0.016145833333333335 0.030815109343936383
0 0.5481770833333334 0.10487077534791253 0.009895833333333333 0.04473161033797217
0 0.9619791666666667 0.0989065606361829 0.014583333333333334 0.02882703777335984
0 0.7033854166666667 0.1312127236580517 0.011979166666666667 0.041749502982107355
0 0.5263020833333333 0.11928429423459244 0.016145833333333335 0.013916500994035786
0 0.59921875 0.12922465208747516 0.015104166666666667 0.033797216699801194
0 0.6390625 0.1242544731610338 0.007291666666666667 0.011928429423459244
0 0.79765625 0.13518886679920478 0.0140625 0.027833001988071572
0 0.6294270833333333 0.13916500994035785 0.009895833333333333 0.013916500994035786
0 0.6153645833333333 0.16600397614314116 0.034895833333333334 0.03777335984095427
0 0.40286458333333336 0.16500994035785288 0.011979166666666667 0.013916500994035786
0 0.009895833333333333 0.18091451292246521 0.019791666666666666 0.039761431411530816
0 0.1546875 0.20974155069582506 0.011458333333333333 0.027833001988071572
0 0.8505208333333333 0.20526838966202784 0.011458333333333333 0.018886679920477135
0 0.5692708333333333 0.21769383697813122 0.015625 0.03180914512922465
0 0.6645833333333333 0.21769383697813122 0.016666666666666666 0.015904572564612324
0 0.496875 0.2231610337972167 0.011458333333333333 0.010934393638170975
0 0.8111979166666666 0.24055666003976142 0.0109375 0.03180914512922465
0 0.4708333333333333 0.23856858846918488 0.005208333333333333 0.02584493041749503
0 0.5020833333333333 0.2524850894632207 0.011458333333333333 0.03578528827037773
0 0.4859375 0.24652087475149106 0.011458333333333333 0.019880715705765408
0 0.5739583333333333 0.2509940357852883 0.009375 0.02286282306163022
0 0.8611979166666667 0.25347912524850896 0.015104166666666667 0.015904572564612324
0 0.030208333333333334 0.268389662027833 0.021875 0.03578528827037773
0 0.5489583333333333 0.26938369781312127 0.00625 0.027833001988071572
0 0.27395833333333336 0.2778330019880716 0.010416666666666666 0.02286282306163022
0 0.4674479166666667 0.28578528827037775 0.019270833333333334 0.03876739562624255
0 0.5505208333333333 0.31411530815109345 0.008333333333333333 0.02982107355864811
0 0.3546875 0.3096421471172962 0.00625 0.016898608349900597
0 0.44244791666666666 0.31411530815109345 0.0140625 0.009940357852882704
0 0.48854166666666665 0.31858846918489064 0.014583333333333334 0.008946322067594433
0 0.51171875 0.34393638170974156 0.005729166666666666 0.02982107355864811
0 0.7622395833333333 0.36182902584493043 0.015104166666666667 0.015904572564612324
0 0.5716145833333334 0.3682902584493042 0.0109375 0.010934393638170975
0 0.9276041666666667 0.37226640159045726 0.015625 0.018886679920477135
0 0.47213541666666664 0.37475149105367794 0.016145833333333335 0.013916500994035786
0 0.6934895833333333 0.37624254473161034 0.008854166666666666 0.018886679920477135
0 0.5026041666666666 0.39015904572564614 0.014583333333333334 0.036779324055666
0 0.42109375 0.3866799204771372 0.005729166666666666 0.019880715705765408
0 0.51953125 0.4115308151093439 0.0078125 0.03578528827037773
0 0.7359375 0.408051689860835 0.005208333333333333 0.02286282306163022
0 0.18020833333333333 0.41898608349900596 0.019791666666666666 0.032803180914512925
0 0.6513020833333333 0.4125248508946322 0.0140625 0.019880715705765408
0 0.5479166666666667 0.415506958250497 0.009375 0.02186878727634195
0 0.35052083333333334 0.4209741550695825 0.009375 0.02286282306163022
0 0.5044270833333333 0.4289264413518887 0.011979166666666667 0.0268389662027833
0 0.40859375 0.43737574552683894 0.015104166666666667 0.02385685884691849
0 0.3184895833333333 0.4567594433399602 0.0203125 0.03479125248508946
0 0.8169270833333333 0.46272365805168986 0.0140625 0.03876739562624255
0 0.6520833333333333 0.46421471172962225 0.007291666666666667 0.02385685884691849
0 0.49765625 0.47763419483101394 0.011979166666666667 0.014910536779324055
0 0.48046875 0.49254473161033796 0.008854166666666666 0.030815109343936383
0 0.29322916666666665 0.4845924453280318 0.011458333333333333 0.006958250497017893
0 0.35651041666666666 0.5024850894632207 0.0234375 0.04473161033797217
0 0.37864583333333335 0.4960238568588469 0.015625 0.02186878727634195
0 0.425 0.5233598409542743 0.00625 0.032803180914512925
0 0.6372395833333333 0.5164015904572564 0.0140625 0.020874751491053677
0 0.5151041666666667 0.5173956262425448 0.0125 0.008946322067594433
0 0.46015625 0.5263419483101391 0.011979166666666667 0.016898608349900597
0 0.484375 0.525844930417495 0.025 0.015904572564612324
0 0.40598958333333335 0.5357852882703777 0.0036458333333333334 0.02584493041749503
0 0.3416666666666667 0.5397614314115308 0.009375 0.02982107355864811
0 0.521875 0.5387673956262425 0.01875 0.015904572564612324
0 0.75078125 0.5412524850894632 0.0109375 0.018886679920477135
0 0.49270833333333336 0.5526838966202783 0.00625 0.02982107355864811
0 0.5661458333333333 0.5447316103379721 0.010416666666666666 0.007952286282306162
0 0.36302083333333335 0.56610337972167 0.015625 0.036779324055666
0 0.5255208333333333 0.5670974155069582 0.015625 0.036779324055666
0 0.44244791666666666 0.5646123260437376 0.0078125 0.017892644135188866
0 0.4734375 0.5690854870775348 0.007291666666666667 0.02286282306163022
0 0.41744791666666664 0.5760437375745527 0.0078125 0.030815109343936383
0 0.8598958333333333 0.5830019880715706 0.008333333333333333 0.032803180914512925
0 0.50546875 0.5825049701789264 0.009895833333333333 0.02584493041749503
0 0.09088541666666666 0.595427435387674 0.0109375 0.041749502982107355
0 0.37552083333333336 0.5854870775347912 0.009375 0.007952286282306162
0 0.44114583333333335 0.5869781312127237 0.0125 0.008946322067594433
0 0.30755208333333334 0.5964214711729622 0.013020833333333334 0.02385685884691849
0 0.4036458333333333 0.5999005964214712 0.008333333333333333 0.014910536779324055
0 0.45390625 0.6123260437375746 0.030729166666666665 0.027833001988071572
0 0.2953125 0.6098409542743539 0.008333333333333333 0.020874751491053677
0 0.34427083333333336 0.6197813121272365 0.022916666666666665 0.03876739562624255
0 0.4278645833333333 0.6128230616302187 0.005729166666666666 0.0268389662027833
0 0.010677083333333334 0.6267395626242545 0.021354166666666667 0.05069582504970179
0 0.3888020833333333 0.6177932405566601 0.0265625 0.032803180914512925
0 0.2421875 0.6192842942345924 0.013541666666666667 0.03180914512922465
0 0.3625 0.628727634194831 0.008333333333333333 0.040755467196819085
0 0.6776041666666667 0.6371769383697813 0.007291666666666667 0.027833001988071572
0 0.5981770833333333 0.6361829025844931 0.005729166666666666 0.019880715705765408
0 0.40859375 0.6366799204771372 0.009895833333333333 0.018886679920477135
0 0.9223958333333333 0.6446322067594433 0.0125 0.014910536779324055
0 0.44036458333333334 0.6565606361829026 0.0171875 0.02882703777335984
0 0.7588541666666667 0.654572564612326 0.015625 0.0268389662027833
0 0.7395833333333334 0.6535785288270378 0.008333333333333333 0.018886679920477135
0 0.46458333333333335 0.6600397614314115 0.007291666666666667 0.019880715705765408
0 0.6880208333333333 0.6585487077534792 0.0125 0.014910536779324055
0 0.34791666666666665 0.6645129224652088 0.01875 0.016898608349900597
0 0.31692708333333336 0.6674950298210736 0.009895833333333333 0.010934393638170975
0 0.7940104166666667 0.6699801192842942 0.011979166666666667 0.017892644135188866
0 0.42526041666666664 0.6754473161033797 0.013020833333333334 0.02485089463220676
0 0.4083333333333333 0.6794234592445328 0.014583333333333334 0.016898608349900597
0 0.13776041666666666 0.7012922465208747 0.0109375 0.03479125248508946
0 0.16380208333333332 0.7152087475149106 0.013020833333333334 0.03479125248508946
0 0.35885416666666664 0.7067594433399602 0.013541666666666667 0.017892644135188866
0 0.19947916666666668 0.7166998011928429 0.01875 0.02982107355864811
0 0.7791666666666667 0.7331013916500994 0.023958333333333335 0.036779324055666
0 0.52109375 0.7350894632206759 0.0067708333333333336 0.016898608349900597
0 0.2625 0.7485089463220675 0.015625 0.03777335984095427
0 0.2864583333333333 0.7514910536779325 0.005208333333333333 0.03578528827037773
0 0.23697916666666666 0.768389662027833 0.010416666666666666 0.027833001988071572
0 0.778125 0.7673956262425448 0.020833333333333332 0.02186878727634195
0 0.8854166666666666 0.7833001988071571 0.015625 0.02385685884691849
0 0.7666666666666667 0.7852882703777336 0.009375 0.02186878727634195
0 0.11171875 0.790258449304175 0.015104166666666667 0.013916500994035786
0 0.3028645833333333 0.8081510934393639 0.008854166666666666 0.02584493041749503
0 0.16796875 0.8185884691848907 0.0109375 0.042743538767395624
0 0.20260416666666667 0.8116302186878728 0.005208333333333333 0.018886679920477135
0 0.33489583333333334 0.8156063618290258 0.016666666666666666 0.0268389662027833
0 0.5825520833333333 0.8185884691848907 0.015104166666666667 0.030815109343936383
0 0.7026041666666667 0.8245526838966203 0.013541666666666667 0.042743538767395624
0 0.7611979166666667 0.8190854870775348 0.0140625 0.02584493041749503
0 0.8427083333333333 0.8210735586481114 0.007291666666666667 0.015904572564612324
0 0.14166666666666666 0.8320079522862823 0.013541666666666667 0.033797216699801194
0 0.2755208333333333 0.8290258449304175 0.00625 0.02584493041749503
0 0.46510416666666665 0.8404572564612326 0.00625 0.030815109343936383
0 0.9182291666666667 0.8464214711729622 0.0125 0.0268389662027833
0 0.5403645833333334 0.8583499005964215 0.0078125 0.032803180914512925
0 0.3984375 0.8533797216699801 0.0125 0.018886679920477135
0 0.48515625 0.8563618290258449 0.011979166666666667 0.02485089463220676
0 0.2638020833333333 0.860337972166998 0.009895833333333333 0.02882703777335984
0 0.5192708333333333 0.8513916500994035 0.014583333333333334 0.008946322067594433
0 0.9309895833333334 0.8613320079522863 0.016145833333333335 0.014910536779324055
0 0.14244791666666667 0.8737574552683897 0.015104166666666667 0.019880715705765408
0 0.19583333333333333 0.8777335984095428 0.008333333333333333 0.02584493041749503
0 0.5333333333333333 0.8832007952286283 0.0125 0.03876739562624255
0 0.50859375 0.8876739562624254 0.0203125 0.039761431411530816
0 0.18932291666666667 0.9065606361829026 0.008854166666666666 0.02982107355864811
0 0.25 0.8996023856858847 0.016666666666666666 0.015904572564612324
0 0.41067708333333336 0.9110337972166997 0.005729166666666666 0.02882703777335984
0 0.47760416666666666 0.9100397614314115 0.010416666666666666 0.018886679920477135
0 0.37395833333333334 0.9130218687872763 0.003125 0.020874751491053677
0 0.65546875 0.9150099403578529 0.0171875 0.020874751491053677
0 0.13802083333333334 0.922962226640159 0.015625 0.03479125248508946
0 0.6395833333333333 0.9274353876739563 0.010416666666666666 0.02982107355864811
0 0.8979166666666667 0.9204771371769384 0.011458333333333333 0.017892644135188866
0 0.7033854166666667 0.9254473161033797 0.008854166666666666 0.017892644135188866
0 0.10755208333333334 0.9279324055666004 0.015104166666666667 0.020874751491053677
0 0.31744791666666666 0.9319085487077535 0.005729166666666666 0.02286282306163022
0 0.062239583333333334 0.9319085487077535 0.0140625 0.018886679920477135
0 0.2981770833333333 0.9502982107355865 0.0171875 0.017892644135188866
0 0.0046875 0.9666998011928429 0.009375 0.036779324055666
0 0.21927083333333333 0.9771371769383698 0.017708333333333333 0.027833001988071572
0 0.37916666666666665 0.9840954274353877 0.00625 0.011928429423459244
0 0.2872395833333333 0.989065606361829 0.011979166666666667 0.019880715705765408
0 0.6018229166666667 0.989065606361829 0.011979166666666667 0.019880715705765408