0 0.9239583333333333 0.008946322067594433 0.007291666666666667 0.017892644135188866
0 0.8580729166666666 0.02286282306163022 0.0171875 0.04572564612326044
0 0.016927083333333332 0.008449304174950299 0.018229166666666668 0.016898608349900597
0 0.7697916666666667 0.073558648111332 0.017708333333333333 0.041749502982107355
0 0.7471354166666667 0.1058648111332008 0.025520833333333333 0.02286282306163022
0 0.018229166666666668 0.12475149105367793 0.01875 0.02286282306163022
0 0.61953125 0.13518886679920478 0.008854166666666666 0.033797216699801194
0 0.93125 0.15755467196819087 0.016666666666666666 0.016898608349900597
0 0.7190104166666667 0.16351888667992048 0.021354166666666667 0.012922465208747515
0 0.31927083333333334 0.19383697813121273 0.01875 0.055666003976143144
0 0.9533854166666667 0.19532803180914513 0.021354166666666667 0.042743538767395624
0 0.153125 0.20228628230616302 0.008333333333333333 0.02882703777335984
0 0.28619791666666666 0.19731610337972166 0.0067708333333333336 0.012922465208747515
0 0.25833333333333336 0.2216699801192843 0.008333333333333333 0.03180914512922465
0 0.27786458333333336 0.21669980119284293 0.008854166666666666 0.017892644135188866
0 0.0953125 0.23807157057654074 0.010416666666666666 0.042743538767395624
0 0.20416666666666666 0.24105367793240556 0.011458333333333333 0.02485089463220676
0 0.8958333333333334 0.2529821073558648 0.014583333333333334 0.04473161033797217
0 0.31614583333333335 0.24950298210735586 0.011458333333333333 0.03180914512922465
0 0.6674479166666667 0.26093439363817095 0.018229166666666668 0.02286282306163022
0 0.15208333333333332 0.2952286282306163 0.017708333333333333 0.02982107355864811
0 0.28619791666666666 0.3061630218687873 0.009895833333333333 0.019880715705765408
0 0.17526041666666667 0.3136182902584493 0.013020833333333334 0.02882703777335984
0 0.019010416666666665 0.31510934393638174 0.011979166666666667 0.019880715705765408
0 0.9361979166666666 0.3245526838966203 0.011979166666666667 0.030815109343936383
0 0.8424479166666666 0.3364811133200795 0.021354166666666667 0.032803180914512925
0 0.32421875 0.341948310139165 0.0078125 0.02186878727634195
0 0.96640625 0.3543737574552684 0.0140625 0.018886679920477135
0 0.22708333333333333 0.35685884691848907 0.017708333333333333 0.019880715705765408
0 0.35911458333333335 0.3802186878727634 0.0078125 0.016898608349900597
0 0.7877604166666666 0.4025844930417495 0.008854166666666666 0.02982107355864811
0 0.22526041666666666 0.4120278330019881 0.0078125 0.016898608349900597
0 0.5416666666666666 0.42196819085487075 0.007291666666666667 0.030815109343936383
0 0.2984375 0.44681908548707755 0.010416666666666666 0.008946322067594433
0 0.4890625 0.46421471172962225 0.004166666666666667 0.02385685884691849
0 0.6177083333333333 0.4696819085487077 0.011458333333333333 0.018886679920477135
0 0.5643229166666667 0.46669980119284293 0.011979166666666667 0.012922465208747515
0 0.35703125 0.47365805168986086 0.008854166666666666 0.012922465208747515
0 0.2559895833333333 0.4900596421471173 0.013020833333333334 0.02982107355864811
0 0.10364583333333334 0.4875745526838966 0.010416666666666666 0.020874751491053677
0 0.9473958333333333 0.48956262425447317 0.016666666666666666 0.018886679920477135
0 0.58125 0.49353876739562624 0.004166666666666667 0.02286282306163022
0 0.278125 0.4975149105367793 0.011458333333333333 0.02882703777335984
0 0.63203125 0.49652087475149104 0.016145833333333335 0.02286282306163022
0 0.5927083333333333 0.5024850894632207 0.007291666666666667 0.030815109343936383
0 0.42109375 0.5059642147117296 0.019270833333333334 0.02584493041749503
0 0.6580729166666667 0.5124254473161034 0.0140625 0.018886679920477135
0 0.9911458333333333 0.5164015904572564 0.0125 0.02485089463220676
0 0.7958333333333333 0.510934393638171 0.008333333333333333 0.011928429423459244
0 0.28203125 0.5273359840954275 0.019270833333333334 0.030815109343936383
0 0.52109375 0.5333001988071571 0.016145833333333335 0.02485089463220676
0 0.5028645833333333 0.5308151093439364 0.0067708333333333336 0.019880715705765408
0 0.35520833333333335 0.5611332007952287 0.017708333333333333 0.04473161033797217
0 0.5497395833333333 0.547713717693837 0.0140625 0.009940357852882704
0 0.9026041666666667 0.5755467196819085 0.03333333333333333 0.05168986083499006
0 0.8231770833333333 0.558648111332008 0.008854166666666666 0.011928429423459244
0 0.42161458333333335 0.5710735586481114 0.0140625 0.020874751491053677
0 0.03229166666666667 0.5889662027833003 0.011458333333333333 0.02286282306163022
0 0.57890625 0.5929423459244533 0.0171875 0.02485089463220676
0 0.8604166666666667 0.6018886679920478 0.03333333333333333 0.036779324055666
0 0.7497395833333333 0.5929423459244533 0.016145833333333335 0.010934393638170975
0 0.33671875 0.602882703777336 0.011979166666666667 0.02882703777335984
0 0.5122395833333333 0.6118290258449304 0.005729166666666666 0.032803180914512925
0 0.40130208333333334 0.610337972166998 0.0109375 0.017892644135188866
0 0.6356770833333333 0.6222664015904572 0.005729166666666666 0.03180914512922465
0 0.2552083333333333 0.6247514910536779 0.016666666666666666 0.030815109343936383
0 0.5997395833333333 0.6292246520874751 0.0046875 0.015904572564612324
0 0.49557291666666664 0.6376739562624254 0.0109375 0.030815109343936383
0 0.6828125 0.6317097415506958 0.014583333333333334 0.010934393638170975
0 0.5763020833333333 0.647117296222664 0.021354166666666667 0.03578528827037773
0 0.23151041666666666 0.658051689860835 0.015104166666666667 0.03777335984095427
0 0.32421875 0.6605367793240556 0.0171875 0.014910536779324055
0 0.7596354166666667 0.6734592445328031 0.005729166666666666 0.03479125248508946
0 0.5330729166666667 0.668986083499006 0.022395833333333334 0.02385685884691849
0 0.9731770833333333 0.6809145129224652 0.018229166666666668 0.041749502982107355
0 0.25885416666666666 0.6704771371769384 0.008333333333333333 0.018886679920477135
0 0.8940104166666667 0.6724652087475149 0.018229166666666668 0.016898608349900597
0 0.8135416666666667 0.68389662027833 0.007291666666666667 0.027833001988071572
0 0.546875 0.691351888667992 0.005208333333333333 0.018886679920477135
0 0.01875 0.69831013916501 0.010416666666666666 0.032803180914512925
0 0.7122395833333334 0.7152087475149106 0.022395833333333334 0.05467196819085487
0 0.265625 0.7052683896620279 0.010416666666666666 0.030815109343936383
0 0.6197916666666666 0.7206759443339961 0.008333333333333333 0.02584493041749503
0 0.60625 0.7475149105367793 0.017708333333333333 0.061630218687872766
0 0.48385416666666664 0.7266401590457257 0.015625 0.019880715705765408
0 0.3893229166666667 0.7345924453280318 0.008854166666666666 0.033797216699801194
0 0.6309895833333333 0.7296222664015904 0.0109375 0.019880715705765408
0 0.40911458333333334 0.7365805168986084 0.011979166666666667 0.017892644135188866
0 0.9036458333333334 0.7435387673956262 0.022916666666666665 0.017892644135188866
0 0.7361979166666667 0.7495029821073559 0.0171875 0.02186878727634195
0 0.08411458333333334 0.7649105367793241 0.016145833333333335 0.02485089463220676
0 0.8484375 0.7634194831013916 0.015625 0.011928429423459244
0 0.5369791666666667 0.7713717693836978 0.010416666666666666 0.02385685884691849
0 0.421875 0.7688866799204771 0.01875 0.016898608349900597
0 0.5572916666666666 0.7803180914512923 0.009375 0.02186878727634195
0 0.24895833333333334 0.7857852882703777 0.00625 0.032803180914512925
0 0.6611979166666667 0.7872763419483101 0.008854166666666666 0.017892644135188866
0 0.69609375 0.8061630218687873 0.009895833333333333 0.04771371769383698
0 0.28880208333333335 0.7997017892644135 0.0109375 0.020874751491053677
0 0.67734375 0.8156063618290258 0.011979166666666667 0.032803180914512925
0 0.17109375 0.8041749502982107 0.013020833333333334 0.009940357852882704
0 0.4479166666666667 0.8106361829025845 0.007291666666666667 0.020874751491053677
0 0.9567708333333333 0.8166003976143141 0.025 0.02286282306163022
0 0.7721354166666666 0.81610337972167 0.0171875 0.02385685884691849
0 0.38385416666666666 0.8235586481113321 0.009375 0.0268389662027833
0 0.1140625 0.8280318091451292 0.013541666666666667 0.011928429423459244
0 0.5106770833333333 0.8414512922465208 0.008854166666666666 0.02882703777335984
0 0.37213541666666666 0.8379721669980119 0.008854166666666666 0.02186878727634195
0 0.24010416666666667 0.8469184890656064 0.022916666666666665 0.033797216699801194
0 0.7640625 0.8479125248508946 0.013541666666666667 0.015904572564612324
0 0.546875 0.8469184890656064 0.014583333333333334 0.011928429423459244
0 0.8614583333333333 0.8682902584493042 0.020833333333333332 0.04473161033797217
0 0.6372395833333333 0.856858846918489 0.016145833333333335 0.019880715705765408
0 0.019791666666666666 0.8573558648111332 0.017708333333333333 0.020874751491053677
0 0.5861979166666667 0.8747514910536779 0.0203125 0.0437375745526839
0 0.29921875 0.8697813121272365 0.008854166666666666 0.027833001988071572
0 0.5489583333333333 0.871272365805169 0.004166666666666667 0.0268389662027833
0 0.8783854166666667 0.882703777335984 0.0140625 0.04572564612326044
0 0.5075520833333333 0.8658051689860835 0.0140625 0.011928429423459244
0 0.61171875 0.8742544731610338 0.0036458333333333334 0.02485089463220676
0 0.8984375 0.8772365805168986 0.017708333333333333 0.020874751491053677
0 0.5661458333333333 0.8822067594433399 0.014583333333333334 0.02286282306163022
0 0.68828125 0.8986083499005965 0.005729166666666666 0.041749502982107355
0 0.37395833333333334 0.9030815109343936 0.017708333333333333 0.04671968190854871
0 0.15182291666666667 0.9020874751491054 0.009895833333333333 0.03479125248508946
0 0.6278645833333333 0.8976143141153081 0.018229166666666668 0.015904572564612324
0 0.56796875 0.9105367793240556 0.013020833333333334 0.02186878727634195
0 0.45364583333333336 0.9259443339960238 0.00625 0.03479125248508946
0 0.17135416666666667 0.9239562624254473 0.014583333333333334 0.0268389662027833
0 0.4921875 0.9239562624254473 0.007291666666666667 0.02286282306163022
0 0.58125 0.9314115308151093 0.017708333333333333 0.02186878727634195
0 0.7013020833333333 0.9403578528827038 0.0140625 0.03777335984095427
0 0.46875 0.9418489065606361 0.009375 0.03876739562624255
0 0.63203125 0.9393638170974155 0.0109375 0.019880715705765408
0 0.4315104166666667 0.9393638170974155 0.013020833333333334 0.019880715705765408
0 0.55859375 0.9438369781312127 0.015104166666666667 0.02485089463220676
0 0.9671875 0.9547713717693836 0.014583333333333334 0.02286282306163022
0 0.5872395833333334 0.9532803180914513 0.011979166666666667 0.019880715705765408
0 0.4453125 0.9577534791252486 0.011458333333333333 0.016898608349900597
0 0.43125 0.9666998011928429 0.010416666666666666 0.020874751491053677
0 0.6046875 0.9796222664015904 0.013541666666666667 0.0268389662027833
0 0.5276041666666667 0.9831013916500994 0.011458333333333333 0.019880715705765408
0 0.446875 0.9870775347912525 0.014583333333333334 0.02385685884691849
0 0.6877604166666667 0.9885685884691849 0.008854166666666666 0.020874751491053677
0 0.63046875 0.9880715705765407 0.0046875 0.02186878727634195
0 0.8830729166666667 0.9895626242544732 0.0140625 0.018886679920477135
0 0.8361979166666667 0.9905566600397614 0.011979166666666667 0.016898608349900597
0 0.5622395833333333 0.9920477137176938 0.016145833333333335 0.013916500994035786