0 0.9901041666666667 0.020377733598409543 0.019791666666666666 0.040755467196819085
0 0.8013020833333333 0.005964214711729622 0.018229166666666668 0.011928429423459244
0 0.006510416666666667 0.018886679920477135 0.011979166666666667 0.02186878727634195
0 0.8557291666666667 0.023359840954274354 0.00625 0.02882703777335984
0 0.9458333333333333 0.03230616302186879 0.017708333333333333 0.02485089463220676
0 0.2674479166666667 0.04721669980119284 0.016145833333333335 0.0268389662027833
0 0.6966145833333334 0.04671968190854871 0.0171875 0.02186878727634195
0 0.1828125 0.05168986083499006 0.013541666666666667 0.02982107355864811
0 0.996875 0.04920477137176938 0.00625 0.014910536779324055
0 0.8924479166666667 0.05666003976143141 0.025520833333333333 0.027833001988071572
0 0.7138020833333333 0.06858846918489066 0.011979166666666667 0.027833001988071572
0 0.5736979166666667 0.09940357852882704 0.018229166666666668 0.02186878727634195
0 0.09895833333333333 0.10238568588469185 0.014583333333333334 0.019880715705765408
0 0.9966145833333333 0.110337972166998 0.0067708333333333336 0.019880715705765408
0 0.9580729166666667 0.12276341948310139 0.005729166666666666 0.016898608349900597
0 0.5638020833333334 0.12872763419483102 0.015104166666666667 0.0268389662027833
0 0.047135416666666666 0.13320079522862824 0.009895833333333333 0.03578528827037773
0 0.9708333333333333 0.12872763419483102 0.011458333333333333 0.02286282306163022
0 0.20677083333333332 0.147117296222664 0.01875 0.05168986083499006
0 0.11692708333333333 0.15009940357852883 0.008854166666666666 0.02982107355864811
0 0.9513020833333333 0.15009940357852883 0.011979166666666667 0.02385685884691849
0 0.6489583333333333 0.17345924453280318 0.010416666666666666 0.032803180914512925
0 0.99296875 0.16451292246520874 0.0078125 0.012922465208747515
0 0.0453125 0.18687872763419483 0.021875 0.04771371769383698
0 0.47708333333333336 0.19383697813121273 0.019791666666666666 0.03578528827037773
0 0.8395833333333333 0.1963220675944334 0.009375 0.03479125248508946
0 0.31276041666666665 0.18290258449304175 0.0109375 0.009940357852882704
0 0.225 0.20725646123260438 0.008333333333333333 0.02485089463220676
0 0.78203125 0.2117296222664016 0.0109375 0.02584493041749503
0 0.9252604166666667 0.23260437375745527 0.022395833333333334 0.05964214711729622
0 0.36041666666666666 0.21520874751491054 0.008333333333333333 0.0268389662027833
0 0.23515625 0.23807157057654074 0.0234375 0.014910536779324055
0 0.28567708333333336 0.2529821073558648 0.0171875 0.016898608349900597
0 0.7479166666666667 0.2639165009940358 0.013541666666666667 0.016898608349900597
0 0.17395833333333333 0.26888667992047716 0.014583333333333334 0.020874751491053677
0 0.5846354166666666 0.27137176938369784 0.016145833333333335 0.02385685884691849
0 0.78203125 0.2788270377733598 0.0171875 0.032803180914512925
0 0.5091145833333334 0.26938369781312127 0.0140625 0.009940357852882704
0 0.5205729166666667 0.305168986083499 0.0203125 0.033797216699801194
0 0.9427083333333334 0.30467196819085485 0.023958333333333335 0.030815109343936383
0 0.5536458333333333 0.297713717693837 0.016666666666666666 0.014910536779324055
0 0.8182291666666667 0.3205765407554672 0.015625 0.048707753479125246
0 0.17682291666666666 0.3091451292246521 0.016145833333333335 0.019880715705765408
0 0.7744791666666667 0.3275347912524851 0.009375 0.048707753479125246
0 0.0859375 0.3190854870775348 0.0125 0.027833001988071572
0 0.06848958333333334 0.3384691848906561 0.0234375 0.048707753479125246
0 0.5447916666666667 0.33250497017892644 0.009375 0.032803180914512925
0 0.24036458333333333 0.3414512922465209 0.013020833333333334 0.010934393638170975
0 0.5916666666666667 0.3538767395626243 0.013541666666666667 0.02186878727634195
0 0.696875 0.36133200795228626 0.007291666666666667 0.02485089463220676
0 0.5838541666666667 0.37077534791252487 0.008333333333333333 0.013916500994035786
0 0.7841145833333333 0.38767395626242546 0.008854166666666666 0.03180914512922465
0 0.5997395833333333 0.3951292246520875 0.0067708333333333336 0.03479125248508946
0 0.8171875 0.3991053677932406 0.011458333333333333 0.03876739562624255
0 0.21302083333333333 0.3961232604373757 0.007291666666666667 0.012922465208747515
0 0.3567708333333333 0.3981113320079523 0.00625 0.014910536779324055
0 0.7255208333333333 0.42992047713717696 0.015625 0.036779324055666
0 0.6752604166666667 0.41699801192842945 0.009895833333333333 0.010934393638170975
0 0.575 0.4289264413518887 0.013541666666666667 0.032803180914512925
0 0.9591145833333333 0.42992047713717696 0.008854166666666666 0.0268389662027833
0 0.5317708333333333 0.4363817097415507 0.009375 0.033797216699801194
0 0.05859375 0.4383697813121272 0.022395833333333334 0.02385685884691849
0 0.48541666666666666 0.4423459244532803 0.010416666666666666 0.027833001988071572
0 0.64140625 0.46073558648111335 0.009895833333333333 0.040755467196819085
0 0.29322916666666665 0.44681908548707755 0.008333333333333333 0.012922465208747515
0 0.178125 0.4801192842942346 0.034375 0.05964214711729622
0 0.5208333333333334 0.47912524850894633 0.028125 0.039761431411530816
0 0.28515625 0.4721669980119284 0.009895833333333333 0.017892644135188866
0 0.5510416666666667 0.4831013916500994 0.01875 0.027833001988071572
0 0.90859375 0.4831013916500994 0.018229166666666668 0.02584493041749503
0 0.74609375 0.5099403578528827 0.0078125 0.013916500994035786
0 0.5151041666666667 0.5119284294234593 0.004166666666666667 0.017892644135188866
0 0.5393229166666667 0.5198807157057654 0.016145833333333335 0.02385685884691849
0 0.5927083333333333 0.5352882703777336 0.007291666666666667 0.04473161033797217
0 0.23020833333333332 0.5318091451292246 0.019791666666666666 0.02584493041749503
0 0.43828125 0.5382703777335984 0.019270833333333334 0.02286282306163022
0 0.32135416666666666 0.5362823061630219 0.016666666666666666 0.016898608349900597
0 0.48098958333333336 0.5447316103379721 0.011979166666666667 0.02385685884691849
0 0.6403645833333333 0.540258449304175 0.016145833333333335 0.010934393638170975
0 0.5854166666666667 0.558648111332008 0.00625 0.02385685884691849
0 0.6015625 0.5651093439363817 0.008333333333333333 0.032803180914512925
0 0.6739583333333333 0.5636182902584493 0.020833333333333332 0.02385685884691849
0 0.7997395833333333 0.5715705765407555 0.0140625 0.033797216699801194
0 0.4752604166666667 0.56610337972167 0.0171875 0.02485089463220676
0 0.5729166666666666 0.5934393638170974 0.007291666666666667 0.039761431411530816
0 0.7505208333333333 0.5924453280318092 0.011458333333333333 0.02584493041749503
0 0.61328125 0.5899602385685885 0.0078125 0.010934393638170975
0 0.58828125 0.5989065606361829 0.0078125 0.02882703777335984
0 0.45 0.5974155069582505 0.005208333333333333 0.019880715705765408
0 0.4390625 0.6078528827037774 0.009375 0.03876739562624255
0 0.5934895833333333 0.6267395626242545 0.0359375 0.05268389662027833
0 0.4947916666666667 0.6098409542743539 0.010416666666666666 0.014910536779324055
0 0.6283854166666667 0.6182902584493042 0.022395833333333334 0.02982107355864811
0 0.51875 0.6153081510934394 0.00625 0.015904572564612324
0 0.5140625 0.6371769383697813 0.009375 0.02584493041749503
0 0.45807291666666666 0.643141153081511 0.0067708333333333336 0.03777335984095427
0 0.6736979166666667 0.6505964214711729 0.0109375 0.032803180914512925
0 0.8815104166666666 0.6481113320079522 0.0265625 0.02186878727634195
0 0.5359375 0.6456262425447317 0.008333333333333333 0.014910536779324055
0 0.5986979166666667 0.6500994035785288 0.011979166666666667 0.011928429423459244
0 0.35182291666666665 0.6535785288270378 0.005729166666666666 0.020874751491053677
0 0.49140625 0.6595427435387674 0.008854166666666666 0.020874751491053677
0 0.7830729166666667 0.6600397614314115 0.0078125 0.011928429423459244
0 0.47734375 0.6749502982107356 0.015104166666666667 0.033797216699801194
0 0.6328125 0.6749502982107356 0.007291666666666667 0.019880715705765408
0 0.4153645833333333 0.6719681908548708 0.0171875 0.009940357852882704
0 0.5552083333333333 0.6853876739562624 0.008333333333333333 0.032803180914512925
0 0.97578125 0.6809145129224652 0.015104166666666667 0.019880715705765408
0 0.5114583333333333 0.6804174950298211 0.011458333333333333 0.012922465208747515
0 0.6125 0.68389662027833 0.021875 0.017892644135188866
0 0.5661458333333333 0.6848906560636183 0.007291666666666667 0.009940357852882704
0 0.20677083333333332 0.6918489065606361 0.0125 0.02584493041749503
0 0.15078125 0.6953280318091452 0.027604166666666666 0.030815109343936383
0 0.24348958333333334 0.6968190854870775 0.024479166666666666 0.027833001988071572
0 0.8307291666666666 0.7072564612326043 0.019791666666666666 0.032803180914512925
0 0.54375 0.6993041749502982 0.011458333333333333 0.012922465208747515
0 0.396875 0.7067594433399602 0.005208333333333333 0.02584493041749503
0 0.64375 0.7042743538767395 0.017708333333333333 0.010934393638170975
0 0.5307291666666667 0.7162027833001988 0.010416666666666666 0.02286282306163022
0 0.4036458333333333 0.7296222664015904 0.008333333333333333 0.03180914512922465
0 0.6947916666666667 0.7350894632206759 0.009375 0.03479125248508946
0 0.5854166666666667 0.73558648111332 0.007291666666666667 0.03180914512922465
0 0.36354166666666665 0.739065606361829 0.019791666666666666 0.018886679920477135
0 0.5010416666666667 0.7400596421471173 0.011458333333333333 0.012922465208747515
0 0.009375 0.7549701789264414 0.017708333333333333 0.036779324055666
0 0.6033854166666667 0.7763419483101391 0.0171875 0.02584493041749503
0 0.16145833333333334 0.7877733598409543 0.008333333333333333 0.014910536779324055
0 0.6763020833333333 0.808648111332008 0.015104166666666667 0.020874751491053677
0 0.8916666666666667 0.8190854870775348 0.023958333333333335 0.03180914512922465
0 0.5778645833333333 0.8106361829025845 0.016145833333333335 0.014910536779324055
0 0.6481770833333333 0.8339960238568589 0.013020833333333334 0.03578528827037773
0 0.5395833333333333 0.8305168986083499 0.020833333333333332 0.02286282306163022
0 0.08515625 0.8325049701789264 0.019270833333333334 0.0268389662027833
0 0.3697916666666667 0.8290258449304175 0.014583333333333334 0.013916500994035786
0 0.0078125 0.8364811133200796 0.009375 0.014910536779324055
0 0.9919270833333333 0.8489065606361829 0.016145833333333335 0.03777335984095427
0 0.60546875 0.845427435387674 0.0109375 0.018886679920477135
0 0.45807291666666666 0.9010934393638171 0.0203125 0.036779324055666
0 0.7989583333333333 0.8966202783300199 0.022916666666666665 0.02584493041749503
0 0.7645833333333333 0.9105367793240556 0.021875 0.02186878727634195
0 0.8955729166666667 0.9199801192842942 0.015104166666666667 0.032803180914512925
0 0.6518229166666667 0.9169980119284294 0.0234375 0.018886679920477135
0 0.9966145833333333 0.9150099403578529 0.0067708333333333336 0.010934393638170975
0 0.8359375 0.9358846918489065 0.014583333333333334 0.016898608349900597
0 0.8768229166666667 0.9532803180914513 0.013020833333333334 0.039761431411530816
0 0.3932291666666667 0.9552683896620279 0.008333333333333333 0.02385685884691849
0 0.17916666666666667 0.9666998011928429 0.019791666666666666 0.020874751491053677
0 0.984375 0.9756461232604374 0.008333333333333333 0.03479125248508946
0 0.7010416666666667 0.9776341948310139 0.028125 0.03479125248508946
0 0.34453125 0.9711729622266402 0.022395833333333334 0.017892644135188866
0 0.56328125 0.9746520874751491 0.0171875 0.018886679920477135
0 0.5104166666666666 0.9835984095427436 0.0125 0.014910536779324055
0 0.3919270833333333 0.9806163021868787 0.0140625 0.008946322067594433
0 0.15416666666666667 0.9900596421471173 0.017708333333333333 0.017892644135188866