0 0.11901041666666666 0.003976143141153081 0.008854166666666666 0.007952286282306162
0 0.3067708333333333 0.016401590457256462 0.017708333333333333 0.032803180914512925
0 0.46067708333333335 0.008946322067594433 0.0109375 0.017892644135188866
0 0.70625 0.007455268389662028 0.005208333333333333 0.014910536779324055
0 0.04192708333333333 0.025347912524850896 0.009895833333333333 0.02882703777335984
0 0.27786458333333336 0.05168986083499006 0.0234375 0.039761431411530816
0 0.4375 0.0437375745526839 0.009375 0.02385685884691849
0 0.5666666666666667 0.04671968190854871 0.017708333333333333 0.017892644135188866
0 0.20911458333333333 0.07007952286282307 0.0140625 0.030815109343936383
0 0.5104166666666666 0.06709741550695825 0.015625 0.010934393638170975
0 0.23567708333333334 0.07604373757455268 0.016145833333333335 0.018886679920477135
0 0.6606770833333333 0.07256461232604373 0.0067708333333333336 0.011928429423459244
0 0.16197916666666667 0.09840954274353876 0.01875 0.04572564612326044
0 0.7770833333333333 0.1058648111332008 0.011458333333333333 0.020874751491053677
0 0.5104166666666666 0.10685884691848907 0.013541666666666667 0.012922465208747515
0 0.26015625 0.1172962226640159 0.019270833333333334 0.019880715705765408
0 0.32447916666666665 0.11530815109343936 0.01875 0.017892644135188866
0 0.4908854166666667 0.1312127236580517 0.0067708333333333336 0.02584493041749503
0 0.2716145833333333 0.13667992047713717 0.0140625 0.020874751491053677
0 0.17864583333333334 0.13817097415506957 0.011458333333333333 0.019880715705765408
0 0.20807291666666666 0.13817097415506957 0.0109375 0.011928429423459244
0 0.33229166666666665 0.15705765407554673 0.022916666666666665 0.03180914512922465
0 0.5619791666666667 0.15208747514910537 0.013541666666666667 0.007952286282306162
0 0.16328125 0.16500994035785288 0.0140625 0.027833001988071572
0 0.18255208333333334 0.16302186878727634 0.019270833333333334 0.02186878727634195
0 0.34453125 0.1749502982107356 0.018229166666666668 0.02186878727634195
0 0.384375 0.1794234592445328 0.011458333333333333 0.02882703777335984
0 0.746875 0.17147117296222664 0.014583333333333334 0.010934393638170975
0 0.45598958333333334 0.1848906560636183 0.005729166666666666 0.019880715705765408
0 0.20520833333333333 0.19035785288270377 0.01875 0.02882703777335984
0 0.06197916666666667 0.2047713717693837 0.014583333333333334 0.017892644135188866
0 0.5744791666666667 0.21123260437375746 0.014583333333333334 0.02485089463220676
0 0.16822916666666668 0.22664015904572565 0.008333333333333333 0.013916500994035786
0 0.38723958333333336 0.23757455268389663 0.0067708333333333336 0.02982107355864811
0 0.45338541666666665 0.24254473161033796 0.016145833333333335 0.017892644135188866
0 0.48776041666666664 0.2509940357852883 0.0109375 0.018886679920477135
0 0.14765625 0.2673956262425447 0.0078125 0.03578528827037773
0 0.3375 0.2852882703777336 0.007291666666666667 0.03180914512922465
0 0.43359375 0.2837972166998012 0.008854166666666666 0.02485089463220676
0 0.38515625 0.28429423459244535 0.011979166666666667 0.015904572564612324
0 0.18776041666666668 0.28876739562624254 0.0140625 0.014910536779324055
0 0.41302083333333334 0.30218687872763417 0.010416666666666666 0.039761431411530816
0 0.6528645833333333 0.31411530815109345 0.0067708333333333336 0.02982107355864811
0 0.43776041666666665 0.31858846918489064 0.0067708333333333336 0.020874751491053677
0 0.16171875 0.323558648111332 0.013020833333333334 0.02882703777335984
0 0.34348958333333335 0.3250497017892644 0.005729166666666666 0.027833001988071572
0 0.41744791666666664 0.3389662027833002 0.016145833333333335 0.02982107355864811
0 0.33046875 0.33250497017892644 0.015104166666666667 0.014910536779324055
0 0.35234375 0.3558648111332008 0.0203125 0.05765407554671968
0 0.3072916666666667 0.34244532803180916 0.013541666666666667 0.020874751491053677
0 0.7825520833333334 0.36182902584493043 0.011979166666666667 0.0437375745526839
0 0.4322916666666667 0.3588469184890656 0.011458333333333333 0.02584493041749503
0 0.375 0.3588469184890656 0.019791666666666666 0.019880715705765408
0 0.73984375 0.37077534791252487 0.016145833333333335 0.03578528827037773
0 0.18567708333333333 0.37077534791252487 0.0140625 0.027833001988071572
0 0.06614583333333333 0.3841948310139165 0.015625 0.05069582504970179
0 0.6947916666666667 0.37226640159045726 0.00625 0.02485089463220676
0 0.39010416666666664 0.38469184890656066 0.009375 0.033797216699801194
0 0.12630208333333334 0.38866799204771374 0.016145833333333335 0.017892644135188866
0 0.41171875 0.40506958250497016 0.0078125 0.02485089463220676
0 0.20052083333333334 0.4209741550695825 0.013541666666666667 0.042743538767395624
0 0.21744791666666666 0.4135188866799205 0.009895833333333333 0.02584493041749503
0 0.8830729166666667 0.4269383697813121 0.013020833333333334 0.0268389662027833
0 0.31484375 0.426441351888668 0.0171875 0.019880715705765408
0 0.4317708333333333 0.42992047713717696 0.010416666666666666 0.02485089463220676
0 0.7494791666666667 0.43240556660039764 0.027083333333333334 0.02385685884691849
0 0.41171875 0.4304174950298211 0.0203125 0.013916500994035786
0 0.83125 0.44433399602385687 0.011458333333333333 0.039761431411530816
0 0.2752604166666667 0.46272365805168986 0.024479166666666666 0.07256461232604373
0 0.16588541666666667 0.4428429423459245 0.009895833333333333 0.02882703777335984
0 0.10546875 0.4378727634194831 0.0067708333333333336 0.014910536779324055
0 0.6854166666666667 0.444831013916501 0.005208333333333333 0.020874751491053677
0 0.35911458333333335 0.4617296222664016 0.005729166666666666 0.012922465208747515
0 0.3796875 0.4686878727634195 0.009375 0.0268389662027833
0 0.17421875 0.4831013916500994 0.008854166666666666 0.02982107355864811
0 0.3997395833333333 0.5 0.018229166666666668 0.0636182902584493
0 0.8213541666666667 0.49254473161033796 0.020833333333333332 0.04671968190854871
0 0.37057291666666664 0.4801192842942346 0.0078125 0.019880715705765408
0 0.54609375 0.47962226640159045 0.019270833333333334 0.010934393638170975
0 0.4552083333333333 0.4855864811133201 0.013541666666666667 0.016898608349900597
0 0.4356770833333333 0.5024850894632207 0.0265625 0.03479125248508946
0 0.37447916666666664 0.5139165009940357 0.013541666666666667 0.0437375745526839
0 0.30416666666666664 0.5154075546719682 0.021875 0.02882703777335984
0 0.2046875 0.51441351888668 0.0125 0.02485089463220676
0 0.34140625 0.5164015904572564 0.018229166666666668 0.0268389662027833
0 0.5393229166666667 0.5228628230616302 0.009895833333333333 0.03578528827037773
0 0.19895833333333332 0.5303180914512923 0.0125 0.020874751491053677
0 0.4153645833333333 0.5447316103379721 0.018229166666666668 0.039761431411530816
0 0.17213541666666668 0.5372763419483101 0.025520833333333333 0.016898608349900597
0 0.44375 0.5422465208747514 0.011458333333333333 0.020874751491053677
0 0.37265625 0.5641153081510935 0.018229166666666668 0.05268389662027833
0 0.20052083333333334 0.558648111332008 0.017708333333333333 0.033797216699801194
0 0.3234375 0.5566600397614314 0.021875 0.02584493041749503
0 0.81328125 0.562624254473161 0.022395833333333334 0.019880715705765408
0 0.8393229166666667 0.5735586481113321 0.009895833333333333 0.02982107355864811
0 0.4315104166666667 0.5715705765407555 0.016145833333333335 0.015904572564612324
0 0.4953125 0.5805168986083499 0.011458333333333333 0.03180914512922465
0 0.86640625 0.588469184890656 0.028645833333333332 0.0437375745526839
0 0.89609375 0.5934393638170974 0.011979166666666667 0.033797216699801194
0 0.9380208333333333 0.591948310139165 0.010416666666666666 0.02485089463220676
0 0.30833333333333335 0.5979125248508946 0.020833333333333332 0.0268389662027833
0 0.39401041666666664 0.5944333996023857 0.013020833333333334 0.02186878727634195
0 0.8169270833333333 0.6063618290258449 0.013020833333333334 0.03777335984095427
0 0.2713541666666667 0.6227634194831014 0.017708333333333333 0.03479125248508946
0 0.465625 0.6351888667992047 0.017708333333333333 0.04771371769383698
0 0.6486979166666667 0.6277335984095428 0.015104166666666667 0.032803180914512925
0 0.30182291666666666 0.6317097415506958 0.019270833333333334 0.018886679920477135
0 0.23072916666666668 0.6421471172962226 0.026041666666666668 0.02982107355864811
0 0.415625 0.6336978131212724 0.015625 0.010934393638170975
0 0.35078125 0.6520874751491054 0.015104166666666667 0.0437375745526839
0 0.12604166666666666 0.6426441351888668 0.0125 0.020874751491053677
0 0.3919270833333333 0.6386679920477137 0.008854166666666666 0.012922465208747515
0 0.6197916666666666 0.6446322067594433 0.013541666666666667 0.016898608349900597
0 0.2546875 0.6630218687872763 0.003125 0.03578528827037773
0 0.37734375 0.6530815109343936 0.0067708333333333336 0.015904572564612324
0 0.2872395833333333 0.6565606361829026 0.008854166666666666 0.016898608349900597
0 0.29296875 0.6709741550695825 0.0067708333333333336 0.019880715705765408
0 0.0234375 0.6784294234592445 0.028125 0.02882703777335984
0 0.11927083333333334 0.6888667992047713 0.021875 0.041749502982107355
0 0.26953125 0.6774353876739563 0.008854166666666666 0.014910536779324055
0 0.75 0.6804174950298211 0.010416666666666666 0.02286282306163022
0 0.2203125 0.6878727634194831 0.014583333333333334 0.033797216699801194
0 0.14140625 0.6938369781312127 0.0171875 0.039761431411530816
0 0.3763020833333333 0.6943339960238568 0.019270833333333334 0.042743538767395624
0 0.7302083333333333 0.6898608349900597 0.009375 0.033797216699801194
0 0.28880208333333335 0.7077534791252486 0.015104166666666667 0.03777335984095427
0 0.5302083333333333 0.7152087475149106 0.016666666666666666 0.03876739562624255
0 0.18619791666666666 0.7216699801192843 0.009895833333333333 0.019880715705765408
0 0.34765625 0.7311133200795229 0.0234375 0.036779324055666
0 0.22942708333333334 0.7395626242544732 0.024479166666666666 0.019880715705765408
0 0.10078125 0.7465208747514911 0.008854166666666666 0.02385685884691849
0 0.2713541666666667 0.7559642147117296 0.015625 0.03479125248508946
0 0.14479166666666668 0.76441351888668 0.014583333333333334 0.039761431411530816
0 0.4453125 0.7768389662027833 0.010416666666666666 0.030815109343936383
0 0.41484375 0.7813121272365805 0.008854166666666666 0.02385685884691849
0 0.005729166666666666 0.7808151093439364 0.011458333333333333 0.016898608349900597
0 0.89296875 0.7962226640159046 0.016145833333333335 0.039761431411530816
0 0.6942708333333333 0.8136182902584493 0.008333333333333333 0.04473161033797217
0 0.050520833333333334 0.8195825049701789 0.009375 0.036779324055666
0 0.06875 0.8325049701789264 0.01875 0.036779324055666
0 0.55 0.8265407554671969 0.014583333333333334 0.018886679920477135
0 0.7401041666666667 0.8394632206759444 0.014583333333333334 0.03479125248508946
0 0.1875 0.8424453280318092 0.01875 0.014910536779324055
0 0.13307291666666668 0.8812127236580517 0.0109375 0.040755467196819085
0 0.04895833333333333 0.8747514910536779 0.014583333333333334 0.02584493041749503
0 0.48828125 0.8762425447316103 0.0171875 0.02485089463220676
0 0.10989583333333333 0.8926441351888668 0.013541666666666667 0.04970178926441352
0 0.5869791666666667 0.8876739562624254 0.008333333333333333 0.027833001988071572
0 0.09947916666666666 0.889662027833002 0.007291666666666667 0.017892644135188866
0 0.14765625 0.8991053677932406 0.0109375 0.020874751491053677
0 0.20729166666666668 0.9110337972166997 0.019791666666666666 0.04473161033797217
0 0.12994791666666666 0.9204771371769384 0.0140625 0.02584493041749503
0 0.28151041666666665 0.9274353876739563 0.011979166666666667 0.033797216699801194
0 0.428125 0.9259443339960238 0.026041666666666668 0.0268389662027833
0 0.14375 0.9353876739562624 0.010416666666666666 0.03180914512922465
0 0.17786458333333333 0.937375745526839 0.0265625 0.03578528827037773
0 0.6015625 0.941351888667992 0.014583333333333334 0.03777335984095427
0 0.09348958333333333 0.9324055666003976 0.008854166666666666 0.015904572564612324
0 0.12057291666666667 0.9388667992047713 0.0078125 0.018886679920477135
0 0.11875 0.9637176938369781 0.00625 0.016898608349900597
0 0.3770833333333333 0.9771371769383698 0.011458333333333333 0.0437375745526839
0 0.28489583333333335 0.9711729622266402 0.013541666666666667 0.027833001988071572
0 0.09583333333333334 0.9821073558648111 0.016666666666666666 0.033797216699801194
0 0.7559895833333333 0.9766401590457257 0.025520833333333333 0.016898608349900597
0 0.28151041666666665 0.992544731610338 0.0067708333333333336 0.012922465208747515