0 0.24869791666666666 0.005964214711729622 0.009895833333333333 0.011928429423459244
0 0.37161458333333336 0.004970178926441352 0.0067708333333333336 0.009940357852882704
0 0.4921875 0.018389662027833 0.013541666666666667 0.036779324055666
0 0.7546875 0.009940357852882704 0.01875 0.019880715705765408
0 0.7815104166666667 0.004970178926441352 0.0234375 0.009940357852882704
0 0.8166666666666667 0.005964214711729622 0.007291666666666667 0.011928429423459244
0 0.89609375 0.003976143141153081 0.0109375 0.007952286282306162
0 0.17265625 0.015407554671968192 0.022395833333333334 0.0268389662027833
0 0.4583333333333333 0.020874751491053677 0.028125 0.03777335984095427
0 0.37916666666666665 0.0268389662027833 0.015625 0.02982107355864811
0 0.87890625 0.030318091451292245 0.018229166666666668 0.036779324055666
0 0.19479166666666667 0.03330019880715706 0.020833333333333332 0.02485089463220676
0 0.8557291666666667 0.03180914512922465 0.019791666666666666 0.019880715705765408
0 0.6138020833333333 0.04324055666003976 0.0109375 0.010934393638170975
0 0.5111979166666667 0.06510934393638171 0.015104166666666667 0.05268389662027833
0 0.684375 0.05268389662027833 0.0125 0.019880715705765408
0 0.21458333333333332 0.07604373757455268 0.016666666666666666 0.05069582504970179
0 0.31536458333333334 0.0705765407554672 0.0140625 0.03777335984095427
0 0.53125 0.06858846918489066 0.013541666666666667 0.03180914512922465
0 0.3458333333333333 0.08399602385685885 0.022916666666666665 0.05268389662027833
0 0.2643229166666667 0.07007952286282307 0.018229166666666668 0.012922465208747515
0 0.44557291666666665 0.08001988071570576 0.009895833333333333 0.030815109343936383
0 0.20416666666666666 0.10188866799204771 0.009375 0.02882703777335984
0 0.3875 0.1058648111332008 0.005208333333333333 0.030815109343936383
0 0.47109375 0.10984095427435388 0.019270833333333334 0.032803180914512925
0 0.3263020833333333 0.11779324055666004 0.0234375 0.042743538767395624
0 0.5588541666666667 0.12276341948310139 0.00625 0.03876739562624255
0 0.4515625 0.11878727634194831 0.009375 0.014910536779324055
0 0.4934895833333333 0.1257455268389662 0.0203125 0.02286282306163022
0 0.7854166666666667 0.12972166998011928 0.019791666666666666 0.020874751491053677
0 0.36484375 0.14015904572564614 0.016145833333333335 0.03180914512922465
0 0.44140625 0.13767395626242546 0.009895833333333333 0.0268389662027833
0 0.18619791666666666 0.13369781312127235 0.0171875 0.012922465208747515
0 0.10859375 0.15904572564612326 0.0359375 0.033797216699801194
0 0.6479166666666667 0.16302186878727634 0.0125 0.03777335984095427
0 0.020833333333333332 0.16600397614314116 0.019791666666666666 0.03777335984095427
0 0.209375 0.17892644135188868 0.017708333333333333 0.019880715705765408
0 0.565625 0.19582504970178927 0.005208333333333333 0.027833001988071572
0 0.7973958333333333 0.19532803180914513 0.020833333333333332 0.016898608349900597
0 0.26223958333333336 0.20924453280318092 0.016145833333333335 0.036779324055666
0 0.5380208333333333 0.20427435387673956 0.008333333333333333 0.0268389662027833
0 0.6955729166666667 0.2147117296222664 0.0109375 0.03777335984095427
0 0.09895833333333333 0.22117296222664015 0.01875 0.04473161033797217
0 0.9518229166666666 0.22266401590457258 0.027604166666666666 0.04572564612326044
0 0.9294270833333333 0.22912524850894633 0.018229166666666668 0.02882703777335984
0 0.74140625 0.23757455268389663 0.0203125 0.02982107355864811
0 0.8591145833333333 0.24055666003976142 0.030729166666666665 0.03777335984095427
0 0.8111979166666666 0.2345924453280318 0.016145833333333335 0.02186878727634195
0 0.18125 0.2345924453280318 0.019791666666666666 0.015904572564612324
0 0.9184895833333333 0.2524850894632207 0.028645833333333332 0.05168986083499006
0 0.36640625 0.24602385685884692 0.0140625 0.020874751491053677
0 0.45546875 0.24353876739562624 0.0109375 0.013916500994035786
0 0.5231770833333333 0.26043737574552683 0.021354166666666667 0.03578528827037773
0 0.9432291666666667 0.25347912524850896 0.00625 0.013916500994035786
0 0.0546875 0.2629224652087475 0.010416666666666666 0.02882703777335984
0 0.22057291666666667 0.27335984095427435 0.013020833333333334 0.05168986083499006
0 0.659375 0.27037773359840955 0.013541666666666667 0.041749502982107355
0 0.34348958333333335 0.27286282306163023 0.013020833333333334 0.036779324055666
0 0.3046875 0.26938369781312127 0.01875 0.017892644135188866
0 0.4125 0.28180914512922467 0.0125 0.036779324055666
0 0.24010416666666667 0.28876739562624254 0.010416666666666666 0.02882703777335984
0 0.17890625 0.2932405566600398 0.03177083333333333 0.03578528827037773
0 0.68515625 0.294234592445328 0.0171875 0.03777335984095427
0 0.9046875 0.2927435387673956 0.026041666666666668 0.02485089463220676
0 0.5583333333333333 0.30069582504970177 0.013541666666666667 0.030815109343936383
0 0.4005208333333333 0.3091451292246521 0.0125 0.041749502982107355
0 0.0390625 0.31858846918489064 0.019791666666666666 0.04473161033797217
0 0.51484375 0.29970178926441354 0.011979166666666667 0.008946322067594433
0 0.28411458333333334 0.3116302186878728 0.015104166666666667 0.014910536779324055
0 0.50625 0.3265407554671968 0.01875 0.014910536779324055
0 0.2794270833333333 0.3349900596421471 0.0109375 0.02385685884691849
0 0.4010416666666667 0.3533797216699801 0.028125 0.05268389662027833
0 0.5268229166666667 0.3533797216699801 0.016145833333333335 0.014910536779324055
0 0.8080729166666667 0.36232604373757454 0.015104166666666667 0.02286282306163022
0 0.2703125 0.3633200795228628 0.010416666666666666 0.016898608349900597
0 0.6401041666666667 0.39314115308151093 0.014583333333333334 0.06858846918489066
0 0.14036458333333332 0.37524850894632206 0.018229166666666668 0.020874751491053677
0 0.28828125 0.37475149105367794 0.005729166666666666 0.017892644135188866
0 0.5403645833333334 0.3782306163021869 0.018229166666666668 0.018886679920477135
0 0.028125 0.4095427435387674 0.016666666666666666 0.061630218687872766
0 0.2677083333333333 0.3976143141153082 0.01875 0.03578528827037773
0 0.5458333333333333 0.4100397614314115 0.008333333333333333 0.032803180914512925
0 0.5684895833333333 0.4085487077534791 0.013020833333333334 0.03180914512922465
0 0.40677083333333336 0.4209741550695825 0.0125 0.04671968190854871
0 0.23932291666666666 0.4105367793240557 0.0203125 0.015904572564612324
0 0.6130208333333333 0.4254473161033797 0.009375 0.04572564612326044
0 0.671875 0.41749502982107356 0.015625 0.019880715705765408
0 0.8234375 0.4378727634194831 0.017708333333333333 0.012922465208747515
0 0.7690104166666667 0.46322067594433397 0.011979166666666667 0.039761431411530816
0 0.37213541666666666 0.481610337972167 0.011979166666666667 0.0705765407554672
0 0.33098958333333334 0.47813121272365805 0.009895833333333333 0.033797216699801194
0 0.43385416666666665 0.47514910536779326 0.009375 0.019880715705765408
0 0.7848958333333333 0.4721669980119284 0.015625 0.015904572564612324
0 0.10807291666666667 0.4860834990059642 0.028645833333333332 0.02982107355864811
0 0.6661458333333333 0.49801192842942343 0.011458333333333333 0.04572564612326044
0 0.7286458333333333 0.4970178926441352 0.013541666666666667 0.039761431411530816
0 0.3609375 0.4915506958250497 0.011458333333333333 0.02286282306163022
0 0.45416666666666666 0.49801192842942343 0.007291666666666667 0.02982107355864811
0 0.3375 0.5034791252485089 0.01875 0.036779324055666
0 0.40130208333333334 0.4995029821073559 0.008854166666666666 0.030815109343936383
0 0.19036458333333334 0.4975149105367793 0.018229166666666668 0.02286282306163022
0 0.3841145833333333 0.5059642147117296 0.005729166666666666 0.03578528827037773
0 0.4140625 0.5024850894632207 0.009375 0.018886679920477135
0 0.96796875 0.5124254473161034 0.0171875 0.036779324055666
0 0.6138020833333333 0.5054671968190855 0.0203125 0.016898608349900597
0 0.428125 0.5188866799204771 0.007291666666666667 0.02584493041749503
0 0.4044270833333333 0.5203777335984096 0.005729166666666666 0.016898608349900597
0 0.5388020833333333 0.5288270377733598 0.0067708333333333336 0.02982107355864811
0 0.18776041666666668 0.5372763419483101 0.0109375 0.042743538767395624
0 0.5255208333333333 0.5283300198807157 0.013541666666666667 0.02485089463220676
0 0.6505208333333333 0.532803180914513 0.011458333333333333 0.02385685884691849
0 0.24348958333333334 0.5621272365805169 0.008854166666666666 0.042743538767395624
0 0.57109375 0.5601391650099403 0.0078125 0.03479125248508946
0 0.4747395833333333 0.5576540755467196 0.0140625 0.019880715705765408
0 0.06979166666666667 0.5929423459244533 0.023958333333333335 0.0268389662027833
0 0.29375 0.6038767395626242 0.01875 0.016898608349900597
0 0.8911458333333333 0.6158051689860835 0.010416666666666666 0.018886679920477135
0 0.80859375 0.6351888667992047 0.009895833333333333 0.03777335984095427
0 0.83203125 0.6341948310139165 0.016145833333333335 0.027833001988071572
0 0.8544270833333333 0.6336978131212724 0.019270833333333334 0.0268389662027833
0 0.26197916666666665 0.6386679920477137 0.011458333333333333 0.03479125248508946
0 0.6421875 0.6550695825049702 0.014583333333333334 0.04572564612326044
0 0.0765625 0.647117296222664 0.025 0.027833001988071572
0 0.25052083333333336 0.6486083499005965 0.008333333333333333 0.02286282306163022
0 0.2838541666666667 0.6570576540755467 0.014583333333333334 0.03777335984095427
0 0.37942708333333336 0.6520874751491054 0.005729166666666666 0.02385685884691849
0 0.4640625 0.6660039761431411 0.020833333333333332 0.0437375745526839
0 0.30833333333333335 0.6575546719681908 0.013541666666666667 0.02485089463220676
0 0.5489583333333333 0.661530815109344 0.017708333333333333 0.02882703777335984
0 0.6203125 0.665506958250497 0.010416666666666666 0.02882703777335984
0 0.42604166666666665 0.6620278330019881 0.014583333333333334 0.017892644135188866
0 0.7268229166666667 0.6749502982107356 0.0078125 0.011928429423459244
0 0.0033854166666666668 0.6853876739562624 0.0067708333333333336 0.018886679920477135
0 0.6057291666666667 0.7052683896620279 0.0125 0.04671968190854871
0 0.5645833333333333 0.6998011928429424 0.011458333333333333 0.02385685884691849
0 0.28151041666666665 0.7037773359840954 0.009895833333333333 0.015904572564612324
0 0.69453125 0.7072564612326043 0.016145833333333335 0.02485089463220676
0 0.26640625 0.7082504970178927 0.0140625 0.016898608349900597
0 0.8705729166666667 0.7162027833001988 0.03177083333333333 0.03479125248508946
0 0.16927083333333334 0.7281312127236581 0.022916666666666665 0.05069582504970179
0 0.4041666666666667 0.7181908548707754 0.027083333333333334 0.030815109343936383
0 0.5223958333333333 0.7211729622266402 0.01875 0.030815109343936383
0 0.47109375 0.7157057654075547 0.015104166666666667 0.015904572564612324
0 0.25677083333333334 0.7286282306163022 0.016666666666666666 0.03777335984095427
0 0.37916666666666665 0.7251491053677932 0.013541666666666667 0.032803180914512925
0 0.42421875 0.742544731610338 0.016145833333333335 0.039761431411530816
0 0.39348958333333334 0.7539761431411531 0.018229166666666668 0.05268389662027833
0 0.9338541666666667 0.7440357852882704 0.016666666666666666 0.03479125248508946
0 0.559375 0.7420477137176938 0.0125 0.014910536779324055
0 0.34479166666666666 0.7539761431411531 0.011458333333333333 0.02882703777335984
0 0.023177083333333334 0.7723658051689861 0.028645833333333332 0.0437375745526839
0 0.27708333333333335 0.7654075546719682 0.017708333333333333 0.02385685884691849
0 0.48151041666666666 0.7614314115308151 0.009895833333333333 0.017892644135188866
0 0.0703125 0.782803180914513 0.015625 0.05467196819085487
0 0.11145833333333334 0.7728628230616302 0.021875 0.02286282306163022
0 0.9942708333333333 0.7917495029821073 0.010416666666666666 0.03876739562624255
0 0.28463541666666664 0.797713717693837 0.022395833333333334 0.04473161033797217
0 0.3171875 0.8021868787276342 0.023958333333333335 0.04771371769383698
0 0.45703125 0.7992047713717694 0.008854166666666666 0.039761431411530816
0 0.17604166666666668 0.8225646123260437 0.028125 0.020874751491053677
0 0.5098958333333333 0.8225646123260437 0.021875 0.016898608349900597
0 0.41796875 0.8409542743538767 0.025520833333333333 0.04771371769383698
0 0.45234375 0.8439363817097415 0.015104166666666667 0.041749502982107355
0 0.015104166666666667 0.8494035785288271 0.027083333333333334 0.05069582504970179
0 0.4375 0.8518886679920478 0.009375 0.033797216699801194
0 0.19114583333333332 0.8623260437375746 0.021875 0.016898608349900597
0 0.3377604166666667 0.8772365805168986 0.0109375 0.04473161033797217
0 0.3541666666666667 0.8762425447316103 0.009375 0.03479125248508946
0 0.46067708333333335 0.8697813121272365 0.0171875 0.015904572564612324
0 0.36953125 0.8871769383697813 0.011979166666666667 0.04473161033797217
0 0.48541666666666666 0.8926441351888668 0.009375 0.03180914512922465
0 0.38125 0.8976143141153081 0.0125 0.03578528827037773
0 0.31796875 0.8966202783300199 0.0109375 0.02982107355864811
0 0.10104166666666667 0.9085487077534792 0.016666666666666666 0.011928429423459244
0 0.3533854166666667 0.9110337972166997 0.019270833333333334 0.018886679920477135
0 0.15286458333333333 0.9353876739562624 0.021354166666666667 0.03578528827037773
0 0.33567708333333335 0.941351888667992 0.0171875 0.039761431411530816
0 0.47760416666666666 0.9333996023856859 0.017708333333333333 0.02385685884691849
0 0.9578125 0.941351888667992 0.03229166666666667 0.039761431411530816
0 0.13984375 0.9592445328031809 0.008854166666666666 0.039761431411530816
0 0.19140625 0.9761431411530815 0.0234375 0.03777335984095427
0 0.5330729166666667 0.9761431411530815 0.025520833333333333 0.02385685884691849
0 0.6666666666666666 0.9796222664015904 0.021875 0.0268389662027833
0 0.3578125 0.9811133200795229 0.022916666666666665 0.027833001988071572
0 0.4708333333333333 0.9771371769383698 0.022916666666666665 0.017892644135188866
0 0.26666666666666666 0.9845924453280318 0.016666666666666666 0.018886679920477135