0 0.3296875 0.007455268389662028 0.011458333333333333 0.014910536779324055
0 0.38255208333333335 0.008449304174950299 0.0078125 0.016898608349900597
0 0.47369791666666666 0.015904572564612324 0.016145833333333335 0.019880715705765408
0 0.675 0.021371769383697812 0.013541666666666667 0.02286282306163022
0 0.09270833333333334 0.03479125248508946 0.011458333333333333 0.041749502982107355
0 0.83671875 0.048707753479125246 0.0203125 0.04970178926441352
0 0.9653645833333333 0.07107355864811134 0.019270833333333334 0.03479125248508946
0 0.49583333333333335 0.06262425447316103 0.015625 0.015904572564612324
0 0.8091145833333333 0.08250497017892644 0.0203125 0.019880715705765408
0 0.5408854166666667 0.08499005964214712 0.018229166666666668 0.012922465208747515
0 0.2591145833333333 0.14910536779324055 0.0140625 0.011928429423459244
0 0.51875 0.16351888667992048 0.0125 0.02882703777335984
0 0.3971354166666667 0.19731610337972166 0.0046875 0.032803180914512925
0 0.11302083333333333 0.19433399602385687 0.023958333333333335 0.020874751491053677
0 0.5244791666666667 0.1963220675944334 0.015625 0.018886679920477135
0 0.29453125 0.22216699801192843 0.0067708333333333336 0.032803180914512925
0 0.07734375 0.2360834990059642 0.0140625 0.042743538767395624
0 0.46640625 0.23161033797216699 0.011979166666666667 0.02982107355864811
0 0.5854166666666667 0.2331013916500994 0.011458333333333333 0.02286282306163022
0 0.6630208333333333 0.2400596421471173 0.019791666666666666 0.020874751491053677
0 0.2565104166666667 0.2584493041749503 0.009895833333333333 0.02186878727634195
0 0.6393229166666666 0.27634194831013914 0.015104166666666667 0.04572564612326044
0 0.1453125 0.29721669980119286 0.020833333333333332 0.04970178926441352
0 0.24166666666666667 0.3111332007952286 0.014583333333333334 0.03180914512922465
0 0.30026041666666664 0.3101391650099404 0.018229166666666668 0.02982107355864811
0 0.5052083333333334 0.31312127236580517 0.009375 0.02385685884691849
0 0.20182291666666666 0.31809145129224653 0.013020833333333334 0.02982107355864811
0 0.030208333333333334 0.3205765407554672 0.013541666666666667 0.030815109343936383
0 0.28489583333333335 0.33399602385685884 0.01875 0.011928429423459244
0 0.2453125 0.3533797216699801 0.021875 0.02485089463220676
0 0.8325520833333333 0.35834990059642147 0.0234375 0.018886679920477135
0 0.42864583333333334 0.3742544731610338 0.009375 0.042743538767395624
0 0.3703125 0.3757455268389662 0.009375 0.027833001988071572
0 0.4596354166666667 0.38618290258449306 0.0078125 0.02882703777335984
0 0.3611979166666667 0.4150099403578529 0.005729166666666666 0.030815109343936383
0 0.32734375 0.4140159045725646 0.018229166666666668 0.018886679920477135
0 0.31354166666666666 0.43339960238568587 0.017708333333333333 0.033797216699801194
0 0.08333333333333333 0.44781312127236583 0.009375 0.020874751491053677
0 0.5494791666666666 0.46073558648111335 0.011458333333333333 0.0268389662027833
0 0.290625 0.46073558648111335 0.010416666666666666 0.012922465208747515
0 0.11041666666666666 0.4671968190854871 0.014583333333333334 0.017892644135188866
0 0.0828125 0.4701789264413519 0.007291666666666667 0.015904572564612324
0 0.29375 0.4860834990059642 0.015625 0.02186878727634195
0 0.41848958333333336 0.5069582504970179 0.0109375 0.05765407554671968
0 0.16901041666666666 0.49403578528827036 0.0234375 0.019880715705765408
0 0.5494791666666666 0.5089463220675944 0.010416666666666666 0.02982107355864811
0 0.6229166666666667 0.5094433399602386 0.026041666666666668 0.02882703777335984
0 0.44609375 0.5119284294234593 0.008854166666666666 0.02584493041749503
0 0.32369791666666664 0.5243538767395626 0.0140625 0.020874751491053677
0 0.4744791666666667 0.5342942345924453 0.00625 0.040755467196819085
0 0.6671875 0.5243538767395626 0.027083333333333334 0.018886679920477135
0 0.06145833333333333 0.5412524850894632 0.014583333333333334 0.02882703777335984
0 0.30182291666666666 0.5337972166998012 0.021354166666666667 0.013916500994035786
0 0.5104166666666666 0.5616302186878728 0.016666666666666666 0.039761431411530816
0 0.65859375 0.5611332007952287 0.018229166666666668 0.030815109343936383
0 0.30572916666666666 0.5725646123260437 0.008333333333333333 0.039761431411530816
0 0.004166666666666667 0.5636182902584493 0.008333333333333333 0.017892644135188866
0 0.88515625 0.5785288270377733 0.015104166666666667 0.04572564612326044
0 0.56171875 0.5760437375745527 0.011979166666666667 0.032803180914512925
0 0.16848958333333333 0.5795228628230616 0.011979166666666667 0.02982107355864811
0 0.3229166666666667 0.5830019880715706 0.013541666666666667 0.016898608349900597
0 0.996875 0.5969184890656064 0.005208333333333333 0.016898608349900597
0 0.75390625 0.6048707753479126 0.016145833333333335 0.02882703777335984
0 0.49973958333333335 0.6013916500994035 0.009895833333333333 0.017892644135188866
0 0.38359375 0.6003976143141153 0.011979166666666667 0.011928429423459244
0 0.4739583333333333 0.6232604373757455 0.013541666666666667 0.041749502982107355
0 0.7421875 0.6148111332007953 0.007291666666666667 0.020874751491053677
0 0.3953125 0.6207753479125249 0.013541666666666667 0.016898608349900597
0 0.9671875 0.6257455268389662 0.0125 0.02882703777335984
0 0.06848958333333334 0.6346918489065606 0.0203125 0.042743538767395624
0 0.7252604166666666 0.6237574552683897 0.008854166666666666 0.018886679920477135
0 0.15026041666666667 0.632703777335984 0.022395833333333334 0.02485089463220676
0 0.5072916666666667 0.6292246520874751 0.011458333333333333 0.019880715705765408
0 0.5731770833333333 0.6292246520874751 0.0109375 0.017892644135188866
0 0.984375 0.6446322067594433 0.015625 0.032803180914512925
0 0.40989583333333335 0.6640159045725647 0.021875 0.04970178926441352
0 0.49557291666666664 0.6550695825049702 0.019270833333333334 0.013916500994035786
0 0.19140625 0.661530815109344 0.0140625 0.02286282306163022
0 0.43125 0.6620278330019881 0.009375 0.019880715705765408
0 0.44192708333333336 0.6630218687872763 0.0078125 0.013916500994035786
0 0.22317708333333333 0.691351888667992 0.011979166666666667 0.03876739562624255
0 0.428125 0.6833996023856859 0.007291666666666667 0.020874751491053677
0 0.021354166666666667 0.6938369781312127 0.015625 0.03777335984095427
0 0.44609375 0.6853876739562624 0.0109375 0.016898608349900597
0 0.40520833333333334 0.7127236580516899 0.026041666666666668 0.02584493041749503
0 0.47161458333333334 0.7157057654075547 0.015104166666666667 0.033797216699801194
0 0.4348958333333333 0.7246520874751491 0.0125 0.007952286282306162
0 0.0013020833333333333 0.7465208747514911 0.0026041666666666665 0.027833001988071572
0 0.05078125 0.7619284294234593 0.018229166666666668 0.014910536779324055
0 0.33203125 0.775844930417495 0.0109375 0.0268389662027833
0 0.43411458333333336 0.7833001988071571 0.018229166666666668 0.039761431411530816
0 0.3015625 0.7818091451292246 0.022916666666666665 0.02882703777335984
0 0.3502604166666667 0.7952286282306164 0.019270833333333334 0.0536779324055666
0 0.51953125 0.7823061630218688 0.0109375 0.02186878727634195
0 0.38255208333333335 0.7842942345924453 0.024479166666666666 0.015904572564612324
0 0.56640625 0.8001988071570576 0.024479166666666666 0.04771371769383698
0 0.22135416666666666 0.808648111332008 0.026041666666666668 0.05864811133200795
0 0.49635416666666665 0.8056660039761432 0.019791666666666666 0.036779324055666
0 0.5109375 0.7982107355864811 0.004166666666666667 0.02186878727634195
0 0.35885416666666664 0.8036779324055666 0.0125 0.02286282306163022
0 0.42578125 0.8036779324055666 0.013020833333333334 0.020874751491053677
0 0.6979166666666666 0.8290258449304175 0.016666666666666666 0.02385685884691849
0 0.22552083333333334 0.8255467196819085 0.016666666666666666 0.014910536779324055
0 0.41640625 0.8543737574552683 0.008854166666666666 0.04473161033797217
0 0.49635416666666665 0.8389662027833003 0.017708333333333333 0.011928429423459244
0 0.011197916666666667 0.8508946322067594 0.022395833333333334 0.033797216699801194
0 0.24583333333333332 0.8459244532803181 0.015625 0.02186878727634195
0 0.43385416666666665 0.8658051689860835 0.010416666666666666 0.017892644135188866
0 0.07213541666666666 0.8991053677932406 0.025520833333333333 0.032803180914512925
0 0.41458333333333336 0.9135188866799204 0.008333333333333333 0.033797216699801194
0 0.8541666666666666 0.9125248508946322 0.00625 0.013916500994035786
0 0.15390625 0.915506958250497 0.015104166666666667 0.015904572564612324
0 0.5791666666666667 0.9254473161033797 0.005208333333333333 0.02385685884691849
0 0.5674479166666667 0.9453280318091452 0.0067708333333333336 0.033797216699801194
0 0.215625 0.952286282306163 0.021875 0.02982107355864811
0 0.5546875 0.9512922465208747 0.007291666666666667 0.02186878727634195
0 0.37161458333333336 0.9493041749502982 0.013020833333333334 0.009940357852882704
0 0.39088541666666665 0.9552683896620279 0.009895833333333333 0.017892644135188866
0 0.6942708333333333 0.9607355864811133 0.0125 0.030815109343936383
0 0.05755208333333333 0.9850894632206759 0.027604166666666666 0.027833001988071572
0 0.13046875 0.9915506958250497 0.011979166666666667 0.014910536779324055