0 0.15260416666666668 0.008449304174950299 0.020833333333333332 0.016898608349900597
0 0.74375 0.0014910536779324055 0.027083333333333334 0.002982107355864811
0 0.1359375 0.02485089463220676 0.0125 0.03180914512922465
0 0.5057291666666667 0.055168986083499 0.010416666666666666 0.02882703777335984
0 0.6328125 0.06858846918489066 0.016666666666666666 0.019880715705765408
0 0.18307291666666667 0.0889662027833002 0.0078125 0.030815109343936383
0 0.3885416666666667 0.10139165009940358 0.028125 0.039761431411530816
0 0.021875 0.09393638170974156 0.013541666666666667 0.020874751491053677
0 0.1734375 0.10685884691848907 0.008333333333333333 0.012922465208747515
0 0.24921875 0.1172962226640159 0.0067708333333333336 0.011928429423459244
0 0.14296875 0.14015904572564614 0.0109375 0.033797216699801194
0 0.006510416666666667 0.15904572564612326 0.013020833333333334 0.06560636182902585
0 0.058854166666666666 0.14165009940357853 0.0125 0.02882703777335984
0 0.3145833333333333 0.16699801192842942 0.022916666666666665 0.0536779324055666
0 0.6598958333333333 0.1550695825049702 0.017708333333333333 0.027833001988071572
0 0.2890625 0.1540755467196819 0.019791666666666666 0.015904572564612324
0 0.9856770833333334 0.15606361829025844 0.009895833333333333 0.019880715705765408
0 0.21770833333333334 0.16600397614314116 0.020833333333333332 0.03578528827037773
0 0.25807291666666665 0.16500994035785288 0.019270833333333334 0.02186878727634195
0 0.08151041666666667 0.17693836978131214 0.013020833333333334 0.02982107355864811
0 0.06536458333333334 0.20328031809145128 0.024479166666666666 0.032803180914512925
0 0.21875 0.20725646123260438 0.022916666666666665 0.032803180914512925
0 0.284375 0.20377733598409542 0.010416666666666666 0.02385685884691849
0 0.31614583333333335 0.21023856858846918 0.008333333333333333 0.02286282306163022
0 0.340625 0.20974155069582506 0.011458333333333333 0.009940357852882704
0 0.2786458333333333 0.22912524850894633 0.021875 0.04671968190854871
0 0.30026041666666664 0.2261431411530815 0.019270833333333334 0.03876739562624255
0 0.821875 0.22117296222664015 0.017708333333333333 0.018886679920477135
0 0.3580729166666667 0.22912524850894633 0.0171875 0.030815109343936383
0 0.15598958333333332 0.23210735586481113 0.0234375 0.030815109343936383
0 0.3294270833333333 0.23111332007952287 0.0067708333333333336 0.010934393638170975
0 0.11536458333333334 0.25 0.011979166666666667 0.02286282306163022
0 0.42265625 0.2673956262425447 0.03697916666666667 0.039761431411530816
0 0.2786458333333333 0.2639165009940358 0.008333333333333333 0.018886679920477135
0 0.2625 0.26888667992047716 0.016666666666666666 0.020874751491053677
0 0.2955729166666667 0.30566600397614313 0.0140625 0.032803180914512925
0 0.3385416666666667 0.29721669980119286 0.009375 0.015904572564612324
0 0.12369791666666667 0.32803180914512925 0.027604166666666666 0.055666003976143144
0 0.290625 0.3260437375745527 0.020833333333333332 0.027833001988071572
0 0.40989583333333335 0.323558648111332 0.016666666666666666 0.02286282306163022
0 0.265625 0.3260437375745527 0.00625 0.015904572564612324
0 0.32786458333333335 0.3658051689860835 0.0067708333333333336 0.013916500994035786
0 0.39557291666666666 0.3812127236580517 0.0171875 0.02286282306163022
0 0.40130208333333334 0.408051689860835 0.0078125 0.020874751491053677
0 0.07760416666666667 0.42196819085487075 0.020833333333333332 0.030815109343936383
0 0.20546875 0.4289264413518887 0.0171875 0.02882703777335984
0 0.325 0.42992047713717696 0.014583333333333334 0.0268389662027833
0 0.40598958333333335 0.426441351888668 0.009895833333333333 0.013916500994035786
0 0.27838541666666666 0.4378727634194831 0.0171875 0.03479125248508946
0 0.415625 0.4274353876739563 0.008333333333333333 0.013916500994035786
0 0.4473958333333333 0.4393638170974155 0.00625 0.017892644135188866
0 0.21640625 0.4587475149105368 0.0109375 0.036779324055666
0 0.325 0.455765407554672 0.005208333333333333 0.016898608349900597
0 0.23802083333333332 0.4647117296222664 0.008333333333333333 0.02286282306163022
0 0.30546875 0.49403578528827036 0.0140625 0.0437375745526839
0 0.45390625 0.4975149105367793 0.0067708333333333336 0.032803180914512925
0 0.34270833333333334 0.5009940357852882 0.013541666666666667 0.019880715705765408
0 0.15807291666666667 0.5129224652087475 0.0140625 0.03578528827037773
0 0.29635416666666664 0.5198807157057654 0.027083333333333334 0.04572564612326044
0 0.4708333333333333 0.5154075546719682 0.016666666666666666 0.03479125248508946
0 0.4322916666666667 0.5228628230616302 0.017708333333333333 0.04572564612326044
0 0.1984375 0.5337972166998012 0.01875 0.04572564612326044
0 0.25234375 0.5288270377733598 0.008854166666666666 0.03180914512922465
0 0.36796875 0.5223658051689861 0.008854166666666666 0.016898608349900597
0 0.09375 0.5377733598409543 0.010416666666666666 0.027833001988071572
0 0.5458333333333333 0.5397614314115308 0.020833333333333332 0.011928429423459244
0 0.46041666666666664 0.5492047713717694 0.015625 0.016898608349900597
0 0.3625 0.5631212723658051 0.026041666666666668 0.040755467196819085
0 0.32265625 0.5641153081510935 0.0140625 0.03876739562624255
0 0.48385416666666664 0.5735586481113321 0.014583333333333334 0.013916500994035786
0 0.21979166666666666 0.5864811133200796 0.015625 0.03180914512922465
0 0.4671875 0.5825049701789264 0.0125 0.015904572564612324
0 0.2752604166666667 0.6118290258449304 0.021354166666666667 0.030815109343936383
0 0.34609375 0.6093439363817097 0.021354166666666667 0.027833001988071572
0 0.47942708333333334 0.6008946322067594 0.016145833333333335 0.008946322067594433
0 0.54609375 0.606858846918489 0.0140625 0.014910536779324055
0 0.46380208333333334 0.6187872763419483 0.027604166666666666 0.02882703777335984
0 0.004427083333333333 0.6252485089463221 0.008854166666666666 0.03578528827037773
0 0.19973958333333333 0.6187872763419483 0.0078125 0.012922465208747515
0 0.4317708333333333 0.6322067594433399 0.011458333333333333 0.02385685884691849
0 0.23359375 0.6451292246520874 0.011979166666666667 0.04771371769383698
0 0.4549479166666667 0.6466202783300199 0.015104166666666667 0.010934393638170975
0 0.48125 0.6500994035785288 0.019791666666666666 0.017892644135188866
0 0.33932291666666664 0.6769383697813122 0.0171875 0.02982107355864811
0 0.15885416666666666 0.7117296222664016 0.021875 0.039761431411530816
0 0.5348958333333333 0.7216699801192843 0.026041666666666668 0.017892644135188866
0 0.35911458333333335 0.7340954274353877 0.027604166666666666 0.03876739562624255
0 0.5567708333333333 0.7445328031809145 0.010416666666666666 0.019880715705765408
0 0.33932291666666664 0.7559642147117296 0.009895833333333333 0.032803180914512925
0 0.44921875 0.7872763419483101 0.011979166666666667 0.019880715705765408
0 0.09661458333333334 0.7917495029821073 0.011979166666666667 0.0268389662027833
0 0.08697916666666666 0.7917495029821073 0.017708333333333333 0.016898608349900597
0 0.04869791666666667 0.8041749502982107 0.0140625 0.02186878727634195
0 0.07005208333333333 0.8081510934393639 0.021354166666666667 0.017892644135188866
0 0.290625 0.8330019880715706 0.009375 0.017892644135188866
0 0.5979166666666667 0.8424453280318092 0.013541666666666667 0.012922465208747515
0 0.09427083333333333 0.8608349900596421 0.014583333333333334 0.041749502982107355
0 0.39765625 0.9010934393638171 0.0109375 0.010934393638170975
0 0.07265625 0.9696819085487077 0.024479166666666666 0.02882703777335984
0 0.6893229166666667 0.9686878727634195 0.008854166666666666 0.016898608349900597
0 0.30416666666666664 0.9865805168986084 0.011458333333333333 0.02485089463220676