0 0.65859375 0.020874751491053677 0.0046875 0.02584493041749503
0 0.8981770833333333 0.045228628230616304 0.011979166666666667 0.02882703777335984
0 0.6921875 0.08449304174950298 0.008333333333333333 0.027833001988071572
0 0.20963541666666666 0.10039761431411531 0.015104166666666667 0.013916500994035786
0 0.66875 0.1794234592445328 0.009375 0.02882703777335984
0 0.9127604166666666 0.2077534791252485 0.0203125 0.033797216699801194
0 0.15078125 0.24900596421471172 0.0078125 0.012922465208747515
0 0.7921875 0.3210735586481113 0.007291666666666667 0.015904572564612324
0 0.7177083333333333 0.3926441351888668 0.010416666666666666 0.019880715705765408
0 0.14505208333333333 0.49254473161033796 0.016145833333333335 0.02485089463220676
0 0.8328125 0.5208747514910537 0.0125 0.02186878727634195
0 0.7606770833333333 0.532803180914513 0.0203125 0.02584493041749503
0 0.7895833333333333 0.5994035785288271 0.01875 0.013916500994035786
0 0.8145833333333333 0.6252485089463221 0.009375 0.02982107355864811
0 0.8432291666666667 0.6222664015904572 0.010416666666666666 0.019880715705765408
0 0.6174479166666667 0.6411530815109344 0.011979166666666667 0.015904572564612324
0 0.6794270833333333 0.6744532803180915 0.015104166666666667 0.032803180914512925
0 0.85 0.7211729622266402 0.009375 0.018886679920477135
0 0.9760416666666667 0.7579522862823062 0.021875 0.030815109343936383
0 0.8674479166666667 0.8817097415506958 0.008854166666666666 0.015904572564612324