0 0.32473958333333336 0.020874751491053677 0.028645833333333332 0.041749502982107355
0 0.34296875 0.010437375745526839 0.018229166666666668 0.020874751491053677
0 0.3690104166666667 0.0268389662027833 0.04010416666666667 0.0536779324055666
0 0.39869791666666665 0.0054671968190854875 0.008854166666666666 0.010934393638170975
0 0.6286458333333333 0.012922465208747515 0.03333333333333333 0.02584493041749503
0 0.6776041666666667 0.02485089463220676 0.059375 0.04970178926441352
0 0.7341145833333333 0.015407554671968192 0.044270833333333336 0.030815109343936383
0 0.7203125 0.021371769383697812 0.016666666666666666 0.02882703777335984
0 0.5705729166666667 0.016401590457256462 0.011979166666666667 0.014910536779324055
0 0.7682291666666666 0.04324055666003976 0.027083333333333334 0.06858846918489066
0 0.5361979166666667 0.05467196819085487 0.027604166666666666 0.07157057654075547
0 0.21015625 0.059145129224652086 0.021354166666666667 0.05467196819085487
0 0.4861979166666667 0.048707753479125246 0.009895833333333333 0.02584493041749503
0 0.6328125 0.055168986083499 0.03229166666666667 0.040755467196819085
0 0.67109375 0.06262425447316103 0.0109375 0.027833001988071572
0 0.30442708333333335 0.06560636182902585 0.015104166666666667 0.027833001988071572
0 0.5046875 0.05864811133200795 0.010416666666666666 0.015904572564612324
0 0.18151041666666667 0.07107355864811134 0.0109375 0.020874751491053677
0 0.3494791666666667 0.0959244532803181 0.011458333333333333 0.036779324055666
0 0.7854166666666667 0.09343936381709742 0.017708333333333333 0.027833001988071572
0 0.2265625 0.10089463220675944 0.014583333333333334 0.014910536779324055
0 0.25286458333333334 0.10984095427435388 0.019270833333333334 0.032803180914512925
0 0.45729166666666665 0.11133200795228629 0.019791666666666666 0.03578528827037773
0 0.5096354166666667 0.110337972166998 0.0078125 0.02186878727634195
0 0.39427083333333335 0.11381709741550695 0.009375 0.012922465208747515
0 0.3182291666666667 0.13618290258449303 0.021875 0.0536779324055666
0 0.440625 0.12524850894632206 0.014583333333333334 0.019880715705765408
0 0.7549479166666667 0.1257455268389662 0.016145833333333335 0.018886679920477135
0 0.30104166666666665 0.15656063618290258 0.022916666666666665 0.03876739562624255
0 0.18697916666666667 0.15159045725646123 0.020833333333333332 0.016898608349900597
0 0.409375 0.16153081510934394 0.009375 0.032803180914512925
0 0.4734375 0.16500994035785288 0.009375 0.019880715705765408
0 0.4549479166666667 0.1824055666003976 0.018229166666666668 0.04671968190854871
0 0.13098958333333333 0.1779324055666004 0.0078125 0.03180914512922465
0 0.6947916666666667 0.17743538767395625 0.008333333333333333 0.0268389662027833
0 0.7653645833333333 0.1779324055666004 0.0078125 0.015904572564612324
0 0.78359375 0.18886679920477137 0.024479166666666666 0.02385685884691849
0 0.23932291666666666 0.19433399602385687 0.0203125 0.030815109343936383
0 0.29348958333333336 0.2047713717693837 0.03177083333333333 0.033797216699801194
0 0.14010416666666667 0.2216699801192843 0.011458333333333333 0.0437375745526839
0 0.2078125 0.22813121272365805 0.0125 0.0268389662027833
0 0.2752604166666667 0.2415506958250497 0.0109375 0.0437375745526839
0 0.64765625 0.23956262425447317 0.015104166666666667 0.033797216699801194
0 0.378125 0.2529821073558648 0.013541666666666667 0.05467196819085487
0 0.4002604166666667 0.23807157057654074 0.022395833333333334 0.02485089463220676
0 0.3234375 0.25695825049701787 0.040625 0.05467196819085487
0 0.8028645833333333 0.24801192842942346 0.0078125 0.016898608349900597
0 0.20494791666666667 0.2504970178926441 0.009895833333333333 0.017892644135188866
0 0.06979166666666667 0.25198807157057657 0.010416666666666666 0.016898608349900597
0 0.14869791666666668 0.2788270377733598 0.008854166666666666 0.04473161033797217
0 0.39921875 0.26888667992047716 0.015104166666666667 0.018886679920477135
0 0.44296875 0.27634194831013914 0.008854166666666666 0.017892644135188866
0 0.4596354166666667 0.2773359840954274 0.0109375 0.013916500994035786
0 0.6471354166666666 0.2813121272365805 0.008854166666666666 0.02385685884691849
0 0.25052083333333336 0.30467196819085485 0.01875 0.06063618290258449
0 0.4315104166666667 0.2837972166998012 0.0078125 0.014910536779324055
0 0.7591145833333334 0.28578528827037775 0.0140625 0.018886679920477135
0 0.23098958333333333 0.2952286282306163 0.011979166666666667 0.03578528827037773
0 0.7807291666666667 0.2897614314115308 0.014583333333333334 0.020874751491053677
0 0.3731770833333333 0.3136182902584493 0.016145833333333335 0.03876739562624255
0 0.7440104166666667 0.3066600397614314 0.011979166666666667 0.018886679920477135
0 0.1984375 0.3136182902584493 0.019791666666666666 0.02286282306163022
0 0.7572916666666667 0.3136182902584493 0.015625 0.020874751491053677
0 0.7885416666666667 0.3220675944333996 0.014583333333333334 0.011928429423459244
0 0.062239583333333334 0.3265407554671968 0.0078125 0.014910536779324055
0 0.053125 0.33548707753479123 0.011458333333333333 0.014910536779324055
0 0.7591145833333334 0.3523856858846918 0.0171875 0.04671968190854871
0 0.24635416666666668 0.34542743538767395 0.016666666666666666 0.02286282306163022
0 0.8377604166666667 0.3474155069582505 0.0067708333333333336 0.016898608349900597
0 0.09114583333333333 0.35834990059642147 0.022916666666666665 0.0268389662027833
0 0.4953125 0.3503976143141153 0.009375 0.008946322067594433
0 0.03515625 0.3573558648111332 0.0078125 0.014910536779324055
0 0.39609375 0.36381709741550694 0.0109375 0.019880715705765408
0 0.853125 0.3663021868787276 0.005208333333333333 0.02485089463220676
0 0.06302083333333333 0.38817097415506957 0.034375 0.04473161033797217
0 0.03125 0.3832007952286282 0.0125 0.0268389662027833
0 0.41692708333333334 0.39065606361829025 0.018229166666666668 0.017892644135188866
0 0.7955729166666666 0.39214711729622265 0.0234375 0.02286282306163022
0 0.56953125 0.39165009940357853 0.015104166666666667 0.013916500994035786
0 0.7721354166666666 0.4095427435387674 0.021354166666666667 0.033797216699801194
0 0.8283854166666667 0.41848906560636184 0.011979166666666667 0.02385685884691849
0 0.4088541666666667 0.4194831013916501 0.014583333333333334 0.015904572564612324
0 0.2234375 0.44930417495029823 0.009375 0.04970178926441352
0 0.7658854166666667 0.4438369781312127 0.0171875 0.036779324055666
0 0.48098958333333336 0.45129224652087474 0.021354166666666667 0.0437375745526839
0 0.7315104166666667 0.44880715705765406 0.021354166666666667 0.040755467196819085
0 0.815625 0.4428429423459245 0.007291666666666667 0.0268389662027833
0 0.36875 0.44930417495029823 0.011458333333333333 0.019880715705765408
0 0.8682291666666667 0.4463220675944334 0.009375 0.013916500994035786
0 0.5786458333333333 0.46322067594433397 0.017708333333333333 0.015904572564612324
0 0.7734375 0.4761431411530815 0.023958333333333335 0.0437375745526839
0 0.33984375 0.481610337972167 0.0296875 0.048707753479125246
0 0.8216145833333334 0.49254473161033796 0.013020833333333334 0.0268389662027833
0 0.7888020833333333 0.4865805168986084 0.016145833333333335 0.012922465208747515
0 0.11927083333333334 0.5019880715705766 0.027083333333333334 0.02385685884691849
0 0.58984375 0.5034791252485089 0.0171875 0.016898608349900597
0 0.57578125 0.5298210735586482 0.019270833333333334 0.03777335984095427
0 0.7744791666666667 0.5278330019880716 0.016666666666666666 0.02584493041749503
0 0.2635416666666667 0.5283300198807157 0.009375 0.016898608349900597
0 0.075 0.5407554671968191 0.020833333333333332 0.03777335984095427
0 0.17161458333333332 0.55168986083499 0.0234375 0.05168986083499006
0 0.3729166666666667 0.5372763419483101 0.008333333333333333 0.02286282306163022
0 0.8361979166666667 0.5407554671968191 0.0067708333333333336 0.02186878727634195
0 0.93359375 0.5611332007952287 0.0203125 0.040755467196819085
0 0.002864583333333333 0.5526838966202783 0.005729166666666666 0.019880715705765408
0 0.86796875 0.5596421471172962 0.0067708333333333336 0.02186878727634195
0 0.3411458333333333 0.570079522862823 0.013541666666666667 0.02485089463220676
0 0.16432291666666668 0.5685884691848907 0.0067708333333333336 0.013916500994035786
0 0.32734375 0.6058648111332008 0.016145833333333335 0.07256461232604373
0 0.5044270833333333 0.5944333996023857 0.019270833333333334 0.02982107355864811
0 0.4083333333333333 0.5989065606361829 0.021875 0.0268389662027833
0 0.040625 0.6098409542743539 0.016666666666666666 0.042743538767395624
0 0.44375 0.6063618290258449 0.008333333333333333 0.02584493041749503
0 0.22682291666666668 0.6138170974155069 0.0140625 0.036779324055666
0 0.46328125 0.6058648111332008 0.009895833333333333 0.016898608349900597
0 0.17447916666666666 0.6307157057654076 0.008333333333333333 0.040755467196819085
0 0.8299479166666667 0.6222664015904572 0.0140625 0.013916500994035786
0 0.8861979166666667 0.6466202783300199 0.024479166666666666 0.042743538767395624
0 0.39921875 0.6505964214711729 0.022395833333333334 0.04473161033797217
0 0.44869791666666664 0.6515904572564613 0.030729166666666665 0.04671968190854871
0 0.13958333333333334 0.6515904572564613 0.025 0.042743538767395624
0 0.7450520833333333 0.6411530815109344 0.015104166666666667 0.02385685884691849
0 0.86484375 0.6426441351888668 0.013020833333333334 0.0268389662027833
0 0.08151041666666667 0.6555666003976143 0.0265625 0.03876739562624255
0 0.49947916666666664 0.6505964214711729 0.016666666666666666 0.02882703777335984
0 0.4674479166666667 0.6525844930417495 0.0109375 0.012922465208747515
0 0.8372395833333334 0.6555666003976143 0.018229166666666668 0.020874751491053677
0 0.78046875 0.6525844930417495 0.009895833333333333 0.010934393638170975
0 0.00234375 0.6640159045725647 0.0046875 0.02186878727634195
0 0.8265625 0.6605367793240556 0.0125 0.010934393638170975
0 0.24583333333333332 0.672962226640159 0.020833333333333332 0.02186878727634195
0 0.4119791666666667 0.6824055666003976 0.009375 0.03876739562624255
0 0.09114583333333333 0.68389662027833 0.022916666666666665 0.03777335984095427
0 0.53984375 0.687375745526839 0.022395833333333334 0.02882703777335984
0 0.42421875 0.6878727634194831 0.0109375 0.019880715705765408
0 0.8877604166666667 0.6888667992047713 0.008854166666666666 0.019880715705765408
0 0.0067708333333333336 0.69831013916501 0.008333333333333333 0.02286282306163022
0 0.19166666666666668 0.7246520874751491 0.017708333333333333 0.06958250497017893
0 0.13177083333333334 0.705765407554672 0.010416666666666666 0.015904572564612324
0 0.88671875 0.7142147117296223 0.009895833333333333 0.012922465208747515
0 0.0033854166666666668 0.7206759443339961 0.0067708333333333336 0.02385685884691849
0 0.2947916666666667 0.7266401590457257 0.009375 0.03578528827037773
0 0.33645833333333336 0.7231610337972167 0.026041666666666668 0.0268389662027833
0 0.9033854166666667 0.7251491053677932 0.0140625 0.032803180914512925
0 0.9325520833333333 0.7221669980119284 0.015104166666666667 0.020874751491053677
0 0.0265625 0.7271371769383698 0.011458333333333333 0.02882703777335984
0 0.9830729166666666 0.7246520874751491 0.016145833333333335 0.02385685884691849
0 0.8619791666666666 0.7216699801192843 0.0125 0.013916500994035786
0 0.9973958333333334 0.7345924453280318 0.004166666666666667 0.02385685884691849
0 0.39869791666666665 0.7465208747514911 0.0203125 0.039761431411530816
0 0.48098958333333336 0.7415506958250497 0.019270833333333334 0.019880715705765408
0 0.17109375 0.7579522862823062 0.021354166666666667 0.05069582504970179
0 0.6265625 0.7539761431411531 0.014583333333333334 0.036779324055666
0 0.9236979166666667 0.7490059642147118 0.024479166666666666 0.018886679920477135
0 0.10260416666666666 0.7748508946322068 0.010416666666666666 0.02882703777335984
0 0.8747395833333333 0.7932405566600398 0.0109375 0.013916500994035786
0 0.465625 0.8131212723658051 0.015625 0.04572564612326044
0 0.12630208333333334 0.8011928429423459 0.0109375 0.013916500994035786
0 0.4354166666666667 0.80168986083499 0.014583333333333334 0.012922465208747515
0 0.1125 0.8081510934393639 0.017708333333333333 0.015904572564612324
0 0.15026041666666667 0.8180914512922465 0.0140625 0.03180914512922465
0 0.18203125 0.8185884691848907 0.0171875 0.032803180914512925
0 0.8130208333333333 0.81610337972167 0.022916666666666665 0.027833001988071572
0 0.02578125 0.8225646123260437 0.013020833333333334 0.02286282306163022
0 0.8994791666666667 0.8394632206759444 0.04375 0.040755467196819085
0 0.3703125 0.8489065606361829 0.007291666666666667 0.03578528827037773
0 0.1140625 0.8444333996023857 0.0125 0.02485089463220676
0 0.32369791666666664 0.8518886679920478 0.018229166666666668 0.027833001988071572
0 0.07682291666666667 0.856858846918489 0.0265625 0.033797216699801194
0 0.9575520833333333 0.8623260437375746 0.0171875 0.040755467196819085
0 0.38619791666666664 0.8752485089463221 0.0171875 0.04473161033797217
0 0.41848958333333336 0.8871769383697813 0.0140625 0.04473161033797217
0 0.9752604166666666 0.8762425447316103 0.009895833333333333 0.018886679920477135
0 0.9901041666666667 0.889662027833002 0.01875 0.03180914512922465
0 0.915625 0.8926441351888668 0.013541666666666667 0.02584493041749503
0 0.9322916666666666 0.8991053677932406 0.00625 0.02882703777335984
0 0.00390625 0.9368787276341949 0.0078125 0.07852882703777336
0 0.020833333333333332 0.911530815109344 0.023958333333333335 0.02385685884691849
0 0.29713541666666665 0.915506958250497 0.0203125 0.02584493041749503
0 0.98671875 0.9244532803180915 0.0078125 0.02982107355864811
0 0.7395833333333334 0.9244532803180915 0.011458333333333333 0.02584493041749503
0 0.9252604166666667 0.9169980119284294 0.0109375 0.008946322067594433
0 0.95859375 0.9294234592445328 0.011979166666666667 0.033797216699801194
0 0.9354166666666667 0.9398608349900597 0.013541666666666667 0.048707753479125246
0 0.9955729166666667 0.9383697813121272 0.0078125 0.03777335984095427
0 0.875 0.9403578528827038 0.014583333333333334 0.033797216699801194
0 0.9666666666666667 0.9408548707753479 0.011458333333333333 0.030815109343936383
0 0.6455729166666667 0.9498011928429424 0.019270833333333334 0.03876739562624255
0 0.8049479166666667 0.9473161033797217 0.0171875 0.02982107355864811
0 0.4661458333333333 0.9562624254473161 0.015625 0.04572564612326044
0 0.9791666666666666 0.9617296222664016 0.017708333333333333 0.042743538767395624
0 0.9932291666666667 0.9706759443339961 0.0125 0.05666003976143141
0 0.48072916666666665 0.967196819085487 0.015625 0.041749502982107355
0 0.9625 0.9652087475149106 0.009375 0.02385685884691849
0 0.9380208333333333 0.9821073558648111 0.010416666666666666 0.033797216699801194
0 0.7263020833333333 0.9761431411530815 0.013020833333333334 0.017892644135188866
0 0.01015625 0.9840954274353877 0.015104166666666667 0.02982107355864811
0 0.032552083333333336 0.9915506958250497 0.0234375 0.014910536779324055
0 0.4197916666666667 0.9915506958250497 0.011458333333333333 0.014910536779324055
0 0.971875 0.992544731610338 0.021875 0.012922465208747515