0 0.25052083333333336 0.0034791252485089465 0.010416666666666666 0.006958250497017893
0 0.75546875 0.002982107355864811 0.016145833333333335 0.005964214711729622
0 0.9729166666666667 0.0004970178926441351 0.053125 0.0009940357852882703
0 0.4088541666666667 0.031312127236580514 0.009375 0.016898608349900597
0 0.6260416666666667 0.036779324055666 0.005208333333333333 0.02186878727634195
0 0.7580729166666667 0.03230616302186879 0.011979166666666667 0.014910536779324055
0 0.36302083333333335 0.041749502982107355 0.007291666666666667 0.019880715705765408
0 0.39609375 0.04622266401590457 0.0067708333333333336 0.030815109343936383
0 0.34088541666666666 0.06510934393638171 0.019270833333333334 0.02286282306163022
0 0.5169270833333334 0.059145129224652086 0.008854166666666666 0.010934393638170975
0 0.7080729166666667 0.08200795228628231 0.0067708333333333336 0.02286282306163022
0 0.84375 0.09940357852882704 0.007291666666666667 0.02186878727634195
0 0.7497395833333333 0.12375745526838966 0.015104166666666667 0.018886679920477135
0 0.5109375 0.13369781312127235 0.005208333333333333 0.02882703777335984
0 0.9247395833333333 0.12673956262425448 0.008854166666666666 0.010934393638170975
0 0.46432291666666664 0.13568588469184892 0.005729166666666666 0.020874751491053677
0 0.5809895833333333 0.12922465208747516 0.011979166666666667 0.009940357852882704
0 0.5380208333333333 0.1426441351888668 0.016666666666666666 0.014910536779324055
0 0.37395833333333334 0.15159045725646123 0.007291666666666667 0.012922465208747515
0 0.7778645833333333 0.15854870775347912 0.008854166666666666 0.010934393638170975
0 0.47552083333333334 0.17445328031809146 0.010416666666666666 0.018886679920477135
0 0.44114583333333335 0.17296222664015903 0.014583333333333334 0.011928429423459244
0 0.8934895833333333 0.1908548707753479 0.0171875 0.019880715705765408
0 0.3296875 0.2216699801192843 0.026041666666666668 0.04771371769383698
0 0.409375 0.20576540755467196 0.013541666666666667 0.009940357852882704
0 0.43515625 0.21371769383697814 0.0140625 0.02186878727634195
0 0.5127604166666667 0.2117296222664016 0.021354166666666667 0.015904572564612324
0 0.3072916666666667 0.2147117296222664 0.011458333333333333 0.007952286282306162
0 0.6528645833333333 0.21669980119284293 0.015104166666666667 0.011928429423459244
0 0.46822916666666664 0.23161033797216699 0.017708333333333333 0.027833001988071572
0 0.40703125 0.23161033797216699 0.009895833333333333 0.02385685884691849
0 0.86875 0.23260437375745527 0.011458333333333333 0.007952286282306162
0 0.39140625 0.23807157057654074 0.011979166666666667 0.014910536779324055
0 0.578125 0.24403578528827038 0.010416666666666666 0.02286282306163022
0 0.353125 0.2554671968190855 0.008333333333333333 0.02982107355864811
0 0.6333333333333333 0.2529821073558648 0.0125 0.012922465208747515
0 0.43020833333333336 0.2659045725646123 0.013541666666666667 0.014910536779324055
0 0.59453125 0.268389662027833 0.011979166666666667 0.013916500994035786
0 0.5778645833333333 0.27286282306163023 0.018229166666666668 0.014910536779324055
0 0.76328125 0.2783300198807157 0.0109375 0.02584493041749503
0 0.8901041666666667 0.2773359840954274 0.014583333333333334 0.015904572564612324
0 0.64453125 0.28628230616302186 0.011979166666666667 0.015904572564612324
0 0.5278645833333333 0.2922465208747515 0.005729166666666666 0.02584493041749503
0 0.390625 0.29174950298210733 0.007291666666666667 0.020874751491053677
0 0.7143229166666667 0.2897614314115308 0.005729166666666666 0.014910536779324055
0 0.60703125 0.3066600397614314 0.013020833333333334 0.03876739562624255
0 0.8565104166666667 0.29870775347912526 0.016145833333333335 0.020874751491053677
0 0.4666666666666667 0.30218687872763417 0.009375 0.02385685884691849
0 0.54296875 0.30417495029821073 0.013020833333333334 0.02186878727634195
0 0.6359375 0.3076540755467197 0.0125 0.02485089463220676
0 0.58125 0.30318091451292245 0.013541666666666667 0.009940357852882704
0 0.56171875 0.3260437375745527 0.0036458333333333334 0.027833001988071572
0 0.6276041666666666 0.33101391650099404 0.011458333333333333 0.02982107355864811
0 0.7856770833333333 0.3240556660039761 0.011979166666666667 0.017892644135188866
0 0.46432291666666664 0.33101391650099404 0.016145833333333335 0.02385685884691849
0 0.97578125 0.3389662027833002 0.005729166666666666 0.019880715705765408
0 0.31666666666666665 0.34443339960238567 0.010416666666666666 0.012922465208747515
0 0.4078125 0.34840954274353875 0.011458333333333333 0.02286282306163022
0 0.5596354166666667 0.36083499005964215 0.0171875 0.033797216699801194
0 0.7317708333333334 0.3553677932405567 0.007291666666666667 0.020874751491053677
0 0.8307291666666666 0.3682902584493042 0.013541666666666667 0.020874751491053677
0 0.32135416666666666 0.36779324055666 0.013541666666666667 0.013916500994035786
0 0.6302083333333334 0.37524850894632206 0.008333333333333333 0.0268389662027833
0 0.6184895833333334 0.3782306163021869 0.011979166666666667 0.02882703777335984
0 0.41875 0.3757455268389662 0.010416666666666666 0.015904572564612324
0 0.9671875 0.38866799204771374 0.021875 0.0437375745526839
0 0.365625 0.37375745526838966 0.0125 0.007952286282306162
0 0.22604166666666667 0.4025844930417495 0.011458333333333333 0.033797216699801194
0 0.6778645833333333 0.39165009940357853 0.0109375 0.007952286282306162
0 0.41302083333333334 0.3976143141153082 0.00625 0.011928429423459244
0 0.12526041666666668 0.40656063618290256 0.013020833333333334 0.02584493041749503
0 0.6190104166666667 0.4165009940357853 0.008854166666666666 0.02982107355864811
0 0.6041666666666666 0.4085487077534791 0.009375 0.011928429423459244
0 0.6809895833333334 0.41302186878727637 0.013020833333333334 0.012922465208747515
0 0.9263020833333333 0.42196819085487075 0.009895833333333333 0.02286282306163022
0 0.7557291666666667 0.426441351888668 0.014583333333333334 0.011928429423459244
0 0.85390625 0.426441351888668 0.015104166666666667 0.011928429423459244
0 0.16510416666666666 0.44532803180914515 0.0125 0.03777335984095427
0 0.6315104166666666 0.43588469184890655 0.009895833333333333 0.018886679920477135
0 0.13854166666666667 0.4418489065606362 0.013541666666666667 0.02286282306163022
0 0.7005208333333334 0.45129224652087474 0.023958333333333335 0.033797216699801194
0 0.76953125 0.4572564612326044 0.0046875 0.019880715705765408
0 0.4440104166666667 0.46371769383697814 0.0171875 0.030815109343936383
0 0.11432291666666666 0.4602385685884692 0.013020833333333334 0.019880715705765408
0 0.9572916666666667 0.46570576540755465 0.009375 0.0268389662027833
0 0.7455729166666667 0.46371769383697814 0.011979166666666667 0.016898608349900597
0 0.8638020833333333 0.45974155069582506 0.015104166666666667 0.008946322067594433
0 0.8028645833333333 0.4850894632206759 0.009895833333333333 0.017892644135188866
0 0.7065104166666667 0.4875745526838966 0.015104166666666667 0.018886679920477135
0 0.7411458333333333 0.4860834990059642 0.0125 0.009940357852882704
0 0.6239583333333333 0.4960238568588469 0.008333333333333333 0.02584493041749503
0 0.67890625 0.4975149105367793 0.0067708333333333336 0.02882703777335984
0 0.8223958333333333 0.4970178926441352 0.007291666666666667 0.019880715705765408
0 0.7731770833333333 0.5 0.013020833333333334 0.009940357852882704
0 0.7291666666666666 0.510934393638171 0.015625 0.027833001988071572
0 0.79921875 0.5129224652087475 0.011979166666666667 0.027833001988071572
0 0.71328125 0.5168986083499006 0.0203125 0.02982107355864811
0 0.7473958333333334 0.5178926441351889 0.00625 0.02186878727634195
0 0.9450520833333333 0.5159045725646123 0.008854166666666666 0.017892644135188866
0 0.5239583333333333 0.5268389662027833 0.014583333333333334 0.033797216699801194
0 0.5611979166666666 0.5238568588469185 0.009895833333333333 0.02186878727634195
0 0.14140625 0.5228628230616302 0.015104166666666667 0.015904572564612324
0 0.7643229166666666 0.5223658051689861 0.008854166666666666 0.010934393638170975
0 0.6052083333333333 0.525844930417495 0.010416666666666666 0.015904572564612324
0 0.7877604166666666 0.5318091451292246 0.0109375 0.02584493041749503
0 0.53515625 0.5392644135188867 0.013020833333333334 0.02485089463220676
0 0.759375 0.5377733598409543 0.013541666666666667 0.013916500994035786
0 0.8536458333333333 0.5382703777335984 0.015625 0.010934393638170975
0 0.3255208333333333 0.5417495029821073 0.013541666666666667 0.015904572564612324
0 0.6140625 0.5437375745526839 0.017708333333333333 0.015904572564612324
0 0.7192708333333333 0.5437375745526839 0.007291666666666667 0.015904572564612324
0 0.7705729166666667 0.547713717693837 0.0140625 0.009940357852882704
0 0.81484375 0.5571570576540755 0.022395833333333334 0.02882703777335984
0 0.9125 0.5561630218687873 0.0125 0.02882703777335984
0 0.5625 0.5636182902584493 0.0125 0.02584493041749503
0 0.8427083333333333 0.5646123260437376 0.016666666666666666 0.017892644135188866
0 0.7151041666666667 0.5720675944333996 0.014583333333333334 0.0268389662027833
0 0.19609375 0.5745526838966203 0.009895833333333333 0.02584493041749503
0 0.5869791666666667 0.5765407554671969 0.009375 0.02982107355864811
0 0.9356770833333333 0.5805168986083499 0.011979166666666667 0.02584493041749503
0 0.5231770833333333 0.5944333996023857 0.0078125 0.033797216699801194
0 0.28411458333333334 0.5909542743538767 0.0078125 0.018886679920477135
0 0.45807291666666666 0.5959244532803181 0.0067708333333333336 0.0268389662027833
0 0.7450520833333333 0.6013916500994035 0.009895833333333333 0.02186878727634195
0 0.7989583333333333 0.6018886679920478 0.009375 0.02286282306163022
0 0.8734375 0.6093439363817097 0.019791666666666666 0.039761431411530816
0 0.5885416666666666 0.6098409542743539 0.022916666666666665 0.02286282306163022
0 0.35260416666666666 0.6158051689860835 0.009375 0.032803180914512925
0 0.6127604166666667 0.6177932405566601 0.0078125 0.02286282306163022
0 0.9177083333333333 0.6202783300198808 0.005208333333333333 0.017892644135188866
0 0.8950520833333333 0.6227634194831014 0.0140625 0.016898608349900597
0 0.58515625 0.6297216699801192 0.0140625 0.020874751491053677
0 0.63671875 0.6312127236580517 0.0067708333333333336 0.02186878727634195
0 0.65234375 0.6307157057654076 0.015104166666666667 0.02286282306163022
0 0.6833333333333333 0.643141153081511 0.015625 0.03180914512922465
0 0.96171875 0.647117296222664 0.0067708333333333336 0.027833001988071572
0 0.346875 0.6500994035785288 0.009375 0.02982107355864811
0 0.60859375 0.6451292246520874 0.0046875 0.017892644135188866
0 0.9411458333333333 0.6491053677932406 0.011458333333333333 0.027833001988071572
0 0.5747395833333333 0.6510934393638171 0.0046875 0.02584493041749503
0 0.7809895833333333 0.6570576540755467 0.021354166666666667 0.033797216699801194
0 0.9807291666666667 0.6505964214711729 0.011458333333333333 0.02286282306163022
0 0.5549479166666667 0.6486083499005965 0.015104166666666667 0.012922465208747515
0 0.8872395833333333 0.6600397614314115 0.0067708333333333336 0.019880715705765408
0 0.6723958333333333 0.6650099403578529 0.007291666666666667 0.027833001988071572
0 0.990625 0.6660039761431411 0.013541666666666667 0.02584493041749503
0 0.12473958333333333 0.6719681908548708 0.0171875 0.02385685884691849
0 0.3580729166666667 0.6739562624254473 0.005729166666666666 0.019880715705765408
0 0.5973958333333333 0.6744532803180915 0.004166666666666667 0.02286282306163022
0 0.8049479166666667 0.6739562624254473 0.009895833333333333 0.009940357852882704
0 0.7111979166666667 0.6908548707753479 0.008854166666666666 0.02385685884691849
0 0.7234375 0.6958250497017893 0.010416666666666666 0.02982107355864811
0 0.7408854166666666 0.6918489065606361 0.008854166666666666 0.02186878727634195
0 0.7932291666666667 0.6943339960238568 0.008333333333333333 0.02286282306163022
0 0.8231770833333333 0.6958250497017893 0.009895833333333333 0.02385685884691849
0 0.6388020833333333 0.7017892644135189 0.009895833333333333 0.02385685884691849
0 0.73359375 0.7042743538767395 0.005729166666666666 0.02882703777335984
0 0.7002604166666667 0.702286282306163 0.005729166666666666 0.02286282306163022
0 0.6911458333333333 0.7017892644135189 0.009375 0.017892644135188866
0 0.8872395833333333 0.7067594433399602 0.008854166666666666 0.02584493041749503
0 0.19453125 0.7042743538767395 0.015104166666666667 0.010934393638170975
0 0.9135416666666667 0.7236580516898609 0.014583333333333334 0.04572564612326044
0 0.14401041666666667 0.7152087475149106 0.021354166666666667 0.02286282306163022
0 0.51015625 0.7251491053677932 0.015104166666666667 0.012922465208747515
0 0.55 0.7306163021868787 0.008333333333333333 0.02385685884691849
0 0.9361979166666666 0.7286282306163022 0.009895833333333333 0.019880715705765408
0 0.6799479166666667 0.731610337972167 0.013020833333333334 0.013916500994035786
0 0.6453125 0.7360834990059643 0.007291666666666667 0.016898608349900597
0 0.6924479166666667 0.7375745526838966 0.0109375 0.02186878727634195
0 0.62421875 0.7455268389662028 0.0067708333333333336 0.027833001988071572
0 0.66484375 0.7534791252485089 0.0078125 0.04572564612326044
0 0.8885416666666667 0.7460238568588469 0.017708333333333333 0.02882703777335984
0 0.16067708333333333 0.742544731610338 0.0078125 0.019880715705765408
0 0.80625 0.7450298210735586 0.013541666666666667 0.018886679920477135
0 0.5752604166666667 0.7470178926441352 0.013020833333333334 0.020874751491053677
0 0.7348958333333333 0.757455268389662 0.008333333333333333 0.03180914512922465
0 0.5083333333333333 0.7589463220675944 0.011458333333333333 0.030815109343936383
0 0.5622395833333333 0.7539761431411531 0.0067708333333333336 0.016898608349900597
0 0.42578125 0.768389662027833 0.008854166666666666 0.03180914512922465
0 0.69765625 0.7629224652087475 0.0078125 0.020874751491053677
0 0.8549479166666667 0.7664015904572564 0.016145833333333335 0.009940357852882704
0 0.48203125 0.775844930417495 0.0078125 0.02286282306163022
0 0.06380208333333333 0.7803180914512923 0.011979166666666667 0.011928429423459244
0 0.30442708333333335 0.782803180914513 0.011979166666666667 0.016898608349900597
0 0.6236979166666666 0.7987077534791253 0.0203125 0.048707753479125246
0 0.9510416666666667 0.786779324055666 0.016666666666666666 0.02286282306163022
0 0.7333333333333333 0.790258449304175 0.010416666666666666 0.02186878727634195
0 0.8002604166666667 0.7852882703777336 0.016145833333333335 0.009940357852882704
0 0.66796875 0.797713717693837 0.0109375 0.016898608349900597
0 0.7471354166666667 0.7947316103379721 0.009895833333333333 0.010934393638170975
0 0.46848958333333335 0.8076540755467196 0.005729166666666666 0.032803180914512925
0 0.6783854166666666 0.805168986083499 0.0067708333333333336 0.027833001988071572
0 0.69375 0.8071570576540755 0.007291666666666667 0.03180914512922465
0 0.5625 0.8056660039761432 0.008333333333333333 0.02286282306163022
0 0.59453125 0.8031809145129225 0.015104166666666667 0.015904572564612324
0 0.28802083333333334 0.8111332007952287 0.017708333333333333 0.02186878727634195
0 0.4239583333333333 0.8141153081510935 0.011458333333333333 0.027833001988071572
0 0.48828125 0.8235586481113321 0.013020833333333334 0.02882703777335984
0 0.7234375 0.8205765407554672 0.005208333333333333 0.02286282306163022
0 0.8200520833333333 0.8190854870775348 0.015104166666666667 0.015904572564612324
0 0.41119791666666666 0.8295228628230616 0.0078125 0.02882703777335984
0 0.7588541666666667 0.8225646123260437 0.009375 0.014910536779324055
0 0.60234375 0.8300198807157058 0.009895833333333333 0.019880715705765408
0 0.05963541666666667 0.8374751491053678 0.013020833333333334 0.02286282306163022
0 0.59140625 0.8389662027833003 0.0078125 0.02186878727634195
0 0.834375 0.8389662027833003 0.00625 0.02186878727634195
0 0.32760416666666664 0.8489065606361829 0.007291666666666667 0.033797216699801194
0 0.45625 0.8449304174950298 0.010416666666666666 0.02584493041749503
0 0.7010416666666667 0.8484095427435387 0.010416666666666666 0.02882703777335984
0 0.75390625 0.8578528827037774 0.0109375 0.03180914512922465
0 0.44114583333333335 0.8618290258449304 0.008333333333333333 0.03578528827037773
0 0.42630208333333336 0.8593439363817097 0.008854166666666666 0.018886679920477135
0 0.6390625 0.8697813121272365 0.020833333333333332 0.03777335984095427
0 0.5255208333333333 0.8598409542743539 0.014583333333333334 0.015904572564612324
0 0.6583333333333333 0.8707753479125249 0.009375 0.02584493041749503
0 0.7033854166666667 0.8697813121272365 0.011979166666666667 0.011928429423459244
0 0.9903645833333333 0.8911530815109344 0.018229166666666668 0.040755467196819085
0 0.28489583333333335 0.885685884691849 0.010416666666666666 0.027833001988071572
0 0.6171875 0.8871769383697813 0.005208333333333333 0.02485089463220676
0 0.5658854166666667 0.8851888667992047 0.0140625 0.016898608349900597
0 0.7140625 0.8866799204771372 0.013541666666666667 0.013916500994035786
0 0.503125 0.8966202783300199 0.009375 0.02584493041749503
0 0.4083333333333333 0.8986083499005965 0.00625 0.02186878727634195
0 0.6356770833333333 0.9100397614314115 0.0203125 0.036779324055666
0 0.803125 0.9125248508946322 0.019791666666666666 0.011928429423459244
0 0.21041666666666667 0.9333996023856859 0.010416666666666666 0.039761431411530816
0 0.6416666666666667 0.9353876739562624 0.020833333333333332 0.02982107355864811
0 0.27421875 0.9403578528827038 0.0140625 0.03578528827037773
0 0.33880208333333334 0.9423459244532804 0.0067708333333333336 0.02982107355864811
0 0.7013020833333333 0.9408548707753479 0.024479166666666666 0.02286282306163022
0 0.6674479166666667 0.9473161033797217 0.013020833333333334 0.02982107355864811
0 0.821875 0.9463220675944334 0.014583333333333334 0.017892644135188866
0 0.8661458333333333 0.9453280318091452 0.016666666666666666 0.015904572564612324
0 0.6036458333333333 0.9458250497017893 0.009375 0.010934393638170975
0 0.7734375 0.9502982107355865 0.0125 0.02186878727634195
0 0.31328125 0.9592445328031809 0.011979166666666667 0.027833001988071572
0 0.94453125 0.9686878727634195 0.018229166666666668 0.03876739562624255
0 0.49557291666666664 0.9662027833001988 0.016145833333333335 0.02982107355864811
0 0.5825520833333333 0.9612326043737575 0.0109375 0.013916500994035786
0 0.7361979166666667 0.9701789264413518 0.008854166666666666 0.03180914512922465
0 0.5455729166666666 0.9701789264413518 0.013020833333333334 0.027833001988071572
0 0.4122395833333333 0.9746520874751491 0.022395833333333334 0.02485089463220676
0 0.6401041666666667 0.9706759443339961 0.010416666666666666 0.010934393638170975
0 0.365625 0.9781312127236581 0.011458333333333333 0.015904572564612324
0 0.43984375 0.9845924453280318 0.0109375 0.02882703777335984
0 0.62734375 0.9781312127236581 0.009895833333333333 0.015904572564612324
0 0.5838541666666667 0.9870775347912525 0.023958333333333335 0.02385685884691849
0 0.6953125 0.9835984095427436 0.015625 0.016898608349900597
0 0.5588541666666667 0.9850894632206759 0.010416666666666666 0.015904572564612324