0 0.023958333333333335 0.0044731610337972166 0.014583333333333334 0.008946322067594433
0 0.0734375 0.018886679920477135 0.019791666666666666 0.03777335984095427
0 0.017447916666666667 0.03330019880715706 0.030729166666666665 0.04671968190854871
0 0.33880208333333334 0.02286282306163022 0.021354166666666667 0.02186878727634195
0 0.1140625 0.06312127236580517 0.015625 0.042743538767395624
0 0.005208333333333333 0.10437375745526839 0.010416666666666666 0.05964214711729622
0 0.14453125 0.14910536779324055 0.019270833333333334 0.03578528827037773
0 0.10026041666666667 0.20675944333996024 0.016145833333333335 0.04572564612326044
0 0.31927083333333334 0.24801192842942346 0.008333333333333333 0.042743538767395624
0 0.15390625 0.2539761431411531 0.0171875 0.016898608349900597
0 0.19427083333333334 0.27435387673956263 0.010416666666666666 0.02584493041749503
0 0.15651041666666668 0.352882703777336 0.013020833333333334 0.03777335984095427
0 0.5182291666666666 0.536779324055666 0.016666666666666666 0.015904572564612324
0 0.0484375 0.5785288270377733 0.009375 0.03578528827037773
0 0.115625 0.705765407554672 0.013541666666666667 0.039761431411530816
0 0.32265625 0.69831013916501 0.021354166666666667 0.014910536779324055
0 0.32057291666666665 0.7962226640159046 0.024479166666666666 0.02186878727634195
0 0.12942708333333333 0.8663021868787276 0.024479166666666666 0.04671968190854871
0 0.22552083333333334 0.8682902584493042 0.008333333333333333 0.02286282306163022
0 0.22369791666666666 0.8916500994035785 0.0078125 0.015904572564612324