0 0.33932291666666664 0.3717693836978131 0.008854166666666666 0.017892644135188866
0 0.0375 0.5755467196819085 0.015625 0.02186878727634195
0 0.3690104166666667 0.6232604373757455 0.021354166666666667 0.017892644135188866
0 0.5395833333333333 0.6660039761431411 0.0125 0.013916500994035786
0 0.365625 0.7340954274353877 0.009375 0.02485089463220676
0 0.4796875 0.7509940357852882 0.008333333333333333 0.0268389662027833
0 0.35859375 0.7892644135188867 0.008854166666666666 0.027833001988071572
0 0.43385416666666665 0.8558648111332008 0.013541666666666667 0.02186878727634195
0 0.6447916666666667 0.8752485089463221 0.026041666666666668 0.05069582504970179
0 0.43671875 0.9100397614314115 0.008854166666666666 0.02286282306163022
0 0.3536458333333333 0.9150099403578529 0.010416666666666666 0.010934393638170975
0 0.2515625 0.9249502982107356 0.010416666666666666 0.014910536779324055
0 0.5848958333333333 0.9358846918489065 0.007291666666666667 0.0268389662027833
0 0.3927083333333333 0.9388667992047713 0.007291666666666667 0.020874751491053677
0 0.5645833333333333 0.9473161033797217 0.00625 0.027833001988071572
0 0.22213541666666667 0.9850894632206759 0.0171875 0.027833001988071572