0 0.23359375 0.01341948310139165 0.0140625 0.0268389662027833
0 0.13984375 0.026341948310139165 0.022395833333333334 0.03876739562624255
0 0.6403645833333333 0.028330019880715707 0.008854166666666666 0.036779324055666
0 0.62265625 0.053180914512922464 0.015104166666666667 0.020874751491053677
0 0.7609375 0.05864811133200795 0.017708333333333333 0.02186878727634195
0 0.709375 0.05964214711729622 0.017708333333333333 0.011928429423459244
0 0.6721354166666667 0.10089463220675944 0.0234375 0.07256461232604373
0 0.834375 0.11679920477137178 0.014583333333333334 0.04473161033797217
0 0.6380208333333334 0.16600397614314116 0.0125 0.04771371769383698
0 0.7252604166666666 0.1794234592445328 0.008854166666666666 0.02882703777335984
0 0.04791666666666667 0.18687872763419483 0.007291666666666667 0.039761431411530816
0 0.9901041666666667 0.18588469184890655 0.019791666666666666 0.03578528827037773
0 0.6700520833333333 0.20079522862823063 0.033854166666666664 0.03777335984095427
0 0.625 0.23508946322067595 0.00625 0.016898608349900597
0 0.5932291666666667 0.24254473161033796 0.005208333333333333 0.03180914512922465
0 0.69765625 0.2524850894632207 0.027604166666666666 0.02982107355864811
0 0.00859375 0.27335984095427435 0.016145833333333335 0.03578528827037773
0 0.8416666666666667 0.31759443339960236 0.015625 0.030815109343936383
0 0.67421875 0.33001988071570576 0.016145833333333335 0.033797216699801194
0 0.6921875 0.3250497017892644 0.009375 0.009940357852882704
0 0.8890625 0.371272365805169 0.020833333333333332 0.03876739562624255
0 0.8 0.3663021868787276 0.01875 0.014910536779324055
0 0.0546875 0.4125248508946322 0.025 0.039761431411530816
0 0.98515625 0.408051689860835 0.021354166666666667 0.02286282306163022
0 0.33697916666666666 0.42147117296222664 0.009375 0.03777335984095427
0 0.6786458333333333 0.4125248508946322 0.00625 0.011928429423459244
0 0.6859375 0.42047713717693835 0.013541666666666667 0.02186878727634195
0 0.36432291666666666 0.43737574552683894 0.022395833333333334 0.02982107355864811
0 0.73515625 0.441351888667992 0.0171875 0.017892644135188866
0 0.5885416666666666 0.4517892644135189 0.016666666666666666 0.02882703777335984
0 0.64921875 0.4532803180914513 0.011979166666666667 0.02385685884691849
0 0.6302083333333334 0.47564612326043737 0.010416666666666666 0.05069582504970179
0 0.46197916666666666 0.46669980119284293 0.019791666666666666 0.02286282306163022
0 0.8427083333333333 0.47862823061630216 0.017708333333333333 0.02286282306163022
0 0.7190104166666667 0.481610337972167 0.018229166666666668 0.02882703777335984
0 0.5890625 0.5159045725646123 0.011458333333333333 0.02385685884691849
0 0.6875 0.5303180914512923 0.009375 0.036779324055666
0 0.6526041666666667 0.5382703777335984 0.0125 0.030815109343936383
0 0.46536458333333336 0.5407554671968191 0.019270833333333334 0.02186878727634195
0 0.7333333333333333 0.547713717693837 0.008333333333333333 0.02982107355864811
0 0.6721354166666667 0.5690854870775348 0.019270833333333334 0.02882703777335984
0 0.5458333333333333 0.5795228628230616 0.007291666666666667 0.02385685884691849
0 0.6442708333333333 0.5939363817097415 0.01875 0.04671968190854871
0 0.43411458333333336 0.5899602385685885 0.0265625 0.0268389662027833
0 0.40625 0.5904572564612326 0.015625 0.017892644135188866
0 0.6653645833333334 0.6093439363817097 0.019270833333333334 0.03777335984095427
0 0.6536458333333334 0.639662027833002 0.015625 0.02485089463220676
0 0.33489583333333334 0.6510934393638171 0.01875 0.02385685884691849
0 0.6614583333333334 0.6630218687872763 0.0125 0.033797216699801194
0 0.9479166666666666 0.6739562624254473 0.023958333333333335 0.04970178926441352
0 0.7109375 0.661530815109344 0.01875 0.020874751491053677
0 0.58125 0.6679920477137177 0.0125 0.02982107355864811
0 0.21770833333333334 0.6744532803180915 0.008333333333333333 0.032803180914512925
0 0.5270833333333333 0.6764413518886679 0.013541666666666667 0.03479125248508946
0 0.6356770833333333 0.6779324055666004 0.016145833333333335 0.015904572564612324
0 0.59921875 0.6749502982107356 0.013020833333333334 0.007952286282306162
0 0.43984375 0.6853876739562624 0.024479166666666666 0.02485089463220676
0 0.7182291666666667 0.6938369781312127 0.019791666666666666 0.02385685884691849
0 0.65625 0.702286282306163 0.010416666666666666 0.036779324055666
0 0.596875 0.691351888667992 0.008333333333333333 0.014910536779324055
0 0.5450520833333333 0.6963220675944334 0.015104166666666667 0.02286282306163022
0 0.39088541666666665 0.7067594433399602 0.022395833333333334 0.02982107355864811
0 0.6130208333333333 0.7127236580516899 0.011458333333333333 0.033797216699801194
0 0.6799479166666667 0.7311133200795229 0.0140625 0.02286282306163022
0 0.6372395833333333 0.7594433399602386 0.009895833333333333 0.027833001988071572
0 0.6005208333333333 0.7738568588469185 0.01875 0.032803180914512925
0 0.6796875 0.797713717693837 0.007291666666666667 0.032803180914512925
0 0.7182291666666667 0.8036779324055666 0.019791666666666666 0.016898608349900597
0 0.5549479166666667 0.8066600397614314 0.025520833333333333 0.02485089463220676
0 0.6973958333333333 0.8190854870775348 0.011458333333333333 0.03578528827037773
0 0.38619791666666664 0.8141153081510935 0.019270833333333334 0.019880715705765408
0 0.8143229166666667 0.8608349900596421 0.0203125 0.027833001988071572
0 0.51640625 0.8687872763419483 0.0171875 0.02584493041749503
0 0.55078125 0.8846918489065606 0.011979166666666667 0.03777335984095427
0 0.5924479166666666 0.8846918489065606 0.016145833333333335 0.027833001988071572
0 0.71875 0.8876739562624254 0.023958333333333335 0.02584493041749503
0 0.57265625 0.9070576540755467 0.015104166666666667 0.02286282306163022
0 0.6546875 0.922962226640159 0.015625 0.02286282306163022
0 0.7419270833333333 0.9761431411530815 0.009895833333333333 0.04572564612326044
0 0.83828125 0.974155069582505 0.024479166666666666 0.027833001988071572
0 0.33984375 0.9905566600397614 0.009895833333333333 0.016898608349900597