0 0.14557291666666666 0.0009940357852882703 0.027604166666666666 0.0019880715705765406
0 0.9744791666666667 0.23508946322067595 0.011458333333333333 0.02286282306163022
0 0.9385416666666667 0.2907554671968191 0.0125 0.02286282306163022
0 0.4192708333333333 0.3414512922465209 0.009375 0.016898608349900597
0 0.4934895833333333 0.3772365805168986 0.0296875 0.032803180914512925
0 0.47630208333333335 0.47664015904572565 0.0078125 0.016898608349900597
0 0.4859375 0.5755467196819085 0.016666666666666666 0.019880715705765408
0 0.45598958333333334 0.6416500994035785 0.019270833333333334 0.05069582504970179
0 0.4393229166666667 0.6570576540755467 0.0140625 0.03578528827037773
0 0.4778645833333333 0.7127236580516899 0.018229166666666668 0.033797216699801194
0 0.490625 0.7385685884691849 0.011458333333333333 0.033797216699801194
0 0.52890625 0.8166003976143141 0.011979166666666667 0.03479125248508946
0 0.46484375 0.8558648111332008 0.018229166666666668 0.02186878727634195
0 0.5736979166666667 0.9766401590457257 0.0109375 0.04473161033797217