0 0.6752604166666667 0.006958250497017893 0.0046875 0.013916500994035786
0 0.9760416666666667 0.0004970178926441351 0.046875 0.0009940357852882703
0 0.9229166666666667 0.020874751491053677 0.021875 0.02584493041749503
0 0.8114583333333333 0.033797216699801194 0.015625 0.03180914512922465
0 0.7333333333333333 0.032803180914512925 0.01875 0.02186878727634195
0 0.6854166666666667 0.04771371769383698 0.009375 0.015904572564612324
0 0.5455729166666666 0.08946322067594434 0.0140625 0.02584493041749503
0 0.7778645833333333 0.08449304174950298 0.0140625 0.013916500994035786
0 0.9893229166666667 0.09343936381709742 0.013020833333333334 0.015904572564612324
0 0.95078125 0.11679920477137178 0.0203125 0.032803180914512925
0 0.7973958333333333 0.13469184890656064 0.014583333333333334 0.012922465208747515
0 0.8786458333333333 0.1595427435387674 0.021875 0.0268389662027833
0 0.8463541666666666 0.16451292246520874 0.0125 0.02882703777335984
0 0.9440104166666666 0.16351888667992048 0.009895833333333333 0.02485089463220676
0 0.9161458333333333 0.18041749502982107 0.015625 0.0268389662027833
0 0.35598958333333336 0.17842942345924453 0.009895833333333333 0.018886679920477135
0 0.984375 0.18737574552683897 0.030208333333333334 0.0268389662027833
0 0.7799479166666666 0.1824055666003976 0.0140625 0.012922465208747515
0 0.8231770833333333 0.19433399602385687 0.0109375 0.02882703777335984
0 0.7348958333333333 0.20725646123260438 0.008333333333333333 0.02485089463220676
0 0.4752604166666667 0.21868787276341947 0.011979166666666667 0.027833001988071572
0 0.7692708333333333 0.21719681908548708 0.0125 0.016898608349900597
0 0.9953125 0.2852882703777336 0.008333333333333333 0.03180914512922465
0 0.8158854166666667 0.28479125248508946 0.0140625 0.020874751491053677
0 0.7578125 0.31461232604373757 0.010416666666666666 0.02485089463220676
0 0.93359375 0.36779324055666 0.0109375 0.02186878727634195
0 0.8744791666666667 0.37524850894632206 0.00625 0.020874751491053677
0 0.5963541666666666 0.40407554671968193 0.008333333333333333 0.032803180914512925
0 0.803125 0.408051689860835 0.00625 0.014910536779324055
0 0.8197916666666667 0.41600397614314116 0.013541666666666667 0.014910536779324055
0 0.2716145833333333 0.42296222664015903 0.0140625 0.014910536779324055
0 0.7994791666666666 0.4234592445328032 0.013541666666666667 0.011928429423459244
0 0.6513020833333333 0.426441351888668 0.013020833333333334 0.013916500994035786
0 0.6921875 0.4378727634194831 0.007291666666666667 0.02882703777335984
0 0.9096354166666667 0.4433399602385686 0.0109375 0.02186878727634195
0 0.9692708333333333 0.44980119284294234 0.027083333333333334 0.03479125248508946
0 0.7291666666666666 0.4671968190854871 0.011458333333333333 0.03578528827037773
0 0.8856770833333333 0.4602385685884692 0.0140625 0.009940357852882704
0 0.7653645833333333 0.4840954274353877 0.008854166666666666 0.02584493041749503
0 0.6752604166666667 0.5024850894632207 0.0171875 0.040755467196819085
0 0.7268229166666667 0.49801192842942343 0.0109375 0.013916500994035786
0 0.6981770833333333 0.5178926441351889 0.009895833333333333 0.02385685884691849
0 0.73203125 0.5278330019880716 0.009895833333333333 0.02385685884691849
0 0.8 0.5362823061630219 0.007291666666666667 0.02882703777335984
0 0.7411458333333333 0.5497017892644135 0.011458333333333333 0.03180914512922465
0 0.5505208333333333 0.5472166998011928 0.022916666666666665 0.02286282306163022
0 0.9046875 0.5546719681908548 0.00625 0.03180914512922465
0 0.68671875 0.570079522862823 0.018229166666666668 0.05268389662027833
0 0.9802083333333333 0.5675944333996024 0.0125 0.03777335984095427
0 0.7591145833333334 0.5621272365805169 0.0067708333333333336 0.018886679920477135
0 0.8364583333333333 0.5611332007952287 0.013541666666666667 0.010934393638170975
0 0.7776041666666667 0.5775347912524851 0.009375 0.015904572564612324
0 0.7309895833333333 0.5939363817097415 0.009895833333333333 0.02286282306163022
0 0.7739583333333333 0.5949304174950298 0.017708333333333333 0.018886679920477135
0 0.6640625 0.5949304174950298 0.014583333333333334 0.014910536779324055
0 0.5575520833333333 0.5999005964214712 0.0067708333333333336 0.014910536779324055
0 0.7481770833333333 0.6058648111332008 0.008854166666666666 0.02286282306163022
0 0.56875 0.6133200795228628 0.014583333333333334 0.03578528827037773
0 0.6010416666666667 0.6148111332007953 0.007291666666666667 0.02882703777335984
0 0.72421875 0.6163021868787276 0.0234375 0.017892644135188866
0 0.6895833333333333 0.6252485089463221 0.008333333333333333 0.02186878727634195
0 0.5864583333333333 0.6237574552683897 0.013541666666666667 0.014910536779324055
0 0.5760416666666667 0.6386679920477137 0.005208333333333333 0.02485089463220676
0 0.7151041666666667 0.6466202783300199 0.005208333333333333 0.02286282306163022
0 0.8299479166666667 0.6500994035785288 0.013020833333333334 0.019880715705765408
0 0.5971354166666667 0.668986083499006 0.0328125 0.027833001988071572
0 0.8302083333333333 0.6888667992047713 0.009375 0.02982107355864811
0 0.6395833333333333 0.6843936381709742 0.009375 0.014910536779324055
0 0.7307291666666667 0.691351888667992 0.005208333333333333 0.02882703777335984
0 0.6291666666666667 0.7087475149105368 0.015625 0.009940357852882704
0 0.7580729166666667 0.7206759443339961 0.016145833333333335 0.02982107355864811
0 0.7953125 0.7231610337972167 0.021875 0.02485089463220676
0 0.7692708333333333 0.7311133200795229 0.009375 0.02286282306163022
0 0.9411458333333333 0.73558648111332 0.007291666666666667 0.02584493041749503
0 0.6588541666666666 0.7350894632206759 0.010416666666666666 0.020874751491053677
0 0.7270833333333333 0.7519880715705766 0.017708333333333333 0.04671968190854871
0 0.7747395833333334 0.75 0.0078125 0.020874751491053677
0 0.825 0.7544731610337972 0.011458333333333333 0.027833001988071572
0 0.60390625 0.7579522862823062 0.0046875 0.02882703777335984
0 0.8557291666666667 0.7569582504970179 0.023958333333333335 0.02286282306163022
0 0.9442708333333333 0.7529821073558648 0.00625 0.016898608349900597
0 0.6526041666666667 0.7718687872763419 0.014583333333333334 0.05069582504970179
0 0.6252604166666667 0.7793240556660039 0.0265625 0.02584493041749503
0 0.42994791666666665 0.7808151093439364 0.008854166666666666 0.02286282306163022
0 0.6671875 0.80168986083499 0.021875 0.04671968190854871
0 0.7015625 0.7927435387673957 0.010416666666666666 0.0268389662027833
0 0.7817708333333333 0.7892644135188867 0.0125 0.019880715705765408
0 0.5447916666666667 0.8006958250497018 0.007291666666666667 0.030815109343936383
0 0.8580729166666666 0.7937375745526839 0.011979166666666667 0.012922465208747515
0 0.5669270833333333 0.8036779324055666 0.0067708333333333336 0.030815109343936383
0 0.71640625 0.8081510934393639 0.011979166666666667 0.027833001988071572
0 0.9109375 0.8096421471172962 0.010416666666666666 0.02286282306163022
0 0.7403645833333333 0.8136182902584493 0.015104166666666667 0.020874751491053677
0 0.47630208333333335 0.81610337972167 0.018229166666666668 0.017892644135188866
0 0.6278645833333333 0.8240556660039762 0.024479166666666666 0.03578528827037773
0 0.8953125 0.8170974155069582 0.009375 0.017892644135188866
0 0.7890625 0.8275347912524851 0.009375 0.018886679920477135
0 0.8328125 0.8389662027833003 0.011458333333333333 0.019880715705765408
0 0.8174479166666667 0.8449304174950298 0.005729166666666666 0.02385685884691849
0 0.653125 0.8489065606361829 0.009375 0.027833001988071572
0 0.7338541666666667 0.841948310139165 0.014583333333333334 0.015904572564612324
0 0.5625 0.8518886679920478 0.008333333333333333 0.02982107355864811
0 0.7611979166666667 0.8573558648111332 0.0109375 0.030815109343936383
0 0.59375 0.8593439363817097 0.010416666666666666 0.02882703777335984
0 0.4578125 0.8598409542743539 0.004166666666666667 0.02584493041749503
0 0.5721354166666667 0.8543737574552683 0.011979166666666667 0.016898608349900597
0 0.047135416666666666 0.8648111332007953 0.0171875 0.033797216699801194
0 0.7361979166666667 0.882703777335984 0.011979166666666667 0.02385685884691849
0 0.8635416666666667 0.8797216699801192 0.013541666666666667 0.019880715705765408
0 0.17786458333333333 0.8916500994035785 0.0078125 0.02982107355864811
0 0.6255208333333333 0.8832007952286283 0.0125 0.008946322067594433
0 0.5723958333333333 0.8926441351888668 0.008333333333333333 0.02584493041749503
0 0.5395833333333333 0.908051689860835 0.019791666666666666 0.040755467196819085
0 0.8317708333333333 0.9055666003976143 0.007291666666666667 0.033797216699801194
0 0.6489583333333333 0.9060636182902585 0.010416666666666666 0.02882703777335984
0 0.6268229166666667 0.9075546719681908 0.0140625 0.02584493041749503
0 0.7466145833333333 0.904572564612326 0.0046875 0.017892644135188866
0 0.853125 0.9090457256461233 0.014583333333333334 0.016898608349900597
0 0.19505208333333332 0.9249502982107356 0.016145833333333335 0.03479125248508946
0 0.6088541666666667 0.9135188866799204 0.008333333333333333 0.011928429423459244
0 0.6630208333333333 0.9145129224652088 0.013541666666666667 0.009940357852882704
0 0.5744791666666667 0.9304174950298211 0.00625 0.03180914512922465
0 0.7640625 0.922962226640159 0.022916666666666665 0.014910536779324055
0 0.8213541666666667 0.9473161033797217 0.028125 0.04771371769383698
0 0.63203125 0.9368787276341949 0.0140625 0.020874751491053677
0 0.6182291666666667 0.9398608349900597 0.004166666666666667 0.02286282306163022
0 0.6901041666666666 0.9368787276341949 0.014583333333333334 0.014910536779324055
0 0.5888020833333333 0.9433399602385686 0.008854166666666666 0.02186878727634195
0 0.7125 0.9502982107355865 0.005208333333333333 0.03180914512922465
0 0.5515625 0.9443339960238568 0.009375 0.017892644135188866
0 0.7403645833333333 0.9502982107355865 0.009895833333333333 0.02584493041749503
0 0.14375 0.952286282306163 0.005208333333333333 0.017892644135188866
0 0.66875 0.9622266401590457 0.026041666666666668 0.03777335984095427
0 0.48515625 0.9547713717693836 0.0109375 0.018886679920477135
0 0.60703125 0.959741550695825 0.0109375 0.02485089463220676
0 0.5622395833333333 0.9612326043737575 0.0140625 0.02186878727634195
0 0.9028645833333333 0.9676938369781312 0.011979166666666667 0.02286282306163022
0 0.9940104166666667 0.9691848906560636 0.0109375 0.017892644135188866
0 0.6177083333333333 0.9806163021868787 0.016666666666666666 0.036779324055666
0 0.8880208333333334 0.9761431411530815 0.011458333333333333 0.02584493041749503
0 0.6833333333333333 0.9766401590457257 0.007291666666666667 0.018886679920477135
0 0.078125 0.9875745526838966 0.025 0.02286282306163022
0 0.8083333333333333 0.9875745526838966 0.029166666666666667 0.02286282306163022
0 0.18333333333333332 0.989065606361829 0.010416666666666666 0.019880715705765408
0 0.64375 0.992544731610338 0.017708333333333333 0.012922465208747515