0 0.035416666666666666 0.004970178926441352 0.011458333333333333 0.009940357852882704
0 0.5393229166666667 0.006958250497017893 0.0078125 0.013916500994035786
0 0.7768229166666667 0.027833001988071572 0.009895833333333333 0.02584493041749503
0 0.70703125 0.03876739562624255 0.009895833333333333 0.013916500994035786
0 0.014322916666666666 0.044234592445328035 0.008854166666666666 0.012922465208747515
0 0.871875 0.07107355864811134 0.014583333333333334 0.016898608349900597
0 0.4778645833333333 0.08349900596421471 0.005729166666666666 0.027833001988071572
0 0.7893229166666667 0.0874751491053678 0.009895833333333333 0.027833001988071572
0 0.35963541666666665 0.09791252485089463 0.0078125 0.036779324055666
0 0.9104166666666667 0.09691848906560636 0.008333333333333333 0.02286282306163022
0 0.77109375 0.10834990059642147 0.0234375 0.039761431411530816
0 0.8169270833333333 0.10487077534791253 0.013020833333333334 0.006958250497017893
0 0.3854166666666667 0.12475149105367793 0.010416666666666666 0.0268389662027833
0 0.7971354166666667 0.12475149105367793 0.009895833333333333 0.016898608349900597
0 0.9765625 0.13518886679920478 0.019791666666666666 0.02385685884691849
0 0.5283854166666667 0.13320079522862824 0.016145833333333335 0.017892644135188866
0 0.0049479166666666664 0.13568588469184892 0.009895833333333333 0.018886679920477135
0 0.6567708333333333 0.1466202783300199 0.020833333333333332 0.036779324055666
0 0.9979166666666667 0.1625248508946322 0.003125 0.048707753479125246
0 0.42265625 0.1466202783300199 0.013020833333333334 0.012922465208747515
0 0.5302083333333333 0.1540755467196819 0.008333333333333333 0.02186878727634195
0 0.8065104166666667 0.17047713717693838 0.013020833333333334 0.012922465208747515
0 0.5169270833333334 0.21123260437375746 0.0109375 0.020874751491053677
0 0.6192708333333333 0.20825049701789264 0.011458333333333333 0.014910536779324055
0 0.8203125 0.2062624254473161 0.011458333333333333 0.012922465208747515
0 0.70703125 0.20874751491053678 0.013020833333333334 0.013916500994035786
0 0.8794270833333333 0.22266401590457258 0.0109375 0.02186878727634195
0 0.6307291666666667 0.2231610337972167 0.011458333333333333 0.010934393638170975
0 0.38958333333333334 0.23956262425447317 0.011458333333333333 0.011928429423459244
0 0.9390625 0.2654075546719682 0.008333333333333333 0.03777335984095427
0 0.5236979166666667 0.2654075546719682 0.0140625 0.02584493041749503
0 0.8309895833333333 0.2668986083499006 0.0109375 0.018886679920477135
0 0.309375 0.268389662027833 0.013541666666666667 0.017892644135188866
0 0.7486979166666666 0.2659045725646123 0.0067708333333333336 0.012922465208747515
0 0.7984375 0.268389662027833 0.014583333333333334 0.013916500994035786
0 0.9830729166666666 0.2783300198807157 0.008854166666666666 0.02186878727634195
0 0.9192708333333334 0.2783300198807157 0.019791666666666666 0.013916500994035786
0 0.7895833333333333 0.29174950298210733 0.016666666666666666 0.012922465208747515
0 0.7015625 0.30019880715705766 0.009375 0.017892644135188866
0 0.7177083333333333 0.30268389662027834 0.014583333333333334 0.016898608349900597
0 0.1921875 0.323558648111332 0.010416666666666666 0.02882703777335984
0 0.9940104166666667 0.3225646123260437 0.0109375 0.016898608349900597
0 0.35625 0.3250497017892644 0.013541666666666667 0.017892644135188866
0 0.8971354166666666 0.3250497017892644 0.015104166666666667 0.011928429423459244
0 0.4700520833333333 0.34244532803180916 0.009895833333333333 0.02882703777335984
0 0.8643229166666667 0.34393638170974156 0.022395833333333334 0.013916500994035786
0 0.54375 0.3503976143141153 0.022916666666666665 0.014910536779324055
0 0.31666666666666665 0.3633200795228628 0.007291666666666667 0.036779324055666
0 0.2890625 0.37077534791252487 0.019791666666666666 0.039761431411530816
0 0.6453125 0.3742544731610338 0.010416666666666666 0.03876739562624255
0 0.8635416666666667 0.3727634194831014 0.017708333333333333 0.02186878727634195
0 0.9375 0.37326043737574555 0.016666666666666666 0.016898608349900597
0 0.73828125 0.39165009940357853 0.008854166666666666 0.017892644135188866
0 0.7255208333333333 0.3976143141153082 0.009375 0.019880715705765408
0 0.8486979166666667 0.3966202783300199 0.008854166666666666 0.017892644135188866
0 0.8989583333333333 0.39363817097415504 0.013541666666666667 0.011928429423459244
0 0.03333333333333333 0.4150099403578529 0.0125 0.03479125248508946
0 0.05026041666666667 0.4115308151093439 0.008854166666666666 0.02982107355864811
0 0.5143229166666666 0.4150099403578529 0.009895833333333333 0.03479125248508946
0 0.6963541666666667 0.4070576540755467 0.005208333333333333 0.020874751491053677
0 0.9143229166666667 0.4234592445328032 0.018229166666666668 0.02982107355864811
0 0.8296875 0.42296222664015903 0.0125 0.008946322067594433
0 0.7575520833333333 0.4463220675944334 0.011979166666666667 0.011928429423459244
0 0.31015625 0.4696819085487077 0.016145833333333335 0.036779324055666
0 0.8505208333333333 0.4587475149105368 0.010416666666666666 0.014910536779324055
0 0.9223958333333333 0.4592445328031809 0.008333333333333333 0.011928429423459244
0 0.68984375 0.4696819085487077 0.0067708333333333336 0.02485089463220676
0 0.7072916666666667 0.47365805168986086 0.008333333333333333 0.030815109343936383
0 0.9010416666666666 0.4726640159045726 0.0125 0.02485089463220676
0 0.3697916666666667 0.4845924453280318 0.007291666666666667 0.042743538767395624
0 0.5033854166666667 0.47564612326043737 0.0067708333333333336 0.020874751491053677
0 0.23854166666666668 0.4875745526838966 0.009375 0.03876739562624255
0 0.8403645833333333 0.4746520874751491 0.0078125 0.012922465208747515
0 0.34661458333333334 0.510934393638171 0.016145833333333335 0.03180914512922465
0 0.8447916666666667 0.5014910536779325 0.013541666666666667 0.010934393638170975
0 0.9747395833333333 0.5104373757455268 0.015104166666666667 0.02286282306163022
0 0.91640625 0.5193836978131213 0.009895833333333333 0.0268389662027833
0 0.9013020833333333 0.5178926441351889 0.015104166666666667 0.019880715705765408
0 0.8046875 0.5243538767395626 0.014583333333333334 0.014910536779324055
0 0.22239583333333332 0.5273359840954275 0.01875 0.012922465208747515
0 0.5833333333333334 0.5357852882703777 0.008333333333333333 0.02385685884691849
0 0.7041666666666667 0.5298210735586482 0.016666666666666666 0.009940357852882704
0 0.6822916666666666 0.570079522862823 0.011458333333333333 0.014910536779324055
0 0.56875 0.5710735586481114 0.021875 0.014910536779324055
0 0.8622395833333333 0.5815109343936382 0.0203125 0.02385685884691849
0 0.6986979166666667 0.584493041749503 0.013020833333333334 0.015904572564612324
0 0.7817708333333333 0.5859840954274353 0.011458333333333333 0.020874751491053677
0 0.10885416666666667 0.6093439363817097 0.013541666666666667 0.0437375745526839
0 0.9861979166666667 0.5929423459244533 0.013020833333333334 0.010934393638170975
0 0.029166666666666667 0.6078528827037774 0.009375 0.02286282306163022
0 0.8869791666666667 0.6163021868787276 0.009375 0.03180914512922465
0 0.9169270833333333 0.6128230616302187 0.009895833333333333 0.02485089463220676
0 0.1609375 0.6217693836978131 0.011458333333333333 0.032803180914512925
0 0.5755208333333334 0.6366799204771372 0.014583333333333334 0.06063618290258449
0 0.5513020833333333 0.6163021868787276 0.015104166666666667 0.015904572564612324
0 0.8442708333333333 0.6242544731610338 0.021875 0.033797216699801194
0 0.45260416666666664 0.6232604373757455 0.011458333333333333 0.015904572564612324
0 0.43125 0.6436381709741551 0.016666666666666666 0.030815109343936383
0 0.46640625 0.6451292246520874 0.0046875 0.033797216699801194
0 0.21484375 0.6386679920477137 0.015104166666666667 0.018886679920477135
0 0.8236979166666667 0.6481113320079522 0.0078125 0.02186878727634195
0 0.9213541666666667 0.6515904572564613 0.010416666666666666 0.010934393638170975
0 0.98671875 0.6565606361829026 0.0171875 0.020874751491053677
0 0.8809895833333333 0.6645129224652088 0.011979166666666667 0.010934393638170975
0 0.53984375 0.687375745526839 0.021354166666666667 0.030815109343936383
0 0.7908854166666667 0.6819085487077535 0.016145833333333335 0.013916500994035786
0 0.48828125 0.6858846918489065 0.009895833333333333 0.013916500994035786
0 0.9682291666666667 0.6903578528827038 0.01875 0.018886679920477135
0 0.5848958333333333 0.705765407554672 0.019791666666666666 0.015904572564612324
0 0.6953125 0.7122266401590457 0.004166666666666667 0.02882703777335984
0 0.85859375 0.7157057654075547 0.0234375 0.033797216699801194
0 0.9244791666666666 0.7067594433399602 0.019791666666666666 0.015904572564612324
0 0.030989583333333334 0.7137176938369781 0.0171875 0.019880715705765408
0 0.5497395833333333 0.7296222664015904 0.016145833333333335 0.03180914512922465
0 0.1671875 0.7400596421471173 0.014583333333333334 0.032803180914512925
0 0.4828125 0.7385685884691849 0.013541666666666667 0.02982107355864811
0 0.33984375 0.7450298210735586 0.015104166666666667 0.036779324055666
0 0.88359375 0.7345924453280318 0.0109375 0.013916500994035786
0 0.72265625 0.7400596421471173 0.0109375 0.014910536779324055
0 0.6013020833333333 0.7490059642147118 0.0140625 0.02286282306163022
0 0.37447916666666664 0.7564612326043738 0.011458333333333333 0.033797216699801194
0 0.9723958333333333 0.7509940357852882 0.013541666666666667 0.02286282306163022
0 0.6591145833333333 0.7584493041749503 0.013020833333333334 0.019880715705765408
0 0.5684895833333333 0.7649105367793241 0.0171875 0.02485089463220676
0 0.08671875 0.7619284294234593 0.0140625 0.008946322067594433
0 0.6390625 0.7847912524850894 0.028125 0.05069582504970179
0 0.6703125 0.7673956262425448 0.007291666666666667 0.015904572564612324
0 0.7263020833333333 0.7728628230616302 0.0203125 0.018886679920477135
0 0.7731770833333333 0.7733598409542743 0.008854166666666666 0.019880715705765408
0 0.85625 0.7738568588469185 0.014583333333333334 0.02286282306163022
0 0.80703125 0.790258449304175 0.0171875 0.0437375745526839
0 0.67421875 0.7947316103379721 0.013020833333333334 0.040755467196819085
0 0.88515625 0.7972166998011928 0.025520833333333333 0.039761431411530816
0 0.6609375 0.797713717693837 0.010416666666666666 0.03876739562624255
0 0.08854166666666667 0.7927435387673957 0.011458333333333333 0.02485089463220676
0 0.5924479166666666 0.7897614314115308 0.0140625 0.016898608349900597
0 0.9098958333333333 0.8146123260437376 0.01875 0.05864811133200795
0 0.5291666666666667 0.7957256461232605 0.014583333333333334 0.018886679920477135
0 0.6895833333333333 0.7957256461232605 0.015625 0.012922465208747515
0 0.4375 0.80168986083499 0.0125 0.020874751491053677
0 0.7565104166666666 0.794234592445328 0.013020833333333334 0.007952286282306162
0 0.6239583333333333 0.8081510934393639 0.00625 0.015904572564612324
0 0.7010416666666667 0.8136182902584493 0.014583333333333334 0.016898608349900597
0 0.7575520833333333 0.8151093439363817 0.008854166666666666 0.019880715705765408
0 0.42578125 0.8334990059642147 0.0109375 0.048707753479125246
0 0.81875 0.8205765407554672 0.029166666666666667 0.02286282306163022
0 0.3546875 0.8315109343936382 0.011458333333333333 0.02882703777335984
0 0.7700520833333333 0.8265407554671969 0.0109375 0.020874751491053677
0 0.55 0.8369781312127237 0.004166666666666667 0.027833001988071572
0 0.6505208333333333 0.834493041749503 0.00625 0.02485089463220676
0 0.67734375 0.8295228628230616 0.013020833333333334 0.010934393638170975
0 0.45390625 0.8389662027833003 0.0109375 0.02584493041749503
0 0.66171875 0.8449304174950298 0.013020833333333334 0.02982107355864811
0 0.8276041666666667 0.8439363817097415 0.007291666666666667 0.02385685884691849
0 0.6825520833333333 0.8573558648111332 0.024479166666666666 0.04671968190854871
0 0.6013020833333333 0.8658051689860835 0.0078125 0.033797216699801194
0 0.5018229166666667 0.8583499005964215 0.018229166666666668 0.014910536779324055
0 0.5796875 0.8677932405566601 0.008333333333333333 0.02584493041749503
0 0.7791666666666667 0.8583499005964215 0.015625 0.008946322067594433
0 0.61875 0.8697813121272365 0.010416666666666666 0.02584493041749503
0 0.384375 0.8697813121272365 0.023958333333333335 0.019880715705765408
0 0.5346354166666667 0.8911530815109344 0.013020833333333334 0.048707753479125246
0 0.6434895833333333 0.8966202783300199 0.0171875 0.039761431411530816
0 0.9088541666666666 0.8891650099403579 0.014583333333333334 0.016898608349900597
0 0.678125 0.9050695825049702 0.017708333333333333 0.02286282306163022
0 0.82578125 0.9015904572564613 0.013020833333333334 0.015904572564612324
0 0.66015625 0.9040755467196819 0.009895833333333333 0.014910536779324055
0 0.57265625 0.9174950298210736 0.0421875 0.03777335984095427
0 0.7359375 0.915506958250497 0.035416666666666666 0.02385685884691849
0 0.8770833333333333 0.9145129224652088 0.0125 0.019880715705765408
0 0.9513020833333333 0.9160039761431411 0.016145833333333335 0.020874751491053677
0 0.8502604166666666 0.9224652087475149 0.0067708333333333336 0.027833001988071572
0 0.5484375 0.9368787276341949 0.013541666666666667 0.040755467196819085
0 0.7078125 0.9239562624254473 0.0125 0.014910536779324055
0 0.36614583333333334 0.9329025844930418 0.009375 0.02286282306163022
0 0.6677083333333333 0.9309145129224652 0.0125 0.012922465208747515
0 0.515625 0.9353876739562624 0.022916666666666665 0.017892644135188866
0 0.6408854166666667 0.9567594433399602 0.019270833333333334 0.05666003976143141
0 0.6841145833333333 0.9383697813121272 0.009895833333333333 0.011928429423459244
0 0.8455729166666667 0.9468190854870775 0.013020833333333334 0.018886679920477135
0 0.49270833333333336 0.9612326043737575 0.0125 0.041749502982107355
0 0.74140625 0.963220675944334 0.011979166666666667 0.033797216699801194
0 0.46875 0.9696819085487077 0.027083333333333334 0.042743538767395624
0 0.9419270833333333 0.9647117296222664 0.0067708333333333336 0.02882703777335984
0 0.4515625 0.9850894632206759 0.00625 0.027833001988071572
0 0.35494791666666664 0.9865805168986084 0.0078125 0.02485089463220676
0 0.7208333333333333 0.9850894632206759 0.013541666666666667 0.02186878727634195
0 0.58359375 0.9885685884691849 0.005729166666666666 0.020874751491053677
0 0.6645833333333333 0.9915506958250497 0.008333333333333333 0.014910536779324055
0 0.8208333333333333 0.9935387673956262 0.007291666666666667 0.010934393638170975