0 0.45078125 0.0034791252485089465 0.0140625 0.006958250497017893
0 0.6197916666666666 0.013916500994035786 0.017708333333333333 0.027833001988071572
0 0.6505208333333333 0.019880715705765408 0.011458333333333333 0.02584493041749503
0 0.6036458333333333 0.031312127236580514 0.009375 0.018886679920477135
0 0.6325520833333333 0.03777335984095427 0.013020833333333334 0.017892644135188866
0 0.12604166666666666 0.039761431411530816 0.015625 0.017892644135188866
0 0.34479166666666666 0.05019880715705766 0.007291666666666667 0.018886679920477135
0 0.5666666666666667 0.0636182902584493 0.010416666666666666 0.007952286282306162
0 0.0049479166666666664 0.07852882703777336 0.009895833333333333 0.019880715705765408
0 0.6736979166666667 0.07405566600397614 0.011979166666666667 0.008946322067594433
0 0.72265625 0.08648111332007952 0.0067708333333333336 0.027833001988071572
0 0.8213541666666667 0.10636182902584493 0.010416666666666666 0.013916500994035786
0 0.29192708333333334 0.11282306163021869 0.013020833333333334 0.018886679920477135
0 0.6221354166666667 0.11232604373757456 0.0109375 0.009940357852882704
0 0.90390625 0.11679920477137178 0.0171875 0.016898608349900597
0 0.6341145833333334 0.1257455268389662 0.0109375 0.02882703777335984
0 0.34869791666666666 0.12475149105367793 0.0109375 0.012922465208747515
0 0.7591145833333334 0.1426441351888668 0.0140625 0.014910536779324055
0 0.6924479166666667 0.16003976143141152 0.009895833333333333 0.02584493041749503
0 0.7747395833333334 0.16650099403578528 0.016145833333333335 0.016898608349900597
0 0.99296875 0.17445328031809146 0.013020833333333334 0.02286282306163022
0 0.4119791666666667 0.19284294234592445 0.00625 0.02584493041749503
0 0.61640625 0.1978131212723658 0.009895833333333333 0.02584493041749503
0 0.9645833333333333 0.19483101391650098 0.010416666666666666 0.019880715705765408
0 0.5645833333333333 0.1988071570576541 0.015625 0.02385685884691849
0 0.11067708333333333 0.20874751491053678 0.025520833333333333 0.041749502982107355
0 0.2674479166666667 0.2271371769383698 0.015104166666666667 0.042743538767395624
0 0.14479166666666668 0.2286282306163022 0.007291666666666667 0.027833001988071572
0 0.5966145833333333 0.24105367793240556 0.0203125 0.030815109343936383
0 0.7653645833333333 0.2504970178926441 0.018229166666666668 0.017892644135188866
0 0.86171875 0.2514910536779324 0.0140625 0.015904572564612324
0 0.6494791666666667 0.26093439363817095 0.0125 0.02882703777335984
0 0.30755208333333334 0.27435387673956263 0.021354166666666667 0.027833001988071572
0 0.853125 0.279324055666004 0.011458333333333333 0.017892644135188866
0 0.9153645833333334 0.30119284294234594 0.03802083333333333 0.033797216699801194
0 0.8549479166666667 0.30417495029821073 0.0171875 0.013916500994035786
0 0.99453125 0.31461232604373757 0.009895833333333333 0.016898608349900597
0 0.88515625 0.31411530815109345 0.011979166666666667 0.009940357852882704
0 0.7346354166666667 0.3384691848906561 0.0171875 0.0268389662027833
0 0.9520833333333333 0.3374751491053678 0.009375 0.02485089463220676
0 0.5375 0.36083499005964215 0.007291666666666667 0.02385685884691849
0 0.665625 0.3687872763419483 0.011458333333333333 0.02982107355864811
0 0.21640625 0.3871769383697813 0.018229166666666668 0.020874751491053677
0 0.5838541666666667 0.3841948310139165 0.022916666666666665 0.014910536779324055
0 0.48932291666666666 0.41898608349900596 0.0109375 0.032803180914512925
0 0.89296875 0.4398608349900596 0.015104166666666667 0.016898608349900597
0 0.6270833333333333 0.4532803180914513 0.005208333333333333 0.02584493041749503
0 0.9268229166666667 0.44930417495029823 0.0109375 0.017892644135188866
0 0.5106770833333333 0.452286282306163 0.0140625 0.019880715705765408
0 0.5330729166666667 0.45825049701789267 0.009895833333333333 0.02982107355864811
0 0.47630208333333335 0.45974155069582506 0.016145833333333335 0.014910536779324055
0 0.6015625 0.46371769383697814 0.011458333333333333 0.020874751491053677
0 0.24895833333333334 0.4696819085487077 0.022916666666666665 0.016898608349900597
0 0.63984375 0.4701789264413519 0.016145833333333335 0.011928429423459244
0 0.8348958333333333 0.47862823061630216 0.015625 0.018886679920477135
0 0.0828125 0.4855864811133201 0.010416666666666666 0.02882703777335984
0 0.9385416666666667 0.48061630218687873 0.010416666666666666 0.020874751491053677
0 0.5885416666666666 0.48061630218687873 0.016666666666666666 0.010934393638170975
0 0.4109375 0.49304174950298213 0.015625 0.027833001988071572
0 0.6895833333333333 0.49254473161033796 0.009375 0.020874751491053677
0 0.23411458333333332 0.5004970178926441 0.011979166666666667 0.016898608349900597
0 0.27239583333333334 0.5034791252485089 0.015625 0.014910536779324055
0 0.6973958333333333 0.5149105367793241 0.0125 0.033797216699801194
0 0.7171875 0.5268389662027833 0.011458333333333333 0.05765407554671968
0 0.7598958333333333 0.5089463220675944 0.013541666666666667 0.013916500994035786
0 0.9380208333333333 0.5223658051689861 0.0125 0.0268389662027833
0 0.9671875 0.532803180914513 0.01875 0.027833001988071572
0 0.8294270833333334 0.5263419483101391 0.009895833333333333 0.012922465208747515
0 0.5401041666666667 0.5452286282306164 0.007291666666666667 0.036779324055666
0 0.4122395833333333 0.5462226640159046 0.018229166666666668 0.036779324055666
0 0.5958333333333333 0.5397614314115308 0.014583333333333334 0.017892644135188866
0 0.49973958333333335 0.5482107355864811 0.008854166666666666 0.032803180914512925
0 0.309375 0.5407554671968191 0.014583333333333334 0.007952286282306162
0 0.8796875 0.5506958250497018 0.00625 0.019880715705765408
0 0.011197916666666667 0.555168986083499 0.022395833333333334 0.014910536779324055
0 0.7489583333333333 0.5631212723658051 0.009375 0.020874751491053677
0 0.4041666666666667 0.5656063618290258 0.013541666666666667 0.02186878727634195
0 0.3614583333333333 0.5670974155069582 0.025 0.02286282306163022
0 0.8013020833333333 0.5631212723658051 0.009895833333333333 0.014910536779324055
0 0.3145833333333333 0.5685884691848907 0.0125 0.015904572564612324
0 0.9653645833333333 0.5740556660039762 0.008854166666666666 0.0268389662027833
0 0.7692708333333333 0.5675944333996024 0.014583333333333334 0.011928429423459244
0 0.8651041666666667 0.5695825049701789 0.014583333333333334 0.011928429423459244
0 0.23880208333333333 0.5745526838966203 0.0140625 0.015904572564612324
0 0.9369791666666667 0.5834990059642147 0.014583333333333334 0.03578528827037773
0 0.440625 0.5820079522862823 0.013541666666666667 0.020874751491053677
0 0.51875 0.581013916500994 0.010416666666666666 0.018886679920477135
0 0.62734375 0.5849900596421471 0.0109375 0.02485089463220676
0 0.75859375 0.5929423459244533 0.009895833333333333 0.040755467196819085
0 0.53671875 0.5929423459244533 0.0171875 0.036779324055666
0 0.88203125 0.5899602385685885 0.005729166666666666 0.030815109343936383
0 0.8479166666666667 0.5869781312127237 0.014583333333333334 0.016898608349900597
0 0.6533854166666667 0.5939363817097415 0.005729166666666666 0.0268389662027833
0 0.047135416666666666 0.588469184890656 0.009895833333333333 0.013916500994035786
0 0.6369791666666667 0.6003976143141153 0.01875 0.03777335984095427
0 0.31588541666666664 0.6043737574552683 0.0109375 0.03180914512922465
0 0.72265625 0.5984095427435387 0.009895833333333333 0.019880715705765408
0 0.8622395833333333 0.6033797216699801 0.0046875 0.02186878727634195
0 0.44973958333333336 0.6003976143141153 0.019270833333333334 0.011928429423459244
0 0.7809895833333333 0.6108349900596421 0.005729166666666666 0.030815109343936383
0 0.48515625 0.6048707753479126 0.016145833333333335 0.012922465208747515
0 0.9145833333333333 0.606858846918489 0.015625 0.016898608349900597
0 0.6005208333333333 0.6148111332007953 0.004166666666666667 0.020874751491053677
0 0.2203125 0.6153081510934394 0.011458333333333333 0.009940357852882704
0 0.09661458333333334 0.6332007952286283 0.0140625 0.041749502982107355
0 0.89453125 0.628727634194831 0.011979166666666667 0.032803180914512925
0 0.8028645833333333 0.6232604373757455 0.013020833333333334 0.011928429423459244
0 0.9184895833333333 0.6421471172962226 0.008854166666666666 0.02186878727634195
0 0.7213541666666666 0.6550695825049702 0.0125 0.03578528827037773
0 0.6151041666666667 0.6650099403578529 0.016666666666666666 0.04771371769383698
0 0.44947916666666665 0.6520874751491054 0.014583333333333334 0.015904572564612324
0 0.4875 0.6660039761431411 0.00625 0.03180914512922465
0 0.5578125 0.6684890656063618 0.013541666666666667 0.030815109343936383
0 0.004166666666666667 0.6650099403578529 0.008333333333333333 0.013916500994035786
0 0.6786458333333333 0.6933399602385686 0.015625 0.02882703777335984
0 0.6989583333333333 0.6918489065606361 0.009375 0.02385685884691849
0 0.7286458333333333 0.6928429423459245 0.005208333333333333 0.027833001988071572
0 0.42239583333333336 0.694831013916501 0.0125 0.02385685884691849
0 0.4484375 0.6958250497017893 0.016666666666666666 0.02584493041749503
0 0.846875 0.6933399602385686 0.019791666666666666 0.020874751491053677
0 0.3059895833333333 0.7082504970178927 0.0140625 0.04473161033797217
0 0.60546875 0.7012922465208747 0.0140625 0.02882703777335984
0 0.88671875 0.6998011928429424 0.0171875 0.017892644135188866
0 0.5666666666666667 0.6988071570576541 0.011458333333333333 0.011928429423459244
0 0.86640625 0.7042743538767395 0.009895833333333333 0.016898608349900597
0 0.7190104166666667 0.7102385685884692 0.0140625 0.02286282306163022
0 0.9606770833333333 0.7246520874751491 0.009895833333333333 0.02982107355864811
0 0.6609375 0.7166998011928429 0.0125 0.009940357852882704
0 0.24635416666666668 0.724155069582505 0.013541666666666667 0.012922465208747515
0 0.7700520833333333 0.7345924453280318 0.015104166666666667 0.03180914512922465
0 0.7528645833333333 0.7365805168986084 0.0046875 0.02584493041749503
0 0.56796875 0.7335984095427436 0.0203125 0.013916500994035786
0 0.5953125 0.7460238568588469 0.014583333333333334 0.008946322067594433
0 0.6393229166666666 0.7619284294234593 0.015104166666666667 0.020874751491053677
0 0.008333333333333333 0.7639165009940357 0.009375 0.010934393638170975
0 0.6002604166666666 0.7743538767395626 0.0140625 0.02584493041749503
0 0.546875 0.8036779324055666 0.014583333333333334 0.0705765407554672
0 0.6213541666666667 0.790258449304175 0.010416666666666666 0.02982107355864811
0 0.002864583333333333 0.7847912524850894 0.005729166666666666 0.014910536779324055
0 0.51953125 0.7852882703777336 0.011979166666666667 0.017892644135188866
0 0.58046875 0.7997017892644135 0.008854166666666666 0.042743538767395624
0 0.49375 0.7992047713717694 0.015625 0.02584493041749503
0 0.6559895833333333 0.805168986083499 0.0140625 0.02982107355864811
0 0.71015625 0.8151093439363817 0.0203125 0.04970178926441352
0 0.8786458333333333 0.8141153081510935 0.03333333333333333 0.04572564612326044
0 0.7328125 0.8101391650099403 0.021875 0.033797216699801194
0 0.5205729166666667 0.8096421471172962 0.016145833333333335 0.014910536779324055
0 0.6692708333333334 0.81610337972167 0.008333333333333333 0.02385685884691849
0 0.5638020833333334 0.8315109343936382 0.013020833333333334 0.030815109343936383
0 0.67890625 0.8330019880715706 0.025520833333333333 0.02584493041749503
0 0.4981770833333333 0.8349900596421471 0.018229166666666668 0.02584493041749503
0 0.60546875 0.831013916500994 0.0109375 0.007952286282306162
0 0.06276041666666667 0.8394632206759444 0.013020833333333334 0.020874751491053677
0 0.4578125 0.8459244532803181 0.015625 0.02982107355864811
0 0.7669270833333334 0.8399602385685885 0.008854166666666666 0.015904572564612324
0 0.37734375 0.8439363817097415 0.013020833333333334 0.011928429423459244
0 0.5291666666666667 0.8513916500994035 0.00625 0.02485089463220676
0 0.5739583333333333 0.8573558648111332 0.011458333333333333 0.03479125248508946
0 0.8239583333333333 0.8553677932405567 0.026041666666666668 0.02286282306163022
0 0.8916666666666667 0.8523856858846919 0.0125 0.014910536779324055
0 0.253125 0.8513916500994035 0.007291666666666667 0.010934393638170975
0 0.6325520833333333 0.8653081510934394 0.0140625 0.03479125248508946
0 0.6479166666666667 0.8638170974155069 0.011458333333333333 0.02186878727634195
0 0.8565104166666667 0.8618290258449304 0.013020833333333334 0.017892644135188866
0 0.5109375 0.8702783300198808 0.019791666666666666 0.0268389662027833
0 0.60234375 0.8692842942345924 0.009895833333333333 0.02286282306163022
0 0.38645833333333335 0.8762425447316103 0.00625 0.018886679920477135
0 0.4796875 0.8717693836978131 0.0125 0.009940357852882704
0 0.5966145833333333 0.8916500994035785 0.016145833333333335 0.039761431411530816
0 0.7091145833333333 0.8777335984095428 0.0140625 0.011928429423459244
0 0.2721354166666667 0.8961232604373758 0.0078125 0.032803180914512925
0 0.5401041666666667 0.893141153081511 0.011458333333333333 0.016898608349900597
0 0.86640625 0.8981113320079522 0.022395833333333334 0.018886679920477135
0 0.73515625 0.9105367793240556 0.024479166666666666 0.03180914512922465
0 0.3502604166666667 0.9065606361829026 0.016145833333333335 0.019880715705765408
0 0.5114583333333333 0.9090457256461233 0.025 0.0268389662027833
0 0.70703125 0.9100397614314115 0.0109375 0.02485089463220676
0 0.640625 0.9174950298210736 0.014583333333333334 0.017892644135188866
0 0.44921875 0.9363817097415507 0.009895833333333333 0.02982107355864811
0 0.64609375 0.9368787276341949 0.013020833333333334 0.02882703777335984
0 0.6942708333333333 0.9423459244532804 0.009375 0.02385685884691849
0 0.4890625 0.9502982107355865 0.04791666666666667 0.02584493041749503
0 0.9291666666666667 0.9552683896620279 0.010416666666666666 0.03180914512922465
0 0.5625 0.9562624254473161 0.008333333333333333 0.027833001988071572
0 0.54453125 0.9552683896620279 0.011979166666666667 0.013916500994035786
0 0.6403645833333333 0.963220675944334 0.0109375 0.03180914512922465
0 0.72421875 0.967196819085487 0.011979166666666667 0.03180914512922465
0 0.3651041666666667 0.9681908548707754 0.015625 0.027833001988071572
0 0.6143229166666667 0.9657057654075547 0.009895833333333333 0.02286282306163022
0 0.7627604166666667 0.9781312127236581 0.0265625 0.027833001988071572
0 0.890625 0.9835984095427436 0.020833333333333332 0.030815109343936383
0 0.62421875 0.9806163021868787 0.005729166666666666 0.018886679920477135
0 0.44557291666666665 0.9860834990059643 0.0109375 0.02584493041749503
0 0.7408854166666666 0.9880715705765407 0.0067708333333333336 0.02186878727634195
0 0.37421875 0.9920477137176938 0.0067708333333333336 0.013916500994035786
0 0.5807291666666666 0.992544731610338 0.020833333333333332 0.012922465208747515
0 0.029427083333333333 0.9935387673956262 0.021354166666666667 0.010934393638170975