0 0.7684895833333333 0.009443339960238568 0.0078125 0.018886679920477135
0 0.56484375 0.02982107355864811 0.005729166666666666 0.02584493041749503
0 0.31640625 0.041749502982107355 0.0109375 0.013916500994035786
0 0.26067708333333334 0.08200795228628231 0.018229166666666668 0.012922465208747515
0 0.87265625 0.10238568588469185 0.0140625 0.04572564612326044
0 0.19192708333333333 0.0959244532803181 0.008854166666666666 0.02882703777335984
0 0.7893229166666667 0.10636182902584493 0.011979166666666667 0.02584493041749503
0 0.54296875 0.11829025844930417 0.009895833333333333 0.02186878727634195
0 0.23203125 0.1341948310139165 0.016145833333333335 0.02385685884691849
0 0.9424479166666667 0.14612326043737575 0.008854166666666666 0.027833001988071572
0 0.1734375 0.1496023856858847 0.009375 0.02882703777335984
0 0.08125 0.17992047713717693 0.0125 0.015904572564612324
0 0.30911458333333336 0.19234592445328033 0.021354166666666667 0.016898608349900597
0 0.8205729166666667 0.2649105367793241 0.0140625 0.016898608349900597
0 0.9572916666666667 0.27087475149105367 0.013541666666666667 0.02485089463220676
0 0.0067708333333333336 0.2927435387673956 0.013541666666666667 0.03876739562624255
0 0.05260416666666667 0.2897614314115308 0.021875 0.0268389662027833
0 0.29583333333333334 0.31660039761431413 0.01875 0.02485089463220676
0 0.7234375 0.31312127236580517 0.0125 0.017892644135188866
0 0.925 0.3533797216699801 0.020833333333333332 0.0268389662027833
0 0.7518229166666667 0.36381709741550694 0.018229166666666668 0.019880715705765408
0 0.621875 0.37226640159045726 0.00625 0.0268389662027833
0 0.5984375 0.3871769383697813 0.013541666666666667 0.04671968190854871
0 0.8838541666666667 0.37226640159045726 0.021875 0.016898608349900597
0 0.5822916666666667 0.38817097415506957 0.00625 0.032803180914512925
0 0.9255208333333333 0.37922465208747513 0.007291666666666667 0.010934393638170975
0 0.7661458333333333 0.40457256461232605 0.0125 0.019880715705765408
0 0.98515625 0.41600397614314116 0.028645833333333332 0.040755467196819085
0 0.40651041666666665 0.41749502982107356 0.021354166666666667 0.02186878727634195
0 0.5455729166666666 0.426441351888668 0.009895833333333333 0.02385685884691849
0 0.31328125 0.43538767395626243 0.0203125 0.02982107355864811
0 0.7721354166666666 0.455765407554672 0.0140625 0.05268389662027833
0 0.9354166666666667 0.441351888667992 0.009375 0.015904572564612324
0 0.6825520833333333 0.444831013916501 0.0078125 0.014910536779324055
0 0.25703125 0.4532803180914513 0.013020833333333334 0.02982107355864811
0 0.33515625 0.4572564612326044 0.0067708333333333336 0.03180914512922465
0 0.54609375 0.46073558648111335 0.0036458333333333334 0.0268389662027833
0 0.35442708333333334 0.46222664015904574 0.019270833333333334 0.02186878727634195
0 0.39401041666666664 0.48956262425447317 0.015104166666666667 0.036779324055666
0 0.20833333333333334 0.4801192842942346 0.013541666666666667 0.015904572564612324
0 0.32109375 0.5009940357852882 0.016145833333333335 0.03180914512922465
0 0.42239583333333336 0.5009940357852882 0.010416666666666666 0.033797216699801194
0 0.78359375 0.49801192842942343 0.008854166666666666 0.013916500994035786
0 0.17291666666666666 0.518389662027833 0.021875 0.030815109343936383
0 0.4505208333333333 0.5248508946322068 0.010416666666666666 0.013916500994035786
0 0.89921875 0.5482107355864811 0.016145833333333335 0.06063618290258449
0 0.5088541666666667 0.5293240556660039 0.005208333333333333 0.018886679920477135
0 0.815625 0.5323061630218688 0.009375 0.018886679920477135
0 0.3859375 0.5427435387673957 0.0125 0.03180914512922465
0 0.4984375 0.5362823061630219 0.010416666666666666 0.012922465208747515
0 0.5424479166666667 0.5427435387673957 0.013020833333333334 0.02385685884691849
0 0.3294270833333333 0.5541749502982107 0.0078125 0.030815109343936383
0 0.5213541666666667 0.5437375745526839 0.011458333333333333 0.009940357852882704
0 0.5143229166666666 0.5616302186878728 0.016145833333333335 0.03578528827037773
0 0.6020833333333333 0.562624254473161 0.005208333333333333 0.02982107355864811
0 0.6208333333333333 0.5556660039761432 0.015625 0.007952286282306162
0 0.915625 0.5641153081510935 0.009375 0.02286282306163022
0 0.5549479166666667 0.5641153081510935 0.0078125 0.016898608349900597
0 0.309375 0.5869781312127237 0.009375 0.05069582504970179
0 0.4203125 0.5755467196819085 0.005208333333333333 0.02584493041749503
0 0.6375 0.5775347912524851 0.0125 0.02186878727634195
0 0.48203125 0.5780318091451292 0.0067708333333333336 0.014910536779324055
0 0.428125 0.5849900596421471 0.009375 0.020874751491053677
0 0.5638020833333334 0.5924453280318092 0.0140625 0.02385685884691849
0 0.44375 0.6003976143141153 0.005208333333333333 0.03180914512922465
0 0.32916666666666666 0.595427435387674 0.015625 0.017892644135188866
0 0.459375 0.6148111332007953 0.025 0.05268389662027833
0 0.88203125 0.6018886679920478 0.011979166666666667 0.02286282306163022
0 0.2950520833333333 0.6123260437375746 0.016145833333333335 0.039761431411530816
0 0.4921875 0.6053677932405567 0.013541666666666667 0.019880715705765408
0 0.39505208333333336 0.6123260437375746 0.016145833333333335 0.02186878727634195
0 0.42552083333333335 0.6307157057654076 0.014583333333333334 0.040755467196819085
0 0.3307291666666667 0.6232604373757455 0.008333333333333333 0.015904572564612324
0 0.4388020833333333 0.6237574552683897 0.0067708333333333336 0.014910536779324055
0 0.6669270833333333 0.6411530815109344 0.009895833333333333 0.027833001988071572
0 0.32005208333333335 0.6441351888667992 0.019270833333333334 0.02385685884691849
0 0.4049479166666667 0.6401590457256461 0.015104166666666667 0.017892644135188866
0 0.30078125 0.6515904572564613 0.015104166666666667 0.030815109343936383
0 0.9145833333333333 0.6436381709741551 0.013541666666666667 0.016898608349900597
0 0.19583333333333333 0.6694831013916501 0.010416666666666666 0.04671968190854871
0 0.525 0.658051689860835 0.008333333333333333 0.02385685884691849
0 0.48098958333333336 0.6590457256461233 0.0140625 0.02385685884691849
0 0.40911458333333334 0.6625248508946322 0.0171875 0.018886679920477135
0 0.42734375 0.6679920477137177 0.013020833333333334 0.02982107355864811
0 0.44427083333333334 0.6660039761431411 0.010416666666666666 0.02584493041749503
0 0.6513020833333333 0.6714711729622267 0.0109375 0.0268389662027833
0 0.76484375 0.665506958250497 0.0109375 0.014910536779324055
0 0.46432291666666664 0.6650099403578529 0.0067708333333333336 0.009940357852882704
0 0.9567708333333333 0.6724652087475149 0.0125 0.014910536779324055
0 0.47942708333333334 0.6878727634194831 0.011979166666666667 0.02385685884691849
0 0.31614583333333335 0.6898608349900597 0.019791666666666666 0.02186878727634195
0 0.26848958333333334 0.6943339960238568 0.008854166666666666 0.0268389662027833
0 0.33697916666666666 0.6988071570576541 0.015625 0.02982107355864811
0 0.75546875 0.7077534791252486 0.019270833333333334 0.04572564612326044
0 0.15911458333333334 0.7062624254473161 0.013020833333333334 0.036779324055666
0 0.38229166666666664 0.7102385685884692 0.009375 0.03479125248508946
0 0.23229166666666667 0.7102385685884692 0.004166666666666667 0.0268389662027833
0 0.36276041666666664 0.7166998011928429 0.0109375 0.02584493041749503
0 0.97109375 0.7246520874751491 0.009895833333333333 0.027833001988071572
0 0.46197916666666666 0.724155069582505 0.00625 0.010934393638170975
0 0.634375 0.7281312127236581 0.0125 0.016898608349900597
0 0.11822916666666666 0.7370775347912525 0.007291666666666667 0.02485089463220676
0 0.328125 0.73558648111332 0.014583333333333334 0.02186878727634195
0 0.30390625 0.7395626242544732 0.0067708333333333336 0.02385685884691849
0 0.6979166666666666 0.7475149105367793 0.026041666666666668 0.039761431411530816
0 0.2911458333333333 0.7415506958250497 0.00625 0.02186878727634195
0 0.4393229166666667 0.7475149105367793 0.0234375 0.02982107355864811
0 0.7979166666666667 0.7534791252485089 0.013541666666666667 0.033797216699801194
0 0.47161458333333334 0.7490059642147118 0.013020833333333334 0.018886679920477135
0 0.5919270833333333 0.7539761431411531 0.008854166666666666 0.030815109343936383
0 0.25885416666666666 0.7579522862823062 0.028125 0.032803180914512925
0 0.20026041666666666 0.7564612326043738 0.019270833333333334 0.02584493041749503
0 0.34036458333333336 0.7639165009940357 0.019270833333333334 0.02286282306163022
0 0.42734375 0.7668986083499006 0.0109375 0.014910536779324055
0 0.3684895833333333 0.7713717693836978 0.009895833333333333 0.013916500994035786
0 0.8231770833333333 0.7818091451292246 0.008854166666666666 0.02485089463220676
0 0.5481770833333334 0.7872763419483101 0.0078125 0.03180914512922465
0 0.31744791666666666 0.8026838966202783 0.0171875 0.03876739562624255
0 0.33307291666666666 0.7927435387673957 0.019270833333333334 0.016898608349900597
0 0.47682291666666665 0.7937375745526839 0.016145833333333335 0.012922465208747515
0 0.66015625 0.80168986083499 0.013020833333333334 0.010934393638170975
0 0.35598958333333336 0.8265407554671969 0.011979166666666667 0.03479125248508946
0 0.27578125 0.8195825049701789 0.009895833333333333 0.018886679920477135
0 0.478125 0.841948310139165 0.013541666666666667 0.039761431411530816
0 0.23489583333333333 0.8548707753479126 0.019791666666666666 0.04970178926441352
0 0.2950520833333333 0.8469184890656064 0.024479166666666666 0.027833001988071572
0 0.2682291666666667 0.8499005964214712 0.019791666666666666 0.02584493041749503
0 0.3453125 0.8518886679920478 0.008333333333333333 0.03180914512922465
0 0.39479166666666665 0.8762425447316103 0.008333333333333333 0.04671968190854871
0 0.50234375 0.8687872763419483 0.0109375 0.03180914512922465
0 0.3653645833333333 0.8697813121272365 0.0203125 0.03180914512922465
0 0.6075520833333333 0.8807157057654076 0.011979166666666667 0.041749502982107355
0 0.5260416666666666 0.8732604373757455 0.0125 0.016898608349900597
0 0.3015625 0.8757455268389662 0.007291666666666667 0.013916500994035786
0 0.31536458333333334 0.8762425447316103 0.011979166666666667 0.014910536779324055
0 0.19166666666666668 0.8851888667992047 0.014583333333333334 0.016898608349900597
0 0.2630208333333333 0.8966202783300199 0.013541666666666667 0.02186878727634195
0 0.37005208333333334 0.9160039761431411 0.016145833333333335 0.04671968190854871
0 0.25859375 0.9150099403578529 0.03177083333333333 0.020874751491053677
0 0.005989583333333334 0.9160039761431411 0.011979166666666667 0.020874751491053677
0 0.3078125 0.9309145129224652 0.016666666666666666 0.04473161033797217
0 0.23307291666666666 0.9512922465208747 0.0234375 0.04970178926441352
0 0.8114583333333333 0.9408548707753479 0.013541666666666667 0.02882703777335984
0 0.27239583333333334 0.9542743538767395 0.020833333333333332 0.03777335984095427
0 0.5356770833333333 0.9865805168986084 0.018229166666666668 0.02485089463220676
0 0.6877604166666667 0.9850894632206759 0.0171875 0.013916500994035786