0 0.7791666666666667 0.010934393638170975 0.009375 0.02186878727634195
0 0.020052083333333335 0.0009940357852882703 0.0390625 0.0019880715705765406
0 0.9677083333333333 0.030815109343936383 0.009375 0.02584493041749503
0 0.8283854166666667 0.024353876739562623 0.015104166666666667 0.014910536779324055
0 0.0390625 0.044234592445328035 0.01875 0.05467196819085487
0 0.7486979166666666 0.04920477137176938 0.008854166666666666 0.042743538767395624
0 0.82109375 0.05069582504970179 0.015104166666666667 0.019880715705765408
0 0.12239583333333333 0.0636182902584493 0.010416666666666666 0.02186878727634195
0 0.73515625 0.06610337972166998 0.0109375 0.014910536779324055
0 0.990625 0.07852882703777336 0.01875 0.033797216699801194
0 0.22708333333333333 0.09691848906560636 0.008333333333333333 0.030815109343936383
0 0.9872395833333333 0.11878727634194831 0.021354166666666667 0.030815109343936383
0 0.5559895833333334 0.11779324055666004 0.0109375 0.02882703777335984
0 0.20078125 0.12524850894632206 0.0067708333333333336 0.039761431411530816
0 0.5783854166666667 0.1441351888667992 0.013020833333333334 0.03180914512922465
0 0.4359375 0.15755467196819087 0.007291666666666667 0.036779324055666
0 0.08515625 0.16749502982107356 0.015104166666666667 0.04473161033797217
0 0.0375 0.17147117296222664 0.01875 0.0268389662027833
0 0.9375 0.17246520874751492 0.0125 0.02286282306163022
0 0.020572916666666666 0.19035785288270377 0.0203125 0.02882703777335984
0 0.9901041666666667 0.19831013916500995 0.011458333333333333 0.02485089463220676
0 0.6005208333333333 0.20974155069582506 0.004166666666666667 0.02385685884691849
0 0.6614583333333334 0.21520874751491054 0.005208333333333333 0.030815109343936383
0 0.5653645833333333 0.21272365805168986 0.008854166666666666 0.02584493041749503
0 0.2234375 0.22365805168986083 0.010416666666666666 0.03578528827037773
0 0.3692708333333333 0.22962226640159045 0.015625 0.009940357852882704
0 0.08723958333333333 0.2584493041749503 0.008854166666666666 0.02982107355864811
0 0.7799479166666666 0.2614314115308151 0.015104166666666667 0.02982107355864811
0 0.4046875 0.2629224652087475 0.009375 0.018886679920477135
0 0.2791666666666667 0.268389662027833 0.013541666666666667 0.019880715705765408
0 0.5208333333333334 0.28180914512922467 0.005208333333333333 0.036779324055666
0 0.5005208333333333 0.2852882703777336 0.007291666666666667 0.02584493041749503
0 0.8408854166666667 0.2823061630218688 0.011979166666666667 0.007952286282306162
0 0.7567708333333333 0.29174950298210733 0.0125 0.018886679920477135
0 0.17708333333333334 0.29970178926441354 0.009375 0.0268389662027833
0 0.6627604166666666 0.30019880715705766 0.009895833333333333 0.02385685884691849
0 0.6502604166666667 0.3081510934393638 0.0109375 0.03777335984095427
0 0.34817708333333336 0.3096421471172962 0.008854166666666666 0.016898608349900597
0 0.7684895833333333 0.3240556660039761 0.016145833333333335 0.015904572564612324
0 0.7197916666666667 0.3230616302186879 0.019791666666666666 0.013916500994035786
0 0.5072916666666667 0.3240556660039761 0.009375 0.011928429423459244
0 0.20677083333333332 0.3499005964214712 0.008333333333333333 0.02584493041749503
0 0.8453125 0.3518886679920477 0.017708333333333333 0.019880715705765408
0 0.7270833333333333 0.3687872763419483 0.004166666666666667 0.02186878727634195
0 0.18854166666666666 0.37673956262425445 0.017708333333333333 0.02385685884691849
0 0.58046875 0.37475149105367794 0.0171875 0.013916500994035786
0 0.66328125 0.37624254473161034 0.011979166666666667 0.012922465208747515
0 0.16796875 0.38817097415506957 0.005729166666666666 0.02882703777335984
0 0.22473958333333333 0.38767395626242546 0.009895833333333333 0.02186878727634195
0 0.20677083333333332 0.3911530815109344 0.010416666666666666 0.020874751491053677
0 0.24401041666666667 0.4100397614314115 0.016145833333333335 0.018886679920477135
0 0.4544270833333333 0.42047713717693835 0.011979166666666667 0.019880715705765408
0 0.022395833333333334 0.43290258449304175 0.017708333333333333 0.040755467196819085
0 0.8716145833333333 0.43339960238568587 0.009895833333333333 0.03180914512922465
0 0.8135416666666667 0.43240556660039764 0.014583333333333334 0.015904572564612324
0 0.6747395833333333 0.4423459244532803 0.005729166666666666 0.02982107355864811
0 0.5309895833333333 0.444831013916501 0.0109375 0.02485089463220676
0 0.4640625 0.44781312127236583 0.011458333333333333 0.018886679920477135
0 0.43515625 0.4537773359840954 0.0078125 0.014910536779324055
0 0.0026041666666666665 0.4647117296222664 0.004166666666666667 0.036779324055666
0 0.6838541666666667 0.46421471172962225 0.013541666666666667 0.019880715705765408
0 0.5244791666666667 0.4701789264413519 0.005208333333333333 0.017892644135188866
0 0.46875 0.47713717693836977 0.007291666666666667 0.02584493041749503
0 0.53828125 0.4831013916500994 0.0109375 0.033797216699801194
0 0.70546875 0.4875745526838966 0.0109375 0.02882703777335984
0 0.5088541666666667 0.4985089463220676 0.014583333333333334 0.05069582504970179
0 0.7984375 0.4970178926441352 0.010416666666666666 0.0437375745526839
0 0.45729166666666665 0.49105367793240556 0.007291666666666667 0.027833001988071572
0 0.12526041666666668 0.49105367793240556 0.028645833333333332 0.02385685884691849
0 0.7169270833333333 0.5014910536779325 0.008854166666666666 0.040755467196819085
0 0.49166666666666664 0.4985089463220676 0.019791666666666666 0.03479125248508946
0 0.9403645833333333 0.4990059642147117 0.0109375 0.033797216699801194
0 0.5971354166666667 0.49254473161033796 0.018229166666666668 0.012922465208747515
0 0.53671875 0.510934393638171 0.019270833333333334 0.03777335984095427
0 0.8880208333333334 0.5203777335984096 0.0125 0.03479125248508946
0 0.8158854166666667 0.5178926441351889 0.009895833333333333 0.02584493041749503
0 0.7643229166666666 0.5193836978131213 0.008854166666666666 0.02485089463220676
0 0.5744791666666667 0.518389662027833 0.0125 0.018886679920477135
0 0.2359375 0.5308151093439364 0.025 0.04572564612326044
0 0.85078125 0.5288270377733598 0.024479166666666666 0.02186878727634195
0 0.06875 0.5362823061630219 0.0125 0.030815109343936383
0 0.4546875 0.5342942345924453 0.014583333333333334 0.010934393638170975
0 0.5200520833333333 0.540258449304175 0.0140625 0.014910536779324055
0 0.40651041666666665 0.5457256461232605 0.016145833333333335 0.02584493041749503
0 0.79140625 0.5581510934393639 0.008854166666666666 0.04671968190854871
0 0.5791666666666667 0.5511928429423459 0.010416666666666666 0.0268389662027833
0 0.5377604166666666 0.5487077534791253 0.011979166666666667 0.011928429423459244
0 0.8432291666666667 0.555168986083499 0.022916666666666665 0.016898608349900597
0 0.6533854166666667 0.5526838966202783 0.008854166666666666 0.013916500994035786
0 0.81484375 0.5720675944333996 0.005729166666666666 0.02485089463220676
0 0.7283854166666667 0.5740556660039762 0.0203125 0.02485089463220676
0 0.42265625 0.5755467196819085 0.0067708333333333336 0.017892644135188866
0 0.403125 0.577037773359841 0.010416666666666666 0.012922465208747515
0 0.28098958333333335 0.5790258449304175 0.0078125 0.016898608349900597
0 0.10078125 0.5899602385685885 0.011979166666666667 0.040755467196819085
0 0.8416666666666667 0.5805168986083499 0.013541666666666667 0.015904572564612324
0 0.16666666666666666 0.5944333996023857 0.034375 0.04572564612326044
0 0.51328125 0.5820079522862823 0.019270833333333334 0.010934393638170975
0 0.9067708333333333 0.5924453280318092 0.0125 0.017892644135188866
0 0.80234375 0.6018886679920478 0.018229166666666668 0.0268389662027833
0 0.6033854166666667 0.5979125248508946 0.0109375 0.010934393638170975
0 0.4505208333333333 0.6018886679920478 0.019791666666666666 0.014910536779324055
0 0.5234375 0.606858846918489 0.009375 0.02286282306163022
0 0.30078125 0.6217693836978131 0.0140625 0.036779324055666
0 0.7895833333333333 0.6267395626242545 0.017708333333333333 0.03876739562624255
0 0.6361979166666667 0.6247514910536779 0.021354166666666667 0.03479125248508946
0 0.3963541666666667 0.6177932405566601 0.008333333333333333 0.018886679920477135
0 0.5997395833333333 0.6247514910536779 0.0296875 0.030815109343936383
0 0.6598958333333333 0.6272365805168986 0.022916666666666665 0.013916500994035786
0 0.06328125 0.6461232604373758 0.011979166666666667 0.039761431411530816
0 0.5018229166666667 0.6381709741550696 0.0109375 0.02186878727634195
0 0.43828125 0.6426441351888668 0.0140625 0.02485089463220676
0 0.1796875 0.654572564612326 0.016666666666666666 0.03876739562624255
0 0.48046875 0.6520874751491054 0.0140625 0.02982107355864811
0 0.7729166666666667 0.6620278330019881 0.0125 0.03578528827037773
0 0.5075520833333333 0.6679920477137177 0.011979166666666667 0.04771371769383698
0 0.9669270833333333 0.6665009940357853 0.0109375 0.036779324055666
0 0.5356770833333333 0.6535785288270378 0.008854166666666666 0.010934393638170975
0 0.0067708333333333336 0.6704771371769384 0.0125 0.032803180914512925
0 0.7981770833333334 0.679920477137177 0.018229166666666668 0.03578528827037773
0 0.6997395833333333 0.6734592445328031 0.011979166666666667 0.012922465208747515
0 0.48020833333333335 0.6764413518886679 0.008333333333333333 0.010934393638170975
0 0.8432291666666667 0.6898608349900597 0.008333333333333333 0.033797216699801194
0 0.4934895833333333 0.6858846918489065 0.0109375 0.02385685884691849
0 0.4283854166666667 0.6794234592445328 0.015104166666666667 0.008946322067594433
0 0.5513020833333333 0.6878727634194831 0.011979166666666667 0.013916500994035786
0 0.7088541666666667 0.7042743538767395 0.01875 0.03479125248508946
0 0.9169270833333333 0.7246520874751491 0.019270833333333334 0.05765407554671968
0 0.59609375 0.7042743538767395 0.016145833333333335 0.014910536779324055
0 0.4109375 0.7087475149105368 0.007291666666666667 0.02385685884691849
0 0.7541666666666667 0.7196819085487077 0.023958333333333335 0.027833001988071572
0 0.5223958333333333 0.7206759443339961 0.010416666666666666 0.02385685884691849
0 0.8869791666666667 0.7331013916500994 0.019791666666666666 0.03876739562624255
0 0.4270833333333333 0.7201789264413518 0.014583333333333334 0.010934393638170975
0 0.74140625 0.7445328031809145 0.025520833333333333 0.03180914512922465
0 0.6174479166666667 0.7475149105367793 0.0109375 0.019880715705765408
0 0.08515625 0.7529821073558648 0.011979166666666667 0.018886679920477135
0 0.58359375 0.7634194831013916 0.0046875 0.02584493041749503
0 0.5231770833333333 0.7723658051689861 0.009895833333333333 0.041749502982107355
0 0.6239583333333333 0.7639165009940357 0.015625 0.010934393638170975
0 0.7760416666666666 0.7768389662027833 0.007291666666666667 0.02882703777335984
0 0.11171875 0.7862823061630219 0.0109375 0.039761431411530816
0 0.9135416666666667 0.7783300198807157 0.01875 0.017892644135188866
0 0.6091145833333333 0.7877733598409543 0.0203125 0.03479125248508946
0 0.8234375 0.8106361829025845 0.017708333333333333 0.036779324055666
0 0.7611979166666667 0.8081510934393639 0.016145833333333335 0.017892644135188866
0 0.45677083333333335 0.8235586481113321 0.011458333333333333 0.03479125248508946
0 0.77890625 0.8205765407554672 0.0171875 0.018886679920477135
0 0.7263020833333333 0.8195825049701789 0.0067708333333333336 0.016898608349900597
0 0.7463541666666667 0.8290258449304175 0.017708333333333333 0.013916500994035786
0 0.5770833333333333 0.8339960238568589 0.005208333333333333 0.02385685884691849
0 0.8197916666666667 0.8409542743538767 0.009375 0.02982107355864811
0 0.6825520833333333 0.8558648111332008 0.009895833333333333 0.04771371769383698
0 0.06302083333333333 0.8518886679920478 0.020833333333333332 0.02982107355864811
0 0.5682291666666667 0.8633200795228628 0.0125 0.05069582504970179
0 0.74921875 0.8459244532803181 0.0140625 0.009940357852882704
0 0.5263020833333333 0.8583499005964215 0.0046875 0.020874751491053677
0 0.553125 0.8757455268389662 0.015625 0.011928429423459244
0 0.65625 0.8802186878727635 0.015625 0.014910536779324055
0 0.584375 0.8757455268389662 0.013541666666666667 0.007952286282306162
0 0.4515625 0.8836978131212724 0.010416666666666666 0.02385685884691849
0 0.31953125 0.9030815109343936 0.0046875 0.02882703777335984
0 0.6270833333333333 0.9130218687872763 0.007291666666666667 0.040755467196819085
0 0.8005208333333333 0.9025844930417495 0.019791666666666666 0.011928429423459244
0 0.7020833333333333 0.9085487077534792 0.011458333333333333 0.017892644135188866
0 0.46171875 0.9065606361829026 0.0067708333333333336 0.013916500994035786
0 0.7130208333333333 0.9184890656063618 0.0125 0.03180914512922465
0 0.35260416666666666 0.922962226640159 0.009375 0.040755467196819085
0 0.6682291666666667 0.9140159045725647 0.020833333333333332 0.020874751491053677
0 0.56484375 0.9224652087475149 0.013020833333333334 0.019880715705765408
0 0.43046875 0.93389662027833 0.015104166666666667 0.016898608349900597
0 0.49921875 0.9602385685884692 0.018229166666666668 0.033797216699801194
0 0.7213541666666666 0.9542743538767395 0.015625 0.013916500994035786
0 0.6427083333333333 0.9731610337972167 0.011458333333333333 0.03777335984095427
0 0.4505208333333333 0.9895626242544732 0.00625 0.018886679920477135
0 0.37890625 0.9920477137176938 0.0140625 0.013916500994035786