0 0.20729166666666668 0.015407554671968192 0.04583333333333333 0.030815109343936383
0 0.26848958333333334 0.015904572564612324 0.016145833333333335 0.03180914512922465
0 0.33541666666666664 0.019880715705765408 0.011458333333333333 0.039761431411530816
0 0.6559895833333333 0.01441351888667992 0.0265625 0.02882703777335984
0 0.8393229166666667 0.02485089463220676 0.018229166666666668 0.04970178926441352
0 0.09921875 0.016898608349900597 0.013020833333333334 0.02385685884691849
0 0.41302083333333334 0.04622266401590457 0.020833333333333332 0.02882703777335984
0 0.43411458333333336 0.06510934393638171 0.011979166666666667 0.030815109343936383
0 0.31536458333333334 0.08349900596421471 0.018229166666666668 0.05765407554671968
0 0.1765625 0.08151093439363817 0.020833333333333332 0.02186878727634195
0 0.4864583333333333 0.08697813121272366 0.017708333333333333 0.014910536779324055
0 0.5854166666666667 0.09045725646123261 0.014583333333333334 0.019880715705765408
0 0.11041666666666666 0.09990059642147117 0.0125 0.0268389662027833
0 0.12369791666666667 0.10188866799204771 0.008854166666666666 0.030815109343936383
0 0.2721354166666667 0.11530815109343936 0.009895833333333333 0.04771371769383698
0 0.40286458333333336 0.11133200795228629 0.0078125 0.03578528827037773
0 0.5325520833333334 0.12027833001988071 0.016145833333333335 0.041749502982107355
0 0.5861979166666667 0.11878727634194831 0.008854166666666666 0.02286282306163022
0 0.25234375 0.12823061630218688 0.018229166666666668 0.02385685884691849
0 0.43125 0.12823061630218688 0.008333333333333333 0.013916500994035786
0 0.69375 0.13071570576540756 0.007291666666666667 0.018886679920477135
0 0.80078125 0.147117296222664 0.008854166666666666 0.017892644135188866
0 0.3963541666666667 0.16202783300198806 0.01875 0.02186878727634195
0 0.24739583333333334 0.17246520874751492 0.009375 0.036779324055666
0 0.26848958333333334 0.17693836978131214 0.016145833333333335 0.041749502982107355
0 0.175 0.1848906560636183 0.013541666666666667 0.03578528827037773
0 0.8989583333333333 0.19035785288270377 0.014583333333333334 0.040755467196819085
0 0.7135416666666666 0.1978131212723658 0.011458333333333333 0.02385685884691849
0 0.34713541666666664 0.21023856858846918 0.0359375 0.03876739562624255
0 0.30234375 0.21123260437375746 0.009895833333333333 0.016898608349900597
0 0.70859375 0.24254473161033796 0.022395833333333334 0.02385685884691849
0 0.27760416666666665 0.2529821073558648 0.007291666666666667 0.016898608349900597
0 0.21223958333333334 0.2823061630218688 0.008854166666666666 0.03180914512922465
0 0.3307291666666667 0.2947316103379722 0.022916666666666665 0.03479125248508946
0 0.76484375 0.30168986083499005 0.0234375 0.042743538767395624
0 0.8052083333333333 0.3036779324055666 0.017708333333333333 0.02485089463220676
0 0.309375 0.3305168986083499 0.010416666666666666 0.04671968190854871
0 0.14348958333333334 0.33697813121272363 0.0171875 0.04771371769383698
0 0.7809895833333333 0.3667992047713718 0.0234375 0.05168986083499006
0 0.20729166666666668 0.37524850894632206 0.013541666666666667 0.014910536779324055
0 0.31640625 0.38220675944334 0.011979166666666667 0.030815109343936383
0 0.33359375 0.3956262425447316 0.013020833333333334 0.03777335984095427
0 0.37916666666666665 0.3976143141153082 0.007291666666666667 0.03777335984095427
0 0.23619791666666667 0.40308151093439365 0.015104166666666667 0.036779324055666
0 0.2015625 0.3996023856858847 0.015625 0.013916500994035786
0 0.5684895833333333 0.4150099403578529 0.005729166666666666 0.016898608349900597
0 0.43776041666666665 0.4363817097415507 0.013020833333333334 0.033797216699801194
0 0.6325520833333333 0.4438369781312127 0.0171875 0.032803180914512925
0 0.26328125 0.44930417495029823 0.015104166666666667 0.03777335984095427
0 0.4158854166666667 0.4696819085487077 0.049479166666666664 0.036779324055666
0 0.22552083333333334 0.4721669980119284 0.022916666666666665 0.033797216699801194
0 0.34375 0.47862823061630216 0.014583333333333334 0.0268389662027833
0 0.6981770833333333 0.47514910536779326 0.021354166666666667 0.017892644135188866
0 0.7846354166666667 0.47514910536779326 0.009895833333333333 0.015904572564612324
0 0.27786458333333336 0.49204771371769385 0.0046875 0.02584493041749503
0 0.43203125 0.5004970178926441 0.0140625 0.012922465208747515
0 0.3651041666666667 0.5323061630218688 0.019791666666666666 0.032803180914512925
0 0.3260416666666667 0.5313121272365805 0.014583333333333334 0.014910536779324055
0 0.26328125 0.5497017892644135 0.013020833333333334 0.039761431411530816
0 0.21119791666666668 0.5497017892644135 0.025520833333333333 0.03180914512922465
0 0.2859375 0.5651093439363817 0.011458333333333333 0.036779324055666
0 0.3328125 0.5611332007952287 0.007291666666666667 0.012922465208747515
0 0.6747395833333333 0.5675944333996024 0.009895833333333333 0.011928429423459244
0 0.771875 0.5745526838966203 0.016666666666666666 0.017892644135188866
0 0.35 0.581013916500994 0.01875 0.018886679920477135
0 0.7192708333333333 0.5909542743538767 0.013541666666666667 0.032803180914512925
0 0.33984375 0.5974155069582505 0.0140625 0.02584493041749503
0 0.2546875 0.6078528827037774 0.008333333333333333 0.036779324055666
0 0.5984375 0.6053677932405567 0.0125 0.03180914512922465
0 0.4328125 0.5979125248508946 0.011458333333333333 0.010934393638170975
0 0.36328125 0.6038767395626242 0.0296875 0.014910536779324055
0 0.88828125 0.6197813121272365 0.013020833333333334 0.042743538767395624
0 0.8244791666666667 0.6197813121272365 0.011458333333333333 0.02485089463220676
0 0.9856770833333334 0.6351888667992047 0.027604166666666666 0.0437375745526839
0 0.3380208333333333 0.6411530815109344 0.01875 0.04970178926441352
0 0.20729166666666668 0.6307157057654076 0.011458333333333333 0.02286282306163022
0 0.76328125 0.6481113320079522 0.009895833333333333 0.027833001988071572
0 0.04401041666666667 0.6789264413518886 0.0203125 0.055666003976143144
0 0.5911458333333334 0.68389662027833 0.017708333333333333 0.013916500994035786
0 0.32734375 0.6998011928429424 0.009895833333333333 0.03578528827037773
0 0.39765625 0.6998011928429424 0.015104166666666667 0.03777335984095427
0 0.2453125 0.6933399602385686 0.01875 0.012922465208747515
0 0.28828125 0.6993041749502982 0.011979166666666667 0.016898608349900597
0 0.1875 0.7002982107355865 0.015625 0.014910536779324055
0 0.34322916666666664 0.702286282306163 0.008333333333333333 0.018886679920477135
0 0.3640625 0.7251491053677932 0.017708333333333333 0.05268389662027833
0 0.34739583333333335 0.7360834990059643 0.014583333333333334 0.018886679920477135
0 0.9536458333333333 0.7430417495029821 0.021875 0.0268389662027833
0 0.39453125 0.7450298210735586 0.011979166666666667 0.02485089463220676
0 0.29322916666666665 0.7599403578528827 0.005208333333333333 0.0268389662027833
0 0.61328125 0.7604373757455268 0.011979166666666667 0.02186878727634195
0 0.7450520833333333 0.7594433399602386 0.0046875 0.02186878727634195
0 0.43020833333333336 0.7743538767395626 0.019791666666666666 0.03180914512922465
0 0.27630208333333334 0.8041749502982107 0.013020833333333334 0.039761431411530816
0 0.4640625 0.8066600397614314 0.020833333333333332 0.032803180914512925
0 0.12161458333333333 0.8121272365805169 0.025520833333333333 0.039761431411530816
0 0.6604166666666667 0.8041749502982107 0.007291666666666667 0.02385685884691849
0 0.22838541666666667 0.8170974155069582 0.0203125 0.02584493041749503
0 0.4119791666666667 0.8330019880715706 0.017708333333333333 0.02982107355864811
0 0.13411458333333334 0.8434393638170974 0.013020833333333334 0.036779324055666
0 0.19479166666666667 0.8459244532803181 0.023958333333333335 0.041749502982107355
0 0.2674479166666667 0.8503976143141153 0.0140625 0.05069582504970179
0 0.22473958333333333 0.852882703777336 0.016145833333333335 0.033797216699801194
0 0.37734375 0.8742544731610338 0.0140625 0.014910536779324055
0 0.3190104166666667 0.9010934393638171 0.03177083333333333 0.040755467196819085
0 0.00026041666666666666 0.9214711729622267 0.0005208333333333333 0.06958250497017893
0 0.05520833333333333 0.9378727634194831 0.015625 0.03479125248508946
0 0.13958333333333334 0.944831013916501 0.016666666666666666 0.036779324055666
0 0.41171875 0.9498011928429424 0.0140625 0.02485089463220676
0 0.23333333333333334 0.9801192842942346 0.009375 0.03777335984095427
0 0.3932291666666667 0.9831013916500994 0.009375 0.03180914512922465
0 0.12890625 0.989065606361829 0.0109375 0.019880715705765408