0 0.21458333333333332 0.0054671968190854875 0.009375 0.010934393638170975
0 0.18046875 0.010437375745526839 0.015104166666666667 0.020874751491053677
0 0.6549479166666666 0.018886679920477135 0.009895833333333333 0.02982107355864811
0 0.7078125 0.0720675944333996 0.021875 0.0268389662027833
0 0.32317708333333334 0.08797216699801193 0.0046875 0.02485089463220676
0 0.559375 0.09741550695825049 0.021875 0.02584493041749503
0 0.27239583333333334 0.09990059642147117 0.020833333333333332 0.018886679920477135
0 0.58125 0.11332007952286283 0.015625 0.03777335984095427
0 0.93046875 0.11083499005964215 0.0140625 0.02485089463220676
0 0.005729166666666666 0.11878727634194831 0.010416666666666666 0.03479125248508946
0 0.4859375 0.15457256461232605 0.010416666666666666 0.03876739562624255
0 0.46041666666666664 0.1525844930417495 0.020833333333333332 0.014910536779324055
0 0.9877604166666667 0.1833996023856859 0.009895833333333333 0.032803180914512925
0 0.0484375 0.1933399602385686 0.013541666666666667 0.02286282306163022
0 0.7471354166666667 0.24055666003976142 0.008854166666666666 0.03578528827037773
0 0.6971354166666667 0.24602385685884692 0.011979166666666667 0.04671968190854871
0 0.6690104166666667 0.27634194831013914 0.0109375 0.033797216699801194
0 0.3921875 0.28777335984095426 0.014583333333333334 0.016898608349900597
0 0.9809895833333333 0.2957256461232604 0.0171875 0.0268389662027833
0 0.37526041666666665 0.297713717693837 0.0171875 0.012922465208747515
0 0.6744791666666666 0.3096421471172962 0.021875 0.0268389662027833
0 0.69453125 0.3523856858846918 0.0036458333333333334 0.02286282306163022
0 0.3736979166666667 0.34840954274353875 0.0067708333333333336 0.012922465208747515
0 0.34088541666666666 0.36182902584493043 0.015104166666666667 0.017892644135188866
0 0.5911458333333334 0.3702783300198807 0.015625 0.02485089463220676
0 0.30416666666666664 0.3727634194831014 0.009375 0.03180914512922465
0 0.6565104166666667 0.38071570576540753 0.011979166666666667 0.011928429423459244
0 0.0049479166666666664 0.4010934393638171 0.008854166666666666 0.02286282306163022
0 0.6916666666666667 0.4070576540755467 0.017708333333333333 0.02485089463220676
0 0.4744791666666667 0.4025844930417495 0.014583333333333334 0.013916500994035786
0 0.521875 0.41302186878727637 0.00625 0.02882703777335984
0 0.9010416666666666 0.4209741550695825 0.021875 0.02882703777335984
0 0.8205729166666667 0.41749502982107356 0.018229166666666668 0.011928429423459244
0 0.609375 0.4239562624254473 0.010416666666666666 0.02485089463220676
0 0.15963541666666667 0.43439363817097415 0.018229166666666668 0.03180914512922465
0 0.7020833333333333 0.4294234592445328 0.0125 0.009940357852882704
0 0.7479166666666667 0.4393638170974155 0.0125 0.02385685884691849
0 0.6802083333333333 0.4388667992047714 0.021875 0.014910536779324055
0 0.6557291666666667 0.444831013916501 0.010416666666666666 0.02286282306163022
0 0.3411458333333333 0.4403578528827038 0.011458333333333333 0.011928429423459244
0 0.3546875 0.44781312127236583 0.011458333333333333 0.018886679920477135
0 0.46145833333333336 0.46272365805168986 0.013541666666666667 0.032803180914512925
0 0.6127604166666667 0.4686878727634195 0.013020833333333334 0.02882703777335984
0 0.47604166666666664 0.47912524850894633 0.00625 0.02584493041749503
0 0.32109375 0.4801192842942346 0.009895833333333333 0.013916500994035786
0 0.024479166666666666 0.5 0.027083333333333334 0.05168986083499006
0 0.21484375 0.5064612326043738 0.008854166666666666 0.02286282306163022
0 0.6513020833333333 0.5313121272365805 0.008854166666666666 0.042743538767395624
0 0.6125 0.5447316103379721 0.013541666666666667 0.011928429423459244
0 0.13802083333333334 0.5666003976143141 0.014583333333333334 0.0437375745526839
0 0.7625 0.5506958250497018 0.010416666666666666 0.009940357852882704
0 0.8729166666666667 0.5735586481113321 0.010416666666666666 0.03578528827037773
0 0.3919270833333333 0.5695825049701789 0.018229166666666668 0.015904572564612324
0 0.5083333333333333 0.5750497017892644 0.019791666666666666 0.020874751491053677
0 0.5731770833333333 0.5859840954274353 0.015104166666666667 0.02882703777335984
0 0.7921875 0.5820079522862823 0.013541666666666667 0.010934393638170975
0 0.8302083333333333 0.5924453280318092 0.014583333333333334 0.02186878727634195
0 0.6140625 0.5984095427435387 0.014583333333333334 0.02982107355864811
0 0.6510416666666666 0.6033797216699801 0.017708333333333333 0.027833001988071572
0 0.4234375 0.5994035785288271 0.014583333333333334 0.013916500994035786
0 0.5953125 0.6153081510934394 0.017708333333333333 0.02584493041749503
0 0.63515625 0.6232604373757455 0.0109375 0.02385685884691849
0 0.7015625 0.6481113320079522 0.019791666666666666 0.04771371769383698
0 0.4578125 0.6381709741550696 0.00625 0.027833001988071572
0 0.58359375 0.6421471172962226 0.008854166666666666 0.02584493041749503
0 0.6184895833333334 0.6505964214711729 0.0109375 0.03876739562624255
0 0.3614583333333333 0.6540755467196819 0.013541666666666667 0.04572564612326044
0 0.012239583333333333 0.6515904572564613 0.011979166666666667 0.032803180914512925
0 0.6505208333333333 0.6520874751491054 0.020833333333333332 0.027833001988071572
0 0.46979166666666666 0.6466202783300199 0.010416666666666666 0.012922465208747515
0 0.49973958333333335 0.658051689860835 0.013020833333333334 0.015904572564612324
0 0.5513020833333333 0.6724652087475149 0.009895833333333333 0.010934393638170975
0 0.5690104166666666 0.6749502982107356 0.011979166666666667 0.005964214711729622
0 0.6854166666666667 0.6883697813121272 0.016666666666666666 0.018886679920477135
0 0.396875 0.6978131212723658 0.0125 0.019880715705765408
0 0.5231770833333333 0.7032803180914513 0.0109375 0.0268389662027833
0 0.49609375 0.7027833001988072 0.009895833333333333 0.017892644135188866
0 0.8036458333333333 0.7162027833001988 0.010416666666666666 0.02485089463220676
0 0.6911458333333333 0.7181908548707754 0.014583333333333334 0.020874751491053677
0 0.38697916666666665 0.7281312127236581 0.0125 0.040755467196819085
0 0.37005208333333334 0.7181908548707754 0.008854166666666666 0.018886679920477135
0 0.5765625 0.7360834990059643 0.0125 0.04473161033797217
0 0.98828125 0.7410536779324056 0.0234375 0.042743538767395624
0 0.6458333333333334 0.7221669980119284 0.013541666666666667 0.006958250497017893
0 0.5307291666666667 0.7400596421471173 0.005208333333333333 0.018886679920477135
0 0.6244791666666667 0.7549701789264414 0.008333333333333333 0.032803180914512925
0 0.6986979166666667 0.7564612326043738 0.011979166666666667 0.02385685884691849
0 0.4427083333333333 0.7659045725646123 0.005208333333333333 0.02286282306163022
0 0.3046875 0.7808151093439364 0.013541666666666667 0.030815109343936383
0 0.19583333333333333 0.7818091451292246 0.020833333333333332 0.02485089463220676
0 0.5598958333333334 0.7823061630218688 0.013541666666666667 0.015904572564612324
0 0.9997395833333333 0.8290258449304175 0.0005208333333333333 0.073558648111332
0 0.7263020833333333 0.8136182902584493 0.009895833333333333 0.02882703777335984
0 0.5895833333333333 0.81610337972167 0.016666666666666666 0.015904572564612324
0 0.50546875 0.8225646123260437 0.0036458333333333334 0.02286282306163022
0 0.64296875 0.8439363817097415 0.0140625 0.007952286282306162
0 0.6002604166666666 0.8543737574552683 0.011979166666666667 0.010934393638170975
0 0.5458333333333333 0.8563618290258449 0.019791666666666666 0.016898608349900597
0 0.31979166666666664 0.8707753479125249 0.008333333333333333 0.02982107355864811
0 0.36666666666666664 0.8941351888667992 0.015625 0.02882703777335984
0 0.8473958333333333 0.9020874751491054 0.007291666666666667 0.032803180914512925
0 0.5794270833333334 0.9065606361829026 0.019270833333333334 0.027833001988071572
0 0.9932291666666667 0.9150099403578529 0.013541666666666667 0.02485089463220676
0 0.30442708333333335 0.9209741550695825 0.016145833333333335 0.0268389662027833
0 0.2546875 0.9254473161033797 0.008333333333333333 0.03578528827037773
0 0.39114583333333336 0.9343936381709742 0.0125 0.03180914512922465
0 0.9997395833333333 0.9488071570576541 0.0005208333333333333 0.05467196819085487
0 0.27109375 0.9393638170974155 0.005729166666666666 0.02982107355864811
0 0.7356770833333334 0.9418489065606361 0.013020833333333334 0.030815109343936383
0 0.51171875 0.9458250497017893 0.0078125 0.032803180914512925
0 0.428125 0.9642147117296223 0.01875 0.055666003976143144
0 0.20416666666666666 0.959741550695825 0.015625 0.032803180914512925
0 0.6763020833333333 0.959741550695825 0.009895833333333333 0.02286282306163022
0 0.603125 0.9652087475149106 0.007291666666666667 0.019880715705765408
0 0.7557291666666667 0.9781312127236581 0.027083333333333334 0.041749502982107355
0 0.5028645833333333 0.9731610337972167 0.0046875 0.019880715705765408
0 0.13359375 0.9865805168986084 0.013020833333333334 0.02485089463220676
0 0.9283854166666666 0.9875745526838966 0.019270833333333334 0.02286282306163022
0 0.9559895833333333 0.9905566600397614 0.0140625 0.016898608349900597