0 0.12786458333333334 0.0064612326043737576 0.015104166666666667 0.012922465208747515
0 0.011197916666666667 0.02584493041749503 0.0078125 0.013916500994035786
0 0.63984375 0.031312127236580514 0.0067708333333333336 0.014910536779324055
0 0.4309895833333333 0.04920477137176938 0.005729166666666666 0.02286282306163022
0 0.7604166666666666 0.05417495029821073 0.011458333333333333 0.014910536779324055
0 0.7059895833333333 0.060139165009940355 0.005729166666666666 0.016898608349900597
0 0.80390625 0.06759443339960239 0.0171875 0.02584493041749503
0 0.9989583333333333 0.08598409542743539 0.0010416666666666667 0.05666003976143141
0 0.67890625 0.07703777335984095 0.011979166666666667 0.010934393638170975
0 0.51015625 0.09145129224652088 0.013020833333333334 0.017892644135188866
0 0.29322916666666665 0.10089463220675944 0.0125 0.018886679920477135
0 0.78359375 0.10685884691848907 0.013020833333333334 0.014910536779324055
0 0.4122395833333333 0.13071570576540756 0.013020833333333334 0.018886679920477135
0 0.9533854166666667 0.14165009940357853 0.0140625 0.0268389662027833
0 0.8596354166666667 0.14165009940357853 0.013020833333333334 0.018886679920477135
0 0.19427083333333334 0.15009940357852883 0.017708333333333333 0.03180914512922465
0 0.34765625 0.15009940357852883 0.013020833333333334 0.017892644135188866
0 0.5901041666666667 0.1550695825049702 0.017708333333333333 0.011928429423459244
0 0.9158854166666667 0.1610337972166998 0.008854166666666666 0.015904572564612324
0 0.1296875 0.17246520874751492 0.016666666666666666 0.02286282306163022
0 0.03177083333333333 0.17693836978131214 0.015625 0.019880715705765408
0 0.9677083333333333 0.176441351888668 0.009375 0.020874751491053677
0 0.7783854166666667 0.1848906560636183 0.025520833333333333 0.03180914512922465
0 0.20182291666666666 0.17842942345924453 0.0078125 0.010934393638170975
0 0.3346354166666667 0.1978131212723658 0.0078125 0.03180914512922465
0 0.8684895833333334 0.19731610337972166 0.008854166666666666 0.0268389662027833
0 0.45 0.2047713717693837 0.015625 0.013916500994035786
0 0.9580729166666667 0.20526838966202784 0.0078125 0.014910536779324055
0 0.9622395833333334 0.22365805168986083 0.015104166666666667 0.013916500994035786
0 0.7596354166666667 0.22962226640159045 0.008854166666666666 0.015904572564612324
0 0.44114583333333335 0.23658051689860835 0.010416666666666666 0.011928429423459244
0 0.14401041666666667 0.24751491053677932 0.0140625 0.02584493041749503
0 0.5158854166666667 0.2509940357852883 0.0140625 0.018886679920477135
0 0.2859375 0.2644135188866799 0.013541666666666667 0.03578528827037773
0 0.278125 0.27087475149105367 0.009375 0.012922465208747515
0 0.9098958333333333 0.2788270377733598 0.014583333333333334 0.02485089463220676
0 0.3028645833333333 0.28876739562624254 0.0109375 0.036779324055666
0 0.7171875 0.28330019880715707 0.0125 0.009940357852882704
0 0.5278645833333333 0.30019880715705766 0.005729166666666666 0.03180914512922465
0 0.8971354166666666 0.30268389662027834 0.0078125 0.018886679920477135
0 0.8716145833333333 0.323558648111332 0.024479166666666666 0.020874751491053677
0 0.99296875 0.34940357852882703 0.013020833333333334 0.016898608349900597
0 0.5065104166666666 0.34940357852882703 0.0203125 0.012922465208747515
0 0.80078125 0.3503976143141153 0.0140625 0.012922465208747515
0 0.95546875 0.3553677932405567 0.011979166666666667 0.02286282306163022
0 0.18046875 0.3573558648111332 0.0109375 0.014910536779324055
0 0.34765625 0.3628230616302187 0.019270833333333334 0.027833001988071572
0 0.87109375 0.3648111332007952 0.0078125 0.02385685884691849
0 0.81796875 0.3797216699801193 0.009895833333333333 0.009940357852882704
0 0.8143229166666667 0.3976143141153082 0.015104166666666667 0.011928429423459244
0 0.39088541666666665 0.3991053677932406 0.013020833333333334 0.010934393638170975
0 0.6330729166666667 0.40755467196819084 0.0140625 0.027833001988071572
0 0.72109375 0.40556660039761433 0.0109375 0.017892644135188866
0 0.99375 0.40159045725646125 0.011458333333333333 0.009940357852882704
0 0.10625 0.41302186878727637 0.015625 0.02485089463220676
0 0.33098958333333334 0.41998011928429424 0.0203125 0.018886679920477135
0 0.6716145833333333 0.4224652087475149 0.011979166666666667 0.009940357852882704
0 0.12734375 0.4289264413518887 0.018229166666666668 0.016898608349900597
0 0.22239583333333332 0.4309145129224652 0.01875 0.014910536779324055
0 0.7229166666666667 0.43489065606361826 0.0125 0.014910536779324055
0 0.5953125 0.4398608349900596 0.013541666666666667 0.010934393638170975
0 0.7252604166666666 0.4562624254473161 0.008854166666666666 0.017892644135188866
0 0.07604166666666666 0.4686878727634195 0.013541666666666667 0.03876739562624255
0 0.9671875 0.46073558648111335 0.011458333333333333 0.02485089463220676
0 0.78515625 0.46669980119284293 0.0067708333333333336 0.02485089463220676
0 0.5171875 0.4801192842942346 0.0125 0.0437375745526839
0 0.6770833333333334 0.4835984095427435 0.015625 0.010934393638170975
0 0.809375 0.4865805168986084 0.005208333333333333 0.014910536779324055
0 0.7729166666666667 0.4975149105367793 0.015625 0.020874751491053677
0 0.93671875 0.5034791252485089 0.011979166666666667 0.020874751491053677
0 0.6903645833333333 0.4995029821073559 0.011979166666666667 0.010934393638170975
0 0.7989583333333333 0.5089463220675944 0.009375 0.017892644135188866
0 0.9755208333333333 0.5273359840954275 0.008333333333333333 0.0268389662027833
0 0.99375 0.5283300198807157 0.011458333333333333 0.02485089463220676
0 0.61796875 0.5318091451292246 0.0171875 0.027833001988071572
0 0.5450520833333333 0.5283300198807157 0.0203125 0.014910536779324055
0 0.8489583333333334 0.5397614314115308 0.007291666666666667 0.02982107355864811
0 0.5692708333333333 0.536779324055666 0.010416666666666666 0.011928429423459244
0 0.4747395833333333 0.5501988071570576 0.019270833333333334 0.02882703777335984
0 0.5877604166666667 0.5427435387673957 0.015104166666666667 0.013916500994035786
0 0.67890625 0.5432405566600398 0.0109375 0.014910536779324055
0 0.784375 0.5447316103379721 0.016666666666666666 0.011928429423459244
0 0.5083333333333333 0.5755467196819085 0.011458333333333333 0.03777335984095427
0 0.7846354166666667 0.570079522862823 0.0140625 0.008946322067594433
0 0.6015625 0.5815109343936382 0.007291666666666667 0.02186878727634195
0 0.31015625 0.5924453280318092 0.0109375 0.02982107355864811
0 0.8229166666666666 0.5864811133200796 0.011458333333333333 0.013916500994035786
0 0.09348958333333333 0.6048707753479126 0.0109375 0.03479125248508946
0 0.9692708333333333 0.6038767395626242 0.019791666666666666 0.0268389662027833
0 0.4315104166666667 0.6053677932405567 0.0234375 0.027833001988071572
0 0.99453125 0.6058648111332008 0.009895833333333333 0.0268389662027833
0 0.32421875 0.614314115308151 0.011979166666666667 0.02385685884691849
0 0.63359375 0.6177932405566601 0.0109375 0.020874751491053677
0 0.5419270833333333 0.6192842942345924 0.009895833333333333 0.011928429423459244
0 0.6221354166666667 0.6282306163021869 0.0078125 0.02385685884691849
0 0.8005208333333333 0.6322067594433399 0.014583333333333334 0.015904572564612324
0 0.86484375 0.6317097415506958 0.016145833333333335 0.016898608349900597
0 0.5489583333333333 0.635685884691849 0.00625 0.014910536779324055
0 0.8328125 0.6341948310139165 0.011458333333333333 0.011928429423459244
0 0.8708333333333333 0.6476143141153081 0.013541666666666667 0.014910536779324055
0 0.5479166666666667 0.6674950298210736 0.013541666666666667 0.03479125248508946
0 0.6791666666666667 0.6635188866799204 0.009375 0.0268389662027833
0 0.48828125 0.6600397614314115 0.019270833333333334 0.017892644135188866
0 0.6005208333333333 0.6694831013916501 0.013541666666666667 0.016898608349900597
0 0.9002604166666667 0.6734592445328031 0.005729166666666666 0.02286282306163022
0 0.7872395833333333 0.6809145129224652 0.011979166666666667 0.017892644135188866
0 0.428125 0.6824055666003976 0.013541666666666667 0.010934393638170975
0 0.73125 0.7042743538767395 0.011458333333333333 0.02485089463220676
0 0.99453125 0.7162027833001988 0.009895833333333333 0.02882703777335984
0 0.6307291666666667 0.7176938369781312 0.007291666666666667 0.017892644135188866
0 0.68125 0.7176938369781312 0.009375 0.007952286282306162
0 0.7140625 0.7221669980119284 0.00625 0.018886679920477135
0 0.753125 0.7286282306163022 0.005208333333333333 0.02584493041749503
0 0.8611979166666667 0.7335984095427436 0.0109375 0.02982107355864811
0 0.13333333333333333 0.7276341948310139 0.014583333333333334 0.009940357852882704
0 0.6705729166666666 0.7475149105367793 0.011979166666666667 0.03777335984095427
0 0.61015625 0.7490059642147118 0.013020833333333334 0.036779324055666
0 0.4317708333333333 0.7554671968190855 0.019791666666666666 0.033797216699801194
0 0.32135416666666666 0.7564612326043738 0.010416666666666666 0.019880715705765408
0 0.75 0.7569582504970179 0.010416666666666666 0.018886679920477135
0 0.22395833333333334 0.7619284294234593 0.015625 0.02485089463220676
0 0.7109375 0.7659045725646123 0.015625 0.018886679920477135
0 0.23880208333333333 0.7743538767395626 0.015104166666666667 0.019880715705765408
0 0.32578125 0.7788270377733598 0.009895833333333333 0.018886679920477135
0 0.6322916666666667 0.7932405566600398 0.027083333333333334 0.04970178926441352
0 0.6950520833333333 0.7813121272365805 0.011979166666666667 0.02584493041749503
0 0.5109375 0.7837972166998012 0.007291666666666667 0.020874751491053677
0 0.5372395833333333 0.7833001988071571 0.015104166666666667 0.02186878727634195
0 0.6755208333333333 0.7768389662027833 0.009375 0.008946322067594433
0 0.7052083333333333 0.805168986083499 0.014583333333333334 0.02982107355864811
0 0.8044270833333333 0.805168986083499 0.0078125 0.019880715705765408
0 0.6580729166666667 0.805168986083499 0.0109375 0.017892644135188866
0 0.9453125 0.8071570576540755 0.028125 0.02186878727634195
0 0.7536458333333333 0.8101391650099403 0.011458333333333333 0.019880715705765408
0 0.5161458333333333 0.8141153081510935 0.00625 0.02186878727634195
0 0.43776041666666665 0.8195825049701789 0.018229166666666668 0.012922465208747515
0 0.7205729166666667 0.8265407554671969 0.0046875 0.020874751491053677
0 0.6734375 0.8240556660039762 0.009375 0.011928429423459244
0 0.82421875 0.8265407554671969 0.015104166666666667 0.012922465208747515
0 0.5028645833333333 0.8305168986083499 0.009895833333333333 0.012922465208747515
0 0.5723958333333333 0.8479125248508946 0.011458333333333333 0.0437375745526839
0 0.86328125 0.8315109343936382 0.0171875 0.010934393638170975
0 0.013541666666666667 0.8389662027833003 0.013541666666666667 0.02186878727634195
0 0.9424479166666667 0.8359840954274353 0.021354166666666667 0.011928429423459244
0 0.61328125 0.8469184890656064 0.009895833333333333 0.02584493041749503
0 0.66328125 0.845427435387674 0.016145833333333335 0.014910536779324055
0 0.6440104166666667 0.8444333996023857 0.011979166666666667 0.008946322067594433
0 0.6893229166666667 0.8608349900596421 0.018229166666666668 0.03578528827037773
0 0.5296875 0.8697813121272365 0.00625 0.013916500994035786
0 0.6583333333333333 0.878727634194831 0.009375 0.02385685884691849
0 0.7263020833333333 0.878727634194831 0.011979166666666667 0.015904572564612324
0 0.66640625 0.885685884691849 0.0046875 0.02584493041749503
0 0.7526041666666666 0.8851888667992047 0.011458333333333333 0.016898608349900597
0 0.5755208333333334 0.8841948310139165 0.009375 0.012922465208747515
0 0.62578125 0.8926441351888668 0.016145833333333335 0.027833001988071572
0 0.6486979166666667 0.8936381709741551 0.022395833333333334 0.03180914512922465
0 0.7033854166666667 0.8951292246520874 0.008854166666666666 0.032803180914512925
0 0.8776041666666666 0.897117296222664 0.011458333333333333 0.02882703777335984
0 0.5270833333333333 0.9010934393638171 0.025 0.02882703777335984
0 0.5958333333333333 0.9165009940357853 0.015625 0.041749502982107355
0 0.5518229166666667 0.9169980119284294 0.011979166666666667 0.030815109343936383
0 0.8984375 0.9140159045725647 0.0125 0.018886679920477135
0 0.51796875 0.9259443339960238 0.0140625 0.036779324055666
0 0.6234375 0.9358846918489065 0.028125 0.05268389662027833
0 0.7848958333333333 0.918986083499006 0.014583333333333334 0.008946322067594433
0 0.5666666666666667 0.9403578528827038 0.014583333333333334 0.027833001988071572
0 0.6481770833333333 0.944831013916501 0.015104166666666667 0.020874751491053677
0 0.8984375 0.9438369781312127 0.01875 0.018886679920477135
0 0.38984375 0.9507952286282306 0.0067708333333333336 0.0268389662027833
0 0.79765625 0.9473161033797217 0.0171875 0.015904572564612324
0 0.7223958333333333 0.9547713717693836 0.017708333333333333 0.02286282306163022
0 0.5372395833333333 0.9647117296222664 0.015104166666666667 0.036779324055666
0 0.50859375 0.9691848906560636 0.0109375 0.02385685884691849
0 0.7940104166666667 0.9716699801192843 0.0078125 0.02882703777335984
0 0.42994791666666665 0.9766401590457257 0.0171875 0.032803180914512925
0 0.6091145833333333 0.9776341948310139 0.0140625 0.02286282306163022
0 0.8903645833333333 0.9791252485089463 0.0078125 0.02186878727634195
0 0.47994791666666664 0.9771371769383698 0.016145833333333335 0.009940357852882704
0 0.6411458333333333 0.9811133200795229 0.00625 0.015904572564612324
0 0.5911458333333334 0.9870775347912525 0.019791666666666666 0.02385685884691849
0 0.6627604166666666 0.9875745526838966 0.0067708333333333336 0.02286282306163022
0 0.9591145833333333 0.9880715705765407 0.013020833333333334 0.02186878727634195
0 0.26979166666666665 0.9850894632206759 0.007291666666666667 0.011928429423459244
0 0.7322916666666667 0.9910536779324056 0.014583333333333334 0.007952286282306162