0 0.6578125 0.0064612326043737576 0.00625 0.012922465208747515
0 0.16666666666666666 0.0054671968190854875 0.007291666666666667 0.010934393638170975
0 0.184375 0.020874751491053677 0.011458333333333333 0.027833001988071572
0 0.6895833333333333 0.026341948310139165 0.015625 0.018886679920477135
0 0.5684895833333333 0.033797216699801194 0.008854166666666666 0.02584493041749503
0 0.5346354166666667 0.032803180914512925 0.005729166666666666 0.02385685884691849
0 0.4518229166666667 0.03429423459244533 0.008854166666666666 0.02485089463220676
0 0.3028645833333333 0.055666003976143144 0.0203125 0.04970178926441352
0 0.92734375 0.06411530815109344 0.028645833333333332 0.03876739562624255
0 0.5059895833333333 0.06411530815109344 0.008854166666666666 0.012922465208747515
0 0.7856770833333333 0.09990059642147117 0.024479166666666666 0.02882703777335984
0 0.53671875 0.1073558648111332 0.011979166666666667 0.02584493041749503
0 0.546875 0.13817097415506957 0.013541666666666667 0.015904572564612324
0 0.5208333333333334 0.1386679920477137 0.008333333333333333 0.014910536779324055
0 0.8216145833333334 0.16302186878727634 0.016145833333333335 0.027833001988071572
0 0.6296875 0.1908548707753479 0.03333333333333333 0.073558648111332
0 0.6028645833333334 0.20675944333996024 0.011979166666666667 0.015904572564612324
0 0.79921875 0.22564612326043737 0.018229166666666668 0.019880715705765408
0 0.8395833333333333 0.24453280318091453 0.013541666666666667 0.039761431411530816
0 0.055989583333333336 0.24751491053677932 0.011979166666666667 0.017892644135188866
0 0.665625 0.2788270377733598 0.014583333333333334 0.05268389662027833
0 0.69140625 0.27037773359840955 0.018229166666666668 0.013916500994035786
0 0.13307291666666668 0.3036779324055666 0.0078125 0.02882703777335984
0 0.9880208333333333 0.3116302186878728 0.014583333333333334 0.014910536779324055
0 0.653125 0.3245526838966203 0.007291666666666667 0.032803180914512925
0 0.5770833333333333 0.3414512922465209 0.017708333333333333 0.03479125248508946
0 0.5536458333333333 0.34443339960238567 0.005208333333333333 0.02882703777335984
0 0.69765625 0.36083499005964215 0.0171875 0.039761431411530816
0 0.19505208333333332 0.35785288270377735 0.0203125 0.02385685884691849
0 0.6479166666666667 0.3797216699801193 0.017708333333333333 0.02982107355864811
0 0.7833333333333333 0.4105367793240557 0.011458333333333333 0.027833001988071572
0 0.5541666666666667 0.43339960238568587 0.013541666666666667 0.039761431411530816
0 0.53359375 0.4393638170974155 0.0171875 0.02982107355864811
0 0.8609375 0.47763419483101394 0.021875 0.07852882703777336
0 0.8109375 0.45129224652087474 0.01875 0.015904572564612324
0 0.6947916666666667 0.452286282306163 0.019791666666666666 0.019880715705765408
0 0.38229166666666664 0.47365805168986086 0.019791666666666666 0.010934393638170975
0 0.6315104166666666 0.4821073558648111 0.009895833333333333 0.02385685884691849
0 0.06041666666666667 0.5303180914512923 0.014583333333333334 0.03479125248508946
0 0.5927083333333333 0.5333001988071571 0.015625 0.030815109343936383
0 0.51640625 0.5387673956262425 0.0078125 0.027833001988071572
0 0.24088541666666666 0.5820079522862823 0.008854166666666666 0.0268389662027833
0 0.75 0.6013916500994035 0.020833333333333332 0.027833001988071572
0 0.4002604166666667 0.643141153081511 0.0109375 0.0437375745526839
0 0.5611979166666666 0.6391650099403579 0.018229166666666668 0.03180914512922465
0 0.63046875 0.639662027833002 0.0140625 0.020874751491053677
0 0.6072916666666667 0.6570576540755467 0.016666666666666666 0.03777335984095427
0 0.53671875 0.6724652087475149 0.0234375 0.042743538767395624
0 0.5515625 0.6779324055666004 0.007291666666666667 0.009940357852882704
0 0.64296875 0.6843936381709742 0.018229166666666668 0.012922465208747515
0 0.521875 0.6918489065606361 0.007291666666666667 0.017892644135188866
0 0.48854166666666665 0.7112326043737575 0.010416666666666666 0.04671968190854871
0 0.28098958333333335 0.7102385685884692 0.018229166666666668 0.0268389662027833
0 0.6166666666666667 0.7340954274353877 0.013541666666666667 0.02882703777335984
0 0.33359375 0.73558648111332 0.013020833333333334 0.019880715705765408
0 0.5346354166666667 0.742544731610338 0.021354166666666667 0.02186878727634195
0 0.4901041666666667 0.7559642147117296 0.009375 0.030815109343936383
0 0.5986979166666667 0.7619284294234593 0.013020833333333334 0.020874751491053677
0 0.5442708333333334 0.76441351888668 0.009375 0.027833001988071572
0 0.81875 0.7688866799204771 0.026041666666666668 0.0268389662027833
0 0.659375 0.7743538767395626 0.01875 0.033797216699801194
0 0.6270833333333333 0.7733598409542743 0.014583333333333334 0.019880715705765408
0 0.5848958333333333 0.7778330019880716 0.010416666666666666 0.010934393638170975
0 0.6307291666666667 0.8021868787276342 0.013541666666666667 0.03180914512922465
0 0.6528645833333333 0.8230616302186878 0.009895833333333333 0.033797216699801194
0 0.6145833333333334 0.8175944333996024 0.011458333333333333 0.02286282306163022
0 0.7674479166666667 0.8613320079522863 0.021354166666666667 0.020874751491053677
0 0.8825520833333333 0.9060636182902585 0.0234375 0.016898608349900597
0 0.6294270833333333 0.9766401590457257 0.011979166666666667 0.04473161033797217
0 0.3640625 0.9701789264413518 0.00625 0.03180914512922465
0 0.815625 0.98558648111332 0.014583333333333334 0.0268389662027833
0 0.7903645833333334 0.9835984095427436 0.022395833333333334 0.02485089463220676
0 0.6997395833333333 0.9860834990059643 0.0067708333333333336 0.02584493041749503
0 0.7690104166666667 0.9950298210735586 0.009895833333333333 0.007952286282306162