0 0.6833333333333333 0.0621272365805169 0.021875 0.0268389662027833
0 0.9088541666666666 0.11530815109343936 0.0125 0.013916500994035786
0 0.3020833333333333 0.1550695825049702 0.009375 0.015904572564612324
0 0.8885416666666667 0.16202783300198806 0.010416666666666666 0.015904572564612324
0 0.609375 0.2773359840954274 0.013541666666666667 0.02584493041749503
0 0.53046875 0.27485089463220674 0.015104166666666667 0.02286282306163022
0 0.71171875 0.3116302186878728 0.009895833333333333 0.02485089463220676
0 0.9903645833333333 0.33697813121272363 0.0109375 0.033797216699801194
0 0.5890625 0.34691848906560635 0.0125 0.019880715705765408
0 0.5333333333333333 0.35984095427435386 0.005208333333333333 0.03777335984095427
0 0.9533854166666667 0.3802186878727634 0.009895833333333333 0.014910536779324055
0 0.8653645833333333 0.38817097415506957 0.0109375 0.030815109343936383
0 0.51796875 0.39015904572564614 0.0140625 0.010934393638170975
0 0.2877604166666667 0.4010934393638171 0.016145833333333335 0.02485089463220676
0 0.32786458333333335 0.40208747514910537 0.013020833333333334 0.012922465208747515
0 0.5427083333333333 0.441351888667992 0.005208333333333333 0.02982107355864811
0 0.59921875 0.46669980119284293 0.005729166666666666 0.02286282306163022
0 0.5145833333333333 0.47763419483101394 0.014583333333333334 0.03479125248508946
0 0.54453125 0.4801192842942346 0.0109375 0.027833001988071572
0 0.5682291666666667 0.5024850894632207 0.0125 0.05864811133200795
0 0.44817708333333334 0.5084493041749503 0.0109375 0.014910536779324055
0 0.42994791666666665 0.5134194831013916 0.018229166666666668 0.020874751491053677
0 0.5966145833333333 0.5228628230616302 0.0078125 0.019880715705765408
0 0.57421875 0.5318091451292246 0.011979166666666667 0.03578528827037773
0 0.6138020833333333 0.5372763419483101 0.011979166666666667 0.02286282306163022
0 0.66875 0.5541749502982107 0.0125 0.0268389662027833
0 0.3932291666666667 0.5695825049701789 0.007291666666666667 0.02982107355864811
0 0.5484375 0.5675944333996024 0.010416666666666666 0.02385685884691849
0 0.40963541666666664 0.5735586481113321 0.0067708333333333336 0.02186878727634195
0 0.6114583333333333 0.5775347912524851 0.009375 0.011928429423459244
0 0.5721354166666667 0.5999005964214712 0.009895833333333333 0.014910536779324055
0 0.5364583333333334 0.6386679920477137 0.014583333333333334 0.03479125248508946
0 0.45078125 0.6451292246520874 0.011979166666666667 0.019880715705765408
0 0.5859375 0.6486083499005965 0.009375 0.02286282306163022
0 0.715625 0.6575546719681908 0.015625 0.014910536779324055
0 0.5692708333333333 0.6620278330019881 0.007291666666666667 0.015904572564612324
0 0.5807291666666666 0.6794234592445328 0.015625 0.016898608349900597
0 0.6302083333333334 0.6923459244532804 0.007291666666666667 0.0268389662027833
0 0.5598958333333334 0.6868787276341949 0.007291666666666667 0.013916500994035786
0 0.6184895833333334 0.713220675944334 0.008854166666666666 0.018886679920477135
0 0.5666666666666667 0.7142147117296223 0.00625 0.018886679920477135
0 0.6369791666666667 0.7191848906560636 0.014583333333333334 0.02485089463220676
0 0.5510416666666667 0.7181908548707754 0.01875 0.014910536779324055
0 0.5783854166666667 0.7286282306163022 0.0203125 0.02982107355864811
0 0.5919270833333333 0.73558648111332 0.008854166666666666 0.017892644135188866
0 0.9854166666666667 0.7564612326043738 0.011458333333333333 0.041749502982107355
0 0.4875 0.7534791252485089 0.009375 0.027833001988071572
0 0.5260416666666666 0.7519880715705766 0.010416666666666666 0.016898608349900597
0 0.8736979166666666 0.7594433399602386 0.019270833333333334 0.02584493041749503
0 0.9950520833333333 0.808648111332008 0.009895833333333333 0.040755467196819085
0 0.7838541666666666 0.9940357852882704 0.010416666666666666 0.009940357852882704