0 0.59140625 0.008449304174950299 0.0046875 0.016898608349900597
0 0.6598958333333333 0.055666003976143144 0.013541666666666667 0.02186878727634195
0 0.99609375 0.055168986083499 0.0067708333333333336 0.020874751491053677
0 0.7143229166666667 0.07107355864811134 0.016145833333333335 0.018886679920477135
0 0.6005208333333333 0.07952286282306163 0.010416666666666666 0.013916500994035786
0 0.8041666666666667 0.08996023856858847 0.008333333333333333 0.018886679920477135
0 0.6666666666666666 0.09691848906560636 0.010416666666666666 0.020874751491053677
0 0.07760416666666667 0.11381709741550695 0.010416666666666666 0.014910536779324055
0 0.7919270833333333 0.14015904572564614 0.009895833333333333 0.011928429423459244
0 0.20104166666666667 0.16749502982107356 0.010416666666666666 0.020874751491053677
0 0.25729166666666664 0.16302186878727634 0.00625 0.013916500994035786
0 0.6270833333333333 0.16699801192842942 0.011458333333333333 0.019880715705765408
0 0.9760416666666667 0.17345924453280318 0.0125 0.020874751491053677
0 0.6046875 0.17345924453280318 0.010416666666666666 0.018886679920477135
0 0.9963541666666667 0.21371769383697814 0.00625 0.02186878727634195
0 0.9466145833333334 0.23956262425447317 0.019270833333333334 0.039761431411530816
0 0.61015625 0.23906560636182903 0.0078125 0.012922465208747515
0 0.7114583333333333 0.24453280318091453 0.008333333333333333 0.015904572564612324
0 0.73515625 0.26043737574552683 0.0109375 0.019880715705765408
0 0.9645833333333333 0.26938369781312127 0.013541666666666667 0.02186878727634195
0 0.9908854166666666 0.26938369781312127 0.0171875 0.02186878727634195
0 0.8994791666666667 0.2698807157057654 0.013541666666666667 0.014910536779324055
0 0.8229166666666666 0.31411530815109345 0.007291666666666667 0.013916500994035786
0 0.3098958333333333 0.3275347912524851 0.011458333333333333 0.0268389662027833
0 0.54140625 0.3349900596421471 0.009895833333333333 0.019880715705765408
0 0.8247395833333333 0.33399602385685884 0.013020833333333334 0.013916500994035786
0 0.28203125 0.3394632206759443 0.013020833333333334 0.020874751491053677
0 0.24661458333333333 0.34642147117296224 0.013020833333333334 0.012922465208747515
0 0.2526041666666667 0.3633200795228628 0.013541666666666667 0.018886679920477135
0 0.6059895833333333 0.3658051689860835 0.0234375 0.02186878727634195
0 0.5375 0.3836978131212724 0.009375 0.039761431411530816
0 0.734375 0.3851888667992048 0.01875 0.02485089463220676
0 0.9052083333333333 0.40506958250497016 0.007291666666666667 0.020874751491053677
0 0.8690104166666667 0.42147117296222664 0.015104166666666667 0.019880715705765408
0 0.9067708333333333 0.4289264413518887 0.0125 0.014910536779324055
0 0.9473958333333333 0.4408548707753479 0.01875 0.014910536779324055
0 0.6046875 0.4746520874751491 0.013541666666666667 0.020874751491053677
0 0.7815104166666667 0.48061630218687873 0.009895833333333333 0.0268389662027833
0 0.9005208333333333 0.47664015904572565 0.01875 0.020874751491053677
0 0.8606770833333334 0.47564612326043737 0.016145833333333335 0.014910536779324055
0 0.665625 0.4860834990059642 0.016666666666666666 0.02186878727634195
0 0.7640625 0.4960238568588469 0.014583333333333334 0.013916500994035786
0 0.6953125 0.518389662027833 0.015625 0.014910536779324055
0 0.8565104166666667 0.5208747514910537 0.013020833333333334 0.013916500994035786
0 0.04114583333333333 0.5417495029821073 0.0125 0.033797216699801194
0 0.4830729166666667 0.5427435387673957 0.011979166666666667 0.02186878727634195
0 0.6838541666666667 0.5452286282306164 0.016666666666666666 0.014910536779324055
0 0.721875 0.5497017892644135 0.011458333333333333 0.02385685884691849
0 0.78046875 0.5447316103379721 0.016145833333333335 0.007952286282306162
0 0.89921875 0.5511928429423459 0.011979166666666667 0.016898608349900597
0 0.49765625 0.5571570576540755 0.0067708333333333336 0.0268389662027833
0 0.6002604166666666 0.5670974155069582 0.016145833333333335 0.030815109343936383
0 0.5484375 0.5641153081510935 0.016666666666666666 0.020874751491053677
0 0.31666666666666665 0.5685884691848907 0.0125 0.019880715705765408
0 0.4861979166666667 0.5705765407554672 0.005729166666666666 0.02584493041749503
0 0.9755208333333333 0.5680914512922465 0.013541666666666667 0.018886679920477135
0 0.8901041666666667 0.577037773359841 0.010416666666666666 0.020874751491053677
0 0.8763020833333334 0.581013916500994 0.0078125 0.02485089463220676
0 0.8169270833333333 0.5839960238568589 0.0067708333333333336 0.020874751491053677
0 0.6598958333333333 0.5939363817097415 0.005208333333333333 0.0268389662027833
0 0.7197916666666667 0.5904572564612326 0.009375 0.02186878727634195
0 0.62734375 0.6048707753479126 0.011979166666666667 0.02485089463220676
0 0.32317708333333334 0.6053677932405567 0.013020833333333334 0.013916500994035786
0 0.34817708333333336 0.6108349900596421 0.005729166666666666 0.018886679920477135
0 0.9161458333333333 0.6133200795228628 0.017708333333333333 0.02385685884691849
0 0.82109375 0.6138170974155069 0.015104166666666667 0.010934393638170975
0 0.6393229166666666 0.6406560636182903 0.0078125 0.012922465208747515
0 0.759375 0.6401590457256461 0.014583333333333334 0.013916500994035786
0 0.5817708333333333 0.6441351888667992 0.014583333333333334 0.007952286282306162
0 0.31614583333333335 0.6486083499005965 0.008333333333333333 0.012922465208747515
0 0.8671875 0.6565606361829026 0.015625 0.008946322067594433
0 0.32083333333333336 0.6784294234592445 0.0125 0.02286282306163022
0 0.82265625 0.6734592445328031 0.016145833333333335 0.012922465208747515
0 0.3846354166666667 0.6863817097415507 0.015104166666666667 0.030815109343936383
0 0.35390625 0.68389662027833 0.008854166666666666 0.02186878727634195
0 0.6716145833333333 0.6898608349900597 0.0046875 0.02186878727634195
0 0.6052083333333333 0.6973161033797217 0.00625 0.02485089463220676
0 0.6877604166666667 0.7002982107355865 0.0067708333333333336 0.030815109343936383
0 0.7895833333333333 0.6933399602385686 0.015625 0.016898608349900597
0 0.6416666666666667 0.7042743538767395 0.010416666666666666 0.03479125248508946
0 0.8015625 0.7092445328031809 0.004166666666666667 0.030815109343936383
0 0.35885416666666664 0.7072564612326043 0.008333333333333333 0.018886679920477135
0 0.6528645833333333 0.7027833001988072 0.0067708333333333336 0.011928429423459244
0 0.8434895833333333 0.7052683896620279 0.0078125 0.016898608349900597
0 0.86015625 0.7072564612326043 0.0109375 0.020874751491053677
0 0.9419270833333333 0.7152087475149106 0.0109375 0.030815109343936383
0 0.56171875 0.7142147117296223 0.022395833333333334 0.0268389662027833
0 0.9223958333333333 0.7226640159045725 0.008333333333333333 0.02982107355864811
0 0.4859375 0.7201789264413518 0.011458333333333333 0.016898608349900597
0 0.8223958333333333 0.7261431411530815 0.014583333333333334 0.0268389662027833
0 0.696875 0.7231610337972167 0.0125 0.014910536779324055
0 0.27447916666666666 0.7375745526838966 0.008333333333333333 0.013916500994035786
0 0.6041666666666666 0.7415506958250497 0.011458333333333333 0.019880715705765408
0 0.8643229166666667 0.7465208747514911 0.016145833333333335 0.02186878727634195
0 0.6721354166666667 0.7495029821073559 0.0140625 0.019880715705765408
0 0.48802083333333335 0.7564612326043738 0.016666666666666666 0.02982107355864811
0 0.390625 0.7559642147117296 0.005208333333333333 0.0268389662027833
0 0.68671875 0.7629224652087475 0.0171875 0.016898608349900597
0 0.8989583333333333 0.768389662027833 0.017708333333333333 0.02385685884691849
0 0.9203125 0.7673956262425448 0.007291666666666667 0.011928429423459244
0 0.7299479166666667 0.7763419483101391 0.013020833333333334 0.02385685884691849
0 0.9296875 0.7788270377733598 0.008333333333333333 0.014910536779324055
0 0.7643229166666666 0.7877733598409543 0.0140625 0.012922465208747515
0 0.7911458333333333 0.7992047713717694 0.014583333333333334 0.02186878727634195
0 0.30703125 0.8036779324055666 0.022395833333333334 0.016898608349900597
0 0.5645833333333333 0.8141153081510935 0.005208333333333333 0.02982107355864811
0 0.6421875 0.8146123260437376 0.013541666666666667 0.02485089463220676
0 0.7716145833333333 0.812624254473161 0.015104166666666667 0.012922465208747515
0 0.8549479166666667 0.8225646123260437 0.015104166666666667 0.02485089463220676
0 0.7229166666666667 0.827037773359841 0.011458333333333333 0.02982107355864811
0 0.6755208333333333 0.827037773359841 0.017708333333333333 0.011928429423459244
0 0.4869791666666667 0.8369781312127237 0.010416666666666666 0.019880715705765408
0 0.5846354166666666 0.8439363817097415 0.005729166666666666 0.027833001988071572
0 0.70078125 0.8414512922465208 0.009895833333333333 0.02286282306163022
0 0.3294270833333333 0.8429423459244533 0.008854166666666666 0.02186878727634195
0 0.7533854166666667 0.8469184890656064 0.018229166666666668 0.019880715705765408
0 0.6216145833333333 0.8508946322067594 0.009895833333333333 0.02584493041749503
0 0.68828125 0.8623260437375746 0.0140625 0.032803180914512925
0 0.6716145833333333 0.8687872763419483 0.0234375 0.02982107355864811
0 0.43645833333333334 0.867296222664016 0.00625 0.02286282306163022
0 0.40625 0.8697813121272365 0.009375 0.019880715705765408
0 0.7075520833333333 0.8722664015904572 0.016145833333333335 0.014910536779324055
0 0.7294270833333333 0.8732604373757455 0.009895833333333333 0.018886679920477135
0 0.5020833333333333 0.8802186878727635 0.021875 0.018886679920477135
0 0.6385416666666667 0.9030815109343936 0.021875 0.05069582504970179
0 0.7505208333333333 0.8926441351888668 0.010416666666666666 0.013916500994035786
0 0.9895833333333334 0.9035785288270378 0.019791666666666666 0.03578528827037773
0 0.5846354166666666 0.9085487077534792 0.018229166666666668 0.02584493041749503
0 0.5380208333333333 0.9105367793240556 0.009375 0.02385685884691849
0 0.9098958333333333 0.9160039761431411 0.017708333333333333 0.036779324055666
0 0.72265625 0.9179920477137177 0.011979166666666667 0.02882703777335984
0 0.64765625 0.9160039761431411 0.005729166666666666 0.014910536779324055
0 0.6671875 0.9294234592445328 0.017708333333333333 0.02982107355864811
0 0.8182291666666667 0.9249502982107356 0.010416666666666666 0.016898608349900597
0 0.61171875 0.93389662027833 0.015104166666666667 0.032803180914512925
0 0.3541666666666667 0.9319085487077535 0.025 0.02286282306163022
0 0.5580729166666667 0.9348906560636183 0.0109375 0.02485089463220676
0 0.76796875 0.9343936381709742 0.013020833333333334 0.02385685884691849
0 0.8736979166666666 0.9378727634194831 0.016145833333333335 0.018886679920477135
0 0.62734375 0.9388667992047713 0.009895833333333333 0.012922465208747515
0 0.69296875 0.944831013916501 0.008854166666666666 0.008946322067594433
0 0.95625 0.9473161033797217 0.0125 0.015904572564612324
0 0.8216145833333334 0.9478131212723658 0.0109375 0.010934393638170975
0 0.8028645833333333 0.9681908548707754 0.013020833333333334 0.04771371769383698
0 0.3963541666666667 0.9527833001988072 0.014583333333333334 0.014910536779324055
0 0.4244791666666667 0.9607355864811133 0.013541666666666667 0.030815109343936383
0 0.6729166666666667 0.9607355864811133 0.009375 0.016898608349900597
0 0.915625 0.9662027833001988 0.022916666666666665 0.02584493041749503
0 0.5182291666666666 0.9731610337972167 0.00625 0.017892644135188866
0 0.7588541666666667 0.981610337972167 0.015625 0.014910536779324055
0 0.5296875 0.9860834990059643 0.009375 0.019880715705765408
0 0.8291666666666667 0.9870775347912525 0.013541666666666667 0.02385685884691849
0 0.5859375 0.9826043737574552 0.015625 0.008946322067594433
0 0.45338541666666665 0.98558648111332 0.0171875 0.008946322067594433
0 0.5497395833333333 0.992544731610338 0.008854166666666666 0.012922465208747515