0 0.6502604166666667 0.008449304174950299 0.027604166666666666 0.016898608349900597
0 0.325 0.014910536779324055 0.01875 0.013916500994035786
0 0.39817708333333335 0.031312127236580514 0.0171875 0.02882703777335984
0 0.5705729166666667 0.032803180914512925 0.0140625 0.027833001988071572
0 0.09479166666666666 0.033797216699801194 0.008333333333333333 0.019880715705765408
0 0.8078125 0.03777335984095427 0.014583333333333334 0.011928429423459244
0 0.79140625 0.06063618290258449 0.0203125 0.02385685884691849
0 0.6057291666666667 0.055666003976143144 0.011458333333333333 0.009940357852882704
0 0.3880208333333333 0.0775347912524851 0.027083333333333334 0.05168986083499006
0 0.2747395833333333 0.060139165009940355 0.016145833333333335 0.018886679920477135
0 0.5765625 0.0775347912524851 0.015625 0.03777335984095427
0 0.35 0.08250497017892644 0.017708333333333333 0.039761431411530816
0 0.5549479166666667 0.07107355864811134 0.0140625 0.012922465208747515
0 0.7763020833333333 0.07157057654075547 0.008854166666666666 0.009940357852882704
0 0.44453125 0.07902584493041749 0.018229166666666668 0.02485089463220676
0 0.409375 0.08598409542743539 0.014583333333333334 0.02882703777335984
0 0.48489583333333336 0.10039761431411531 0.026041666666666668 0.017892644135188866
0 0.7546875 0.10337972166998012 0.022916666666666665 0.02186878727634195
0 0.2513020833333333 0.12972166998011928 0.0078125 0.014910536779324055
0 0.7427083333333333 0.14165009940357853 0.020833333333333332 0.02286282306163022
0 0.6184895833333334 0.13817097415506957 0.016145833333333335 0.009940357852882704
0 0.58125 0.1555666003976143 0.00625 0.014910536779324055
0 0.6002604166666666 0.16550695825049702 0.011979166666666667 0.020874751491053677
0 0.38723958333333336 0.17196819085487078 0.0067708333333333336 0.017892644135188866
0 0.23619791666666667 0.18538767395626243 0.0171875 0.020874751491053677
0 0.40260416666666665 0.18439363817097415 0.016666666666666666 0.014910536779324055
0 0.37916666666666665 0.19582504970178927 0.008333333333333333 0.033797216699801194
0 0.6778645833333333 0.213220675944334 0.013020833333333334 0.036779324055666
0 0.07265625 0.2331013916500994 0.018229166666666668 0.0268389662027833
0 0.9856770833333334 0.24900596421471172 0.0265625 0.05467196819085487
0 0.18046875 0.25745526838966204 0.027604166666666666 0.039761431411530816
0 0.6013020833333333 0.24950298210735586 0.018229166666666668 0.011928429423459244
0 0.43385416666666665 0.27087475149105367 0.016666666666666666 0.0268389662027833
0 0.3546875 0.2673956262425447 0.017708333333333333 0.019880715705765408
0 0.28880208333333335 0.27335984095427435 0.009895833333333333 0.02584493041749503
0 0.54375 0.2912524850894632 0.0125 0.041749502982107355
0 0.6192708333333333 0.28429423459244535 0.016666666666666666 0.013916500994035786
0 0.6307291666666667 0.294234592445328 0.007291666666666667 0.02186878727634195
0 0.996875 0.29970178926441354 0.00625 0.0268389662027833
0 0.8044270833333333 0.30019880715705766 0.011979166666666667 0.019880715705765408
0 0.7041666666666667 0.3116302186878728 0.025 0.020874751491053677
0 0.6395833333333333 0.3091451292246521 0.007291666666666667 0.013916500994035786
0 0.5919270833333333 0.3250497017892644 0.015104166666666667 0.039761431411530816
0 0.2986979166666667 0.31858846918489064 0.008854166666666666 0.0268389662027833
0 0.8763020833333334 0.3190854870775348 0.0203125 0.017892644135188866
0 0.6536458333333334 0.33399602385685884 0.023958333333333335 0.03180914512922465
0 0.9934895833333334 0.34493041749502984 0.013020833333333334 0.05168986083499006
0 0.5713541666666667 0.3389662027833002 0.021875 0.017892644135188866
0 0.61875 0.3533797216699801 0.011458333333333333 0.036779324055666
0 0.28828125 0.35934393638170975 0.0140625 0.014910536779324055
0 0.31614583333333335 0.3772365805168986 0.0125 0.04671968190854871
0 0.5260416666666666 0.3727634194831014 0.016666666666666666 0.027833001988071572
0 0.5653645833333333 0.40208747514910537 0.0078125 0.042743538767395624
0 0.7419270833333333 0.3966202783300199 0.034895833333333334 0.02584493041749503
0 0.6828125 0.3951292246520875 0.019791666666666666 0.020874751491053677
0 0.24453125 0.40308151093439365 0.019270833333333334 0.0268389662027833
0 0.6328125 0.4209741550695825 0.013541666666666667 0.042743538767395624
0 0.4908854166666667 0.40755467196819084 0.024479166666666666 0.017892644135188866
0 0.8502604166666666 0.41600397614314116 0.0203125 0.030815109343936383
0 0.7473958333333334 0.4304174950298211 0.015625 0.02186878727634195
0 0.8138020833333334 0.444831013916501 0.015104166666666667 0.04473161033797217
0 0.58671875 0.444831013916501 0.0078125 0.042743538767395624
0 0.5161458333333333 0.4398608349900596 0.011458333333333333 0.03479125248508946
0 0.69296875 0.4383697813121272 0.015104166666666667 0.027833001988071572
0 0.09869791666666666 0.444831013916501 0.011979166666666667 0.032803180914512925
0 0.290625 0.45278330019880714 0.0125 0.032803180914512925
0 0.7098958333333333 0.4507952286282306 0.017708333333333333 0.02286282306163022
0 0.88046875 0.45825049701789267 0.0109375 0.03578528827037773
0 0.7734375 0.46222664015904574 0.0125 0.0437375745526839
0 0.54921875 0.45825049701789267 0.0203125 0.027833001988071572
0 0.73203125 0.4647117296222664 0.009895833333333333 0.030815109343936383
0 0.4200520833333333 0.4617296222664016 0.0171875 0.020874751491053677
0 0.65 0.46421471172962225 0.023958333333333335 0.02186878727634195
0 0.5005208333333333 0.47514910536779326 0.013541666666666667 0.027833001988071572
0 0.93515625 0.4845924453280318 0.019270833333333334 0.02286282306163022
0 0.6565104166666667 0.48956262425447317 0.011979166666666667 0.014910536779324055
0 0.6815104166666667 0.5004970178926441 0.0234375 0.030815109343936383
0 0.5557291666666667 0.49105367793240556 0.011458333333333333 0.009940357852882704
0 0.9567708333333333 0.5 0.007291666666666667 0.02186878727634195
0 0.36276041666666664 0.49801192842942343 0.0171875 0.011928429423459244
0 0.5817708333333333 0.5044731610337972 0.008333333333333333 0.014910536779324055
0 0.3221354166666667 0.510934393638171 0.016145833333333335 0.017892644135188866
0 0.6513020833333333 0.5243538767395626 0.0078125 0.0268389662027833
0 0.5596354166666667 0.5203777335984096 0.0140625 0.018886679920477135
0 0.9950520833333333 0.525844930417495 0.009895833333333333 0.02584493041749503
0 0.4734375 0.5208747514910537 0.022916666666666665 0.017892644135188866
0 0.89765625 0.525844930417495 0.0171875 0.02385685884691849
0 0.5890625 0.5203777335984096 0.007291666666666667 0.012922465208747515
0 0.9502604166666667 0.5293240556660039 0.0171875 0.02286282306163022
0 0.5026041666666666 0.5382703777335984 0.010416666666666666 0.040755467196819085
0 0.6765625 0.532803180914513 0.026041666666666668 0.02385685884691849
0 0.5950520833333334 0.5462226640159046 0.0359375 0.04671968190854871
0 0.3653645833333333 0.544234592445328 0.022395833333333334 0.040755467196819085
0 0.484375 0.5492047713717694 0.010416666666666666 0.02882703777335984
0 0.7338541666666667 0.5511928429423459 0.026041666666666668 0.02485089463220676
0 0.43359375 0.5472166998011928 0.022395833333333334 0.018886679920477135
0 0.99140625 0.5790258449304175 0.0171875 0.06660039761431412
0 0.8549479166666667 0.5695825049701789 0.0078125 0.03180914512922465
0 0.6671875 0.5869781312127237 0.014583333333333334 0.06660039761431412
0 0.634375 0.577037773359841 0.017708333333333333 0.02882703777335984
0 0.6841145833333333 0.5735586481113321 0.018229166666666668 0.013916500994035786
0 0.7283854166666667 0.5760437375745527 0.0067708333333333336 0.016898608349900597
0 0.6111979166666667 0.584493041749503 0.013020833333333334 0.033797216699801194
0 0.32447916666666665 0.595427435387674 0.011458333333333333 0.055666003976143144
0 0.27291666666666664 0.5929423459244533 0.013541666666666667 0.048707753479125246
0 0.88828125 0.5904572564612326 0.022395833333333334 0.02982107355864811
0 0.45625 0.5864811133200796 0.011458333333333333 0.015904572564612324
0 0.3997395833333333 0.6033797216699801 0.008854166666666666 0.05168986083499006
0 0.5971354166666667 0.5879721669980119 0.008854166666666666 0.014910536779324055
0 0.48515625 0.5894632206759444 0.021354166666666667 0.015904572564612324
0 0.9447916666666667 0.602882703777336 0.020833333333333332 0.03479125248508946
0 0.73515625 0.5944333996023857 0.0067708333333333336 0.011928429423459244
0 0.3026041666666667 0.6227634194831014 0.0125 0.06858846918489066
0 0.42109375 0.6207753479125249 0.015104166666666667 0.040755467196819085
0 0.8552083333333333 0.6138170974155069 0.023958333333333335 0.020874751491053677
0 0.5885416666666666 0.6202783300198808 0.014583333333333334 0.009940357852882704
0 0.5286458333333334 0.6277335984095428 0.008333333333333333 0.012922465208747515
0 0.5716145833333334 0.6416500994035785 0.021354166666666667 0.03479125248508946
0 0.5145833333333333 0.6336978131212724 0.009375 0.012922465208747515
0 0.37421875 0.6451292246520874 0.0109375 0.033797216699801194
0 0.3359375 0.6510934393638171 0.011458333333333333 0.033797216699801194
0 0.9333333333333333 0.6426441351888668 0.015625 0.014910536779324055
0 0.9848958333333333 0.6610337972166997 0.013541666666666667 0.041749502982107355
0 0.26171875 0.661530815109344 0.0067708333333333336 0.032803180914512925
0 0.71796875 0.6719681908548708 0.0203125 0.0437375745526839
0 0.5463541666666667 0.6625248508946322 0.015625 0.02286282306163022
0 0.6015625 0.6749502982107356 0.016666666666666666 0.041749502982107355
0 0.365625 0.661530815109344 0.007291666666666667 0.012922465208747515
0 0.46197916666666666 0.6694831013916501 0.011458333333333333 0.016898608349900597
0 0.3846354166666667 0.6744532803180915 0.008854166666666666 0.0268389662027833
0 0.4375 0.6863817097415507 0.0125 0.040755467196819085
0 0.6432291666666666 0.6863817097415507 0.010416666666666666 0.03876739562624255
0 0.9033854166666667 0.7017892644135189 0.0265625 0.055666003976143144
0 0.8419270833333333 0.7112326043737575 0.021354166666666667 0.05069582504970179
0 0.7661458333333333 0.7112326043737575 0.016666666666666666 0.05268389662027833
0 0.9786458333333333 0.7062624254473161 0.017708333333333333 0.032803180914512925
0 0.7455729166666667 0.7042743538767395 0.013020833333333334 0.020874751491053677
0 0.33151041666666664 0.7047713717693836 0.016145833333333335 0.019880715705765408
0 0.31171875 0.7127236580516899 0.0078125 0.02584493041749503
0 0.8575520833333333 0.7162027833001988 0.005729166666666666 0.014910536779324055
0 0.8263020833333333 0.7246520874751491 0.005729166666666666 0.03180914512922465
0 0.6067708333333334 0.742544731610338 0.0125 0.06560636182902585
0 0.38307291666666665 0.7226640159045725 0.0140625 0.027833001988071572
0 0.6901041666666666 0.7176938369781312 0.019791666666666666 0.013916500994035786
0 0.5067708333333333 0.7340954274353877 0.022916666666666665 0.02286282306163022
0 0.3171875 0.7331013916500994 0.008333333333333333 0.018886679920477135
0 0.009114583333333334 0.7534791252485089 0.0171875 0.05168986083499006
0 0.39869791666666665 0.7509940357852882 0.0203125 0.018886679920477135
0 0.296875 0.757455268389662 0.00625 0.02584493041749503
0 0.49557291666666664 0.7688866799204771 0.008854166666666666 0.03876739562624255
0 0.76484375 0.7773359840954275 0.015104166666666667 0.04771371769383698
0 0.3484375 0.7678926441351889 0.008333333333333333 0.030815109343936383
0 0.6307291666666667 0.7713717693836978 0.008333333333333333 0.02982107355864811
0 0.5861979166666667 0.7837972166998012 0.011979166666666667 0.04671968190854871
0 0.4734375 0.7698807157057654 0.0125 0.016898608349900597
0 0.7322916666666667 0.7763419483101391 0.01875 0.02186878727634195
0 0.8807291666666667 0.7892644135188867 0.01875 0.039761431411530816
0 0.8104166666666667 0.7862823061630219 0.009375 0.02982107355864811
0 0.29713541666666665 0.7783300198807157 0.0203125 0.015904572564612324
0 0.9973958333333334 0.7823061630218688 0.005208333333333333 0.017892644135188866
0 0.85546875 0.7847912524850894 0.022395833333333334 0.02485089463220676
0 0.35104166666666664 0.7957256461232605 0.016666666666666666 0.02882703777335984
0 0.2877604166666667 0.7932405566600398 0.008854166666666666 0.02186878727634195
0 0.91015625 0.8091451292246521 0.013020833333333334 0.03578528827037773
0 0.47421875 0.80168986083499 0.0140625 0.010934393638170975
0 0.3138020833333333 0.8081510934393639 0.008854166666666666 0.013916500994035786
0 0.82421875 0.8190854870775348 0.019270833333333334 0.02982107355864811
0 0.4549479166666667 0.8230616302186878 0.013020833333333334 0.03578528827037773
0 0.66640625 0.8250497017892644 0.016145833333333335 0.03180914512922465
0 0.5260416666666666 0.8220675944333996 0.010416666666666666 0.02584493041749503
0 0.8916666666666667 0.8210735586481114 0.00625 0.017892644135188866
0 0.2916666666666667 0.8205765407554672 0.007291666666666667 0.012922465208747515
0 0.515625 0.8628230616302187 0.017708333333333333 0.061630218687872766
0 0.47369791666666666 0.8404572564612326 0.011979166666666667 0.014910536779324055
0 0.2635416666666667 0.8399602385685885 0.019791666666666666 0.015904572564612324
0 0.6497395833333334 0.8538767395626242 0.0109375 0.03180914512922465
0 0.2752604166666667 0.8523856858846919 0.0067708333333333336 0.012922465208747515
0 0.9739583333333334 0.8658051689860835 0.011458333333333333 0.033797216699801194
0 0.696875 0.8757455268389662 0.01875 0.0437375745526839
0 0.2825520833333333 0.8732604373757455 0.0109375 0.030815109343936383
0 0.99296875 0.878727634194831 0.0140625 0.033797216699801194
0 0.4661458333333333 0.8762425447316103 0.016666666666666666 0.012922465208747515
0 0.33619791666666665 0.8996023856858847 0.0109375 0.05168986083499006
0 0.7510416666666667 0.8941351888667992 0.015625 0.03479125248508946
0 0.6015625 0.882703777335984 0.022916666666666665 0.013916500994035786
0 0.23072916666666668 0.8941351888667992 0.016666666666666666 0.02882703777335984
0 0.5291666666666667 0.9005964214711729 0.014583333333333334 0.02385685884691849
0 0.42682291666666666 0.9050695825049702 0.0067708333333333336 0.032803180914512925
0 0.37526041666666665 0.9015904572564613 0.0265625 0.02584493041749503
0 0.4942708333333333 0.9209741550695825 0.007291666666666667 0.04473161033797217
0 0.85390625 0.9343936381709742 0.0140625 0.03180914512922465
0 0.5580729166666667 0.9363817097415507 0.0109375 0.02982107355864811
0 0.6044270833333333 0.9358846918489065 0.033854166666666664 0.02485089463220676
0 0.7598958333333333 0.9358846918489065 0.01875 0.018886679920477135
0 0.4122395833333333 0.9333996023856859 0.013020833333333334 0.013916500994035786
0 0.27369791666666665 0.9408548707753479 0.011979166666666667 0.02882703777335984
0 0.54375 0.9423459244532804 0.00625 0.017892644135188866
0 0.84296875 0.94831013916501 0.0078125 0.02186878727634195
0 0.5799479166666667 0.9517892644135189 0.018229166666666668 0.018886679920477135
0 0.3625 0.9532803180914513 0.007291666666666667 0.02385685884691849
0 0.45625 0.9572564612326043 0.0125 0.02385685884691849
0 0.5067708333333333 0.9711729622266402 0.010416666666666666 0.02186878727634195
0 0.5276041666666667 0.9806163021868787 0.028125 0.036779324055666
0 0.8984375 0.9821073558648111 0.014583333333333334 0.033797216699801194
0 0.38177083333333334 0.9746520874751491 0.009375 0.016898608349900597
0 0.45 0.9791252485089463 0.008333333333333333 0.011928429423459244
0 0.48671875 0.9910536779324056 0.016145833333333335 0.015904572564612324