0 0.25 0.007455268389662028 0.009375 0.014910536779324055
0 0.58671875 0.007952286282306162 0.011979166666666667 0.015904572564612324
0 0.9854166666666667 0.016898608349900597 0.019791666666666666 0.019880715705765408
0 0.390625 0.021371769383697812 0.011458333333333333 0.018886679920477135
0 0.7653645833333333 0.02286282306163022 0.0140625 0.013916500994035786
0 0.26666666666666666 0.03827037773359841 0.007291666666666667 0.016898608349900597
0 0.9067708333333333 0.048707753479125246 0.010416666666666666 0.027833001988071572
0 0.5442708333333334 0.05715705765407555 0.008333333333333333 0.018886679920477135
0 0.7015625 0.06759443339960239 0.008333333333333333 0.02186878727634195
0 0.8934895833333333 0.07157057654075547 0.013020833333333334 0.017892644135188866
0 0.7169270833333333 0.0805168986083499 0.0140625 0.013916500994035786
0 0.48854166666666665 0.0874751491053678 0.008333333333333333 0.02186878727634195
0 0.3609375 0.09741550695825049 0.011458333333333333 0.017892644135188866
0 0.74453125 0.09642147117296222 0.0078125 0.013916500994035786
0 0.5533854166666666 0.10238568588469185 0.016145833333333335 0.013916500994035786
0 0.99140625 0.12872763419483102 0.016145833333333335 0.03876739562624255
0 0.5622395833333333 0.1466202783300199 0.0109375 0.036779324055666
0 0.36171875 0.14860834990059643 0.005729166666666666 0.030815109343936383
0 0.34661458333333334 0.15904572564612326 0.0078125 0.039761431411530816
0 0.21354166666666666 0.1555666003976143 0.019791666666666666 0.030815109343936383
0 0.03619791666666667 0.16898608349900596 0.009895833333333333 0.03180914512922465
0 0.8984375 0.16202783300198806 0.021875 0.017892644135188866
0 0.48151041666666666 0.16351888667992048 0.016145833333333335 0.018886679920477135
0 0.7265625 0.16500994035785288 0.007291666666666667 0.019880715705765408
0 0.8630208333333333 0.17693836978131214 0.00625 0.02982107355864811
0 0.75390625 0.17246520874751492 0.015104166666666667 0.012922465208747515
0 0.6682291666666667 0.17992047713717693 0.016666666666666666 0.017892644135188866
0 0.8208333333333333 0.18190854870775347 0.014583333333333334 0.015904572564612324
0 0.8489583333333334 0.19383697813121273 0.009375 0.02385685884691849
0 0.9619791666666667 0.19980119284294234 0.022916666666666665 0.033797216699801194
0 0.15416666666666667 0.2047713717693837 0.015625 0.02385685884691849
0 0.3463541666666667 0.21421471172962225 0.017708333333333333 0.02485089463220676
0 0.8791666666666667 0.21371769383697814 0.00625 0.02385685884691849
0 0.553125 0.24105367793240556 0.030208333333333334 0.05666003976143141
0 0.96484375 0.23061630218687873 0.008854166666666666 0.017892644135188866
0 0.5213541666666667 0.23807157057654074 0.01875 0.02485089463220676
0 0.004166666666666667 0.24453280318091453 0.008333333333333333 0.02385685884691849
0 0.8859375 0.2544731610337972 0.016666666666666666 0.027833001988071572
0 0.21432291666666667 0.25944333996023855 0.0078125 0.017892644135188866
0 0.36640625 0.25894632206759444 0.009895833333333333 0.018886679920477135
0 0.190625 0.2664015904572565 0.007291666666666667 0.02385685884691849
0 0.7401041666666667 0.2639165009940358 0.007291666666666667 0.020874751491053677
0 0.6966145833333334 0.2698807157057654 0.013020833333333334 0.0268389662027833
0 0.8114583333333333 0.27634194831013914 0.009375 0.015904572564612324
0 0.37447916666666664 0.279324055666004 0.009375 0.019880715705765408
0 0.8783854166666667 0.2882703777335984 0.008854166666666666 0.02385685884691849
0 0.9596354166666666 0.3091451292246521 0.009895833333333333 0.02982107355864811
0 0.7927083333333333 0.308648111332008 0.00625 0.016898608349900597
0 0.90546875 0.3061630218687873 0.0067708333333333336 0.011928429423459244
0 0.08880208333333334 0.32007952286282304 0.015104166666666667 0.03578528827037773
0 0.20338541666666668 0.3230616302186879 0.016145833333333335 0.03578528827037773
0 0.06484375 0.3265407554671968 0.009895833333333333 0.02485089463220676
0 0.5479166666666667 0.32952286282306165 0.016666666666666666 0.0268389662027833
0 0.8578125 0.3364811133200795 0.015625 0.012922465208747515
0 0.26067708333333334 0.34940357852882703 0.0067708333333333336 0.030815109343936383
0 0.8026041666666667 0.3553677932405567 0.017708333333333333 0.014910536779324055
0 0.9252604166666667 0.3548707753479125 0.013020833333333334 0.011928429423459244
0 0.9158854166666667 0.3827037773359841 0.0067708333333333336 0.02385685884691849
0 0.25234375 0.3782306163021869 0.011979166666666667 0.010934393638170975
0 0.68359375 0.38916500994035785 0.019270833333333334 0.030815109343936383
0 0.5408854166666667 0.39165009940357853 0.011979166666666667 0.019880715705765408
0 0.24296875 0.3946322067594433 0.018229166666666668 0.009940357852882704
0 0.30833333333333335 0.4025844930417495 0.01875 0.019880715705765408
0 0.57890625 0.40357852882703776 0.0078125 0.02186878727634195
0 0.8140625 0.4025844930417495 0.015625 0.017892644135188866
0 0.046875 0.40506958250497016 0.009375 0.016898608349900597
0 0.9828125 0.40656063618290256 0.015625 0.015904572564612324
0 0.34817708333333336 0.42196819085487075 0.0109375 0.02882703777335984
0 0.9182291666666667 0.42047713717693835 0.007291666666666667 0.02385685884691849
0 0.87421875 0.42196819085487075 0.008854166666666666 0.02286282306163022
0 0.06432291666666666 0.4398608349900596 0.0078125 0.012922465208747515
0 0.8388020833333333 0.452286282306163 0.0067708333333333336 0.02584493041749503
0 0.8552083333333333 0.46222664015904574 0.015625 0.03578528827037773
0 0.5177083333333333 0.470675944333996 0.0125 0.042743538767395624
0 0.378125 0.45974155069582506 0.008333333333333333 0.016898608349900597
0 0.5760416666666667 0.46520874751491054 0.017708333333333333 0.017892644135188866
0 0.99296875 0.4671968190854871 0.013020833333333334 0.017892644135188866
0 0.08619791666666667 0.46819085487077533 0.009895833333333333 0.013916500994035786
0 0.9627604166666667 0.47514910536779326 0.013020833333333334 0.02385685884691849
0 0.9763020833333333 0.47564612326043737 0.009895833333333333 0.02485089463220676
0 0.48411458333333335 0.49204771371769385 0.018229166666666668 0.03180914512922465
0 0.5942708333333333 0.4960238568588469 0.011458333333333333 0.009940357852882704
0 0.9315104166666667 0.5039761431411531 0.0140625 0.02186878727634195
0 0.7145833333333333 0.5223658051689861 0.005208333333333333 0.02286282306163022
0 0.95078125 0.5233598409542743 0.013020833333333334 0.020874751491053677
0 0.7604166666666666 0.5243538767395626 0.015625 0.014910536779324055
0 0.22421875 0.5288270377733598 0.008854166666666666 0.013916500994035786
0 0.5723958333333333 0.5357852882703777 0.015625 0.027833001988071572
0 0.8026041666666667 0.5308151093439364 0.009375 0.011928429423459244
0 0.79296875 0.5362823061630219 0.011979166666666667 0.010934393638170975
0 0.2140625 0.5427435387673957 0.015625 0.017892644135188866
0 0.7307291666666667 0.5531809145129225 0.005208333333333333 0.030815109343936383
0 0.0609375 0.558648111332008 0.027083333333333334 0.03777335984095427
0 0.08203125 0.5670974155069582 0.018229166666666668 0.02485089463220676
0 0.7057291666666666 0.5591451292246521 0.017708333333333333 0.008946322067594433
0 0.14609375 0.5710735586481114 0.005729166666666666 0.014910536779324055
0 0.9427083333333334 0.581013916500994 0.013541666666666667 0.02485089463220676
0 0.4973958333333333 0.5899602385685885 0.013541666666666667 0.040755467196819085
0 0.0046875 0.581013916500994 0.009375 0.014910536779324055
0 0.9875 0.6133200795228628 0.023958333333333335 0.05168986083499006
0 0.5395833333333333 0.6167992047713717 0.016666666666666666 0.05467196819085487
0 0.121875 0.6003976143141153 0.008333333333333333 0.017892644135188866
0 0.6880208333333333 0.6118290258449304 0.010416666666666666 0.036779324055666
0 0.8255208333333334 0.6018886679920478 0.015625 0.016898608349900597
0 0.8989583333333333 0.606858846918489 0.007291666666666667 0.02286282306163022
0 0.3072916666666667 0.606858846918489 0.010416666666666666 0.016898608349900597
0 0.44244791666666666 0.6133200795228628 0.013020833333333334 0.02186878727634195
0 0.45651041666666664 0.6277335984095428 0.0140625 0.040755467196819085
0 0.6223958333333334 0.628727634194831 0.009375 0.030815109343936383
0 0.9231770833333334 0.6202783300198808 0.018229166666666668 0.013916500994035786
0 0.225 0.6222664015904572 0.010416666666666666 0.011928429423459244
0 0.5947916666666667 0.6336978131212724 0.01875 0.02882703777335984
0 0.34375 0.6312127236580517 0.009375 0.015904572564612324
0 0.026822916666666665 0.6421471172962226 0.024479166666666666 0.027833001988071572
0 0.32473958333333336 0.6406560636182903 0.0109375 0.010934393638170975
0 0.4744791666666667 0.6590457256461233 0.010416666666666666 0.03777335984095427
0 0.5721354166666667 0.6550695825049702 0.0046875 0.02385685884691849
0 0.83046875 0.6590457256461233 0.015104166666666667 0.011928429423459244
0 0.14557291666666666 0.6848906560636183 0.0265625 0.05964214711729622
0 0.39921875 0.6699801192842942 0.0078125 0.02982107355864811
0 0.6041666666666666 0.6669980119284294 0.008333333333333333 0.02186878727634195
0 0.5296875 0.6933399602385686 0.008333333333333333 0.05069582504970179
0 0.9596354166666666 0.6863817097415507 0.008854166666666666 0.032803180914512925
0 0.4296875 0.6923459244532804 0.016666666666666666 0.036779324055666
0 0.7950520833333333 0.6893638170974155 0.0078125 0.030815109343936383
0 0.85390625 0.6829025844930418 0.015104166666666667 0.015904572564612324
0 0.9869791666666666 0.6933399602385686 0.00625 0.0268389662027833
0 0.17135416666666667 0.6938369781312127 0.009375 0.02186878727634195
0 0.7283854166666667 0.7072564612326043 0.009895833333333333 0.040755467196819085
0 0.4752604166666667 0.7047713717693836 0.021354166666666667 0.027833001988071572
0 0.9442708333333333 0.7062624254473161 0.013541666666666667 0.030815109343936383
0 0.5848958333333333 0.7062624254473161 0.011458333333333333 0.020874751491053677
0 0.37994791666666666 0.7102385685884692 0.0109375 0.0268389662027833
0 0.5440104166666667 0.7340954274353877 0.0140625 0.06262425447316103
0 0.7135416666666666 0.7286282306163022 0.017708333333333333 0.02584493041749503
0 0.6747395833333333 0.7405566600397614 0.013020833333333334 0.03578528827037773
0 0.9453125 0.7301192842942346 0.016666666666666666 0.012922465208747515
0 0.5697916666666667 0.7370775347912525 0.011458333333333333 0.02485089463220676
0 0.13645833333333332 0.742544731610338 0.010416666666666666 0.019880715705765408
0 0.7973958333333333 0.7440357852882704 0.009375 0.012922465208747515
0 0.6239583333333333 0.7470178926441352 0.011458333333333333 0.012922465208747515
0 0.58359375 0.7599403578528827 0.011979166666666667 0.02286282306163022
0 0.6692708333333334 0.7738568588469185 0.014583333333333334 0.020874751491053677
0 0.38567708333333334 0.7783300198807157 0.0203125 0.015904572564612324
0 0.77109375 0.7922465208747514 0.0078125 0.041749502982107355
0 0.8575520833333333 0.7823061630218688 0.0109375 0.02186878727634195
0 0.6494791666666667 0.7957256461232605 0.009375 0.0268389662027833
0 0.6028645833333334 0.7987077534791253 0.0036458333333333334 0.0268389662027833
0 0.5432291666666667 0.7917495029821073 0.011458333333333333 0.008946322067594433
0 0.005208333333333333 0.7987077534791253 0.010416666666666666 0.016898608349900597
0 0.56953125 0.8006958250497018 0.008854166666666666 0.014910536779324055
0 0.715625 0.7992047713717694 0.00625 0.011928429423459244
0 0.5609375 0.8121272365805169 0.0125 0.017892644135188866
0 0.7997395833333333 0.8170974155069582 0.005729166666666666 0.027833001988071572
0 0.87265625 0.8121272365805169 0.0078125 0.019880715705765408
0 0.58828125 0.812624254473161 0.021354166666666667 0.016898608349900597
0 0.6221354166666667 0.8444333996023857 0.03802083333333333 0.05864811133200795
0 0.709375 0.8245526838966203 0.009375 0.020874751491053677
0 0.66875 0.8280318091451292 0.011458333333333333 0.015904572564612324
0 0.68984375 0.8434393638170974 0.022395833333333334 0.04671968190854871
0 0.8169270833333333 0.8300198807157058 0.011979166666666667 0.015904572564612324
0 0.24427083333333333 0.8339960238568589 0.020833333333333332 0.019880715705765408
0 0.65 0.841948310139165 0.014583333333333334 0.02385685884691849
0 0.559375 0.8424453280318092 0.023958333333333335 0.018886679920477135
0 0.8768229166666667 0.8449304174950298 0.019270833333333334 0.019880715705765408
0 0.534375 0.8518886679920478 0.008333333333333333 0.02982107355864811
0 0.28958333333333336 0.8623260437375746 0.010416666666666666 0.036779324055666
0 0.578125 0.8623260437375746 0.011458333333333333 0.030815109343936383
0 0.4479166666666667 0.8638170974155069 0.013541666666666667 0.02982107355864811
0 0.7236979166666667 0.8598409542743539 0.009895833333333333 0.015904572564612324
0 0.6505208333333333 0.8663021868787276 0.00625 0.012922465208747515
0 0.428125 0.8687872763419483 0.011458333333333333 0.007952286282306162
0 0.26875 0.8807157057654076 0.011458333333333333 0.02584493041749503
0 0.5268229166666667 0.8792246520874751 0.0067708333333333336 0.012922465208747515
0 0.6651041666666667 0.8782306163021869 0.008333333333333333 0.010934393638170975
0 0.62734375 0.8966202783300199 0.025520833333333333 0.039761431411530816
0 0.7515625 0.8871769383697813 0.007291666666666667 0.018886679920477135
0 0.521875 0.9150099403578529 0.01875 0.05069582504970179
0 0.659375 0.904572564612326 0.019791666666666666 0.02584493041749503
0 0.49609375 0.9105367793240556 0.005729166666666666 0.02385685884691849
0 0.7229166666666667 0.9065606361829026 0.005208333333333333 0.013916500994035786
0 0.6885416666666667 0.9324055666003976 0.016666666666666666 0.061630218687872766
0 0.4796875 0.915506958250497 0.007291666666666667 0.019880715705765408
0 0.7127604166666667 0.9174950298210736 0.0109375 0.013916500994035786
0 0.5359375 0.9343936381709742 0.011458333333333333 0.017892644135188866
0 0.33203125 0.9363817097415507 0.018229166666666668 0.011928429423459244
0 0.4390625 0.9403578528827038 0.011458333333333333 0.02186878727634195
0 0.9015625 0.9458250497017893 0.010416666666666666 0.032803180914512925
0 0.5674479166666667 0.9542743538767395 0.0203125 0.03777335984095427
0 0.60625 0.9582504970178927 0.019791666666666666 0.033797216699801194
0 0.7981770833333334 0.9468190854870775 0.015104166666666667 0.008946322067594433
0 0.4518229166666667 0.9666998011928429 0.0067708333333333336 0.03876739562624255
0 0.5328125 0.9627236580516899 0.020833333333333332 0.02485089463220676
0 0.6216145833333333 0.974155069582505 0.011979166666666667 0.0437375745526839
0 0.5109375 0.9676938369781312 0.0125 0.02882703777335984
0 0.47708333333333336 0.9662027833001988 0.016666666666666666 0.02186878727634195
0 0.7192708333333333 0.9736580516898609 0.021875 0.03479125248508946
0 0.40729166666666666 0.9696819085487077 0.009375 0.02485089463220676
0 0.28151041666666665 0.9731610337972167 0.0203125 0.019880715705765408
0 0.9908854166666666 0.9731610337972167 0.0171875 0.019880715705765408
0 0.6421875 0.9860834990059643 0.011458333333333333 0.02584493041749503
0 0.7018229166666666 0.9811133200795229 0.013020833333333334 0.009940357852882704
0 0.8333333333333334 0.9870775347912525 0.022916666666666665 0.017892644135188866
0 0.6736979166666667 0.9860834990059643 0.013020833333333334 0.011928429423459244
0 0.7596354166666667 0.992544731610338 0.0078125 0.012922465208747515
0 0.43333333333333335 0.9940357852882704 0.013541666666666667 0.009940357852882704