0 0.23515625 0.030815109343936383 0.008854166666666666 0.033797216699801194
0 0.553125 0.026341948310139165 0.0125 0.016898608349900597
0 0.2875 0.03578528827037773 0.007291666666666667 0.03777335984095427
0 0.0049479166666666664 0.029324055666003976 0.008854166666666666 0.018886679920477135
0 0.055989583333333336 0.05715705765407555 0.0140625 0.0268389662027833
0 0.4388020833333333 0.06063618290258449 0.0140625 0.02584493041749503
0 0.5669270833333333 0.07455268389662027 0.0078125 0.041749502982107355
0 0.90078125 0.07455268389662027 0.0067708333333333336 0.027833001988071572
0 0.8856770833333333 0.07604373757455268 0.0046875 0.0268389662027833
0 0.24453125 0.10536779324055666 0.013020833333333334 0.02186878727634195
0 0.9598958333333333 0.16998011928429424 0.017708333333333333 0.039761431411530816
0 0.8557291666666667 0.18886679920477137 0.008333333333333333 0.033797216699801194
0 0.7471354166666667 0.18290258449304175 0.011979166666666667 0.013916500994035786
0 0.5455729166666666 0.20675944333996024 0.013020833333333334 0.017892644135188866
0 0.48463541666666665 0.22266401590457258 0.005729166666666666 0.033797216699801194
0 0.40234375 0.2539761431411531 0.0109375 0.02882703777335984
0 0.09270833333333334 0.2485089463220676 0.009375 0.015904572564612324
0 0.3346354166666667 0.26192842942345923 0.011979166666666667 0.016898608349900597
0 0.01640625 0.275844930417495 0.009895833333333333 0.018886679920477135
0 0.5294270833333333 0.29870775347912526 0.0109375 0.02882703777335984
0 0.5924479166666666 0.3081510934393638 0.016145833333333335 0.02982107355864811
0 0.25703125 0.3195825049701789 0.013020833333333334 0.02882703777335984
0 0.9505208333333334 0.3230616302186879 0.00625 0.02584493041749503
0 0.05130208333333333 0.31858846918489064 0.008854166666666666 0.014910536779324055
0 0.35104166666666664 0.3414512922465209 0.009375 0.020874751491053677
0 0.84765625 0.3513916500994036 0.0109375 0.02882703777335984
0 0.41953125 0.35685884691848907 0.016145833333333335 0.009940357852882704
0 0.6984375 0.4165009940357853 0.0125 0.03777335984095427
0 0.8013020833333333 0.415506958250497 0.0067708333333333336 0.02584493041749503
0 0.68203125 0.4259443339960239 0.0078125 0.02485089463220676
0 0.45260416666666664 0.42047713717693835 0.015625 0.011928429423459244
0 0.15989583333333332 0.43687872763419483 0.00625 0.014910536779324055
0 0.5309895833333333 0.4537773359840954 0.0046875 0.02485089463220676
0 0.024479166666666666 0.4592445328031809 0.0125 0.007952286282306162
0 0.5861979166666667 0.481610337972167 0.011979166666666667 0.03876739562624255
0 0.6372395833333333 0.48061630218687873 0.015104166666666667 0.016898608349900597
0 0.9736979166666667 0.48906560636182905 0.018229166666666668 0.02584493041749503
0 0.5411458333333333 0.5149105367793241 0.00625 0.03180914512922465
0 0.63203125 0.5273359840954275 0.008854166666666666 0.02485089463220676
0 0.48489583333333336 0.5278330019880716 0.011458333333333333 0.027833001988071572
0 0.6864583333333333 0.55168986083499 0.020833333333333332 0.02186878727634195
0 0.5192708333333333 0.5581510934393639 0.010416666666666666 0.02882703777335984
0 0.5763020833333333 0.5596421471172962 0.008854166666666666 0.013916500994035786
0 0.45260416666666664 0.5745526838966203 0.010416666666666666 0.027833001988071572
0 0.5911458333333334 0.5830019880715706 0.0125 0.03479125248508946
0 0.5981770833333333 0.5959244532803181 0.009895833333333333 0.02286282306163022
0 0.38567708333333334 0.5964214711729622 0.011979166666666667 0.017892644135188866
0 0.68828125 0.6098409542743539 0.008854166666666666 0.03479125248508946
0 0.5471354166666667 0.6257455268389662 0.021354166666666667 0.06262425447316103
0 0.5161458333333333 0.6461232604373758 0.017708333333333333 0.09741550695825049
0 0.6052083333333333 0.6113320079522863 0.009375 0.019880715705765408
0 0.5815104166666667 0.6128230616302187 0.0109375 0.016898608349900597
0 0.6239583333333333 0.6177932405566601 0.009375 0.016898608349900597
0 0.4635416666666667 0.6232604373757455 0.0125 0.011928429423459244
0 0.49895833333333334 0.6351888667992047 0.014583333333333334 0.009940357852882704
0 0.53046875 0.639662027833002 0.0078125 0.012922465208747515
0 0.38125 0.6560636182902585 0.010416666666666666 0.017892644135188866
0 0.4588541666666667 0.6590457256461233 0.017708333333333333 0.015904572564612324
0 0.8395833333333333 0.6684890656063618 0.011458333333333333 0.02485089463220676
0 0.6309895833333333 0.6858846918489065 0.013020833333333334 0.013916500994035786
0 0.53125 0.6903578528827038 0.009375 0.012922465208747515
0 0.859375 0.7002982107355865 0.00625 0.02485089463220676
0 0.4197916666666667 0.7186878727634195 0.0125 0.015904572564612324
0 0.48723958333333334 0.7554671968190855 0.011979166666666667 0.02186878727634195
0 0.6854166666666667 0.7773359840954275 0.015625 0.009940357852882704
0 0.7778645833333333 0.808648111332008 0.013020833333333334 0.02286282306163022
0 0.8708333333333333 0.911530815109344 0.011458333333333333 0.019880715705765408
0 0.8330729166666667 0.9140159045725647 0.016145833333333335 0.018886679920477135
0 0.3802083333333333 0.9150099403578529 0.017708333333333333 0.008946322067594433
0 0.8296875 0.9617296222664016 0.014583333333333334 0.018886679920477135
0 0.56640625 0.9875745526838966 0.005729166666666666 0.02286282306163022
0 0.46796875 0.9870775347912525 0.009895833333333333 0.02385685884691849
0 0.28359375 0.9950298210735586 0.0140625 0.007952286282306162