0 0.3736979166666667 0.009940357852882704 0.008854166666666666 0.019880715705765408
0 0.8890625 0.01341948310139165 0.0125 0.0268389662027833
0 0.9921875 0.009940357852882704 0.011458333333333333 0.019880715705765408
0 0.18307291666666667 0.017892644135188866 0.022395833333333334 0.03180914512922465
0 0.20598958333333334 0.009940357852882704 0.009895833333333333 0.013916500994035786
0 0.12057291666666667 0.011928429423459244 0.0078125 0.011928429423459244
0 0.24739583333333334 0.04125248508946322 0.022916666666666665 0.07256461232604373
0 0.07578125 0.02882703777335984 0.022395833333333334 0.041749502982107355
0 0.2916666666666667 0.03628230616302187 0.021875 0.02485089463220676
0 0.31927083333333334 0.05417495029821073 0.015625 0.04671968190854871
0 0.21380208333333334 0.0536779324055666 0.0140625 0.03777335984095427
0 0.3450520833333333 0.04920477137176938 0.0078125 0.0268389662027833
0 0.25625 0.06958250497017893 0.014583333333333334 0.039761431411530816
0 0.3424479166666667 0.0720675944333996 0.016145833333333335 0.02286282306163022
0 0.5020833333333333 0.08946322067594434 0.028125 0.05168986083499006
0 0.55625 0.07703777335984095 0.015625 0.020874751491053677
0 0.16328125 0.08101391650099403 0.018229166666666668 0.02485089463220676
0 0.03463541666666667 0.09840954274353876 0.0078125 0.02186878727634195
0 0.84296875 0.09791252485089463 0.016145833333333335 0.02286282306163022
0 0.46953125 0.09691848906560636 0.011979166666666667 0.010934393638170975
0 0.2908854166666667 0.11282306163021869 0.015104166666666667 0.03479125248508946
0 0.8989583333333333 0.12027833001988071 0.016666666666666666 0.0437375745526839
0 0.3580729166666667 0.11630218687872763 0.016145833333333335 0.02982107355864811
0 0.7721354166666666 0.12027833001988071 0.008854166666666666 0.03777335984095427
0 0.3106770833333333 0.11978131212723658 0.0046875 0.018886679920477135
0 0.2203125 0.1341948310139165 0.011458333333333333 0.041749502982107355
0 0.6135416666666667 0.12226640159045726 0.010416666666666666 0.009940357852882704
0 0.40989583333333335 0.15009940357852883 0.0125 0.039761431411530816
0 0.16979166666666667 0.1525844930417495 0.01875 0.036779324055666
0 0.67109375 0.15854870775347912 0.009895833333333333 0.036779324055666
0 0.5627604166666667 0.16003976143141152 0.016145833333333335 0.02982107355864811
0 0.39375 0.1694831013916501 0.008333333333333333 0.04473161033797217
0 0.9869791666666666 0.1679920477137177 0.025 0.041749502982107355
0 0.4388020833333333 0.16898608349900596 0.022395833333333334 0.03777335984095427
0 0.9216145833333333 0.1779324055666004 0.0140625 0.03578528827037773
0 0.6611979166666667 0.17892644135188868 0.0067708333333333336 0.015904572564612324
0 0.3768229166666667 0.2077534791252485 0.024479166666666666 0.041749502982107355
0 0.5114583333333333 0.2077534791252485 0.013541666666666667 0.02186878727634195
0 0.678125 0.20825049701789264 0.014583333333333334 0.02485089463220676
0 0.19036458333333334 0.2077534791252485 0.015104166666666667 0.013916500994035786
0 0.17786458333333333 0.20675944333996024 0.0078125 0.009940357852882704
0 0.9065104166666667 0.2117296222664016 0.0078125 0.017892644135188866
0 0.9721354166666667 0.2360834990059642 0.027604166666666666 0.05069582504970179
0 0.3171875 0.2276341948310139 0.011458333333333333 0.02982107355864811
0 0.3346354166666667 0.2331013916500994 0.022395833333333334 0.03479125248508946
0 0.18619791666666666 0.24652087475149106 0.013020833333333334 0.041749502982107355
0 0.121875 0.24552683896620278 0.014583333333333334 0.02982107355864811
0 0.3033854166666667 0.24453280318091453 0.015104166666666667 0.015904572564612324
0 0.37526041666666665 0.24751491053677932 0.016145833333333335 0.02385685884691849
0 0.140625 0.26192842942345923 0.014583333333333334 0.03479125248508946
0 0.26067708333333334 0.2649105367793241 0.0109375 0.042743538767395624
0 0.85234375 0.27087475149105367 0.013020833333333334 0.02882703777335984
0 0.3046875 0.27435387673956263 0.010416666666666666 0.019880715705765408
0 0.99375 0.279324055666004 0.011458333333333333 0.03180914512922465
0 0.3450520833333333 0.2852882703777336 0.025520833333333333 0.039761431411530816
0 0.8877604166666667 0.2828031809145129 0.0171875 0.030815109343936383
0 0.06145833333333333 0.29025844930417494 0.01875 0.033797216699801194
0 0.22942708333333334 0.29174950298210733 0.0078125 0.03479125248508946
0 0.51015625 0.2882703777335984 0.0171875 0.027833001988071572
0 0.7859375 0.2957256461232604 0.021875 0.018886679920477135
0 0.30104166666666665 0.3036779324055666 0.009375 0.02286282306163022
0 0.21223958333333334 0.3076540755467197 0.0067708333333333336 0.02882703777335984
0 0.8161458333333333 0.30417495029821073 0.008333333333333333 0.017892644135188866
0 0.73125 0.31411530815109345 0.013541666666666667 0.02982107355864811
0 0.44479166666666664 0.31809145129224653 0.008333333333333333 0.027833001988071572
0 0.9864583333333333 0.31461232604373757 0.007291666666666667 0.016898608349900597
0 0.34739583333333335 0.32007952286282304 0.0125 0.019880715705765408
0 0.16276041666666666 0.3275347912524851 0.0067708333333333336 0.030815109343936383
0 0.3184895833333333 0.3334990059642147 0.0109375 0.02286282306163022
0 0.45416666666666666 0.3588469184890656 0.008333333333333333 0.02584493041749503
0 0.35130208333333335 0.3548707753479125 0.013020833333333334 0.013916500994035786
0 0.29322916666666665 0.3558648111332008 0.008333333333333333 0.011928429423459244
0 0.39739583333333334 0.3687872763419483 0.013541666666666667 0.017892644135188866
0 0.4140625 0.3687872763419483 0.013541666666666667 0.019880715705765408
0 0.8794270833333333 0.378727634194831 0.016145833333333335 0.03180914512922465
0 0.36171875 0.37673956262425445 0.0067708333333333336 0.019880715705765408
0 0.24609375 0.39214711729622265 0.009895833333333333 0.02485089463220676
0 0.29791666666666666 0.4150099403578529 0.015625 0.05467196819085487
0 0.6567708333333333 0.3986083499005964 0.023958333333333335 0.02186878727634195
0 0.4421875 0.41848906560636184 0.010416666666666666 0.027833001988071572
0 0.4244791666666667 0.4209741550695825 0.005208333333333333 0.020874751491053677
0 0.7981770833333334 0.4388667992047714 0.019270833333333334 0.032803180914512925
0 0.8755208333333333 0.43141153081510936 0.016666666666666666 0.017892644135188866
0 0.978125 0.4388667992047714 0.023958333333333335 0.02882703777335984
0 0.2078125 0.43737574552683894 0.019791666666666666 0.015904572564612324
0 0.3893229166666667 0.4562624254473161 0.013020833333333334 0.0536779324055666
0 0.62421875 0.4398608349900596 0.0171875 0.016898608349900597
0 0.7544270833333333 0.44831013916500995 0.013020833333333334 0.03180914512922465
0 0.25625 0.44681908548707755 0.017708333333333333 0.02485089463220676
0 0.19010416666666666 0.4696819085487077 0.00625 0.018886679920477135
0 0.34817708333333336 0.4865805168986084 0.009895833333333333 0.030815109343936383
0 0.37135416666666665 0.47962226640159045 0.009375 0.016898608349900597
0 0.8197916666666667 0.4855864811133201 0.028125 0.02882703777335984
0 0.06067708333333333 0.5019880715705766 0.018229166666666668 0.039761431411530816
0 0.7135416666666666 0.4955268389662028 0.023958333333333335 0.016898608349900597
0 0.36223958333333334 0.49801192842942343 0.013020833333333334 0.013916500994035786
0 0.9270833333333334 0.5019880715705766 0.019791666666666666 0.02385685884691849
0 0.3802083333333333 0.5079522862823062 0.008333333333333333 0.02584493041749503
0 0.4234375 0.510934393638171 0.009375 0.02584493041749503
0 0.008333333333333333 0.5233598409542743 0.016666666666666666 0.030815109343936383
0 0.35052083333333334 0.5233598409542743 0.0125 0.0268389662027833
0 0.9799479166666667 0.5417495029821073 0.021354166666666667 0.055666003976143144
0 0.4635416666666667 0.540258449304175 0.025 0.032803180914512925
0 0.6765625 0.547713717693837 0.0125 0.041749502982107355
0 0.8572916666666667 0.5472166998011928 0.021875 0.016898608349900597
0 0.34296875 0.5571570576540755 0.015104166666666667 0.02882703777335984
0 0.40911458333333334 0.5531809145129225 0.018229166666666668 0.016898608349900597
0 0.44036458333333334 0.5581510934393639 0.0067708333333333336 0.018886679920477135
0 0.5869791666666667 0.5601391650099403 0.020833333333333332 0.018886679920477135
0 0.7651041666666667 0.5839960238568589 0.016666666666666666 0.05666003976143141
0 0.4622395833333333 0.5800198807157058 0.0067708333333333336 0.03479125248508946
0 0.47604166666666664 0.5795228628230616 0.010416666666666666 0.017892644135188866
0 0.365625 0.5830019880715706 0.008333333333333333 0.02286282306163022
0 0.4903645833333333 0.5929423459244533 0.013020833333333334 0.030815109343936383
0 0.42578125 0.6093439363817097 0.0067708333333333336 0.027833001988071572
0 0.72109375 0.6282306163021869 0.021354166666666667 0.03578528827037773
0 0.005989583333333334 0.6361829025844931 0.011979166666666667 0.02982107355864811
0 0.25286458333333334 0.6575546719681908 0.019270833333333334 0.020874751491053677
0 0.9591145833333333 0.6734592445328031 0.030729166666666665 0.042743538767395624
0 0.9270833333333334 0.6684890656063618 0.026041666666666668 0.030815109343936383
0 0.415625 0.6665009940357853 0.00625 0.02286282306163022
0 0.73046875 0.6684890656063618 0.022395833333333334 0.014910536779324055
0 0.6890625 0.6804174950298211 0.017708333333333333 0.02485089463220676
0 0.5078125 0.6878727634194831 0.016666666666666666 0.03180914512922465
0 0.5817708333333333 0.6968190854870775 0.021875 0.033797216699801194
0 0.5518229166666667 0.7012922465208747 0.021354166666666667 0.02882703777335984
0 0.46510416666666665 0.6993041749502982 0.004166666666666667 0.020874751491053677
0 0.4395833333333333 0.7107355864811133 0.014583333333333334 0.03777335984095427
0 0.7143229166666667 0.7102385685884692 0.019270833333333334 0.03876739562624255
0 0.25703125 0.7236580516898609 0.0171875 0.04771371769383698
0 0.34401041666666665 0.7246520874751491 0.009895833333333333 0.013916500994035786
0 0.88984375 0.739065606361829 0.0265625 0.0268389662027833
0 0.3067708333333333 0.7380715705765407 0.016666666666666666 0.016898608349900597
0 0.3653645833333333 0.7465208747514911 0.0046875 0.02982107355864811
0 0.5088541666666667 0.7485089463220675 0.020833333333333332 0.033797216699801194
0 0.9145833333333333 0.7519880715705766 0.025 0.0268389662027833
0 0.5221354166666666 0.7624254473161034 0.005729166666666666 0.03180914512922465
0 0.96484375 0.7698807157057654 0.0109375 0.042743538767395624
0 0.39739583333333334 0.7664015904572564 0.01875 0.019880715705765408
0 0.15703125 0.7788270377733598 0.019270833333333334 0.036779324055666
0 0.4244791666666667 0.7723658051689861 0.019791666666666666 0.02385685884691849
0 0.5703125 0.7982107355864811 0.015625 0.05168986083499006
0 0.9453125 0.7872763419483101 0.017708333333333333 0.019880715705765408
0 0.7981770833333334 0.7917495029821073 0.018229166666666668 0.02485089463220676
0 0.09453125 0.80168986083499 0.028645833333333332 0.036779324055666
0 0.17708333333333334 0.8021868787276342 0.017708333333333333 0.02982107355864811
0 0.6802083333333333 0.8175944333996024 0.013541666666666667 0.032803180914512925
0 0.7713541666666667 0.8131212723658051 0.017708333333333333 0.02385685884691849
0 0.059895833333333336 0.8459244532803181 0.011458333333333333 0.03578528827037773
0 0.7278645833333334 0.8499005964214712 0.013020833333333334 0.03578528827037773
0 0.33255208333333336 0.8538767395626242 0.022395833333333334 0.02982107355864811
0 0.18567708333333333 0.8682902584493042 0.0203125 0.042743538767395624
0 0.2796875 0.8598409542743539 0.00625 0.011928429423459244
0 0.7596354166666667 0.8832007952286283 0.018229166666666668 0.048707753479125246
0 0.03229166666666667 0.8792246520874751 0.023958333333333335 0.030815109343936383
0 0.44296875 0.9065606361829026 0.015104166666666667 0.017892644135188866
0 0.384375 0.9135188866799204 0.016666666666666666 0.02584493041749503
0 0.8174479166666667 0.9194831013916501 0.009895833333333333 0.017892644135188866
0 0.49661458333333336 0.9388667992047713 0.019270833333333334 0.036779324055666
0 0.35208333333333336 0.9368787276341949 0.017708333333333333 0.030815109343936383
0 0.14427083333333332 0.9463220675944334 0.019791666666666666 0.02584493041749503
0 0.09947916666666666 0.944831013916501 0.020833333333333332 0.018886679920477135
0 0.32369791666666664 0.9637176938369781 0.019270833333333334 0.040755467196819085
0 0.34661458333333334 0.9840954274353877 0.011979166666666667 0.02982107355864811
0 0.7283854166666667 0.98558648111332 0.011979166666666667 0.0268389662027833
0 0.93984375 0.9920477137176938 0.0203125 0.013916500994035786
0 0.22864583333333333 0.9935387673956262 0.011458333333333333 0.010934393638170975