0 0.49895833333333334 0.010934393638170975 0.010416666666666666 0.02186878727634195
0 0.26614583333333336 0.04324055666003976 0.011458333333333333 0.02286282306163022
0 0.25364583333333335 0.05019880715705766 0.008333333333333333 0.032803180914512925
0 0.21197916666666666 0.07604373757455268 0.020833333333333332 0.030815109343936383
0 0.05677083333333333 0.07803180914512922 0.007291666666666667 0.02882703777335984
0 0.5270833333333333 0.08250497017892644 0.011458333333333333 0.027833001988071572
0 0.5096354166666667 0.09244532803180915 0.015104166666666667 0.03180914512922465
0 0.8359375 0.11928429423459244 0.013541666666666667 0.02186878727634195
0 0.3932291666666667 0.12823061630218688 0.013541666666666667 0.033797216699801194
0 0.21848958333333332 0.13021868787276342 0.024479166666666666 0.033797216699801194
0 0.10390625 0.13071570576540756 0.009895833333333333 0.02286282306163022
0 0.24635416666666668 0.13667992047713717 0.03229166666666667 0.036779324055666
0 0.43723958333333335 0.12922465208747516 0.024479166666666666 0.02186878727634195
0 0.5942708333333333 0.15059642147117297 0.010416666666666666 0.0268389662027833
0 0.37083333333333335 0.18141153081510936 0.016666666666666666 0.04473161033797217
0 0.3528645833333333 0.18836978131212723 0.0140625 0.016898608349900597
0 0.7625 0.20924453280318092 0.021875 0.032803180914512925
0 0.4296875 0.20178926441351888 0.010416666666666666 0.013916500994035786
0 0.3578125 0.21968190854870775 0.021875 0.0437375745526839
0 0.41901041666666666 0.2216699801192843 0.0067708333333333336 0.019880715705765408
0 0.34427083333333336 0.21968190854870775 0.010416666666666666 0.011928429423459244
0 0.45598958333333334 0.23061630218687873 0.0067708333333333336 0.015904572564612324
0 0.4080729166666667 0.2360834990059642 0.009895833333333333 0.02286282306163022
0 0.6221354166666667 0.24453280318091453 0.009895833333333333 0.033797216699801194
0 0.3458333333333333 0.25347912524850896 0.040625 0.027833001988071572
0 0.28229166666666666 0.2485089463220676 0.017708333333333333 0.009940357852882704
0 0.4375 0.25894632206759444 0.015625 0.030815109343936383
0 0.3328125 0.2912524850894632 0.0125 0.041749502982107355
0 0.27291666666666664 0.28677932405566603 0.026041666666666668 0.02286282306163022
0 0.42239583333333336 0.31262425447316106 0.010416666666666666 0.02286282306163022
0 0.42161458333333335 0.34691848906560635 0.008854166666666666 0.015904572564612324
0 0.33177083333333335 0.3508946322067594 0.011458333333333333 0.013916500994035786
0 0.29296875 0.397117296222664 0.021354166666666667 0.07654075546719682
0 0.26510416666666664 0.37922465208747513 0.0125 0.014910536779324055
0 0.35859375 0.38817097415506957 0.0067708333333333336 0.030815109343936383
0 0.4119791666666667 0.4304174950298211 0.010416666666666666 0.02584493041749503
0 0.6830729166666667 0.43538767395626243 0.005729166666666666 0.033797216699801194
0 0.35130208333333335 0.43190854870775347 0.0109375 0.018886679920477135
0 0.45859375 0.43687872763419483 0.0078125 0.02882703777335984
0 0.38723958333333336 0.43687872763419483 0.0067708333333333336 0.016898608349900597
0 0.7841145833333333 0.46570576540755465 0.016145833333333335 0.04473161033797217
0 0.37395833333333334 0.47763419483101394 0.016666666666666666 0.036779324055666
0 0.2950520833333333 0.49254473161033796 0.013020833333333334 0.030815109343936383
0 0.8859375 0.4875745526838966 0.01875 0.018886679920477135
0 0.3489583333333333 0.49502982107355864 0.008333333333333333 0.02584493041749503
0 0.16979166666666667 0.4955268389662028 0.019791666666666666 0.02286282306163022
0 0.3880208333333333 0.5009940357852882 0.010416666666666666 0.013916500994035786
0 0.9768229166666667 0.5094433399602386 0.021354166666666667 0.0268389662027833
0 0.209375 0.5193836978131213 0.01875 0.018886679920477135
0 0.6138020833333333 0.5303180914512923 0.0171875 0.020874751491053677
0 0.43072916666666666 0.532803180914513 0.008333333333333333 0.019880715705765408
0 0.35651041666666666 0.5536779324055666 0.0140625 0.0536779324055666
0 0.6010416666666667 0.5447316103379721 0.008333333333333333 0.03777335984095427
0 0.5403645833333334 0.5506958250497018 0.008854166666666666 0.011928429423459244
0 0.21744791666666666 0.5889662027833003 0.0203125 0.014910536779324055
0 0.39765625 0.6053677932405567 0.027604166666666666 0.041749502982107355
0 0.35989583333333336 0.6138170974155069 0.019791666666666666 0.05268389662027833
0 0.7354166666666667 0.6192842942345924 0.009375 0.03578528827037773
0 0.5486979166666667 0.614314115308151 0.008854166666666666 0.009940357852882704
0 0.46041666666666664 0.6426441351888668 0.0125 0.02286282306163022
0 0.3885416666666667 0.6411530815109344 0.014583333333333334 0.009940357852882704
0 0.12161458333333333 0.661530815109344 0.013020833333333334 0.04473161033797217
0 0.37135416666666665 0.6754473161033797 0.016666666666666666 0.032803180914512925
0 0.24817708333333333 0.69831013916501 0.0109375 0.05069582504970179
0 0.40078125 0.7152087475149106 0.018229166666666668 0.0268389662027833
0 0.42734375 0.7211729622266402 0.0067708333333333336 0.03479125248508946
0 0.45208333333333334 0.7216699801192843 0.014583333333333334 0.02385685884691849
0 0.37473958333333335 0.7624254473161034 0.0140625 0.033797216699801194
0 0.30625 0.7604373757455268 0.011458333333333333 0.027833001988071572
0 0.3888020833333333 0.760934393638171 0.011979166666666667 0.02485089463220676
0 0.08098958333333334 0.7634194831013916 0.018229166666666668 0.02186878727634195
0 0.35598958333333336 0.7688866799204771 0.0109375 0.02485089463220676
0 0.61015625 0.7634194831013916 0.0140625 0.013916500994035786
0 0.26276041666666666 0.7912524850894632 0.0067708333333333336 0.011928429423459244
0 0.25078125 0.7967196819085487 0.0109375 0.018886679920477135
0 0.32005208333333335 0.8071570576540755 0.0140625 0.039761431411530816
0 0.08723958333333333 0.8056660039761432 0.019270833333333334 0.02286282306163022
0 0.4734375 0.8489065606361829 0.019791666666666666 0.02186878727634195
0 0.26640625 0.8633200795228628 0.021354166666666667 0.02485089463220676
0 0.15416666666666667 0.9324055666003976 0.022916666666666665 0.02982107355864811
0 0.5315104166666667 0.9294234592445328 0.019270833333333334 0.017892644135188866
0 0.26979166666666665 0.9592445328031809 0.021875 0.03180914512922465
0 0.32395833333333335 0.9691848906560636 0.023958333333333335 0.017892644135188866
0 0.6380208333333334 0.9826043737574552 0.0125 0.032803180914512925
0 0.43463541666666666 0.9840954274353877 0.013020833333333334 0.02982107355864811