0 0.4669270833333333 0.002982107355864811 0.0109375 0.005964214711729622
0 0.7651041666666667 0.010437375745526839 0.020833333333333332 0.020874751491053677
0 0.8666666666666667 0.020377733598409543 0.01875 0.040755467196819085
0 0.96875 0.01143141153081511 0.0125 0.02286282306163022
0 0.9932291666666667 0.014910536779324055 0.008333333333333333 0.02982107355864811
0 0.8091145833333333 0.021371769383697812 0.005729166666666666 0.018886679920477135
0 0.9783854166666667 0.02584493041749503 0.005729166666666666 0.02385685884691849
0 0.33828125 0.04671968190854871 0.009895833333333333 0.02982107355864811
0 0.82578125 0.04473161033797217 0.022395833333333334 0.027833001988071572
0 0.9177083333333333 0.04572564612326044 0.015625 0.02186878727634195
0 0.825 0.08499005964214712 0.01875 0.020874751491053677
0 0.9377604166666667 0.09145129224652088 0.0203125 0.02982107355864811
0 0.7098958333333333 0.10437375745526839 0.013541666666666667 0.03180914512922465
0 0.83046875 0.10785288270377734 0.009895833333333333 0.016898608349900597
0 0.8401041666666667 0.12176938369781312 0.008333333333333333 0.018886679920477135
0 0.49505208333333334 0.1257455268389662 0.013020833333333334 0.008946322067594433
0 0.6067708333333334 0.13618290258449303 0.013541666666666667 0.02385685884691849
0 0.9411458333333333 0.14015904572564614 0.009375 0.013916500994035786
0 0.73515625 0.1466202783300199 0.015104166666666667 0.02286282306163022
0 0.6377604166666667 0.15705765407554673 0.008854166666666666 0.011928429423459244
0 0.8877604166666667 0.16451292246520874 0.0234375 0.02882703777335984
0 0.81640625 0.17345924453280318 0.008854166666666666 0.02485089463220676
0 0.45546875 0.19135188866799205 0.011979166666666667 0.02882703777335984
0 0.4822916666666667 0.21222664015904572 0.009375 0.02286282306163022
0 0.44921875 0.21868787276341947 0.013020833333333334 0.017892644135188866
0 0.3614583333333333 0.22465208747514911 0.026041666666666668 0.017892644135188866
0 0.6546875 0.2286282306163022 0.008333333333333333 0.015904572564612324
0 0.6817708333333333 0.24254473161033796 0.007291666666666667 0.02186878727634195
0 0.93515625 0.24055666003976142 0.015104166666666667 0.017892644135188866
0 0.9177083333333333 0.25795228628230615 0.009375 0.020874751491053677
0 0.3567708333333333 0.2584493041749503 0.016666666666666666 0.017892644135188866
0 0.8466145833333333 0.2664015904572565 0.005729166666666666 0.027833001988071572
0 0.64921875 0.26043737574552683 0.005729166666666666 0.013916500994035786
0 0.5526041666666667 0.2882703777335984 0.025 0.03578528827037773
0 0.85703125 0.28777335984095426 0.0078125 0.016898608349900597
0 0.7049479166666667 0.3116302186878728 0.009895833333333333 0.0268389662027833
0 0.8559895833333333 0.334493041749503 0.0140625 0.018886679920477135
0 0.9442708333333333 0.34840954274353875 0.017708333333333333 0.02882703777335984
0 0.59921875 0.35934393638170975 0.0078125 0.018886679920477135
0 0.7606770833333333 0.3717693836978131 0.0171875 0.019880715705765408
0 0.7528645833333333 0.41848906560636184 0.008854166666666666 0.02186878727634195
0 0.9002604166666667 0.4289264413518887 0.0067708333333333336 0.02882703777335984
0 0.6838541666666667 0.43588469184890655 0.008333333333333333 0.02485089463220676
0 0.8557291666666667 0.43588469184890655 0.019791666666666666 0.014910536779324055
0 0.6013020833333333 0.4537773359840954 0.005729166666666666 0.030815109343936383
0 0.92578125 0.4532803180914513 0.0109375 0.02982107355864811
0 0.8302083333333333 0.470675944333996 0.011458333333333333 0.040755467196819085
0 0.46875 0.4602385685884692 0.008333333333333333 0.011928429423459244
0 0.9765625 0.4960238568588469 0.0125 0.02186878727634195
0 0.8125 0.49254473161033796 0.016666666666666666 0.012922465208747515
0 0.9109375 0.4990059642147117 0.014583333333333334 0.013916500994035786
0 0.68671875 0.5079522862823062 0.016145833333333335 0.009940357852882704
0 0.590625 0.5273359840954275 0.008333333333333333 0.020874751491053677
0 0.7489583333333333 0.5273359840954275 0.020833333333333332 0.020874751491053677
0 0.8895833333333333 0.5268389662027833 0.009375 0.015904572564612324
0 0.9255208333333333 0.5273359840954275 0.00625 0.018886679920477135
0 0.7640625 0.5646123260437376 0.0125 0.011928429423459244
0 0.8830729166666667 0.5730616302186878 0.013020833333333334 0.016898608349900597
0 0.8377604166666667 0.5820079522862823 0.013020833333333334 0.0268389662027833
0 0.7643229166666666 0.6133200795228628 0.0046875 0.027833001988071572
0 0.6497395833333334 0.635685884691849 0.024479166666666666 0.040755467196819085
0 0.7346354166666667 0.6391650099403579 0.0140625 0.0437375745526839
0 0.5799479166666667 0.6376739562624254 0.0140625 0.020874751491053677
0 0.8309895833333333 0.6461232604373758 0.0067708333333333336 0.03180914512922465
0 0.45677083333333335 0.6530815109343936 0.015625 0.027833001988071572
0 0.37942708333333336 0.6585487077534792 0.016145833333333335 0.020874751491053677
0 0.9815104166666667 0.6620278330019881 0.0140625 0.02186878727634195
0 0.7153645833333333 0.6739562624254473 0.011979166666666667 0.02186878727634195
0 0.5763020833333333 0.68389662027833 0.0067708333333333336 0.02186878727634195
0 0.9458333333333333 0.6933399602385686 0.013541666666666667 0.02485089463220676
0 0.7364583333333333 0.6968190854870775 0.004166666666666667 0.02385685884691849
0 0.840625 0.7162027833001988 0.010416666666666666 0.03479125248508946
0 0.6265625 0.7226640159045725 0.010416666666666666 0.033797216699801194
0 0.6611979166666667 0.7162027833001988 0.0067708333333333336 0.02286282306163022
0 0.9520833333333333 0.7450298210735586 0.022916666666666665 0.04473161033797217
0 0.1359375 0.7445328031809145 0.010416666666666666 0.03180914512922465
0 0.5911458333333334 0.7435387673956262 0.00625 0.02385685884691849
0 0.8044270833333333 0.7519880715705766 0.0078125 0.030815109343936383
0 0.928125 0.7539761431411531 0.008333333333333333 0.02882703777335984
0 0.6440104166666667 0.7470178926441352 0.0140625 0.012922465208747515
0 0.8825520833333333 0.7887673956262425 0.0171875 0.02286282306163022
0 0.2328125 0.7912524850894632 0.011458333333333333 0.019880715705765408
0 0.5901041666666667 0.7957256461232605 0.005208333333333333 0.02882703777335984
0 0.8119791666666667 0.7957256461232605 0.017708333333333333 0.02485089463220676
0 0.7015625 0.7987077534791253 0.004166666666666667 0.02286282306163022
0 0.7927083333333333 0.8076540755467196 0.003125 0.02485089463220676
0 0.5822916666666667 0.8156063618290258 0.015625 0.032803180914512925
0 0.8708333333333333 0.808648111332008 0.013541666666666667 0.018886679920477135
0 0.8557291666666667 0.8131212723658051 0.016666666666666666 0.009940357852882704
0 0.6338541666666667 0.8230616302186878 0.014583333333333334 0.02584493041749503
0 0.9083333333333333 0.8315109343936382 0.022916666666666665 0.032803180914512925
0 0.7138020833333333 0.8280318091451292 0.0109375 0.019880715705765408
0 0.9947916666666666 0.8349900596421471 0.009375 0.027833001988071572
0 0.7395833333333334 0.8394632206759444 0.0125 0.018886679920477135
0 0.7013020833333333 0.8404572564612326 0.0109375 0.008946322067594433
0 0.5361979166666667 0.8797216699801192 0.03697916666666667 0.073558648111332
0 0.5065104166666666 0.8558648111332008 0.018229166666666668 0.02186878727634195
0 0.6140625 0.8633200795228628 0.004166666666666667 0.02485089463220676
0 0.6658854166666667 0.8613320079522863 0.018229166666666668 0.02286282306163022
0 0.8083333333333333 0.8648111332007953 0.014583333333333334 0.02186878727634195
0 0.29791666666666666 0.871272365805169 0.00625 0.030815109343936383
0 0.7002604166666667 0.8702783300198808 0.018229166666666668 0.010934393638170975
0 0.6380208333333334 0.8836978131212724 0.009375 0.02186878727634195
0 0.6513020833333333 0.8846918489065606 0.0078125 0.017892644135188866
0 0.62265625 0.8991053677932406 0.0067708333333333336 0.02882703777335984
0 0.68515625 0.9020874751491054 0.0140625 0.036779324055666
0 0.7140625 0.8986083499005965 0.007291666666666667 0.02982107355864811
0 0.7268229166666667 0.9055666003976143 0.013020833333333334 0.0437375745526839
0 0.010677083333333334 0.9120278330019881 0.021354166666666667 0.02286282306163022
0 0.5463541666666667 0.9095427435387674 0.014583333333333334 0.013916500994035786
0 0.7057291666666666 0.9333996023856859 0.015625 0.03578528827037773
0 0.09739583333333333 0.9463220675944334 0.025 0.0437375745526839
0 0.778125 0.9642147117296223 0.005208333333333333 0.02982107355864811
0 0.7622395833333333 0.9627236580516899 0.008854166666666666 0.020874751491053677
0 0.9393229166666667 0.9666998011928429 0.0140625 0.0268389662027833
0 0.15807291666666667 0.9786282306163022 0.021354166666666667 0.040755467196819085
0 0.5643229166666667 0.9771371769383698 0.008854166666666666 0.03578528827037773
0 0.6817708333333333 0.9716699801192843 0.013541666666666667 0.018886679920477135
0 0.8002604166666667 0.9801192842942346 0.009895833333333333 0.03777335984095427
0 0.5481770833333334 0.9826043737574552 0.013020833333333334 0.032803180914512925
0 0.7440104166666667 0.9796222664015904 0.016145833333333335 0.012922465208747515
0 0.6731770833333334 0.9910536779324056 0.022395833333333334 0.015904572564612324
0 0.7393229166666667 0.9940357852882704 0.0078125 0.009940357852882704