0 0.9260416666666667 0.0004970178926441351 0.029166666666666667 0.0009940357852882703
0 0.7455729166666667 0.01143141153081511 0.0140625 0.02286282306163022
0 0.64296875 0.008946322067594433 0.0109375 0.011928429423459244
0 0.97578125 0.024353876739562623 0.008854166666666666 0.018886679920477135
0 0.6390625 0.0437375745526839 0.008333333333333333 0.02982107355864811
0 0.8197916666666667 0.07405566600397614 0.014583333333333334 0.02286282306163022
0 0.9515625 0.10039761431411531 0.0125 0.03777335984095427
0 0.615625 0.10139165009940358 0.009375 0.039761431411530816
0 0.7361979166666667 0.0989065606361829 0.0140625 0.02286282306163022
0 0.6395833333333333 0.09840954274353876 0.011458333333333333 0.02385685884691849
0 0.5494791666666666 0.09393638170974156 0.00625 0.014910536779324055
0 0.48880208333333336 0.1525844930417495 0.015104166666666667 0.03876739562624255
0 0.70078125 0.15208747514910537 0.015104166666666667 0.02385685884691849
0 0.21432291666666667 0.1893638170974155 0.008854166666666666 0.036779324055666
0 0.6208333333333333 0.2276341948310139 0.010416666666666666 0.027833001988071572
0 0.8130208333333333 0.24552683896620278 0.009375 0.04572564612326044
0 0.7828125 0.24204771371769385 0.019791666666666666 0.0268389662027833
0 0.38671875 0.2514910536779324 0.0140625 0.019880715705765408
0 0.6859375 0.2659045725646123 0.029166666666666667 0.03479125248508946
0 0.8276041666666667 0.2808151093439364 0.009375 0.02485089463220676
0 0.6197916666666666 0.31510934393638174 0.009375 0.03578528827037773
0 0.6924479166666667 0.3215705765407555 0.0140625 0.014910536779324055
0 0.46380208333333334 0.3429423459244533 0.0203125 0.03777335984095427
0 0.6901041666666666 0.3558648111332008 0.00625 0.03180914512922465
0 0.79609375 0.35934393638170975 0.018229166666666668 0.012922465208747515
0 0.59921875 0.3797216699801193 0.021354166666666667 0.04572564612326044
0 0.9075520833333334 0.3802186878727634 0.011979166666666667 0.040755467196819085
0 0.7026041666666667 0.371272365805169 0.009375 0.018886679920477135
0 0.6643229166666667 0.378727634194831 0.008854166666666666 0.02584493041749503
0 0.6776041666666667 0.3797216699801193 0.008333333333333333 0.02385685884691849
0 0.9924479166666667 0.3961232604373757 0.015104166666666667 0.02882703777335984
0 0.7864583333333334 0.3986083499005964 0.010416666666666666 0.033797216699801194
0 0.96484375 0.3981113320079523 0.0171875 0.02882703777335984
0 0.7591145833333334 0.38916500994035785 0.011979166666666667 0.012922465208747515
0 0.5 0.39314115308151093 0.013541666666666667 0.014910536779324055
0 0.8046875 0.3941351888667992 0.008333333333333333 0.014910536779324055
0 0.9799479166666667 0.4070576540755467 0.0078125 0.0268389662027833
0 0.0036458333333333334 0.40457256461232605 0.00625 0.019880715705765408
0 0.1765625 0.4249502982107356 0.008333333333333333 0.030815109343936383
0 0.52421875 0.41848906560636184 0.009895833333333333 0.015904572564612324
0 0.7606770833333333 0.44681908548707755 0.011979166666666667 0.036779324055666
0 0.728125 0.4572564612326044 0.010416666666666666 0.039761431411530816
0 0.6833333333333333 0.4577534791252485 0.025 0.036779324055666
0 0.93984375 0.4696819085487077 0.021354166666666667 0.05069582504970179
0 0.57890625 0.45825049701789267 0.008854166666666666 0.009940357852882704
0 0.709375 0.47365805168986086 0.030208333333333334 0.02286282306163022
0 0.5924479166666666 0.49055666003976145 0.0078125 0.02485089463220676
0 0.32421875 0.510934393638171 0.0140625 0.027833001988071572
0 0.6005208333333333 0.518389662027833 0.0125 0.02882703777335984
0 0.6752604166666667 0.5318091451292246 0.011979166666666667 0.013916500994035786
0 0.6510416666666666 0.555168986083499 0.013541666666666667 0.018886679920477135
0 0.61875 0.5685884691848907 0.010416666666666666 0.02584493041749503
0 0.28828125 0.5755467196819085 0.009895833333333333 0.02385685884691849
0 0.8138020833333334 0.588469184890656 0.03177083333333333 0.03180914512922465
0 0.6700520833333333 0.5849900596421471 0.005729166666666666 0.02286282306163022
0 0.509375 0.5889662027833003 0.015625 0.010934393638170975
0 0.48880208333333336 0.6123260437375746 0.009895833333333333 0.02584493041749503
0 0.86328125 0.6182902584493042 0.0171875 0.02186878727634195
0 0.6421875 0.6232604373757455 0.013541666666666667 0.019880715705765408
0 0.7736979166666667 0.6336978131212724 0.013020833333333334 0.02286282306163022
0 0.65859375 0.6510934393638171 0.019270833333333334 0.02186878727634195
0 0.6841145833333333 0.6824055666003976 0.011979166666666667 0.04473161033797217
0 0.4861979166666667 0.6744532803180915 0.0078125 0.030815109343936383
0 0.5703125 0.6779324055666004 0.015625 0.011928429423459244
0 0.58671875 0.691351888667992 0.013020833333333334 0.036779324055666
0 0.4783854166666667 0.713220675944334 0.011979166666666667 0.036779324055666
0 0.6046875 0.73558648111332 0.0125 0.039761431411530816
0 0.66015625 0.7340954274353877 0.022395833333333334 0.02485089463220676
0 0.6236979166666666 0.7584493041749503 0.019270833333333334 0.02584493041749503
0 0.6427083333333333 0.7698807157057654 0.01875 0.02286282306163022
0 0.5895833333333333 0.7987077534791253 0.008333333333333333 0.03876739562624255
0 0.5471354166666667 0.8026838966202783 0.018229166666666668 0.016898608349900597
0 0.7411458333333333 0.8464214711729622 0.011458333333333333 0.09840954274353876
0 0.6265625 0.8111332007952287 0.017708333333333333 0.017892644135188866
0 0.5653645833333333 0.812624254473161 0.013020833333333334 0.018886679920477135
0 0.71796875 0.8697813121272365 0.015104166666666667 0.08349900596421471
0 0.8848958333333333 0.8494035785288271 0.026041666666666668 0.030815109343936383
0 0.2911458333333333 0.8503976143141153 0.020833333333333332 0.02485089463220676
0 0.8341145833333333 0.8593439363817097 0.016145833333333335 0.036779324055666
0 0.5966145833333333 0.8628230616302187 0.016145833333333335 0.033797216699801194
0 0.51328125 0.8812127236580517 0.0078125 0.030815109343936383
0 0.5705729166666667 0.9269383697813122 0.016145833333333335 0.018886679920477135
0 0.553125 0.94831013916501 0.007291666666666667 0.03777335984095427
0 0.4934895833333333 0.9468190854870775 0.0067708333333333336 0.02882703777335984
0 0.8263020833333333 0.9642147117296223 0.013020833333333334 0.05765407554671968
0 0.7333333333333333 0.9527833001988072 0.008333333333333333 0.032803180914512925
0 0.8677083333333333 0.9940357852882704 0.008333333333333333 0.009940357852882704