0 0.27265625 0.04224652087475149 0.022395833333333334 0.06660039761431412
0 0.08671875 0.02385685884691849 0.0140625 0.017892644135188866
0 0.3776041666666667 0.027833001988071572 0.015625 0.02584493041749503
0 0.9895833333333334 0.05268389662027833 0.019791666666666666 0.03777335984095427
0 0.43359375 0.05019880715705766 0.019270833333333334 0.02286282306163022
0 0.3640625 0.06759443339960239 0.034375 0.0437375745526839
0 0.4864583333333333 0.06958250497017893 0.034375 0.017892644135188866
0 0.22786458333333334 0.08151093439363817 0.011979166666666667 0.02584493041749503
0 0.5734375 0.0889662027833002 0.014583333333333334 0.02485089463220676
0 0.5268229166666667 0.09840954274353876 0.011979166666666667 0.03180914512922465
0 0.16666666666666666 0.10437375745526839 0.01875 0.019880715705765408
0 0.5111979166666667 0.11083499005964215 0.009895833333333333 0.030815109343936383
0 0.3651041666666667 0.11878727634194831 0.017708333333333333 0.02485089463220676
0 0.5466145833333333 0.1272365805168986 0.016145833333333335 0.015904572564612324
0 0.4010416666666667 0.13767395626242546 0.022916666666666665 0.02286282306163022
0 0.5200520833333333 0.13916500994035785 0.0067708333333333336 0.013916500994035786
0 0.22291666666666668 0.16699801192842942 0.023958333333333335 0.05765407554671968
0 0.26145833333333335 0.15705765407554673 0.014583333333333334 0.02385685884691849
0 0.4510416666666667 0.15854870775347912 0.007291666666666667 0.014910536779324055
0 0.5119791666666667 0.15904572564612326 0.010416666666666666 0.013916500994035786
0 0.478125 0.1625248508946322 0.013541666666666667 0.012922465208747515
0 0.44166666666666665 0.16650099403578528 0.011458333333333333 0.014910536779324055
0 0.190625 0.18091451292246521 0.009375 0.02186878727634195
0 0.43697916666666664 0.1993041749502982 0.009375 0.016898608349900597
0 0.33958333333333335 0.20825049701789264 0.014583333333333334 0.008946322067594433
0 0.36692708333333335 0.2261431411530815 0.0203125 0.020874751491053677
0 0.41848958333333336 0.24950298210735586 0.011979166666666667 0.039761431411530816
0 0.5190104166666667 0.23856858846918488 0.0171875 0.013916500994035786
0 0.165625 0.2509940357852883 0.014583333333333334 0.018886679920477135
0 0.39765625 0.2544731610337972 0.0171875 0.019880715705765408
0 0.4395833333333333 0.2639165009940358 0.019791666666666666 0.02882703777335984
0 0.3341145833333333 0.27335984095427435 0.008854166666666666 0.03578528827037773
0 0.8484375 0.2778330019880716 0.014583333333333334 0.02485089463220676
0 0.384375 0.2783300198807157 0.013541666666666667 0.013916500994035786
0 0.47682291666666665 0.28429423459244535 0.008854166666666666 0.017892644135188866
0 0.5010416666666667 0.3076540755467197 0.013541666666666667 0.040755467196819085
0 0.26276041666666666 0.3076540755467197 0.013020833333333334 0.02485089463220676
0 0.7299479166666667 0.3091451292246521 0.013020833333333334 0.02584493041749503
0 0.45651041666666664 0.3071570576540755 0.015104166666666667 0.017892644135188866
0 0.24088541666666666 0.341948310139165 0.009895833333333333 0.0437375745526839
0 0.2674479166666667 0.33399602385685884 0.0067708333333333336 0.02982107355864811
0 0.28932291666666665 0.34940357852882703 0.008854166666666666 0.030815109343936383
0 0.71796875 0.3513916500994036 0.008854166666666666 0.030815109343936383
0 0.203125 0.352882703777336 0.014583333333333334 0.02982107355864811
0 0.22578125 0.3573558648111332 0.008854166666666666 0.02882703777335984
0 0.49114583333333334 0.35636182902584496 0.017708333333333333 0.020874751491053677
0 0.41380208333333335 0.37673956262425445 0.024479166666666666 0.02186878727634195
0 0.34010416666666665 0.38469184890656066 0.016666666666666666 0.02982107355864811
0 0.16302083333333334 0.3817097415506958 0.01875 0.019880715705765408
0 0.48515625 0.3851888667992048 0.016145833333333335 0.018886679920477135
0 0.26458333333333334 0.40357852882703776 0.016666666666666666 0.039761431411530816
0 0.12786458333333334 0.4025844930417495 0.016145833333333335 0.027833001988071572
0 0.38697916666666665 0.4115308151093439 0.023958333333333335 0.02186878727634195
0 0.11302083333333333 0.4249502982107356 0.01875 0.02286282306163022
0 0.13151041666666666 0.43439363817097415 0.015104166666666667 0.027833001988071572
0 0.4041666666666667 0.43439363817097415 0.015625 0.017892644135188866
0 0.28515625 0.43489065606361826 0.0203125 0.014910536779324055
0 0.45234375 0.4438369781312127 0.013020833333333334 0.020874751491053677
0 0.5505208333333333 0.4552683896620278 0.010416666666666666 0.039761431411530816
0 0.925 0.4463220675944334 0.020833333333333332 0.02385685884691849
0 0.10625 0.452286282306163 0.008333333333333333 0.019880715705765408
0 0.4002604166666667 0.4617296222664016 0.0078125 0.02485089463220676
0 0.18307291666666667 0.46520874751491054 0.008854166666666666 0.013916500994035786
0 0.46588541666666666 0.49403578528827036 0.008854166666666666 0.02186878727634195
0 0.19010416666666666 0.5129224652087475 0.021875 0.04771371769383698
0 0.44765625 0.5188866799204771 0.0109375 0.03777335984095427
0 0.37916666666666665 0.5134194831013916 0.036458333333333336 0.02286282306163022
0 0.40625 0.525844930417495 0.029166666666666667 0.0437375745526839
0 0.5841145833333333 0.5347912524850894 0.0067708333333333336 0.039761431411530816
0 0.15729166666666666 0.5278330019880716 0.008333333333333333 0.015904572564612324
0 0.071875 0.5521868787276342 0.019791666666666666 0.02882703777335984
0 0.14921875 0.55168986083499 0.018229166666666668 0.02385685884691849
0 0.5356770833333333 0.5546719681908548 0.016145833333333335 0.027833001988071572
0 0.3229166666666667 0.5596421471172962 0.016666666666666666 0.02584493041749503
0 0.13098958333333333 0.5651093439363817 0.0171875 0.032803180914512925
0 0.221875 0.5571570576540755 0.019791666666666666 0.016898608349900597
0 0.18125 0.5591451292246521 0.017708333333333333 0.012922465208747515
0 0.43385416666666665 0.5695825049701789 0.00625 0.03578528827037773
0 0.39739583333333334 0.5795228628230616 0.036458333333333336 0.041749502982107355
0 0.86796875 0.5820079522862823 0.0140625 0.03479125248508946
0 0.20338541666666668 0.5780318091451292 0.0109375 0.016898608349900597
0 0.4546875 0.5760437375745527 0.007291666666666667 0.012922465208747515
0 0.9127604166666666 0.5914512922465208 0.009895833333333333 0.03578528827037773
0 0.33203125 0.5909542743538767 0.018229166666666668 0.030815109343936383
0 0.2171875 0.5929423459244533 0.011458333333333333 0.02286282306163022
0 0.11171875 0.6033797216699801 0.009895833333333333 0.027833001988071572
0 0.14375 0.5999005964214712 0.016666666666666666 0.018886679920477135
0 0.5265625 0.6053677932405567 0.014583333333333334 0.017892644135188866
0 0.9403645833333333 0.6182902584493042 0.016145833333333335 0.041749502982107355
0 0.46197916666666666 0.6192842942345924 0.007291666666666667 0.017892644135188866
0 0.011979166666666667 0.6436381709741551 0.010416666666666666 0.02485089463220676
0 0.4515625 0.6416500994035785 0.013541666666666667 0.020874751491053677
0 0.10286458333333333 0.6446322067594433 0.009895833333333333 0.018886679920477135
0 0.4080729166666667 0.6625248508946322 0.0109375 0.018886679920477135
0 0.1203125 0.6684890656063618 0.009375 0.02485089463220676
0 0.10208333333333333 0.6794234592445328 0.020833333333333332 0.036779324055666
0 0.44166666666666665 0.6789264413518886 0.014583333333333334 0.033797216699801194
0 0.057291666666666664 0.7395626242544732 0.022916666666666665 0.041749502982107355
0 0.21119791666666668 0.7296222664015904 0.018229166666666668 0.015904572564612324
0 0.10234375 0.7385685884691849 0.009895833333333333 0.02385685884691849
0 0.13776041666666666 0.7415506958250497 0.018229166666666668 0.015904572564612324
0 0.0875 0.7509940357852882 0.008333333333333333 0.018886679920477135
0 0.00546875 0.7529821073558648 0.0109375 0.020874751491053677
0 0.8203125 0.7544731610337972 0.016666666666666666 0.013916500994035786
0 0.42734375 0.7659045725646123 0.0140625 0.03479125248508946
0 0.18958333333333333 0.7713717693836978 0.008333333333333333 0.039761431411530816
0 0.2296875 0.7664015904572564 0.007291666666666667 0.013916500994035786
0 0.70859375 0.782803180914513 0.009895833333333333 0.0268389662027833
0 0.40260416666666665 0.7847912524850894 0.017708333333333333 0.0268389662027833
0 0.22604166666666667 0.7872763419483101 0.008333333333333333 0.013916500994035786
0 0.21484375 0.8041749502982107 0.0067708333333333336 0.013916500994035786
0 0.6932291666666667 0.812624254473161 0.016666666666666666 0.02286282306163022
0 0.8549479166666667 0.8195825049701789 0.013020833333333334 0.02882703777335984
0 0.054947916666666666 0.8235586481113321 0.019270833333333334 0.020874751491053677
0 0.26119791666666664 0.8175944333996024 0.008854166666666666 0.010934393638170975
0 0.24192708333333332 0.827037773359841 0.013020833333333334 0.02584493041749503
0 0.20494791666666667 0.8290258449304175 0.0067708333333333336 0.02186878727634195
0 0.10260416666666666 0.8479125248508946 0.014583333333333334 0.04572564612326044
0 0.3854166666666667 0.8459244532803181 0.016666666666666666 0.009940357852882704
0 0.022916666666666665 0.867296222664016 0.015625 0.030815109343936383
0 0.045572916666666664 0.8946322067594433 0.016145833333333335 0.02584493041749503
0 0.026822916666666665 0.9343936381709742 0.024479166666666666 0.05765407554671968
0 0.08307291666666666 0.9204771371769384 0.0140625 0.02385685884691849
0 0.06927083333333334 0.9184890656063618 0.008333333333333333 0.013916500994035786
0 0.5216145833333333 0.9333996023856859 0.033854166666666664 0.02584493041749503
0 0.05755208333333333 0.9358846918489065 0.0109375 0.02286282306163022
0 0.06328125 0.9532803180914513 0.009895833333333333 0.017892644135188866
0 0.38697916666666665 0.9666998011928429 0.007291666666666667 0.014910536779324055
0 0.6114583333333333 0.9751491053677932 0.013541666666666667 0.015904572564612324