0 0.9291666666666667 0.009443339960238568 0.03125 0.018886679920477135
0 0.828125 0.0004970178926441351 0.030208333333333334 0.0009940357852882703
0 0.49973958333333335 0.010437375745526839 0.0109375 0.020874751491053677
0 0.40989583333333335 0.01242544731610338 0.014583333333333334 0.02485089463220676
0 0.24739583333333334 0.007455268389662028 0.00625 0.014910536779324055
0 0.11875 0.0004970178926441351 0.03125 0.0009940357852882703
0 0.017447916666666667 0.0004970178926441351 0.033854166666666664 0.0009940357852882703
0 0.2796875 0.016898608349900597 0.01875 0.015904572564612324
0 0.5416666666666666 0.018389662027833 0.008333333333333333 0.012922465208747515
0 0.48125 0.02385685884691849 0.011458333333333333 0.02584493041749503
0 0.5747395833333333 0.03876739562624255 0.0067708333333333336 0.013916500994035786
0 0.23072916666666668 0.06759443339960239 0.013541666666666667 0.027833001988071572
0 0.027864583333333335 0.06660039761431412 0.015104166666666667 0.02385685884691849
0 0.6080729166666666 0.06660039761431412 0.0067708333333333336 0.011928429423459244
0 0.24661458333333333 0.07007952286282307 0.011979166666666667 0.016898608349900597
0 0.28489583333333335 0.08648111332007952 0.014583333333333334 0.04572564612326044
0 0.19921875 0.06908548707753479 0.013020833333333334 0.010934393638170975
0 0.60546875 0.0889662027833002 0.0067708333333333336 0.010934393638170975
0 0.12265625 0.10288270377733598 0.0078125 0.020874751491053677
0 0.7583333333333333 0.11133200795228629 0.019791666666666666 0.02186878727634195
0 0.20338541666666668 0.10984095427435388 0.015104166666666667 0.012922465208747515
0 0.10911458333333333 0.11381709741550695 0.008854166666666666 0.02286282306163022
0 0.39427083333333335 0.11182902584493042 0.010416666666666666 0.014910536779324055
0 0.34817708333333336 0.12077534791252485 0.0140625 0.0268389662027833
0 0.17057291666666666 0.13071570576540756 0.008854166666666666 0.02286282306163022
0 0.4453125 0.1411530815109344 0.00625 0.015904572564612324
0 0.6481770833333333 0.16998011928429424 0.021354166666666667 0.02385685884691849
0 0.38828125 0.17892644135188868 0.015104166666666667 0.03180914512922465
0 0.28802083333333334 0.1749502982107356 0.017708333333333333 0.015904572564612324
0 0.053125 0.18190854870775347 0.0125 0.013916500994035786
0 0.9153645833333334 0.18886679920477137 0.016145833333333335 0.02584493041749503
0 0.7888020833333333 0.19234592445328033 0.019270833333333334 0.02485089463220676
0 0.23776041666666667 0.19433399602385687 0.0067708333333333336 0.02882703777335984
0 0.25364583333333335 0.19731610337972166 0.00625 0.0268389662027833
0 0.14166666666666666 0.20576540755467196 0.015625 0.0437375745526839
0 0.1828125 0.20924453280318092 0.009375 0.02882703777335984
0 0.4119791666666667 0.20924453280318092 0.016666666666666666 0.016898608349900597
0 0.22838541666666667 0.21669980119284293 0.0140625 0.02982107355864811
0 0.041666666666666664 0.2331013916500994 0.014583333333333334 0.032803180914512925
0 0.6536458333333334 0.2415506958250497 0.013541666666666667 0.03180914512922465
0 0.21770833333333334 0.2504970178926441 0.015625 0.039761431411530816
0 0.63125 0.24403578528827038 0.009375 0.014910536779324055
0 0.15442708333333333 0.2659045725646123 0.009895833333333333 0.02485089463220676
0 0.46640625 0.2768389662027833 0.015104166666666667 0.040755467196819085
0 0.16536458333333334 0.28876739562624254 0.0078125 0.02485089463220676
0 0.0578125 0.2947316103379722 0.013541666666666667 0.018886679920477135
0 0.0296875 0.30168986083499005 0.008333333333333333 0.02485089463220676
0 0.62734375 0.3111332007952286 0.013020833333333334 0.011928429423459244
0 0.05963541666666667 0.3136182902584493 0.015104166666666667 0.016898608349900597
0 0.07005208333333333 0.3305168986083499 0.0171875 0.02286282306163022
0 0.5114583333333333 0.33399602385685884 0.01875 0.02385685884691849
0 0.5403645833333334 0.3404572564612326 0.0109375 0.02286282306163022
0 0.9096354166666667 0.3543737574552684 0.015104166666666667 0.03479125248508946
0 0.008333333333333333 0.3548707753479125 0.009375 0.03578528827037773
0 0.08515625 0.3558648111332008 0.018229166666666668 0.015904572564612324
0 0.15078125 0.3643141153081511 0.016145833333333335 0.014910536779324055
0 0.09869791666666666 0.3682902584493042 0.013020833333333334 0.016898608349900597
0 0.38567708333333334 0.37077534791252487 0.0140625 0.015904572564612324
0 0.15338541666666666 0.40457256461232605 0.005729166666666666 0.02584493041749503
0 0.016927083333333332 0.41749502982107356 0.0171875 0.027833001988071572
0 0.19036458333333334 0.42196819085487075 0.034895833333333334 0.032803180914512925
0 0.08828125 0.4274353876739563 0.0078125 0.02385685884691849
0 0.00859375 0.4463220675944334 0.016145833333333335 0.02186878727634195
0 0.3020833333333333 0.4507952286282306 0.01875 0.014910536779324055
0 0.17526041666666667 0.46272365805168986 0.0171875 0.014910536779324055
0 0.5234375 0.4721669980119284 0.009375 0.02982107355864811
0 0.4940104166666667 0.46669980119284293 0.0171875 0.020874751491053677
0 0.2708333333333333 0.4691848906560636 0.005208333333333333 0.02584493041749503
0 0.26276041666666666 0.4761431411530815 0.005729166666666666 0.02186878727634195
0 0.240625 0.4821073558648111 0.00625 0.02584493041749503
0 0.4283854166666667 0.47713717693836977 0.0109375 0.011928429423459244
0 0.28020833333333334 0.4855864811133201 0.008333333333333333 0.0268389662027833
0 0.008333333333333333 0.4865805168986084 0.015625 0.018886679920477135
0 0.024739583333333332 0.49304174950298213 0.0109375 0.027833001988071572
0 0.30182291666666666 0.5019880715705766 0.021354166666666667 0.02584493041749503
0 0.4239583333333333 0.5039761431411531 0.00625 0.02584493041749503
0 0.5502604166666667 0.4985089463220676 0.008854166666666666 0.010934393638170975
0 0.5390625 0.4990059642147117 0.00625 0.013916500994035786
0 0.045572916666666664 0.5024850894632207 0.0171875 0.014910536779324055
0 0.4395833333333333 0.5129224652087475 0.004166666666666667 0.02584493041749503
0 0.23567708333333334 0.5124254473161034 0.0078125 0.02485089463220676
0 0.12109375 0.5248508946322068 0.009895833333333333 0.02186878727634195
0 0.9541666666666667 0.5357852882703777 0.0125 0.033797216699801194
0 0.615625 0.5278330019880716 0.017708333333333333 0.009940357852882704
0 0.037760416666666664 0.5293240556660039 0.015104166666666667 0.010934393638170975
0 0.27317708333333335 0.5521868787276342 0.011979166666666667 0.016898608349900597
0 0.016927083333333332 0.558648111332008 0.0078125 0.027833001988071572
0 0.23802083333333332 0.5601391650099403 0.005208333333333333 0.02882703777335984
0 0.18307291666666667 0.5556660039761432 0.011979166666666667 0.017892644135188866
0 0.19713541666666667 0.5680914512922465 0.013020833333333334 0.02286282306163022
0 0.30807291666666664 0.5710735586481114 0.0140625 0.010934393638170975
0 0.8677083333333333 0.6063618290258449 0.011458333333333333 0.055666003976143144
0 0.016145833333333335 0.5904572564612326 0.01875 0.02186878727634195
0 0.6231770833333333 0.5924453280318092 0.0203125 0.015904572564612324
0 0.03203125 0.5994035785288271 0.0067708333333333336 0.02385685884691849
0 0.3575520833333333 0.606858846918489 0.0203125 0.018886679920477135
0 0.0546875 0.6153081510934394 0.016666666666666666 0.027833001988071572
0 0.32838541666666665 0.6158051689860835 0.005729166666666666 0.02286282306163022
0 0.8572916666666667 0.6227634194831014 0.009375 0.02882703777335984
0 0.43385416666666665 0.6207753479125249 0.004166666666666667 0.020874751491053677
0 0.29609375 0.6247514910536779 0.0140625 0.02485089463220676
0 0.08489583333333334 0.621272365805169 0.0125 0.011928429423459244
0 0.4661458333333333 0.6247514910536779 0.015625 0.010934393638170975
0 0.32083333333333336 0.6520874751491054 0.008333333333333333 0.05964214711729622
0 0.26510416666666664 0.6411530815109344 0.00625 0.033797216699801194
0 0.35052083333333334 0.6486083499005965 0.03958333333333333 0.042743538767395624
0 0.3015625 0.6416500994035785 0.007291666666666667 0.014910536779324055
0 0.44453125 0.6446322067594433 0.009895833333333333 0.014910536779324055
0 0.10078125 0.6496023856858847 0.016145833333333335 0.018886679920477135
0 0.13828125 0.6550695825049702 0.0078125 0.02385685884691849
0 0.35260416666666666 0.6694831013916501 0.005208333333333333 0.0268389662027833
0 0.25026041666666665 0.6630218687872763 0.0109375 0.011928429423459244
0 0.6046875 0.6759443339960238 0.014583333333333334 0.015904572564612324
0 0.3015625 0.6809145129224652 0.020833333333333332 0.027833001988071572
0 0.3658854166666667 0.6883697813121272 0.016145833333333335 0.032803180914512925
0 0.6979166666666666 0.6903578528827038 0.005208333333333333 0.02485089463220676
0 0.14713541666666666 0.68389662027833 0.0140625 0.013916500994035786
0 0.24114583333333334 0.6938369781312127 0.014583333333333334 0.02385685884691849
0 0.08098958333333334 0.6943339960238568 0.0109375 0.016898608349900597
0 0.3015625 0.6993041749502982 0.011458333333333333 0.014910536779324055
0 0.25807291666666665 0.7067594433399602 0.0109375 0.027833001988071572
0 0.12109375 0.7122266401590457 0.011979166666666667 0.0268389662027833
0 0.40598958333333335 0.7271371769383698 0.008854166666666666 0.016898608349900597
0 0.9955729166666667 0.7465208747514911 0.008854166666666666 0.05168986083499006
0 0.09192708333333334 0.7509940357852882 0.027604166666666666 0.05864811133200795
0 0.6299479166666667 0.7440357852882704 0.0078125 0.03479125248508946
0 0.3171875 0.7345924453280318 0.013541666666666667 0.015904572564612324
0 0.16536458333333334 0.7350894632206759 0.016145833333333335 0.016898608349900597
0 0.26796875 0.7430417495029821 0.015104166666666667 0.02286282306163022
0 0.19166666666666668 0.7395626242544732 0.015625 0.017892644135188866
0 0.5247395833333334 0.7485089463220675 0.011979166666666667 0.02385685884691849
0 0.04140625 0.7514910536779325 0.021354166666666667 0.02982107355864811
0 0.15390625 0.7584493041749503 0.0171875 0.02982107355864811
0 0.71171875 0.7698807157057654 0.011979166666666667 0.04473161033797217
0 0.18880208333333334 0.7624254473161034 0.016145833333333335 0.02186878727634195
0 0.1671875 0.7673956262425448 0.013541666666666667 0.033797216699801194
0 0.23333333333333334 0.760934393638171 0.008333333333333333 0.012922465208747515
0 0.4114583333333333 0.7743538767395626 0.010416666666666666 0.02982107355864811
0 0.37994791666666666 0.7703777335984096 0.025520833333333333 0.019880715705765408
0 0.3419270833333333 0.7842942345924453 0.011979166666666667 0.041749502982107355
0 0.17630208333333333 0.7748508946322068 0.0046875 0.02286282306163022
0 0.13151041666666666 0.7778330019880716 0.0203125 0.0268389662027833
0 0.5440104166666667 0.7783300198807157 0.013020833333333334 0.02385685884691849
0 0.5197916666666667 0.7823061630218688 0.005208333333333333 0.02385685884691849
0 0.8515625 0.8011928429423459 0.021875 0.05168986083499006
0 0.030729166666666665 0.8096421471172962 0.023958333333333335 0.05467196819085487
0 0.22552083333333334 0.8046719681908548 0.010416666666666666 0.03876739562624255
0 0.6421875 0.8026838966202783 0.010416666666666666 0.0268389662027833
0 0.48203125 0.8026838966202783 0.0036458333333333334 0.02882703777335984
0 0.41380208333333335 0.7997017892644135 0.0140625 0.008946322067594433
0 0.29010416666666666 0.8061630218687873 0.007291666666666667 0.02186878727634195
0 0.15755208333333334 0.8146123260437376 0.0067708333333333336 0.032803180914512925
0 0.38255208333333335 0.8349900596421471 0.0109375 0.05765407554671968
0 0.4236979166666667 0.8141153081510935 0.0140625 0.011928429423459244
0 0.09765625 0.8290258449304175 0.009895833333333333 0.033797216699801194
0 0.8739583333333333 0.8320079522862823 0.0125 0.027833001988071572
0 0.0067708333333333336 0.8339960238568589 0.0125 0.02982107355864811
0 0.4171875 0.8315109343936382 0.009375 0.008946322067594433
0 0.23619791666666667 0.834493041749503 0.011979166666666667 0.016898608349900597
0 0.20182291666666666 0.8479125248508946 0.0109375 0.0437375745526839
0 0.11354166666666667 0.8404572564612326 0.007291666666666667 0.02485089463220676
0 0.171875 0.8404572564612326 0.014583333333333334 0.012922465208747515
0 0.40390625 0.8474155069582505 0.0140625 0.020874751491053677
0 0.13359375 0.8717693836978131 0.015104166666666667 0.0636182902584493
0 0.3640625 0.8543737574552683 0.013541666666666667 0.02286282306163022
0 0.08723958333333333 0.8598409542743539 0.016145833333333335 0.02584493041749503
0 0.06901041666666667 0.8598409542743539 0.011979166666666667 0.017892644135188866
0 0.2984375 0.8667992047713717 0.004166666666666667 0.027833001988071572
0 0.21770833333333334 0.8707753479125249 0.005208333333333333 0.033797216699801194
0 0.39739583333333334 0.8747514910536779 0.009375 0.02385685884691849
0 0.321875 0.8752485089463221 0.007291666666666667 0.0268389662027833
0 0.5486979166666667 0.8707753479125249 0.0140625 0.013916500994035786
0 0.3796875 0.8792246520874751 0.00625 0.0268389662027833
0 0.340625 0.8807157057654076 0.005208333333333333 0.027833001988071572
0 0.4283854166666667 0.878727634194831 0.0140625 0.015904572564612324
0 0.057291666666666664 0.8901590457256461 0.019791666666666666 0.02286282306163022
0 0.5864583333333333 0.8906560636182903 0.014583333333333334 0.011928429423459244
0 0.434375 0.918986083499006 0.013541666666666667 0.05666003976143141
0 0.29192708333333334 0.9040755467196819 0.0171875 0.016898608349900597
0 0.5341145833333333 0.9214711729622267 0.015104166666666667 0.03578528827037773
0 0.04348958333333333 0.9289264413518886 0.0140625 0.05069582504970179
0 0.32057291666666665 0.9184890656063618 0.0078125 0.013916500994035786
0 0.6856770833333333 0.9333996023856859 0.0078125 0.033797216699801194
0 0.234375 0.9333996023856859 0.00625 0.027833001988071572
0 0.3768229166666667 0.9319085487077535 0.0067708333333333336 0.014910536779324055
0 0.39947916666666666 0.9458250497017893 0.013541666666666667 0.006958250497017893
0 0.24661458333333333 0.9512922465208747 0.0046875 0.019880715705765408
0 0.7763020833333333 0.9582504970178927 0.009895833333333333 0.009940357852882704
0 0.50859375 0.9637176938369781 0.016145833333333335 0.016898608349900597
0 0.15807291666666667 0.9657057654075547 0.016145833333333335 0.018886679920477135
0 0.2947916666666667 0.9681908548707754 0.0125 0.019880715705765408
0 0.009895833333333333 0.9771371769383698 0.01875 0.03777335984095427
0 0.2640625 0.9657057654075547 0.008333333333333333 0.010934393638170975
0 0.27890625 0.9706759443339961 0.0067708333333333336 0.014910536779324055
0 0.0734375 0.9831013916500994 0.022916666666666665 0.03180914512922465
0 0.44036458333333334 0.98558648111332 0.022395833333333334 0.0268389662027833
0 0.25494791666666666 0.9860834990059643 0.0140625 0.02584493041749503
0 0.19635416666666666 0.9860834990059643 0.014583333333333334 0.02584493041749503
0 0.3106770833333333 0.9885685884691849 0.016145833333333335 0.020874751491053677
0 0.7864583333333334 0.9920477137176938 0.00625 0.013916500994035786
0 0.39895833333333336 0.9945328031809145 0.010416666666666666 0.008946322067594433
0 0.3768229166666667 0.9945328031809145 0.008854166666666666 0.008946322067594433