0 0.98046875 0.009443339960238568 0.0390625 0.018886679920477135
0 0.7833333333333333 0.006958250497017893 0.013541666666666667 0.013916500994035786
0 0.7158854166666667 0.010437375745526839 0.015104166666666667 0.020874751491053677
0 0.08723958333333333 0.011928429423459244 0.0265625 0.02385685884691849
0 0.03229166666666667 0.0004970178926441351 0.059375 0.0009940357852882703
0 0.49895833333333334 0.05268389662027833 0.0125 0.039761431411530816
0 0.17369791666666667 0.09493041749502983 0.0171875 0.030815109343936383
0 0.4940104166666667 0.12872763419483102 0.011979166666666667 0.02286282306163022
0 0.46640625 0.16848906560636182 0.0203125 0.03479125248508946
0 0.290625 0.17992047713717693 0.014583333333333334 0.019880715705765408
0 0.7328125 0.2077534791252485 0.007291666666666667 0.019880715705765408
0 0.9893229166666667 0.2286282306163022 0.021354166666666667 0.05765407554671968
0 0.09791666666666667 0.21123260437375746 0.010416666666666666 0.012922465208747515
0 0.50078125 0.23210735586481113 0.0109375 0.030815109343936383
0 0.7536458333333333 0.22813121272365805 0.01875 0.018886679920477135
0 0.6098958333333333 0.27435387673956263 0.013541666666666667 0.009940357852882704
0 0.546875 0.30218687872763417 0.011458333333333333 0.033797216699801194
0 0.68984375 0.31510934393638174 0.013020833333333334 0.02186878727634195
0 0.42994791666666665 0.31709741550695825 0.0234375 0.02584493041749503
0 0.6658854166666667 0.34095427435387676 0.015104166666666667 0.017892644135188866
0 0.653125 0.38469184890656066 0.015625 0.015904572564612324
0 0.5661458333333333 0.3851888667992048 0.016666666666666666 0.010934393638170975
0 0.8580729166666666 0.39214711729622265 0.0203125 0.02286282306163022
0 0.8171875 0.42296222664015903 0.01875 0.018886679920477135
0 0.5505208333333333 0.4363817097415507 0.01875 0.03578528827037773
0 0.57734375 0.444831013916501 0.0078125 0.02485089463220676
0 0.9997395833333333 0.5114314115308151 0.0005208333333333333 0.07852882703777336
0 0.49583333333333335 0.5069582504970179 0.026041666666666668 0.06759443339960239
0 0.5611979166666666 0.4860834990059642 0.0140625 0.02385685884691849
0 0.38515625 0.4985089463220676 0.033854166666666664 0.02485089463220676
0 0.6580729166666667 0.51441351888668 0.011979166666666667 0.032803180914512925
0 0.03411458333333333 0.5079522862823062 0.015104166666666667 0.015904572564612324
0 0.5583333333333333 0.5104373757455268 0.011458333333333333 0.016898608349900597
0 0.4505208333333333 0.5114314115308151 0.013541666666666667 0.008946322067594433
0 0.51640625 0.5198807157057654 0.016145833333333335 0.011928429423459244
0 0.6075520833333333 0.5387673956262425 0.019270833333333334 0.03180914512922465
0 0.0033854166666666668 0.5372763419483101 0.005729166666666666 0.018886679920477135
0 0.6247395833333333 0.5506958250497018 0.0078125 0.03180914512922465
0 0.47161458333333334 0.5487077534791253 0.008854166666666666 0.027833001988071572
0 0.5005208333333333 0.5631212723658051 0.023958333333333335 0.040755467196819085
0 0.7177083333333333 0.5666003976143141 0.009375 0.03777335984095427
0 0.42135416666666664 0.5616302186878728 0.014583333333333334 0.017892644135188866
0 0.5947916666666667 0.5725646123260437 0.009375 0.02584493041749503
0 0.47552083333333334 0.5820079522862823 0.0125 0.018886679920477135
0 0.27786458333333336 0.5790258449304175 0.008854166666666666 0.014910536779324055
0 0.55 0.6033797216699801 0.015625 0.05168986083499006
0 0.11536458333333334 0.5964214711729622 0.009895833333333333 0.02385685884691849
0 0.6052083333333333 0.5959244532803181 0.008333333333333333 0.020874751491053677
0 0.48203125 0.6033797216699801 0.018229166666666668 0.03180914512922465
0 0.5338541666666666 0.6053677932405567 0.0125 0.02584493041749503
0 0.39947916666666666 0.6351888667992047 0.010416666666666666 0.02982107355864811
0 0.10416666666666667 0.6605367793240556 0.021875 0.06461232604373758
0 0.12786458333333334 0.643141153081511 0.016145833333333335 0.02186878727634195
0 0.46979166666666666 0.6446322067594433 0.01875 0.018886679920477135
0 0.42682291666666666 0.6645129224652088 0.016145833333333335 0.03876739562624255
0 0.49765625 0.6620278330019881 0.018229166666666668 0.02186878727634195
0 0.403125 0.668986083499006 0.013541666666666667 0.02385685884691849
0 0.22135416666666666 0.6779324055666004 0.0125 0.02186878727634195
0 0.22916666666666666 0.7007952286282306 0.0125 0.02584493041749503
0 0.26484375 0.7007952286282306 0.005729166666666666 0.017892644135188866
0 0.5645833333333333 0.6998011928429424 0.007291666666666667 0.013916500994035786
0 0.5427083333333333 0.7117296222664016 0.014583333333333334 0.02385685884691849
0 0.5072916666666667 0.7137176938369781 0.010416666666666666 0.02584493041749503
0 0.5614583333333333 0.7226640159045725 0.014583333333333334 0.02385685884691849
0 0.5299479166666666 0.7201789264413518 0.008854166666666666 0.018886679920477135
0 0.6252604166666667 0.7296222664015904 0.008854166666666666 0.02982107355864811
0 0.45859375 0.724155069582505 0.0078125 0.016898608349900597
0 0.425 0.7410536779324056 0.008333333333333333 0.0268389662027833
0 0.5901041666666667 0.7435387673956262 0.014583333333333334 0.017892644135188866
0 0.48385416666666664 0.75 0.022916666666666665 0.02485089463220676
0 0.55703125 0.7614314115308151 0.016145833333333335 0.0437375745526839
0 0.5283854166666667 0.7649105367793241 0.016145833333333335 0.03479125248508946
0 0.28359375 0.7728628230616302 0.0109375 0.030815109343936383
0 0.39479166666666665 0.7728628230616302 0.007291666666666667 0.02882703777335984
0 0.3697916666666667 0.7748508946322068 0.017708333333333333 0.0268389662027833
0 0.578125 0.7783300198807157 0.013541666666666667 0.02982107355864811
0 0.475 0.7862823061630219 0.021875 0.0437375745526839
0 0.7213541666666666 0.8056660039761432 0.020833333333333332 0.03876739562624255
0 0.5651041666666666 0.7952286282306164 0.01875 0.013916500994035786
0 0.51328125 0.8056660039761432 0.009895833333333333 0.018886679920477135
0 0.403125 0.8131212723658051 0.014583333333333334 0.017892644135188866
0 0.5216145833333333 0.8265407554671969 0.0109375 0.020874751491053677
0 0.41171875 0.8330019880715706 0.015104166666666667 0.03180914512922465
0 0.6697916666666667 0.8374751491053678 0.010416666666666666 0.020874751491053677
0 0.978125 0.8598409542743539 0.007291666666666667 0.011928429423459244
0 0.6135416666666667 0.8702783300198808 0.015625 0.02485089463220676
0 0.9190104166666667 0.8881709741550696 0.0203125 0.05268389662027833
0 0.52265625 0.8742544731610338 0.009895833333333333 0.02286282306163022
0 0.09973958333333334 0.882703777335984 0.0109375 0.02385685884691849
0 0.41692708333333334 0.8946322067594433 0.0203125 0.039761431411530816
0 0.5723958333333333 0.8921471172962226 0.013541666666666667 0.030815109343936383
0 0.5197916666666667 0.8961232604373758 0.015625 0.030815109343936383
0 0.4705729166666667 0.8961232604373758 0.0234375 0.02485089463220676
0 0.390625 0.9060636182902585 0.014583333333333334 0.04473161033797217
0 0.09114583333333333 0.904572564612326 0.022916666666666665 0.033797216699801194
0 0.029427083333333333 0.9209741550695825 0.018229166666666668 0.016898608349900597
0 0.010677083333333334 0.9304174950298211 0.0067708333333333336 0.02186878727634195
0 0.87734375 0.9314115308151093 0.019270833333333334 0.019880715705765408
0 0.1625 0.9294234592445328 0.007291666666666667 0.015904572564612324
0 0.9895833333333334 0.9478131212723658 0.011458333333333333 0.0268389662027833
0 0.95859375 0.9517892644135189 0.0109375 0.018886679920477135
0 0.63515625 0.9647117296222664 0.0109375 0.03876739562624255
0 0.047135416666666666 0.9602385685884692 0.0109375 0.017892644135188866
0 0.11536458333333334 0.9642147117296223 0.009895833333333333 0.02186878727634195
0 0.8028645833333333 0.9716699801192843 0.0140625 0.0268389662027833
0 0.11145833333333334 0.9781312127236581 0.021875 0.041749502982107355
0 0.09192708333333334 0.9731610337972167 0.0067708333333333336 0.02385685884691849
0 0.9369791666666667 0.9826043737574552 0.020833333333333332 0.032803180914512925
0 0.020572916666666666 0.9806163021868787 0.0078125 0.016898608349900597
0 0.20859375 0.9860834990059643 0.0234375 0.02584493041749503
0 0.06744791666666666 0.9880715705765407 0.030729166666666665 0.02186878727634195
0 0.040625 0.9880715705765407 0.019791666666666666 0.02186878727634195
0 0.7458333333333333 0.989065606361829 0.020833333333333332 0.019880715705765408
0 0.39453125 0.9895626242544732 0.0140625 0.018886679920477135
0 0.8229166666666666 0.9915506958250497 0.009375 0.014910536779324055
0 0.9505208333333334 0.9905566600397614 0.009375 0.010934393638170975
0 0.4578125 0.992544731610338 0.01875 0.012922465208747515
0 0.8346354166666666 0.9915506958250497 0.0109375 0.008946322067594433
0 0.5216145833333333 0.9945328031809145 0.011979166666666667 0.008946322067594433