0 0.365625 0.006958250497017893 0.005208333333333333 0.013916500994035786
0 0.9731770833333333 0.007952286282306162 0.0109375 0.015904572564612324
0 0.99140625 0.03578528827037773 0.016145833333333335 0.06560636182902585
0 0.775 0.037276341948310136 0.009375 0.018886679920477135
0 0.06067708333333333 0.04125248508946322 0.009895833333333333 0.020874751491053677
0 0.31145833333333334 0.04622266401590457 0.00625 0.0268389662027833
0 0.5098958333333333 0.05019880715705766 0.013541666666666667 0.020874751491053677
0 0.48463541666666665 0.05765407554671968 0.0140625 0.02982107355864811
0 0.2625 0.07157057654075547 0.014583333333333334 0.03578528827037773
0 0.8346354166666666 0.0636182902584493 0.0140625 0.02186878727634195
0 0.7950520833333333 0.09343936381709742 0.022395833333333334 0.03777335984095427
0 0.96171875 0.0989065606361829 0.0359375 0.03876739562624255
0 0.9921875 0.110337972166998 0.014583333333333334 0.02982107355864811
0 0.3854166666666667 0.10984095427435388 0.021875 0.020874751491053677
0 0.20286458333333332 0.11928429423459244 0.0078125 0.03180914512922465
0 0.0036458333333333334 0.11580516898608349 0.007291666666666667 0.012922465208747515
0 0.6799479166666667 0.11978131212723658 0.022395833333333334 0.020874751491053677
0 0.11171875 0.11878727634194831 0.0109375 0.012922465208747515
0 0.9083333333333333 0.13469184890656064 0.013541666666666667 0.020874751491053677
0 0.03697916666666667 0.14065606361829025 0.014583333333333334 0.02485089463220676
0 0.7606770833333333 0.1481113320079523 0.008854166666666666 0.03578528827037773
0 0.5153645833333333 0.17047713717693838 0.013020833333333334 0.02286282306163022
0 0.038802083333333334 0.1893638170974155 0.0171875 0.0268389662027833
0 0.9263020833333333 0.19731610337972166 0.022395833333333334 0.040755467196819085
0 0.7921875 0.1863817097415507 0.0125 0.012922465208747515
0 0.56328125 0.22564612326043737 0.015104166666666667 0.03578528827037773
0 0.6518229166666667 0.2201789264413519 0.015104166666666667 0.012922465208747515
0 0.6182291666666667 0.26043737574552683 0.007291666666666667 0.02584493041749503
0 0.016666666666666666 0.35636182902584496 0.014583333333333334 0.020874751491053677
0 0.76796875 0.3643141153081511 0.019270833333333334 0.032803180914512925
0 0.21510416666666668 0.36083499005964215 0.0125 0.017892644135188866
0 0.07395833333333333 0.3742544731610338 0.016666666666666666 0.03876739562624255
0 0.4513020833333333 0.37475149105367794 0.019270833333333334 0.02186878727634195
0 0.35625 0.3742544731610338 0.019791666666666666 0.012922465208747515
0 0.6328125 0.3841948310139165 0.014583333333333334 0.014910536779324055
0 0.44036458333333334 0.3996023856858847 0.009895833333333333 0.03180914512922465
0 0.18203125 0.3996023856858847 0.009895833333333333 0.02385685884691849
0 0.35520833333333335 0.3946322067594433 0.010416666666666666 0.013916500994035786
0 0.984375 0.3941351888667992 0.020833333333333332 0.008946322067594433
0 0.3151041666666667 0.41998011928429424 0.035416666666666666 0.042743538767395624
0 0.36744791666666665 0.40457256461232605 0.0140625 0.011928429423459244
0 0.35494791666666664 0.4284294234592445 0.0203125 0.041749502982107355
0 0.8401041666666667 0.4239562624254473 0.022916666666666665 0.018886679920477135
0 0.45989583333333334 0.4507952286282306 0.022916666666666665 0.016898608349900597
0 0.65546875 0.4507952286282306 0.0078125 0.012922465208747515
0 0.6947916666666667 0.4507952286282306 0.009375 0.012922465208747515
0 0.49973958333333335 0.46819085487077533 0.009895833333333333 0.033797216699801194
0 0.5216145833333333 0.45825049701789267 0.009895833333333333 0.015904572564612324
0 0.41640625 0.46371769383697814 0.016145833333333335 0.014910536779324055
0 0.8106770833333333 0.4960238568588469 0.0078125 0.039761431411530816
0 0.03723958333333333 0.49055666003976145 0.019270833333333334 0.018886679920477135
0 0.3453125 0.5064612326043738 0.030208333333333334 0.0268389662027833
0 0.41744791666666664 0.5099403578528827 0.008854166666666666 0.02186878727634195
0 0.5471354166666667 0.5159045725646123 0.0067708333333333336 0.02584493041749503
0 0.59296875 0.5094433399602386 0.015104166666666667 0.014910536779324055
0 0.5333333333333333 0.51441351888668 0.015625 0.016898608349900597
0 0.7307291666666667 0.5223658051689861 0.019791666666666666 0.030815109343936383
0 0.7588541666666667 0.518389662027833 0.01875 0.02286282306163022
0 0.6518229166666667 0.5178926441351889 0.011979166666666667 0.017892644135188866
0 0.24739583333333334 0.5417495029821073 0.019791666666666666 0.03180914512922465
0 0.8283854166666667 0.5482107355864811 0.016145833333333335 0.036779324055666
0 0.35208333333333336 0.5472166998011928 0.040625 0.030815109343936383
0 0.32083333333333336 0.5452286282306164 0.011458333333333333 0.020874751491053677
0 0.378125 0.5541749502982107 0.013541666666666667 0.018886679920477135
0 0.62578125 0.5591451292246521 0.008854166666666666 0.018886679920477135
0 0.37135416666666665 0.5869781312127237 0.008333333333333333 0.030815109343936383
0 0.48880208333333336 0.5834990059642147 0.0078125 0.02385685884691849
0 0.38619791666666664 0.5869781312127237 0.0046875 0.020874751491053677
0 0.4703125 0.5934393638170974 0.016666666666666666 0.03578528827037773
0 0.5307291666666667 0.5864811133200796 0.010416666666666666 0.013916500994035786
0 0.5609375 0.5979125248508946 0.0125 0.016898608349900597
0 0.3458333333333333 0.6058648111332008 0.007291666666666667 0.02485089463220676
0 0.5471354166666667 0.6013916500994035 0.011979166666666667 0.013916500994035786
0 0.41848958333333336 0.6361829025844931 0.0234375 0.05964214711729622
0 0.58203125 0.621272365805169 0.008854166666666666 0.03180914512922465
0 0.3729166666666667 0.621272365805169 0.016666666666666666 0.02584493041749503
0 0.43723958333333335 0.6192842942345924 0.005729166666666666 0.02186878727634195
0 0.54453125 0.6312127236580517 0.009895833333333333 0.013916500994035786
0 0.3692708333333333 0.6610337972166997 0.020833333333333332 0.04970178926441352
0 0.7421875 0.6555666003976143 0.015625 0.036779324055666
0 0.07369791666666667 0.6650099403578529 0.021354166666666667 0.04970178926441352
0 0.9447916666666667 0.6605367793240556 0.015625 0.042743538767395624
0 0.5057291666666667 0.6481113320079522 0.010416666666666666 0.009940357852882704
0 0.7606770833333333 0.6575546719681908 0.018229166666666668 0.0268389662027833
0 0.434375 0.6620278330019881 0.016666666666666666 0.027833001988071572
0 0.5572916666666666 0.6620278330019881 0.010416666666666666 0.027833001988071572
0 0.013802083333333333 0.6744532803180915 0.0140625 0.032803180914512925
0 0.5377604166666666 0.6665009940357853 0.008854166666666666 0.016898608349900597
0 0.49973958333333335 0.6784294234592445 0.0046875 0.02286282306163022
0 0.47942708333333334 0.6804174950298211 0.0036458333333333334 0.02286282306163022
0 0.6270833333333333 0.6829025844930418 0.009375 0.027833001988071572
0 0.465625 0.6858846918489065 0.011458333333333333 0.017892644135188866
0 0.5317708333333333 0.6908548707753479 0.021875 0.02186878727634195
0 0.48489583333333336 0.7047713717693836 0.004166666666666667 0.027833001988071572
0 0.64453125 0.7112326043737575 0.015104166666666667 0.030815109343936383
0 0.55546875 0.7037773359840954 0.0140625 0.013916500994035786
0 0.6244791666666667 0.7082504970178927 0.016666666666666666 0.018886679920477135
0 0.19296875 0.7231610337972167 0.018229166666666668 0.030815109343936383
0 0.4703125 0.7191848906560636 0.011458333333333333 0.02286282306163022
0 0.5809895833333333 0.7206759443339961 0.0140625 0.02584493041749503
0 0.73359375 0.7311133200795229 0.0046875 0.03876739562624255
0 0.34348958333333335 0.7196819085487077 0.015104166666666667 0.009940357852882704
0 0.41640625 0.7201789264413518 0.011979166666666667 0.008946322067594433
0 0.5080729166666667 0.7221669980119284 0.0234375 0.012922465208747515
0 0.36276041666666664 0.7321073558648111 0.0140625 0.020874751491053677
0 0.00026041666666666666 0.7534791252485089 0.0005208333333333333 0.055666003976143144
0 0.6471354166666666 0.7490059642147118 0.011979166666666667 0.03479125248508946
0 0.790625 0.7718687872763419 0.015625 0.07654075546719682
0 0.6020833333333333 0.7480119284294234 0.010416666666666666 0.0268389662027833
0 0.37395833333333334 0.7534791252485089 0.014583333333333334 0.013916500994035786
0 0.4078125 0.7599403578528827 0.00625 0.02485089463220676
0 0.48541666666666666 0.7604373757455268 0.008333333333333333 0.013916500994035786
0 0.590625 0.7693836978131213 0.013541666666666667 0.02385685884691849
0 0.50546875 0.7748508946322068 0.009895833333333333 0.016898608349900597
0 0.09713541666666667 0.7952286282306164 0.027604166666666666 0.04572564612326044
0 0.25364583333333335 0.7833001988071571 0.008333333333333333 0.019880715705765408
0 0.5432291666666667 0.7823061630218688 0.011458333333333333 0.017892644135188866
0 0.3138020833333333 0.7997017892644135 0.021354166666666667 0.048707753479125246
0 0.4791666666666667 0.7803180914512923 0.011458333333333333 0.011928429423459244
0 0.76953125 0.782803180914513 0.0078125 0.014910536779324055
0 0.35390625 0.7833001988071571 0.008854166666666666 0.011928429423459244
0 0.44036458333333334 0.786779324055666 0.015104166666666667 0.010934393638170975
0 0.49505208333333334 0.7907554671968191 0.009895833333333333 0.014910536779324055
0 0.6723958333333333 0.8006958250497018 0.009375 0.02485089463220676
0 0.3671875 0.8006958250497018 0.014583333333333334 0.012922465208747515
0 0.7484375 0.8141153081510935 0.022916666666666665 0.039761431411530816
0 0.9958333333333333 0.805168986083499 0.007291666666666667 0.017892644135188866
0 0.40729166666666666 0.812624254473161 0.0125 0.02286282306163022
0 0.2609375 0.8225646123260437 0.007291666666666667 0.02882703777335984
0 0.5484375 0.8185884691848907 0.0125 0.020874751491053677
0 0.28932291666666665 0.8320079522862823 0.013020833333333334 0.039761431411530816
0 0.44479166666666664 0.8275347912524851 0.010416666666666666 0.02882703777335984
0 0.3841145833333333 0.8240556660039762 0.0171875 0.013916500994035786
0 0.37057291666666664 0.8389662027833003 0.005729166666666666 0.027833001988071572
0 0.6575520833333334 0.8394632206759444 0.0109375 0.02882703777335984
0 0.4348958333333333 0.8379721669980119 0.00625 0.02385685884691849
0 0.14739583333333334 0.8523856858846919 0.021875 0.0268389662027833
0 0.428125 0.852882703777336 0.008333333333333333 0.027833001988071572
0 0.20859375 0.8533797216699801 0.013020833333333334 0.010934393638170975
0 0.45677083333333335 0.8623260437375746 0.008333333333333333 0.014910536779324055
0 0.5213541666666667 0.8762425447316103 0.016666666666666666 0.016898608349900597
0 0.21901041666666668 0.8951292246520874 0.016145833333333335 0.048707753479125246
0 0.30963541666666666 0.8832007952286283 0.013020833333333334 0.020874751491053677
0 0.8510416666666667 0.8772365805168986 0.010416666666666666 0.010934393638170975
0 0.48932291666666666 0.8876739562624254 0.0140625 0.02584493041749503
0 0.78828125 0.8986083499005965 0.009895833333333333 0.033797216699801194
0 0.634375 0.8986083499005965 0.010416666666666666 0.019880715705765408
0 0.2916666666666667 0.8991053677932406 0.016666666666666666 0.016898608349900597
0 0.4375 0.9015904572564613 0.014583333333333334 0.02385685884691849
0 0.8213541666666667 0.9284294234592445 0.015625 0.06560636182902585
0 0.45807291666666666 0.9120278330019881 0.008854166666666666 0.02882703777335984
0 0.9893229166666667 0.9040755467196819 0.0203125 0.012922465208747515
0 0.5786458333333333 0.9150099403578529 0.008333333333333333 0.02485089463220676
0 0.9635416666666666 0.9209741550695825 0.017708333333333333 0.030815109343936383
0 0.2989583333333333 0.9249502982107356 0.011458333333333333 0.020874751491053677
0 0.5440104166666667 0.929920477137177 0.005729166666666666 0.012922465208747515
0 0.6203125 0.9368787276341949 0.007291666666666667 0.0268389662027833
0 0.24557291666666667 0.9572564612326043 0.0265625 0.0536779324055666
0 0.9877604166666667 0.9562624254473161 0.011979166666666667 0.02186878727634195
0 0.9057291666666667 0.974155069582505 0.008333333333333333 0.04970178926441352
0 0.8903645833333333 0.9642147117296223 0.011979166666666667 0.019880715705765408
0 0.86484375 0.9637176938369781 0.011979166666666667 0.016898608349900597
0 0.29348958333333336 0.9681908548707754 0.021354166666666667 0.019880715705765408
0 0.39427083333333335 0.9751491053677932 0.013541666666666667 0.033797216699801194
0 0.45859375 0.9806163021868787 0.015104166666666667 0.02882703777335984
0 0.9192708333333334 0.9681908548707754 0.016666666666666666 0.005964214711729622
0 0.95390625 0.9711729622266402 0.043229166666666666 0.011928429423459244
0 0.5434895833333333 0.9870775347912525 0.009895833333333333 0.02385685884691849
0 0.6638020833333333 0.9885685884691849 0.008854166666666666 0.020874751491053677
0 0.52265625 0.9900596421471173 0.009895833333333333 0.017892644135188866
0 0.12890625 0.9935387673956262 0.0078125 0.010934393638170975