0 0.9421875 0.05417495029821073 0.010416666666666666 0.02485089463220676
0 0.61015625 0.27186878727634195 0.005729166666666666 0.0268389662027833
0 0.665625 0.26888667992047716 0.00625 0.02286282306163022
0 0.9921875 0.4542743538767396 0.014583333333333334 0.011928429423459244
0 0.8380208333333333 0.46272365805168986 0.016666666666666666 0.02485089463220676
0 0.8526041666666667 0.4970178926441352 0.008333333333333333 0.02186878727634195
0 0.35703125 0.5472166998011928 0.009895833333333333 0.0268389662027833
0 0.8325520833333333 0.547713717693837 0.011979166666666667 0.017892644135188866
0 0.88203125 0.5427435387673957 0.0109375 0.007952286282306162
0 0.9643229166666667 0.5591451292246521 0.013020833333333334 0.018886679920477135
0 0.90703125 0.5750497017892644 0.0109375 0.02485089463220676
0 0.97734375 0.5830019880715706 0.016145833333333335 0.016898608349900597
0 0.5356770833333333 0.621272365805169 0.013020833333333334 0.011928429423459244
0 0.6799479166666667 0.6361829025844931 0.016145833333333335 0.017892644135188866
0 0.7713541666666667 0.6426441351888668 0.010416666666666666 0.016898608349900597
0 0.5408854166666667 0.6699801192842942 0.0036458333333333334 0.03578528827037773
0 0.7809895833333333 0.6570576540755467 0.016145833333333335 0.007952286282306162
0 0.7591145833333334 0.6660039761431411 0.015104166666666667 0.017892644135188866
0 0.8213541666666667 0.6903578528827038 0.0125 0.02286282306163022
0 0.7020833333333333 0.6993041749502982 0.010416666666666666 0.020874751491053677
0 0.96875 0.7122266401590457 0.013541666666666667 0.012922465208747515
0 0.9510416666666667 0.7564612326043738 0.013541666666666667 0.011928429423459244
0 0.9731770833333333 0.7748508946322068 0.011979166666666667 0.012922465208747515
0 0.6661458333333333 0.8494035785288271 0.016666666666666666 0.030815109343936383
0 0.6791666666666667 0.8777335984095428 0.008333333333333333 0.009940357852882704
0 0.8513020833333333 0.9333996023856859 0.013020833333333334 0.011928429423459244
0 0.8817708333333333 0.9498011928429424 0.010416666666666666 0.016898608349900597
0 0.9859375 0.9657057654075547 0.016666666666666666 0.018886679920477135