0 0.6809895833333334 0.060139165009940355 0.0078125 0.05268389662027833
0 0.86875 0.10785288270377734 0.01875 0.042743538767395624
0 0.61640625 0.4095427435387674 0.0067708333333333336 0.02584493041749503
0 0.4635416666666667 0.4209741550695825 0.007291666666666667 0.030815109343936383
0 0.4317708333333333 0.47912524850894633 0.015625 0.027833001988071572
0 0.3572916666666667 0.5134194831013916 0.013541666666666667 0.016898608349900597
0 0.47213541666666664 0.5497017892644135 0.0109375 0.007952286282306162
0 0.45260416666666664 0.5591451292246521 0.009375 0.020874751491053677
0 0.43125 0.570079522862823 0.015625 0.010934393638170975
0 0.490625 0.6108349900596421 0.011458333333333333 0.036779324055666
0 0.4640625 0.6322067594433399 0.020833333333333332 0.03578528827037773
0 0.41119791666666666 0.6272365805168986 0.0067708333333333336 0.019880715705765408
0 0.5151041666666667 0.6426441351888668 0.008333333333333333 0.018886679920477135
0 0.49322916666666666 0.6575546719681908 0.016666666666666666 0.018886679920477135
0 0.4552083333333333 0.6669980119284294 0.01875 0.015904572564612324
0 0.2552083333333333 0.9055666003976143 0.015625 0.027833001988071572
0 0.6533854166666667 0.9015904572564613 0.008854166666666666 0.013916500994035786