0 0.5317708333333333 0.016898608349900597 0.009375 0.033797216699801194
0 0.6940104166666666 0.003976143141153081 0.0140625 0.007952286282306162
0 0.97109375 0.0004970178926441351 0.04114583333333333 0.0009940357852882703
0 0.14088541666666668 0.015407554671968192 0.0078125 0.02286282306163022
0 0.008072916666666667 0.019383697813121274 0.0140625 0.016898608349900597
0 0.2604166666666667 0.02286282306163022 0.009375 0.02385685884691849
0 0.85390625 0.018886679920477135 0.0078125 0.013916500994035786
0 0.9799479166666667 0.023359840954274354 0.0109375 0.016898608349900597
0 0.7552083333333334 0.04125248508946322 0.017708333333333333 0.02286282306163022
0 0.19088541666666667 0.04821073558648111 0.0140625 0.020874751491053677
0 0.6380208333333334 0.042743538767395624 0.009375 0.007952286282306162
0 0.9963541666666667 0.04970178926441352 0.00625 0.017892644135188866
0 0.4236979166666667 0.05417495029821073 0.0109375 0.016898608349900597
0 0.7825520833333334 0.05864811133200795 0.013020833333333334 0.02385685884691849
0 0.9989583333333333 0.08697813121272366 0.0010416666666666667 0.05268389662027833
0 0.19609375 0.07554671968190854 0.013020833333333334 0.02584493041749503
0 0.12604166666666666 0.0805168986083499 0.015625 0.011928429423459244
0 0.56875 0.0805168986083499 0.0125 0.011928429423459244
0 0.6786458333333333 0.08598409542743539 0.008333333333333333 0.02286282306163022
0 0.7611979166666667 0.08697813121272366 0.015104166666666667 0.02286282306163022
0 0.23671875 0.09145129224652088 0.011979166666666667 0.02584493041749503
0 0.8940104166666667 0.10337972166998012 0.016145833333333335 0.013916500994035786
0 0.9752604166666666 0.1073558648111332 0.0171875 0.019880715705765408
0 0.15859375 0.11282306163021869 0.016145833333333335 0.018886679920477135
0 0.29635416666666664 0.11829025844930417 0.010416666666666666 0.02186878727634195
0 0.3424479166666667 0.11978131212723658 0.011979166666666667 0.008946322067594433
0 0.7744791666666667 0.12872763419483102 0.007291666666666667 0.02286282306163022
0 0.90703125 0.1242544731610338 0.019270833333333334 0.011928429423459244
0 0.8330729166666667 0.13767395626242546 0.0171875 0.018886679920477135
0 0.69296875 0.14512922465208747 0.0036458333333333334 0.017892644135188866
0 0.32890625 0.14860834990059643 0.009895833333333333 0.018886679920477135
0 0.11979166666666667 0.1694831013916501 0.0125 0.02286282306163022
0 0.16380208333333332 0.17147117296222664 0.0067708333333333336 0.02485089463220676
0 0.6307291666666667 0.16898608349900596 0.021875 0.019880715705765408
0 0.07057291666666667 0.17296222664015903 0.0203125 0.02584493041749503
0 0.98671875 0.17196819085487078 0.008854166666666666 0.019880715705765408
0 0.01953125 0.1833996023856859 0.022395833333333334 0.030815109343936383
0 0.24973958333333332 0.1779324055666004 0.0109375 0.017892644135188866
0 0.7739583333333333 0.1779324055666004 0.009375 0.015904572564612324
0 0.92265625 0.19234592445328033 0.0234375 0.04473161033797217
0 0.8270833333333333 0.1824055666003976 0.007291666666666667 0.010934393638170975
0 0.52890625 0.1908548707753479 0.0078125 0.009940357852882704
0 0.7354166666666667 0.20924453280318092 0.00625 0.020874751491053677
0 0.3528645833333333 0.21968190854870775 0.005729166666666666 0.019880715705765408
0 0.42526041666666664 0.23508946322067595 0.018229166666666668 0.0268389662027833
0 0.5450520833333333 0.24552683896620278 0.011979166666666667 0.03777335984095427
0 0.45286458333333335 0.23658051689860835 0.0067708333333333336 0.015904572564612324
0 0.31744791666666666 0.23757455268389663 0.015104166666666667 0.015904572564612324
0 0.5869791666666667 0.2485089463220676 0.014583333333333334 0.027833001988071572
0 0.3971354166666667 0.2554671968190855 0.0109375 0.02186878727634195
0 0.27447916666666666 0.25695825049701787 0.010416666666666666 0.012922465208747515
0 0.6385416666666667 0.25944333996023855 0.013541666666666667 0.013916500994035786
0 0.9260416666666667 0.2614314115308151 0.007291666666666667 0.019880715705765408
0 0.12994791666666666 0.2753479125248509 0.011979166666666667 0.019880715705765408
0 0.28177083333333336 0.27335984095427435 0.00625 0.015904572564612324
0 0.046875 0.28479125248508946 0.015625 0.02485089463220676
0 0.59921875 0.2962226640159046 0.011979166666666667 0.027833001988071572
0 0.7546875 0.2962226640159046 0.009375 0.02385685884691849
0 0.9658854166666667 0.2962226640159046 0.008854166666666666 0.02584493041749503
0 0.6390625 0.30168986083499005 0.007291666666666667 0.018886679920477135
0 0.9359375 0.31660039761431413 0.030208333333333334 0.04473161033797217
0 0.8643229166666667 0.30268389662027834 0.011979166666666667 0.012922465208747515
0 0.6322916666666667 0.3121272365805169 0.010416666666666666 0.017892644135188866
0 0.7130208333333333 0.3116302186878728 0.014583333333333334 0.012922465208747515
0 0.7744791666666667 0.3190854870775348 0.013541666666666667 0.027833001988071572
0 0.371875 0.323558648111332 0.028125 0.02882703777335984
0 0.875 0.3250497017892644 0.013541666666666667 0.02385685884691849
0 0.4796875 0.3240556660039761 0.011458333333333333 0.015904572564612324
0 0.14739583333333334 0.33151093439363816 0.0125 0.02485089463220676
0 0.2765625 0.33250497017892644 0.017708333333333333 0.020874751491053677
0 0.6239583333333333 0.3305168986083499 0.013541666666666667 0.016898608349900597
0 0.83046875 0.34244532803180916 0.0109375 0.018886679920477135
0 0.6231770833333333 0.36033797216699803 0.0171875 0.02286282306163022
0 0.7296875 0.3553677932405567 0.009375 0.012922465208747515
0 0.08046875 0.36381709741550694 0.0109375 0.02584493041749503
0 0.57890625 0.35984095427435386 0.015104166666666667 0.015904572564612324
0 0.9557291666666666 0.3588469184890656 0.0125 0.013916500994035786
0 0.11848958333333333 0.3682902584493042 0.009895833333333333 0.012922465208747515
0 0.4161458333333333 0.3827037773359841 0.019791666666666666 0.02385685884691849
0 0.09947916666666666 0.3841948310139165 0.009375 0.02286282306163022
0 0.06276041666666667 0.39065606361829025 0.0067708333333333336 0.013916500994035786
0 0.10963541666666667 0.3956262425447316 0.008854166666666666 0.017892644135188866
0 0.14479166666666668 0.4000994035785288 0.017708333333333333 0.02286282306163022
0 0.35234375 0.4025844930417495 0.009895833333333333 0.02584493041749503
0 0.5958333333333333 0.4070576540755467 0.00625 0.02485089463220676
0 0.6526041666666667 0.40308151093439365 0.008333333333333333 0.016898608349900597
0 0.49635416666666665 0.4110337972166998 0.00625 0.02882703777335984
0 0.57265625 0.4209741550695825 0.015104166666666667 0.030815109343936383
0 0.29765625 0.4209741550695825 0.013020833333333334 0.02882703777335984
0 0.017708333333333333 0.42047713717693835 0.016666666666666666 0.02385685884691849
0 0.43203125 0.42296222664015903 0.016145833333333335 0.016898608349900597
0 0.61484375 0.4363817097415507 0.0265625 0.033797216699801194
0 0.0875 0.4403578528827038 0.01875 0.039761431411530816
0 0.3111979166666667 0.44433399602385687 0.0234375 0.02186878727634195
0 0.7677083333333333 0.441351888667992 0.013541666666666667 0.011928429423459244
0 0.37734375 0.4562624254473161 0.025520833333333333 0.03578528827037773
0 0.728125 0.4532803180914513 0.010416666666666666 0.011928429423459244
0 0.6703125 0.4572564612326044 0.013541666666666667 0.017892644135188866
0 0.9880208333333333 0.4562624254473161 0.010416666666666666 0.015904572564612324
0 0.1203125 0.46123260437375746 0.00625 0.015904572564612324
0 0.5630208333333333 0.46520874751491054 0.01875 0.02186878727634195
0 0.30442708333333335 0.46669980119284293 0.008854166666666666 0.016898608349900597
0 0.6049479166666667 0.4671968190854871 0.0140625 0.015904572564612324
0 0.63203125 0.4801192842942346 0.0171875 0.039761431411530816
0 0.19791666666666666 0.4696819085487077 0.0125 0.014910536779324055
0 0.6924479166666667 0.4801192842942346 0.0140625 0.009940357852882704
0 0.11848958333333333 0.510934393638171 0.016145833333333335 0.05765407554671968
0 0.1578125 0.5069582504970179 0.010416666666666666 0.039761431411530816
0 0.4700520833333333 0.49353876739562624 0.013020833333333334 0.014910536779324055
0 0.0046875 0.5039761431411531 0.009375 0.02584493041749503
0 0.30963541666666666 0.5024850894632207 0.0171875 0.018886679920477135
0 0.9453125 0.5178926441351889 0.008333333333333333 0.02584493041749503
0 0.10364583333333334 0.5208747514910537 0.00625 0.015904572564612324
0 0.6846354166666667 0.5253479125248509 0.0036458333333333334 0.0268389662027833
0 0.46197916666666666 0.5248508946322068 0.020833333333333332 0.02186878727634195
0 0.14140625 0.5288270377733598 0.008854166666666666 0.02385685884691849
0 0.7919270833333333 0.5447316103379721 0.011979166666666667 0.041749502982107355
0 0.8765625 0.5337972166998012 0.0125 0.019880715705765408
0 0.31354166666666666 0.5362823061630219 0.009375 0.014910536779324055
0 0.4197916666666667 0.5457256461232605 0.010416666666666666 0.03578528827037773
0 0.56796875 0.5596421471172962 0.0140625 0.05168986083499006
0 0.5432291666666667 0.5511928429423459 0.007291666666666667 0.016898608349900597
0 0.15260416666666668 0.5680914512922465 0.023958333333333335 0.042743538767395624
0 0.6208333333333333 0.5566600397614314 0.022916666666666665 0.015904572564612324
0 0.0078125 0.5666003976143141 0.015625 0.019880715705765408
0 0.8354166666666667 0.5670974155069582 0.015625 0.016898608349900597
0 0.47708333333333336 0.5775347912524851 0.011458333333333333 0.02186878727634195
0 0.9026041666666667 0.5725646123260437 0.015625 0.009940357852882704
0 0.5059895833333333 0.5854870775347912 0.019270833333333334 0.02982107355864811
0 0.08854166666666667 0.5944333996023857 0.019791666666666666 0.02982107355864811
0 0.11380208333333333 0.588469184890656 0.0171875 0.017892644135188866
0 0.13567708333333334 0.5939363817097415 0.015104166666666667 0.018886679920477135
0 0.7223958333333333 0.6048707753479126 0.027083333333333334 0.03876739562624255
0 0.8486979166666667 0.5899602385685885 0.0109375 0.008946322067594433
0 0.9330729166666667 0.5989065606361829 0.008854166666666666 0.014910536779324055
0 0.6786458333333333 0.6108349900596421 0.00625 0.03479125248508946
0 0.56484375 0.6078528827037774 0.009895833333333333 0.02286282306163022
0 0.6294270833333333 0.6053677932405567 0.0109375 0.015904572564612324
0 0.7002604166666667 0.6053677932405567 0.0109375 0.015904572564612324
0 0.8255208333333334 0.6123260437375746 0.013541666666666667 0.027833001988071572
0 0.6424479166666667 0.6108349900596421 0.013020833333333334 0.016898608349900597
0 0.14557291666666666 0.6128230616302187 0.021354166666666667 0.016898608349900597
0 0.8005208333333333 0.6182902584493042 0.0125 0.02186878727634195
0 0.45677083333333335 0.6332007952286283 0.017708333333333333 0.04771371769383698
0 0.9005208333333333 0.6242544731610338 0.01875 0.011928429423459244
0 0.5598958333333334 0.6272365805168986 0.017708333333333333 0.013916500994035786
0 0.5934895833333333 0.6371769383697813 0.0046875 0.027833001988071572
0 0.10833333333333334 0.6426441351888668 0.014583333333333334 0.02485089463220676
0 0.8247395833333333 0.6446322067594433 0.018229166666666668 0.018886679920477135
0 0.7140625 0.6496023856858847 0.009375 0.014910536779324055
0 0.38723958333333336 0.658051689860835 0.009895833333333333 0.013916500994035786
0 0.5510416666666667 0.6645129224652088 0.013541666666666667 0.018886679920477135
0 0.7614583333333333 0.6709741550695825 0.00625 0.02584493041749503
0 0.12604166666666666 0.6794234592445328 0.01875 0.040755467196819085
0 0.18151041666666667 0.6774353876739563 0.011979166666666667 0.030815109343936383
0 0.6505208333333333 0.6709741550695825 0.014583333333333334 0.007952286282306162
0 0.928125 0.6848906560636183 0.008333333333333333 0.033797216699801194
0 0.2015625 0.6829025844930418 0.009375 0.02584493041749503
0 0.7260416666666667 0.6774353876739563 0.0125 0.014910536779324055
0 0.8122395833333333 0.6794234592445328 0.011979166666666667 0.020874751491053677
0 0.7484375 0.6898608349900597 0.009375 0.03180914512922465
0 0.665625 0.6878727634194831 0.016666666666666666 0.02584493041749503
0 0.8544270833333333 0.6848906560636183 0.0067708333333333336 0.019880715705765408
0 0.9802083333333333 0.6898608349900597 0.016666666666666666 0.02385685884691849
0 0.10833333333333334 0.687375745526839 0.013541666666666667 0.012922465208747515
0 0.5411458333333333 0.6878727634194831 0.016666666666666666 0.009940357852882704
0 0.8596354166666667 0.702286282306163 0.0067708333333333336 0.014910536779324055
0 0.018229166666666668 0.7162027833001988 0.0125 0.02882703777335984
0 0.7325520833333333 0.7107355864811133 0.0140625 0.015904572564612324
0 0.50859375 0.7102385685884692 0.013020833333333334 0.008946322067594433
0 0.6010416666666667 0.7206759443339961 0.010416666666666666 0.02385685884691849
0 0.18151041666666667 0.7251491053677932 0.019270833333333334 0.0268389662027833
0 0.05 0.7271371769383698 0.011458333333333333 0.02485089463220676
0 0.15598958333333332 0.7311133200795229 0.021354166666666667 0.032803180914512925
0 0.7453125 0.7286282306163022 0.00625 0.02385685884691849
0 0.1390625 0.7331013916500994 0.0125 0.020874751491053677
0 0.6716145833333333 0.7470178926441352 0.005729166666666666 0.02485089463220676
0 0.6213541666666667 0.7490059642147118 0.010416666666666666 0.02286282306163022
0 0.65390625 0.7564612326043738 0.0078125 0.019880715705765408
0 0.8502604166666666 0.7594433399602386 0.009895833333333333 0.02584493041749503
0 0.20703125 0.7877733598409543 0.0067708333333333336 0.036779324055666
0 0.89609375 0.7783300198807157 0.018229166666666668 0.013916500994035786
0 0.6119791666666666 0.7813121272365805 0.008333333333333333 0.009940357852882704
0 0.478125 0.7847912524850894 0.014583333333333334 0.010934393638170975
0 0.8239583333333333 0.7937375745526839 0.005208333333333333 0.02882703777335984
0 0.53828125 0.7927435387673957 0.0109375 0.012922465208747515
0 0.3776041666666667 0.8061630218687873 0.010416666666666666 0.027833001988071572
0 0.9299479166666667 0.8106361829025845 0.0171875 0.02286282306163022
0 0.4890625 0.8066600397614314 0.014583333333333334 0.006958250497017893
0 0.7005208333333334 0.8210735586481114 0.013541666666666667 0.03180914512922465
0 0.71875 0.8081510934393639 0.0125 0.007952286282306162
0 0.9841145833333333 0.8210735586481114 0.009895833333333333 0.033797216699801194
0 0.26796875 0.8320079522862823 0.011979166666666667 0.04970178926441352
0 0.9671875 0.8166003976143141 0.008333333333333333 0.020874751491053677
0 0.7802083333333333 0.8235586481113321 0.010416666666666666 0.0268389662027833
0 0.31015625 0.8195825049701789 0.0171875 0.012922465208747515
0 0.75 0.8240556660039762 0.013541666666666667 0.017892644135188866
0 0.765625 0.8295228628230616 0.004166666666666667 0.030815109343936383
0 0.865625 0.8330019880715706 0.007291666666666667 0.033797216699801194
0 0.0049479166666666664 0.8325049701789264 0.009895833333333333 0.02485089463220676
0 0.5807291666666666 0.8320079522862823 0.004166666666666667 0.02186878727634195
0 0.8114583333333333 0.8330019880715706 0.009375 0.02186878727634195
0 0.46171875 0.8389662027833003 0.0078125 0.02982107355864811
0 0.4895833333333333 0.8295228628230616 0.014583333333333334 0.008946322067594433
0 0.5450520833333333 0.8389662027833003 0.0067708333333333336 0.02584493041749503
0 0.67265625 0.8374751491053678 0.0171875 0.012922465208747515
0 0.91796875 0.8628230616302187 0.0140625 0.03578528827037773
0 0.4703125 0.8563618290258449 0.010416666666666666 0.018886679920477135
0 0.8791666666666667 0.8513916500994035 0.015625 0.010934393638170975
0 0.9747395833333333 0.8658051689860835 0.013020833333333334 0.027833001988071572
0 0.66171875 0.8702783300198808 0.019270833333333334 0.030815109343936383
0 0.7856770833333333 0.8677932405566601 0.0078125 0.02385685884691849
0 0.5 0.8653081510934394 0.008333333333333333 0.010934393638170975
0 0.5822916666666667 0.8658051689860835 0.014583333333333334 0.011928429423459244
0 0.7309895833333333 0.8648111332007953 0.018229166666666668 0.009940357852882704
0 0.6395833333333333 0.8717693836978131 0.008333333333333333 0.019880715705765408
0 0.6768229166666667 0.8727634194831014 0.015104166666666667 0.015904572564612324
0 0.9927083333333333 0.8792246520874751 0.008333333333333333 0.02882703777335984
0 0.7078125 0.8747514910536779 0.011458333333333333 0.015904572564612324
0 0.8872395833333333 0.8812127236580517 0.019270833333333334 0.016898608349900597
0 0.5966145833333333 0.8901590457256461 0.011979166666666667 0.02882703777335984
0 0.9497395833333333 0.8881709741550696 0.005729166666666666 0.020874751491053677
0 0.11848958333333333 0.8966202783300199 0.011979166666666667 0.015904572564612324
0 0.4075520833333333 0.8961232604373758 0.0171875 0.012922465208747515
0 0.68125 0.9000994035785288 0.010416666666666666 0.016898608349900597
0 0.5869791666666667 0.9219681908548708 0.021875 0.05069582504970179
0 0.6067708333333334 0.908051689860835 0.010416666666666666 0.02286282306163022
0 0.47604166666666664 0.9050695825049702 0.014583333333333334 0.010934393638170975
0 0.6380208333333334 0.9160039761431411 0.020833333333333332 0.02882703777335984
0 0.8307291666666666 0.9150099403578529 0.009375 0.010934393638170975
0 0.8861979166666667 0.9294234592445328 0.011979166666666667 0.03777335984095427
0 0.5096354166666667 0.9194831013916501 0.013020833333333334 0.011928429423459244
0 0.6518229166666667 0.9329025844930418 0.0359375 0.036779324055666
0 0.5317708333333333 0.9239562624254473 0.013541666666666667 0.016898608349900597
0 0.9549479166666667 0.9393638170974155 0.025520833333333333 0.04771371769383698
0 0.3671875 0.9438369781312127 0.014583333333333334 0.036779324055666
0 0.8471354166666667 0.9314115308151093 0.009895833333333333 0.009940357852882704
0 0.9364583333333333 0.9433399602385686 0.015625 0.027833001988071572
0 0.478125 0.944831013916501 0.011458333333333333 0.02485089463220676
0 0.7229166666666667 0.9512922465208747 0.013541666666666667 0.03777335984095427
0 0.978125 0.9502982107355865 0.011458333333333333 0.03180914512922465
0 0.5309895833333333 0.9657057654075547 0.016145833333333335 0.05467196819085487
0 0.6893229166666667 0.9463220675944334 0.015104166666666667 0.013916500994035786
0 0.41432291666666665 0.9502982107355865 0.019270833333333334 0.015904572564612324
0 0.5690104166666666 0.9542743538767395 0.0067708333333333336 0.02385685884691849
0 0.7557291666666667 0.9607355864811133 0.005208333333333333 0.018886679920477135
0 0.7044270833333334 0.9666998011928429 0.0140625 0.016898608349900597
0 0.44869791666666664 0.9796222664015904 0.008854166666666666 0.03876739562624255
0 0.6348958333333333 0.9701789264413518 0.005208333333333333 0.017892644135188866
0 0.9572916666666667 0.9826043737574552 0.022916666666666665 0.02485089463220676
0 0.34375 0.9801192842942346 0.017708333333333333 0.017892644135188866
0 0.6822916666666666 0.9850894632206759 0.013541666666666667 0.027833001988071572
0 0.853125 0.9850894632206759 0.008333333333333333 0.027833001988071572
0 0.7403645833333333 0.9885685884691849 0.011979166666666667 0.020874751491053677
0 0.43255208333333334 0.9905566600397614 0.0067708333333333336 0.016898608349900597
0 0.8736979166666666 0.9900596421471173 0.0234375 0.017892644135188866
0 0.5489583333333333 0.992544731610338 0.011458333333333333 0.012922465208747515
0 0.6236979166666666 0.9935387673956262 0.0067708333333333336 0.010934393638170975