0 0.70546875 0.2828031809145129 0.008854166666666666 0.012922465208747515
0 0.6463541666666667 0.43489065606361826 0.014583333333333334 0.02485089463220676
0 0.6705729166666666 0.6053677932405567 0.0078125 0.013916500994035786
0 0.5380208333333333 0.6202783300198808 0.014583333333333334 0.015904572564612324
0 0.34270833333333334 0.6918489065606361 0.010416666666666666 0.017892644135188866
0 0.61640625 0.7201789264413518 0.015104166666666667 0.020874751491053677
0 0.6768229166666667 0.7326043737574552 0.0203125 0.02385685884691849
0 0.6690104166666667 0.7634194831013916 0.013020833333333334 0.02186878727634195
0 0.46953125 0.7649105367793241 0.009895833333333333 0.012922465208747515
0 0.7200520833333334 0.8339960238568589 0.011979166666666667 0.03180914512922465
0 0.6713541666666667 0.8444333996023857 0.009375 0.032803180914512925
0 0.6166666666666667 0.864314115308151 0.0125 0.040755467196819085
0 0.5096354166666667 0.9468190854870775 0.0109375 0.008946322067594433