0 0.171875 0.0004970178926441351 0.030208333333333334 0.0009940357852882703
0 0.7322916666666667 0.004970178926441352 0.013541666666666667 0.009940357852882704
0 0.7515625 0.005964214711729622 0.005208333333333333 0.011928429423459244
0 0.7989583333333333 0.009940357852882704 0.01875 0.019880715705765408
0 0.88125 0.0004970178926441351 0.03125 0.0009940357852882703
0 0.9541666666666667 0.007455268389662028 0.01875 0.014910536779324055
0 0.9825520833333333 0.0009940357852882703 0.033854166666666664 0.0019880715705765406
0 0.9377604166666667 0.017892644135188866 0.019270833333333334 0.017892644135188866
0 0.3815104166666667 0.018389662027833 0.009895833333333333 0.012922465208747515
0 0.45859375 0.018389662027833 0.008854166666666666 0.014910536779324055
0 0.76796875 0.028330019880715707 0.008854166666666666 0.020874751491053677
0 0.68671875 0.03330019880715706 0.018229166666666668 0.02286282306163022
0 0.95625 0.03777335984095427 0.011458333333333333 0.013916500994035786
0 0.9734375 0.05715705765407555 0.014583333333333334 0.02882703777335984
0 0.7041666666666667 0.051192842942345926 0.013541666666666667 0.010934393638170975
0 0.39479166666666665 0.06610337972166998 0.010416666666666666 0.012922465208747515
0 0.5518229166666667 0.07157057654075547 0.0067708333333333336 0.02584493041749503
0 0.8822916666666667 0.073558648111332 0.007291666666666667 0.02982107355864811
0 0.90546875 0.073558648111332 0.019270833333333334 0.02186878727634195
0 0.9640625 0.09542743538767395 0.029166666666666667 0.04771371769383698
0 0.39895833333333336 0.0889662027833002 0.011458333333333333 0.010934393638170975
0 0.5442708333333334 0.09244532803180915 0.00625 0.019880715705765408
0 0.8203125 0.10487077534791253 0.008333333333333333 0.0268389662027833
0 0.7755208333333333 0.10337972166998012 0.013541666666666667 0.013916500994035786
0 0.8635416666666667 0.10785288270377734 0.013541666666666667 0.018886679920477135
0 0.24453125 0.11083499005964215 0.0140625 0.020874751491053677
0 0.83046875 0.1317097415506958 0.008854166666666666 0.02286282306163022
0 0.9692708333333333 0.12922465208747516 0.01875 0.015904572564612324
0 0.8484375 0.12922465208747516 0.010416666666666666 0.013916500994035786
0 0.5158854166666667 0.13717693836978131 0.0171875 0.013916500994035786
0 0.6216145833333333 0.14860834990059643 0.019270833333333334 0.02882703777335984
0 0.9916666666666667 0.1466202783300199 0.011458333333333333 0.02286282306163022
0 0.88359375 0.1694831013916501 0.03802083333333333 0.048707753479125246
0 0.6674479166666667 0.16998011928429424 0.0067708333333333336 0.013916500994035786
0 0.3885416666666667 0.17892644135188868 0.007291666666666667 0.017892644135188866
0 0.7838541666666666 0.19831013916500995 0.010416666666666666 0.02882703777335984
0 0.6174479166666667 0.1933399602385686 0.0109375 0.014910536779324055
0 0.8796875 0.1988071570576541 0.015625 0.015904572564612324
0 0.22083333333333333 0.20576540755467196 0.014583333333333334 0.027833001988071572
0 0.7046875 0.20974155069582506 0.005208333333333333 0.02385685884691849
0 0.8697916666666666 0.21421471172962225 0.015625 0.014910536779324055
0 0.8223958333333333 0.24353876739562624 0.00625 0.027833001988071572
0 0.6638020833333333 0.25 0.011979166666666667 0.020874751491053677
0 0.8052083333333333 0.24950298210735586 0.017708333333333333 0.013916500994035786
0 0.0484375 0.2614314115308151 0.022916666666666665 0.015904572564612324
0 0.7919270833333333 0.28727634194831014 0.0140625 0.017892644135188866
0 0.83671875 0.28727634194831014 0.0078125 0.015904572564612324
0 0.36875 0.3076540755467197 0.00625 0.014910536779324055
0 0.97734375 0.3210735586481113 0.0078125 0.02385685884691849
0 0.35651041666666666 0.31660039761431413 0.0078125 0.010934393638170975
0 0.8424479166666666 0.33548707753479123 0.018229166666666668 0.040755467196819085
0 0.96015625 0.32554671968190857 0.011979166666666667 0.014910536779324055
0 0.3927083333333333 0.3394632206759443 0.008333333333333333 0.02286282306163022
0 0.7830729166666667 0.34244532803180916 0.0078125 0.02485089463220676
0 0.8846354166666667 0.3508946322067594 0.018229166666666668 0.03777335984095427
0 0.09166666666666666 0.3533797216699801 0.0125 0.032803180914512925
0 0.7205729166666667 0.3548707753479125 0.0109375 0.03180914512922465
0 0.4973958333333333 0.34791252485089463 0.013541666666666667 0.013916500994035786
0 0.35078125 0.35934393638170975 0.019270833333333334 0.018886679920477135
0 0.7924479166666667 0.36083499005964215 0.0036458333333333334 0.02385685884691849
0 0.42473958333333334 0.3717693836978131 0.008854166666666666 0.017892644135188866
0 0.7442708333333333 0.38618290258449306 0.004166666666666667 0.020874751491053677
0 0.14036458333333332 0.4115308151093439 0.005729166666666666 0.027833001988071572
0 0.8424479166666666 0.41898608349900596 0.0078125 0.0268389662027833
0 0.7171875 0.4194831013916501 0.007291666666666667 0.02186878727634195
0 0.9557291666666666 0.41848906560636184 0.0125 0.017892644135188866
0 0.8309895833333333 0.4224652087475149 0.009895833333333333 0.015904572564612324
0 0.9205729166666666 0.4249502982107356 0.018229166666666668 0.018886679920477135
0 0.6619791666666667 0.43588469184890655 0.014583333333333334 0.012922465208747515
0 0.48828125 0.44880715705765406 0.011979166666666667 0.03479125248508946
0 0.7802083333333333 0.4592445328031809 0.028125 0.055666003976143144
0 0.7270833333333333 0.44731610337972166 0.008333333333333333 0.02584493041749503
0 0.88828125 0.46123260437375746 0.019270833333333334 0.02584493041749503
0 0.68515625 0.46371769383697814 0.0140625 0.016898608349900597
0 0.5065104166666666 0.4716699801192843 0.0171875 0.02286282306163022
0 0.5859375 0.4701789264413519 0.009375 0.019880715705765408
0 0.8731770833333333 0.474155069582505 0.011979166666666667 0.027833001988071572
0 0.9955729166666667 0.49353876739562624 0.0078125 0.032803180914512925
0 0.37734375 0.4960238568588469 0.013020833333333334 0.027833001988071572
0 0.8153645833333333 0.5 0.011979166666666667 0.02186878727634195
0 0.89375 0.5089463220675944 0.009375 0.033797216699801194
0 0.9684895833333333 0.5139165009940357 0.0078125 0.02982107355864811
0 0.9825520833333333 0.5139165009940357 0.008854166666666666 0.027833001988071572
0 0.6966145833333334 0.5298210735586482 0.0067708333333333336 0.02186878727634195
0 0.8151041666666666 0.5511928429423459 0.015625 0.010934393638170975
0 0.46484375 0.5715705765407555 0.005729166666666666 0.015904572564612324
0 0.7145833333333333 0.581013916500994 0.013541666666666667 0.020874751491053677
0 0.565625 0.6023856858846919 0.008333333333333333 0.0536779324055666
0 0.63828125 0.5929423459244533 0.0078125 0.02485089463220676
0 0.16927083333333334 0.595427435387674 0.010416666666666666 0.011928429423459244
0 0.7458333333333333 0.6163021868787276 0.027083333333333334 0.04771371769383698
0 0.5299479166666666 0.6078528827037774 0.005729166666666666 0.02882703777335984
0 0.07239583333333334 0.6118290258449304 0.0125 0.02286282306163022
0 0.5171875 0.6167992047713717 0.00625 0.0268389662027833
0 0.7825520833333334 0.6138170974155069 0.0109375 0.016898608349900597
0 0.5947916666666667 0.628727634194831 0.00625 0.02882703777335984
0 0.8372395833333334 0.6322067594433399 0.04010416666666667 0.03777335984095427
0 0.8083333333333333 0.6366799204771372 0.010416666666666666 0.030815109343936383
0 0.7658854166666667 0.6371769383697813 0.0067708333333333336 0.02385685884691849
0 0.5546875 0.6446322067594433 0.009375 0.018886679920477135
0 0.8596354166666667 0.6540755467196819 0.011979166666666667 0.02584493041749503
0 0.5768229166666666 0.6610337972166997 0.0067708333333333336 0.019880715705765408
0 0.28880208333333335 0.672962226640159 0.0109375 0.039761431411530816
0 0.7934895833333333 0.6665009940357853 0.008854166666666666 0.0268389662027833
0 0.7109375 0.6635188866799204 0.014583333333333334 0.014910536779324055
0 0.75546875 0.68389662027833 0.0265625 0.05168986083499006
0 0.9893229166666667 0.6719681908548708 0.0109375 0.02385685884691849
0 0.965625 0.6694831013916501 0.0125 0.010934393638170975
0 0.62890625 0.6893638170974155 0.009895833333333333 0.032803180914512925
0 0.8708333333333333 0.6888667992047713 0.010416666666666666 0.02584493041749503
0 0.8145833333333333 0.6918489065606361 0.010416666666666666 0.027833001988071572
0 0.7083333333333334 0.6903578528827038 0.017708333333333333 0.016898608349900597
0 0.48359375 0.6993041749502982 0.005729166666666666 0.02882703777335984
0 0.15130208333333334 0.7032803180914513 0.016145833333333335 0.02882703777335984
0 0.5377604166666666 0.7042743538767395 0.005729166666666666 0.0268389662027833
0 0.5796875 0.7012922465208747 0.00625 0.012922465208747515
0 0.7330729166666666 0.7157057654075547 0.0078125 0.02584493041749503
0 0.44244791666666666 0.7196819085487077 0.0067708333333333336 0.027833001988071572
0 0.884375 0.7191848906560636 0.007291666666666667 0.0268389662027833
0 0.6278645833333333 0.7181908548707754 0.0109375 0.016898608349900597
0 0.26614583333333336 0.7375745526838966 0.021875 0.0536779324055666
0 0.8109375 0.7460238568588469 0.026041666666666668 0.05864811133200795
0 0.2989583333333333 0.7286282306163022 0.014583333333333334 0.019880715705765408
0 0.31640625 0.7296222664015904 0.0067708333333333336 0.019880715705765408
0 0.6973958333333333 0.7370775347912525 0.020833333333333332 0.02882703777335984
0 0.09817708333333333 0.7415506958250497 0.008854166666666666 0.02982107355864811
0 0.7859375 0.7504970178926441 0.0125 0.02982107355864811
0 0.6479166666666667 0.7470178926441352 0.022916666666666665 0.020874751491053677
0 0.6796875 0.7664015904572564 0.01875 0.05168986083499006
0 0.6283854166666667 0.7594433399602386 0.0109375 0.02584493041749503
0 0.8375 0.7579522862823062 0.017708333333333333 0.02286282306163022
0 0.9080729166666667 0.7798210735586482 0.0140625 0.04671968190854871
0 0.14479166666666668 0.7917495029821073 0.015625 0.04473161033797217
0 0.5971354166666667 0.7877733598409543 0.018229166666666668 0.030815109343936383
0 0.6182291666666667 0.8036779324055666 0.0125 0.05069582504970179
0 0.35598958333333336 0.7932405566600398 0.013020833333333334 0.02385685884691849
0 0.8252604166666667 0.8116302186878728 0.013020833333333334 0.05069582504970179
0 0.9575520833333333 0.8136182902584493 0.022395833333333334 0.048707753479125246
0 0.8013020833333333 0.8036779324055666 0.005729166666666666 0.02286282306163022
0 0.8138020833333334 0.8076540755467196 0.008854166666666666 0.018886679920477135
0 0.7307291666666667 0.8180914512922465 0.005208333333333333 0.027833001988071572
0 0.42213541666666665 0.8245526838966203 0.0140625 0.02485089463220676
0 0.7114583333333333 0.8166003976143141 0.014583333333333334 0.008946322067594433
0 0.5252604166666667 0.8235586481113321 0.016145833333333335 0.016898608349900597
0 0.7075520833333333 0.845427435387674 0.022395833333333334 0.03479125248508946
0 0.7658854166666667 0.8414512922465208 0.011979166666666667 0.020874751491053677
0 0.8729166666666667 0.8499005964214712 0.013541666666666667 0.03777335984095427
0 0.7421875 0.8543737574552683 0.011458333333333333 0.04473161033797217
0 0.5716145833333334 0.8434393638170974 0.0140625 0.016898608349900597
0 0.8244791666666667 0.8558648111332008 0.020833333333333332 0.02982107355864811
0 0.9200520833333333 0.8702783300198808 0.024479166666666666 0.040755467196819085
0 0.7924479166666667 0.8687872763419483 0.009895833333333333 0.03180914512922465
0 0.6205729166666667 0.8697813121272365 0.0067708333333333336 0.02584493041749503
0 0.53671875 0.8782306163021869 0.0067708333333333336 0.0268389662027833
0 0.88828125 0.8817097415506958 0.013020833333333334 0.02385685884691849
0 0.6932291666666667 0.8861829025844931 0.011458333333333333 0.02882703777335984
0 0.6518229166666667 0.8871769383697813 0.0109375 0.018886679920477135
0 0.83828125 0.8891650099403579 0.009895833333333333 0.012922465208747515
0 0.5411458333333333 0.9055666003976143 0.008333333333333333 0.015904572564612324
0 0.67109375 0.9219681908548708 0.0078125 0.02286282306163022
0 0.46484375 0.9254473161033797 0.011979166666666667 0.02385685884691849
0 0.9963541666666667 0.9309145129224652 0.00625 0.02485089463220676
0 0.5546875 0.9398608349900597 0.009375 0.03479125248508946
0 0.6255208333333333 0.9343936381709742 0.015625 0.011928429423459244
0 0.8130208333333333 0.9433399602385686 0.00625 0.03180914512922465
0 0.6580729166666667 0.9388667992047713 0.018229166666666668 0.012922465208747515
0 0.5950520833333334 0.9468190854870775 0.0067708333333333336 0.02485089463220676
0 0.22682291666666668 0.9517892644135189 0.0046875 0.02286282306163022
0 0.5877604166666667 0.9657057654075547 0.0067708333333333336 0.032803180914512925
0 0.09505208333333333 0.9647117296222664 0.021354166666666667 0.02485089463220676
0 0.8302083333333333 0.9696819085487077 0.01875 0.03479125248508946
0 0.8440104166666667 0.9657057654075547 0.016145833333333335 0.016898608349900597
0 0.646875 0.9796222664015904 0.022916666666666665 0.03876739562624255
0 0.9119791666666667 0.9746520874751491 0.01875 0.030815109343936383
0 0.3234375 0.9806163021868787 0.0125 0.036779324055666
0 0.5721354166666667 0.9726640159045725 0.013020833333333334 0.012922465208747515
0 0.5111979166666667 0.9900596421471173 0.008854166666666666 0.017892644135188866
0 0.6895833333333333 0.9900596421471173 0.009375 0.017892644135188866
0 0.5846354166666666 0.9930417495029821 0.0067708333333333336 0.011928429423459244
0 0.8940104166666667 0.9930417495029821 0.016145833333333335 0.011928429423459244
0 0.9119791666666667 0.9940357852882704 0.00625 0.009940357852882704