0 0.18958333333333333 0.017892644135188866 0.009375 0.027833001988071572
0 0.8763020833333334 0.031312127236580514 0.011979166666666667 0.036779324055666
0 0.821875 0.05069582504970179 0.017708333333333333 0.03777335984095427
0 0.5744791666666667 0.05467196819085487 0.00625 0.02584493041749503
0 0.6723958333333333 0.06113320079522863 0.00625 0.030815109343936383
0 0.44635416666666666 0.05864811133200795 0.017708333333333333 0.015904572564612324
0 0.7239583333333334 0.12077534791252485 0.010416666666666666 0.02286282306163022
0 0.5856770833333333 0.20874751491053678 0.0067708333333333336 0.033797216699801194
0 0.45208333333333334 0.21520874751491054 0.00625 0.014910536779324055
0 0.7416666666666667 0.2286282306163022 0.004166666666666667 0.02186878727634195
0 0.5580729166666667 0.22664015904572565 0.022395833333333334 0.015904572564612324
0 0.2296875 0.2271371769383698 0.015625 0.012922465208747515
0 0.47760416666666666 0.24602385685884692 0.007291666666666667 0.032803180914512925
0 0.6002604166666666 0.25198807157057657 0.009895833333333333 0.036779324055666
0 0.6502604166666667 0.2668986083499006 0.015104166666666667 0.042743538767395624
0 0.74765625 0.2778330019880716 0.0140625 0.036779324055666
0 0.9200520833333333 0.28876739562624254 0.013020833333333334 0.048707753479125246
0 0.5192708333333333 0.27485089463220674 0.009375 0.016898608349900597
0 0.9643229166666667 0.2962226640159046 0.015104166666666667 0.033797216699801194
0 0.53984375 0.2907554671968191 0.009895833333333333 0.020874751491053677
0 0.76796875 0.30019880715705766 0.0109375 0.02385685884691849
0 0.9380208333333333 0.31709741550695825 0.013541666666666667 0.04970178926441352
0 0.859375 0.29970178926441354 0.014583333333333334 0.014910536779324055
0 0.6119791666666666 0.3190854870775348 0.005208333333333333 0.03180914512922465
0 0.4828125 0.3305168986083499 0.019791666666666666 0.02485089463220676
0 0.5536458333333333 0.3364811133200795 0.004166666666666667 0.0268389662027833
0 0.7919270833333333 0.3394632206759443 0.0078125 0.02286282306163022
0 0.7671875 0.3508946322067594 0.01875 0.019880715705765408
0 0.63671875 0.3523856858846918 0.0109375 0.020874751491053677
0 0.5322916666666667 0.36182902584493043 0.014583333333333334 0.03777335984095427
0 0.66875 0.35934393638170975 0.021875 0.016898608349900597
0 0.11822916666666666 0.37226640159045726 0.020833333333333332 0.02882703777335984
0 0.19661458333333334 0.3702783300198807 0.019270833333333334 0.016898608349900597
0 0.7403645833333333 0.38220675944334 0.0067708333333333336 0.02485089463220676
0 0.24635416666666668 0.37375745526838966 0.013541666666666667 0.009940357852882704
0 0.5609375 0.38220675944334 0.014583333333333334 0.012922465208747515
0 0.8263020833333333 0.39165009940357853 0.0109375 0.02982107355864811
0 0.48333333333333334 0.38966202783300197 0.004166666666666667 0.02186878727634195
0 0.6598958333333333 0.38916500994035785 0.013541666666666667 0.012922465208747515
0 0.7830729166666667 0.3976143141153082 0.013020833333333334 0.02385685884691849
0 0.86171875 0.397117296222664 0.0140625 0.018886679920477135
0 0.9947916666666666 0.40407554671968193 0.010416666666666666 0.02286282306163022
0 0.8065104166666667 0.41451292246520877 0.009895833333333333 0.02982107355864811
0 0.3255208333333333 0.41749502982107356 0.005208333333333333 0.017892644135188866
0 0.4510416666666667 0.4284294234592445 0.016666666666666666 0.02982107355864811
0 0.7247395833333333 0.43190854870775347 0.0067708333333333336 0.02485089463220676
0 0.15364583333333334 0.43240556660039764 0.021875 0.02385685884691849
0 0.53671875 0.4289264413518887 0.011979166666666667 0.012922465208747515
0 0.503125 0.43439363817097415 0.005208333333333333 0.02385685884691849
0 0.6130208333333333 0.43489065606361826 0.013541666666666667 0.014910536779324055
0 0.04739583333333333 0.43588469184890655 0.011458333333333333 0.014910536779324055
0 0.32838541666666665 0.44433399602385687 0.0078125 0.013916500994035786
0 0.8434895833333333 0.46322067594433397 0.013020833333333334 0.04771371769383698
0 0.4817708333333333 0.4592445328031809 0.013541666666666667 0.015904572564612324
0 0.5138020833333333 0.46669980119284293 0.008854166666666666 0.02485089463220676
0 0.5278645833333333 0.48061630218687873 0.015104166666666667 0.03479125248508946
0 0.09583333333333334 0.4995029821073559 0.016666666666666666 0.06262425447316103
0 0.5885416666666666 0.49403578528827036 0.014583333333333334 0.03777335984095427
0 0.7010416666666667 0.49403578528827036 0.019791666666666666 0.033797216699801194
0 0.49713541666666666 0.48956262425447317 0.011979166666666667 0.02286282306163022
0 0.46119791666666665 0.5019880715705766 0.0171875 0.041749502982107355
0 0.0796875 0.5 0.014583333333333334 0.03578528827037773
0 0.5700520833333333 0.5034791252485089 0.0140625 0.036779324055666
0 0.9041666666666667 0.5134194831013916 0.019791666666666666 0.0268389662027833
0 0.9890625 0.5223658051689861 0.021875 0.03876739562624255
0 0.4471354166666667 0.51441351888668 0.0140625 0.010934393638170975
0 0.9171875 0.532803180914513 0.016666666666666666 0.041749502982107355
0 0.65859375 0.5298210735586482 0.008854166666666666 0.02584493041749503
0 0.48828125 0.5288270377733598 0.008854166666666666 0.02584493041749503
0 0.11119791666666666 0.5357852882703777 0.022395833333333334 0.039761431411530816
0 0.9890625 0.5541749502982107 0.021875 0.02882703777335984
0 0.5481770833333334 0.5556660039761432 0.0171875 0.02186878727634195
0 0.45078125 0.5501988071570576 0.0203125 0.012922465208747515
0 0.6005208333333333 0.5666003976143141 0.007291666666666667 0.02584493041749503
0 0.7317708333333334 0.5705765407554672 0.013541666666666667 0.007952286282306162
0 0.5380208333333333 0.577037773359841 0.013541666666666667 0.014910536779324055
0 0.5885416666666666 0.5864811133200796 0.008333333333333333 0.027833001988071572
0 0.384375 0.5825049701789264 0.013541666666666667 0.017892644135188866
0 0.6083333333333333 0.5984095427435387 0.011458333333333333 0.03578528827037773
0 0.5489583333333333 0.5854870775347912 0.00625 0.011928429423459244
0 0.7552083333333334 0.5979125248508946 0.014583333333333334 0.010934393638170975
0 0.4622395833333333 0.5979125248508946 0.0109375 0.012922465208747515
0 0.5216145833333333 0.6003976143141153 0.009895833333333333 0.011928429423459244
0 0.3953125 0.6083499005964215 0.016666666666666666 0.015904572564612324
0 0.7963541666666667 0.6272365805168986 0.014583333333333334 0.04970178926441352
0 0.5606770833333333 0.6078528827037774 0.0067708333333333336 0.010934393638170975
0 0.5924479166666666 0.6237574552683897 0.013020833333333334 0.040755467196819085
0 0.3611979166666667 0.610337972166998 0.019270833333333334 0.011928429423459244
0 0.48671875 0.6187872763419483 0.0171875 0.02485089463220676
0 0.9322916666666666 0.6322067594433399 0.013541666666666667 0.033797216699801194
0 0.8966145833333333 0.6317097415506958 0.013020833333333334 0.030815109343936383
0 0.42265625 0.6312127236580517 0.0171875 0.027833001988071572
0 0.6723958333333333 0.6361829025844931 0.013541666666666667 0.02385685884691849
0 0.7622395833333333 0.6386679920477137 0.0078125 0.0268389662027833
0 0.84453125 0.6366799204771372 0.018229166666666668 0.012922465208747515
0 0.8127604166666667 0.6466202783300199 0.005729166666666666 0.02882703777335984
0 0.5833333333333334 0.6530815109343936 0.019791666666666666 0.03578528827037773
0 0.071875 0.6441351888667992 0.008333333333333333 0.017892644135188866
0 0.7169270833333333 0.6570576540755467 0.0203125 0.019880715705765408
0 0.6166666666666667 0.6669980119284294 0.009375 0.017892644135188866
0 0.8783854166666667 0.6674950298210736 0.016145833333333335 0.012922465208747515
0 0.6981770833333333 0.6858846918489065 0.0067708333333333336 0.033797216699801194
0 0.3026041666666667 0.6833996023856859 0.016666666666666666 0.02882703777335984
0 0.9510416666666667 0.6908548707753479 0.023958333333333335 0.03777335984095427
0 0.8252604166666667 0.6863817097415507 0.019270833333333334 0.0268389662027833
0 0.415625 0.6918489065606361 0.013541666666666667 0.03180914512922465
0 0.63046875 0.6878727634194831 0.013020833333333334 0.02186878727634195
0 0.07135416666666666 0.702286282306163 0.021875 0.042743538767395624
0 0.5458333333333333 0.7052683896620279 0.0125 0.014910536779324055
0 0.39088541666666665 0.7112326043737575 0.019270833333333334 0.02485089463220676
0 0.5755208333333334 0.7191848906560636 0.017708333333333333 0.030815109343936383
0 0.5231770833333333 0.7191848906560636 0.008854166666666666 0.020874751491053677
0 0.5518229166666667 0.7231610337972167 0.008854166666666666 0.02286282306163022
0 0.725 0.7281312127236581 0.013541666666666667 0.0268389662027833
0 0.44869791666666664 0.7286282306163022 0.024479166666666666 0.02584493041749503
0 0.7075520833333333 0.7559642147117296 0.0109375 0.04473161033797217
0 0.6625 0.7405566600397614 0.013541666666666667 0.015904572564612324
0 0.53125 0.7440357852882704 0.013541666666666667 0.02286282306163022
0 0.48541666666666666 0.7748508946322068 0.01875 0.05467196819085487
0 0.17864583333333334 0.7698807157057654 0.0125 0.030815109343936383
0 0.4739583333333333 0.7634194831013916 0.00625 0.013916500994035786
0 0.41875 0.7693836978131213 0.007291666666666667 0.02186878727634195
0 0.6619791666666667 0.775844930417495 0.014583333333333334 0.02882703777335984
0 0.23098958333333333 0.7912524850894632 0.0109375 0.039761431411530816
0 0.5283854166666667 0.7803180914512923 0.0140625 0.013916500994035786
0 0.8958333333333334 0.790258449304175 0.015625 0.02982107355864811
0 0.5768229166666666 0.7842942345924453 0.015104166666666667 0.015904572564612324
0 0.33984375 0.7892644135188867 0.019270833333333334 0.02584493041749503
0 0.6794270833333333 0.7997017892644135 0.0078125 0.040755467196819085
0 0.5916666666666667 0.7967196819085487 0.010416666666666666 0.0268389662027833
0 0.7760416666666666 0.8011928429423459 0.009375 0.02982107355864811
0 0.44973958333333336 0.7992047713717694 0.019270833333333334 0.011928429423459244
0 0.8247395833333333 0.8031809145129225 0.0171875 0.015904572564612324
0 0.63671875 0.8146123260437376 0.0078125 0.02882703777335984
0 0.4283854166666667 0.8180914512922465 0.008854166666666666 0.027833001988071572
0 0.5846354166666666 0.8215705765407555 0.018229166666666668 0.02286282306163022
0 0.23619791666666667 0.8349900596421471 0.016145833333333335 0.04970178926441352
0 0.08723958333333333 0.8166003976143141 0.0067708333333333336 0.012922465208747515
0 0.9015625 0.8320079522862823 0.020833333333333332 0.03180914512922465
0 0.5239583333333333 0.8290258449304175 0.011458333333333333 0.015904572564612324
0 0.5471354166666667 0.8414512922465208 0.011979166666666667 0.030815109343936383
0 0.56171875 0.8424453280318092 0.0067708333333333336 0.0268389662027833
0 0.46796875 0.8409542743538767 0.013020833333333334 0.02385685884691849
0 0.7361979166666667 0.8464214711729622 0.016145833333333335 0.02485089463220676
0 0.44635416666666666 0.845427435387674 0.017708333333333333 0.016898608349900597
0 0.6541666666666667 0.8533797216699801 0.0125 0.02485089463220676
0 0.52734375 0.8494035785288271 0.013020833333333334 0.012922465208747515
0 0.8684895833333334 0.8653081510934394 0.0140625 0.03479125248508946
0 0.8541666666666666 0.8558648111332008 0.013541666666666667 0.011928429423459244
0 0.628125 0.8802186878727635 0.030208333333333334 0.05666003976143141
0 0.40078125 0.8702783300198808 0.0171875 0.036779324055666
0 0.66796875 0.8747514910536779 0.0234375 0.039761431411530816
0 0.5989583333333334 0.8702783300198808 0.014583333333333334 0.020874751491053677
0 0.565625 0.8792246520874751 0.019791666666666666 0.0268389662027833
0 0.14505208333333333 0.8727634194831014 0.005729166666666666 0.013916500994035786
0 0.45338541666666665 0.885685884691849 0.015104166666666667 0.03578528827037773
0 0.528125 0.8792246520874751 0.011458333333333333 0.018886679920477135
0 0.5440104166666667 0.8921471172962226 0.0067708333333333336 0.0268389662027833
0 0.4901041666666667 0.8941351888667992 0.015625 0.02882703777335984
0 0.4283854166666667 0.8951292246520874 0.0046875 0.02286282306163022
0 0.3796875 0.9120278330019881 0.015625 0.036779324055666
0 0.44140625 0.9169980119284294 0.0078125 0.016898608349900597
0 0.25703125 0.9309145129224652 0.0171875 0.030815109343936383
0 0.303125 0.941351888667992 0.00625 0.02982107355864811
0 0.9354166666666667 0.9547713717693836 0.03125 0.05467196819085487
0 0.5197916666666667 0.967196819085487 0.010416666666666666 0.0636182902584493
0 0.48984375 0.952286282306163 0.0203125 0.02584493041749503
0 0.6346354166666667 0.9517892644135189 0.0203125 0.012922465208747515
0 0.50078125 0.9761431411530815 0.0067708333333333336 0.019880715705765408
0 0.578125 0.9801192842942346 0.0125 0.011928429423459244
0 0.6005208333333333 0.9865805168986084 0.016666666666666666 0.016898608349900597
0 0.5489583333333333 0.9895626242544732 0.009375 0.018886679920477135
0 0.43802083333333336 0.9905566600397614 0.011458333333333333 0.016898608349900597
0 0.2830729166666667 0.9900596421471173 0.0078125 0.011928429423459244
0 0.32369791666666664 0.9940357852882704 0.0078125 0.009940357852882704