0 0.7151041666666667 0.1456262425447316 0.014583333333333334 0.05268389662027833
0 0.08020833333333334 0.3096421471172962 0.013541666666666667 0.018886679920477135
0 0.039322916666666666 0.33001988071570576 0.0140625 0.019880715705765408
0 0.5708333333333333 0.3697813121272366 0.017708333333333333 0.03777335984095427
0 0.5252604166666667 0.4592445328031809 0.009895833333333333 0.011928429423459244
0 0.26484375 0.6148111332007953 0.016145833333333335 0.05864811133200795
0 0.45026041666666666 0.6789264413518886 0.0203125 0.0437375745526839
0 0.5458333333333333 0.6853876739562624 0.010416666666666666 0.02286282306163022
0 0.45546875 0.742544731610338 0.013020833333333334 0.039761431411530816
0 0.5596354166666667 0.7668986083499006 0.013020833333333334 0.036779324055666
0 0.5307291666666667 0.889662027833002 0.013541666666666667 0.033797216699801194
0 0.5716145833333334 0.8846918489065606 0.008854166666666666 0.013916500994035786