0 0.1140625 0.002485089463220676 0.034375 0.004970178926441352
0 0.0171875 0.0004970178926441351 0.03333333333333333 0.0009940357852882703
0 0.28932291666666665 0.04771371769383698 0.0140625 0.017892644135188866
0 0.34791666666666665 0.05715705765407555 0.00625 0.030815109343936383
0 0.4859375 0.06113320079522863 0.0125 0.02485089463220676
0 0.20364583333333333 0.05815109343936382 0.011458333333333333 0.016898608349900597
0 0.6609375 0.0705765407554672 0.007291666666666667 0.02584493041749503
0 0.23697916666666666 0.07703777335984095 0.009375 0.014910536779324055
0 0.26484375 0.08200795228628231 0.0203125 0.020874751491053677
0 0.07838541666666667 0.08648111332007952 0.009895833333333333 0.02186878727634195
0 0.6877604166666667 0.08996023856858847 0.0140625 0.02485089463220676
0 0.29635416666666664 0.09443339960238568 0.013541666666666667 0.03180914512922465
0 0.049479166666666664 0.08946322067594434 0.008333333333333333 0.02186878727634195
0 0.2630208333333333 0.10437375745526839 0.014583333333333334 0.017892644135188866
0 0.07005208333333333 0.110337972166998 0.0109375 0.017892644135188866
0 0.24895833333333334 0.11232604373757456 0.010416666666666666 0.015904572564612324
0 0.11276041666666667 0.1411530815109344 0.009895833333333333 0.013916500994035786
0 0.25364583333333335 0.18588469184890655 0.014583333333333334 0.02186878727634195
0 0.4901041666666667 0.1908548707753479 0.0125 0.019880715705765408
0 0.07317708333333334 0.21421471172962225 0.013020833333333334 0.03479125248508946
0 0.023177083333333334 0.220675944333996 0.0265625 0.03578528827037773
0 0.0046875 0.2261431411530815 0.008333333333333333 0.02286282306163022
0 0.075 0.2504970178926441 0.015625 0.02385685884691849
0 0.31744791666666666 0.25695825049701787 0.0140625 0.02286282306163022
0 0.7020833333333333 0.2639165009940358 0.005208333333333333 0.02485089463220676
0 0.004166666666666667 0.29870775347912526 0.007291666666666667 0.04473161033797217
0 0.19427083333333334 0.2932405566600398 0.011458333333333333 0.02385685884691849
0 0.39739583333333334 0.2982107355864811 0.015625 0.02186878727634195
0 0.04765625 0.30566600397614313 0.011979166666666667 0.02882703777335984
0 0.0265625 0.31660039761431413 0.011458333333333333 0.02485089463220676
0 0.27760416666666665 0.3190854870775348 0.004166666666666667 0.019880715705765408
0 0.10260416666666666 0.34343936381709744 0.019791666666666666 0.03876739562624255
0 0.23020833333333332 0.39363817097415504 0.021875 0.02584493041749503
0 0.20572916666666666 0.3981113320079523 0.007291666666666667 0.010934393638170975
0 0.22942708333333334 0.44831013916500995 0.0109375 0.019880715705765408
0 0.33046875 0.4592445328031809 0.0078125 0.027833001988071572
0 0.01875 0.4821073558648111 0.011458333333333333 0.019880715705765408
0 0.3138020833333333 0.4975149105367793 0.0109375 0.030815109343936383
0 0.08046875 0.49502982107355864 0.011979166666666667 0.013916500994035786
0 0.17213541666666668 0.5208747514910537 0.013020833333333334 0.03578528827037773
0 0.9190104166666667 0.5347912524850894 0.0171875 0.013916500994035786
0 0.32864583333333336 0.5526838966202783 0.011458333333333333 0.011928429423459244
0 0.4479166666666667 0.5616302186878728 0.0125 0.007952286282306162
0 0.309375 0.5800198807157058 0.007291666666666667 0.040755467196819085
0 0.11432291666666666 0.591948310139165 0.0203125 0.02882703777335984
0 0.44557291666666665 0.5904572564612326 0.008854166666666666 0.017892644135188866
0 0.0171875 0.6033797216699801 0.029166666666666667 0.03777335984095427
0 0.41770833333333335 0.6128230616302187 0.0125 0.030815109343936383
0 0.27708333333333335 0.6182902584493042 0.013541666666666667 0.03578528827037773
0 0.26588541666666665 0.6148111332007953 0.0046875 0.02286282306163022
0 0.215625 0.6222664015904572 0.009375 0.02186878727634195
0 0.29739583333333336 0.6257455268389662 0.022916666666666665 0.02485089463220676
0 0.11796875 0.6247514910536779 0.016145833333333335 0.02286282306163022
0 0.15338541666666666 0.6297216699801192 0.019270833333333334 0.016898608349900597
0 0.10130208333333333 0.6411530815109344 0.008854166666666666 0.02584493041749503
0 0.33984375 0.6456262425447317 0.005729166666666666 0.02485089463220676
0 0.24609375 0.6570576540755467 0.008854166666666666 0.027833001988071572
0 0.03229166666666667 0.6674950298210736 0.011458333333333333 0.036779324055666
0 0.1859375 0.6754473161033797 0.0125 0.012922465208747515
0 0.1421875 0.6829025844930418 0.010416666666666666 0.019880715705765408
0 0.37942708333333336 0.7037773359840954 0.008854166666666666 0.02584493041749503
0 0.2546875 0.7191848906560636 0.008333333333333333 0.040755467196819085
0 0.46380208333333334 0.7176938369781312 0.013020833333333334 0.02186878727634195
0 0.3875 0.7251491053677932 0.009375 0.016898608349900597
0 0.3580729166666667 0.73558648111332 0.021354166666666667 0.03777335984095427
0 0.20625 0.7405566600397614 0.010416666666666666 0.027833001988071572
0 0.8466145833333333 0.75 0.011979166666666667 0.03876739562624255
0 0.30572916666666666 0.7400596421471173 0.011458333333333333 0.016898608349900597
0 0.3416666666666667 0.7475149105367793 0.007291666666666667 0.013916500994035786
0 0.24661458333333333 0.7549701789264414 0.0109375 0.016898608349900597
0 0.9908854166666666 0.7698807157057654 0.018229166666666668 0.036779324055666
0 0.13671875 0.7649105367793241 0.011979166666666667 0.0268389662027833
0 0.2578125 0.7634194831013916 0.009375 0.019880715705765408
0 0.11223958333333334 0.7703777335984096 0.018229166666666668 0.02584493041749503
0 0.30755208333333334 0.7743538767395626 0.009895833333333333 0.011928429423459244
0 0.30859375 0.8001988071570576 0.008854166666666666 0.033797216699801194
0 0.1921875 0.7947316103379721 0.010416666666666666 0.016898608349900597
0 0.49583333333333335 0.80168986083499 0.009375 0.02286282306163022
0 0.834375 0.8146123260437376 0.013541666666666667 0.010934393638170975
0 0.20286458333333332 0.8156063618290258 0.0109375 0.012922465208747515
0 0.008854166666666666 0.8260437375745527 0.016666666666666666 0.03180914512922465
0 0.33229166666666665 0.8489065606361829 0.020833333333333332 0.02982107355864811
0 0.18828125 0.8464214711729622 0.0140625 0.02286282306163022
0 0.21276041666666667 0.8538767395626242 0.016145833333333335 0.017892644135188866
0 0.42630208333333336 0.8593439363817097 0.008854166666666666 0.0268389662027833
0 0.27239583333333334 0.8628230616302187 0.010416666666666666 0.019880715705765408
0 0.9552083333333333 0.8777335984095428 0.029166666666666667 0.0437375745526839
0 0.22161458333333334 0.8707753479125249 0.0067708333333333336 0.015904572564612324
0 0.4778645833333333 0.8752485089463221 0.013020833333333334 0.008946322067594433
0 0.5466145833333333 0.8901590457256461 0.011979166666666667 0.020874751491053677
0 0.47994791666666664 0.8911530815109344 0.0109375 0.018886679920477135
0 0.45729166666666665 0.9214711729622267 0.03125 0.073558648111332
0 0.38828125 0.8986083499005965 0.0046875 0.017892644135188866
0 0.06328125 0.9105367793240556 0.0067708333333333336 0.02584493041749503
0 0.5315104166666667 0.9125248508946322 0.016145833333333335 0.02186878727634195
0 0.3028645833333333 0.9165009940357853 0.008854166666666666 0.019880715705765408
0 0.4200520833333333 0.9378727634194831 0.016145833333333335 0.040755467196819085
0 0.12317708333333334 0.93389662027833 0.0078125 0.0268389662027833
0 0.67890625 0.9324055666003976 0.016145833333333335 0.02186878727634195
0 0.3684895833333333 0.9358846918489065 0.0109375 0.0268389662027833
0 0.29270833333333335 0.9324055666003976 0.008333333333333333 0.02186878727634195
0 0.2703125 0.9319085487077535 0.010416666666666666 0.020874751491053677
0 0.14739583333333334 0.9408548707753479 0.013541666666666667 0.0268389662027833
0 0.30911458333333336 0.9582504970178927 0.0203125 0.0437375745526839
0 0.07109375 0.959741550695825 0.022395833333333334 0.042743538767395624
0 0.3338541666666667 0.952286282306163 0.016666666666666666 0.02186878727634195
0 0.0033854166666666668 0.9532803180914513 0.005729166666666666 0.02385685884691849
0 0.4856770833333333 0.9542743538767395 0.0078125 0.015904572564612324
0 0.28671875 0.9582504970178927 0.0109375 0.015904572564612324
0 0.44765625 0.9736580516898609 0.008854166666666666 0.032803180914512925
0 0.14713541666666666 0.9701789264413518 0.0109375 0.02385685884691849
0 0.3893229166666667 0.9806163021868787 0.021354166666666667 0.036779324055666
0 0.12864583333333332 0.9796222664015904 0.011458333333333333 0.0268389662027833
0 0.35104166666666664 0.974155069582505 0.013541666666666667 0.013916500994035786
0 0.26901041666666664 0.9746520874751491 0.013020833333333334 0.012922465208747515
0 0.5291666666666667 0.9840954274353877 0.00625 0.02982107355864811
0 0.42630208333333336 0.9865805168986084 0.005729166666666666 0.02485089463220676
0 0.34296875 0.9865805168986084 0.021354166666666667 0.02485089463220676
0 0.3026041666666667 0.9900596421471173 0.008333333333333333 0.017892644135188866
0 0.28229166666666666 0.9905566600397614 0.013541666666666667 0.016898608349900597
0 0.09921875 0.9910536779324056 0.013020833333333334 0.015904572564612324
0 0.08229166666666667 0.9935387673956262 0.009375 0.010934393638170975