0 0.89921875 0.05616302186878728 0.0140625 0.02286282306163022
0 0.325 0.0636182902584493 0.008333333333333333 0.02385685884691849
0 0.50546875 0.07902584493041749 0.016145833333333335 0.03876739562624255
0 0.1640625 0.07604373757455268 0.007291666666666667 0.0268389662027833
0 0.49270833333333336 0.08548707753479125 0.023958333333333335 0.02982107355864811
0 0.6591145833333333 0.10984095427435388 0.009895833333333333 0.02882703777335984
0 0.7078125 0.10984095427435388 0.010416666666666666 0.012922465208747515
0 0.8942708333333333 0.1341948310139165 0.013541666666666667 0.015904572564612324
0 0.7078125 0.15059642147117297 0.007291666666666667 0.0268389662027833
0 0.8421875 0.14463220675944333 0.014583333333333334 0.012922465208747515
0 0.31875 0.15755467196819087 0.013541666666666667 0.02485089463220676
0 0.5153645833333333 0.15656063618290258 0.008854166666666666 0.02286282306163022
0 0.8572916666666667 0.16302186878727634 0.016666666666666666 0.02186878727634195
0 0.30052083333333335 0.16401590457256462 0.011458333333333333 0.019880715705765408
0 0.42213541666666665 0.1595427435387674 0.019270833333333334 0.010934393638170975
0 0.8114583333333333 0.18389662027833 0.015625 0.017892644135188866
0 0.8802083333333334 0.19532803180914513 0.010416666666666666 0.032803180914512925
0 0.9260416666666667 0.21272365805168986 0.014583333333333334 0.06759443339960239
0 0.8200520833333333 0.19831013916500995 0.0109375 0.0268389662027833
0 0.278125 0.21421471172962225 0.015625 0.04671968190854871
0 0.9520833333333333 0.213220675944334 0.007291666666666667 0.018886679920477135
0 0.23567708333333334 0.21968190854870775 0.025520833333333333 0.02584493041749503
0 0.88828125 0.24204771371769385 0.015104166666666667 0.02286282306163022
0 0.008072916666666667 0.28876739562624254 0.005729166666666666 0.016898608349900597
0 0.87734375 0.2907554671968191 0.0078125 0.020874751491053677
0 0.2989583333333333 0.2957256461232604 0.0125 0.018886679920477135
0 0.4127604166666667 0.3066600397614314 0.0109375 0.03876739562624255
0 0.1953125 0.3210735586481113 0.020833333333333332 0.033797216699801194
0 0.2859375 0.32952286282306165 0.010416666666666666 0.040755467196819085
0 0.7830729166666667 0.34642147117296224 0.024479166666666666 0.04473161033797217
0 0.590625 0.36083499005964215 0.009375 0.03578528827037773
0 0.5625 0.36033797216699803 0.011458333333333333 0.02485089463220676
0 0.340625 0.37226640159045726 0.007291666666666667 0.02286282306163022
0 0.2791666666666667 0.3782306163021869 0.011458333333333333 0.018886679920477135
0 0.6963541666666667 0.3832007952286282 0.016666666666666666 0.010934393638170975
0 0.8520833333333333 0.40407554671968193 0.010416666666666666 0.020874751491053677
0 0.30885416666666665 0.4105367793240557 0.011458333333333333 0.019880715705765408
0 0.6697916666666667 0.41749502982107356 0.008333333333333333 0.017892644135188866
0 0.18802083333333333 0.426441351888668 0.016666666666666666 0.013916500994035786
0 0.4830729166666667 0.4388667992047714 0.013020833333333334 0.030815109343936383
0 0.2921875 0.4547713717693837 0.011458333333333333 0.03479125248508946
0 0.9927083333333333 0.4517892644135189 0.013541666666666667 0.018886679920477135
0 0.45729166666666665 0.455765407554672 0.020833333333333332 0.02286282306163022
0 0.24713541666666666 0.4577534791252485 0.0140625 0.016898608349900597
0 0.4864583333333333 0.4860834990059642 0.013541666666666667 0.02385685884691849
0 0.734375 0.4845924453280318 0.00625 0.020874751491053677
0 0.2265625 0.49502982107355864 0.009375 0.011928429423459244
0 0.9130208333333333 0.5024850894632207 0.013541666666666667 0.0268389662027833
0 0.38359375 0.5114314115308151 0.008854166666666666 0.040755467196819085
0 0.4583333333333333 0.510934393638171 0.011458333333333333 0.03578528827037773
0 0.5122395833333333 0.518389662027833 0.019270833333333334 0.05069582504970179
0 0.28151041666666665 0.5024850894632207 0.013020833333333334 0.012922465208747515
0 0.2640625 0.5168986083499006 0.008333333333333333 0.033797216699801194
0 0.4375 0.5198807157057654 0.01875 0.039761431411530816
0 0.5502604166666667 0.5168986083499006 0.0036458333333333334 0.02584493041749503
0 0.33541666666666664 0.525844930417495 0.010416666666666666 0.02385685884691849
0 0.34869791666666666 0.5283300198807157 0.008854166666666666 0.016898608349900597
0 0.20078125 0.532803180914513 0.021354166666666667 0.02186878727634195
0 0.5651041666666666 0.5308151093439364 0.014583333333333334 0.015904572564612324
0 0.7765625 0.5417495029821073 0.00625 0.03180914512922465
0 0.49635416666666665 0.5447316103379721 0.011458333333333333 0.03180914512922465
0 0.46432291666666664 0.5556660039761432 0.013020833333333334 0.02982107355864811
0 0.4440104166666667 0.5601391650099403 0.005729166666666666 0.036779324055666
0 0.1828125 0.5536779324055666 0.011458333333333333 0.017892644135188866
0 0.3515625 0.558648111332008 0.010416666666666666 0.02584493041749503
0 0.42473958333333334 0.5631212723658051 0.0078125 0.02485089463220676
0 0.53203125 0.5720675944333996 0.0078125 0.03876739562624255
0 0.39140625 0.5641153081510935 0.0109375 0.018886679920477135
0 0.5526041666666667 0.5755467196819085 0.015625 0.033797216699801194
0 0.32421875 0.5740556660039762 0.0140625 0.02485089463220676
0 0.3776041666666667 0.577037773359841 0.016666666666666666 0.0268389662027833
0 0.96015625 0.5825049701789264 0.0078125 0.027833001988071572
0 0.5697916666666667 0.584493041749503 0.020833333333333332 0.02186878727634195
0 0.45989583333333334 0.5924453280318092 0.011458333333333333 0.02584493041749503
0 0.24375 0.602882703777336 0.030208333333333334 0.03479125248508946
0 0.30911458333333336 0.606858846918489 0.0265625 0.042743538767395624
0 0.4825520833333333 0.6003976143141153 0.0140625 0.027833001988071572
0 0.8911458333333333 0.6073558648111332 0.015625 0.03578528827037773
0 0.34609375 0.6018886679920478 0.019270833333333334 0.020874751491053677
0 0.26796875 0.6053677932405567 0.0078125 0.02186878727634195
0 0.5200520833333333 0.6093439363817097 0.013020833333333334 0.015904572564612324
0 0.63984375 0.6083499005964215 0.015104166666666667 0.007952286282306162
0 0.00390625 0.614314115308151 0.0078125 0.017892644135188866
0 0.39869791666666665 0.6133200795228628 0.008854166666666666 0.009940357852882704
0 0.3802083333333333 0.6257455268389662 0.014583333333333334 0.020874751491053677
0 0.45286458333333335 0.6341948310139165 0.0078125 0.03777335984095427
0 0.41796875 0.6401590457256461 0.015104166666666667 0.02584493041749503
0 0.3421875 0.6371769383697813 0.009375 0.007952286282306162
0 0.81171875 0.647117296222664 0.0140625 0.017892644135188866
0 0.3171875 0.6560636182902585 0.013541666666666667 0.013916500994035786
0 0.47109375 0.6595427435387674 0.0109375 0.012922465208747515
0 0.5598958333333334 0.661530815109344 0.013541666666666667 0.010934393638170975
0 0.7734375 0.6814115308151093 0.016666666666666666 0.0268389662027833
0 0.48151041666666666 0.6794234592445328 0.015104166666666667 0.014910536779324055
0 0.4166666666666667 0.7032803180914513 0.007291666666666667 0.03876739562624255
0 0.5635416666666667 0.6993041749502982 0.015625 0.02485089463220676
0 0.44973958333333336 0.7082504970178927 0.013020833333333334 0.032803180914512925
0 0.28411458333333334 0.7067594433399602 0.008854166666666666 0.02385685884691849
0 0.9408854166666667 0.7102385685884692 0.011979166666666667 0.02485089463220676
0 0.39114583333333336 0.7186878727634195 0.0125 0.03777335984095427
0 0.5989583333333334 0.7077534791252486 0.010416666666666666 0.017892644135188866
0 0.9854166666666667 0.7047713717693836 0.017708333333333333 0.011928429423459244
0 0.47942708333333334 0.7157057654075547 0.0078125 0.015904572564612324
0 0.3609375 0.7281312127236581 0.009375 0.036779324055666
0 0.42994791666666665 0.7211729622266402 0.0046875 0.018886679920477135
0 0.37786458333333334 0.724155069582505 0.009895833333333333 0.02286282306163022
0 0.65703125 0.7191848906560636 0.015104166666666667 0.006958250497017893
0 0.14296875 0.7345924453280318 0.0171875 0.013916500994035786
0 0.3 0.7420477137176938 0.009375 0.030815109343936383
0 0.5403645833333334 0.7584493041749503 0.025520833333333333 0.02982107355864811
0 0.7880208333333333 0.76441351888668 0.01875 0.02982107355864811
0 0.3578125 0.7569582504970179 0.008333333333333333 0.010934393638170975
0 0.3932291666666667 0.7818091451292246 0.028125 0.04473161033797217
0 0.5619791666666667 0.7788270377733598 0.014583333333333334 0.036779324055666
0 0.9763020833333333 0.7778330019880716 0.0140625 0.016898608349900597
0 0.3033854166666667 0.8046719681908548 0.018229166666666668 0.06063618290258449
0 0.41692708333333334 0.794234592445328 0.0078125 0.02982107355864811
0 0.6510416666666666 0.7992047713717694 0.015625 0.019880715705765408
0 0.13567708333333334 0.8046719681908548 0.015104166666666667 0.02882703777335984
0 0.4354166666666667 0.7997017892644135 0.007291666666666667 0.012922465208747515
0 0.2638020833333333 0.8111332007952287 0.0046875 0.03180914512922465
0 0.47317708333333336 0.8146123260437376 0.0140625 0.012922465208747515
0 0.19010416666666666 0.8255467196819085 0.015625 0.014910536779324055
0 0.5065104166666666 0.8404572564612326 0.024479166666666666 0.032803180914512925
0 0.4505208333333333 0.8434393638170974 0.022916666666666665 0.030815109343936383
0 0.3515625 0.8409542743538767 0.009375 0.02186878727634195
0 0.375 0.838469184890656 0.016666666666666666 0.010934393638170975
0 0.4903645833333333 0.8608349900596421 0.022395833333333334 0.02982107355864811
0 0.4270833333333333 0.8558648111332008 0.013541666666666667 0.013916500994035786
0 0.46979166666666666 0.8583499005964215 0.005208333333333333 0.014910536779324055
0 0.9427083333333334 0.8618290258449304 0.011458333333333333 0.019880715705765408
0 0.546875 0.8697813121272365 0.016666666666666666 0.03180914512922465
0 0.7528645833333333 0.8926441351888668 0.011979166666666667 0.02584493041749503
0 0.5927083333333333 0.8961232604373758 0.007291666666666667 0.02882703777335984
0 0.2890625 0.897117296222664 0.007291666666666667 0.014910536779324055
0 0.4901041666666667 0.9050695825049702 0.021875 0.0268389662027833
0 0.5880208333333333 0.9244532803180915 0.008333333333333333 0.015904572564612324
0 0.33567708333333335 0.937375745526839 0.0140625 0.019880715705765408
0 0.6260416666666667 0.9363817097415507 0.008333333333333333 0.011928429423459244
0 0.1015625 0.9438369781312127 0.013541666666666667 0.018886679920477135
0 0.5677083333333334 0.9567594433399602 0.019791666666666666 0.042743538767395624
0 0.6138020833333333 0.9458250497017893 0.009895833333333333 0.010934393638170975
0 0.5075520833333333 0.9547713717693836 0.008854166666666666 0.016898608349900597
0 0.28229166666666666 0.9617296222664016 0.013541666666666667 0.02485089463220676
0 0.6799479166666667 0.9731610337972167 0.015104166666666667 0.02584493041749503
0 0.9231770833333334 0.9781312127236581 0.009895833333333333 0.02186878727634195