0 0.5963541666666666 0.007455268389662028 0.008333333333333333 0.014910536779324055
0 0.9997395833333333 0.03628230616302187 0.0005208333333333333 0.05666003976143141
0 0.6859375 0.02982107355864811 0.005208333333333333 0.015904572564612324
0 0.3307291666666667 0.02882703777335984 0.0125 0.013916500994035786
0 0.2125 0.05168986083499006 0.014583333333333334 0.015904572564612324
0 0.096875 0.06113320079522863 0.014583333333333334 0.020874751491053677
0 0.33541666666666664 0.06759443339960239 0.010416666666666666 0.017892644135188866
0 0.8052083333333333 0.07654075546719682 0.007291666666666667 0.02186878727634195
0 0.21484375 0.07604373757455268 0.016145833333333335 0.02286282306163022
0 0.17760416666666667 0.0805168986083499 0.010416666666666666 0.017892644135188866
0 0.03229166666666667 0.09493041749502983 0.011458333333333333 0.03876739562624255
0 0.8622395833333333 0.09244532803180915 0.018229166666666668 0.02186878727634195
0 0.22109375 0.09990059642147117 0.009895833333333333 0.012922465208747515
0 0.29791666666666666 0.110337972166998 0.011458333333333333 0.02186878727634195
0 0.73671875 0.13021868787276342 0.009895833333333333 0.02385685884691849
0 0.7408854166666666 0.1496023856858847 0.0140625 0.016898608349900597
0 0.9203125 0.1466202783300199 0.009375 0.008946322067594433
0 0.20598958333333334 0.1848906560636183 0.008854166666666666 0.02385685884691849
0 0.38723958333333336 0.1878727634194831 0.009895833333333333 0.011928429423459244
0 0.19375 0.19234592445328033 0.010416666666666666 0.018886679920477135
0 0.14609375 0.19582504970178927 0.011979166666666667 0.02385685884691849
0 0.54765625 0.19532803180914513 0.009895833333333333 0.014910536779324055
0 0.2877604166666667 0.21222664015904572 0.013020833333333334 0.02286282306163022
0 0.88984375 0.2191848906560636 0.0109375 0.018886679920477135
0 0.9221354166666667 0.2261431411530815 0.008854166666666666 0.02286282306163022
0 0.6635416666666667 0.22465208747514911 0.008333333333333333 0.013916500994035786
0 0.4765625 0.24403578528827038 0.0125 0.02485089463220676
0 0.15234375 0.24105367793240556 0.0067708333333333336 0.018886679920477135
0 0.13411458333333334 0.24701789264413518 0.0067708333333333336 0.020874751491053677
0 0.43984375 0.2430417495029821 0.008854166666666666 0.010934393638170975
0 0.68359375 0.25497017892644136 0.015104166666666667 0.030815109343936383
0 0.17239583333333333 0.2649105367793241 0.009375 0.012922465208747515
0 0.5557291666666667 0.2912524850894632 0.009375 0.02982107355864811
0 0.18463541666666666 0.28777335984095426 0.019270833333333334 0.016898608349900597
0 0.36875 0.29025844930417494 0.015625 0.011928429423459244
0 0.30755208333333334 0.30318091451292245 0.0078125 0.017892644135188866
0 0.15130208333333334 0.31411530815109345 0.011979166666666667 0.013916500994035786
0 0.10572916666666667 0.3121272365805169 0.007291666666666667 0.009940357852882704
0 0.039322916666666666 0.32703777335984097 0.0140625 0.015904572564612324
0 0.37135416666666665 0.352882703777336 0.005208333333333333 0.027833001988071572
0 0.28802083333333334 0.3538767395626243 0.009375 0.027833001988071572
0 0.7963541666666667 0.3503976143141153 0.008333333333333333 0.018886679920477135
0 0.5625 0.37673956262425445 0.011458333333333333 0.039761431411530816
0 0.48776041666666664 0.37375745526838966 0.008854166666666666 0.027833001988071572
0 0.31614583333333335 0.37226640159045726 0.008333333333333333 0.02286282306163022
0 0.19140625 0.38966202783300197 0.0234375 0.017892644135188866
0 0.06614583333333333 0.40407554671968193 0.005208333333333333 0.02882703777335984
0 0.029166666666666667 0.3981113320079523 0.013541666666666667 0.018886679920477135
0 0.17447916666666666 0.42196819085487075 0.014583333333333334 0.016898608349900597
0 0.010677083333333334 0.4234592445328032 0.015104166666666667 0.019880715705765408
0 0.6260416666666667 0.44731610337972166 0.017708333333333333 0.027833001988071572
0 0.9216145833333333 0.45129224652087474 0.011979166666666667 0.02186878727634195
0 0.13203125 0.44582504970178927 0.011979166666666667 0.008946322067594433
0 0.31145833333333334 0.452286282306163 0.016666666666666666 0.013916500994035786
0 0.11927083333333334 0.4721669980119284 0.0125 0.02385685884691849
0 0.05677083333333333 0.4721669980119284 0.019791666666666666 0.017892644135188866
0 0.7828125 0.481610337972167 0.0125 0.030815109343936383
0 0.8416666666666667 0.49105367793240556 0.007291666666666667 0.02186878727634195
0 0.8049479166666667 0.5009940357852882 0.0140625 0.015904572564612324
0 0.03359375 0.5054671968190855 0.0140625 0.02286282306163022
0 0.011979166666666667 0.5154075546719682 0.014583333333333334 0.020874751491053677
0 0.18541666666666667 0.5243538767395626 0.010416666666666666 0.02882703777335984
0 0.7127604166666667 0.5238568588469185 0.011979166666666667 0.013916500994035786
0 0.475 0.5208747514910537 0.0125 0.009940357852882704
0 0.7049479166666667 0.5362823061630219 0.005729166666666666 0.014910536779324055
0 0.07864583333333333 0.5541749502982107 0.010416666666666666 0.018886679920477135
0 0.23958333333333334 0.56610337972167 0.009375 0.040755467196819085
0 0.027083333333333334 0.5680914512922465 0.016666666666666666 0.016898608349900597
0 0.15104166666666666 0.5750497017892644 0.0125 0.014910536779324055
0 0.60078125 0.5969184890656064 0.0067708333333333336 0.030815109343936383
0 0.33619791666666665 0.5989065606361829 0.016145833333333335 0.030815109343936383
0 0.6911458333333333 0.5994035785288271 0.005208333333333333 0.02385685884691849
0 0.31015625 0.6108349900596421 0.0109375 0.014910536779324055
0 0.46979166666666666 0.6158051689860835 0.00625 0.016898608349900597
0 0.3546875 0.614314115308151 0.0125 0.013916500994035786
0 0.04791666666666667 0.6267395626242545 0.015625 0.016898608349900597
0 0.009114583333333334 0.6277335984095428 0.0171875 0.020874751491053677
0 0.39453125 0.6267395626242545 0.015104166666666667 0.014910536779324055
0 0.034895833333333334 0.6346918489065606 0.011458333333333333 0.02882703777335984
0 0.23359375 0.6401590457256461 0.008854166666666666 0.03578528827037773
0 0.16354166666666667 0.6376739562624254 0.020833333333333332 0.018886679920477135
0 0.25 0.6426441351888668 0.007291666666666667 0.018886679920477135
0 0.014322916666666666 0.6525844930417495 0.005729166666666666 0.016898608349900597
0 0.1046875 0.6605367793240556 0.009375 0.012922465208747515
0 0.3848958333333333 0.6744532803180915 0.010416666666666666 0.02882703777335984
0 0.0375 0.68389662027833 0.008333333333333333 0.027833001988071572
0 0.2752604166666667 0.687375745526839 0.008854166666666666 0.0268389662027833
0 0.4609375 0.6853876739562624 0.0125 0.020874751491053677
0 0.3619791666666667 0.6868787276341949 0.00625 0.019880715705765408
0 0.11822916666666666 0.6923459244532804 0.015625 0.010934393638170975
0 0.09088541666666666 0.7072564612326043 0.011979166666666667 0.03479125248508946
0 0.30078125 0.7162027833001988 0.016145833333333335 0.018886679920477135
0 0.6026041666666667 0.7181908548707754 0.01875 0.016898608349900597
0 0.2046875 0.7286282306163022 0.008333333333333333 0.027833001988071572
0 0.14479166666666668 0.739065606361829 0.008333333333333333 0.0268389662027833
0 0.6502604166666667 0.7415506958250497 0.009895833333333333 0.02186878727634195
0 0.4625 0.7445328031809145 0.007291666666666667 0.02584493041749503
0 0.31692708333333336 0.7480119284294234 0.0140625 0.02286282306163022
0 0.24270833333333333 0.7445328031809145 0.011458333333333333 0.013916500994035786
0 0.8354166666666667 0.7584493041749503 0.021875 0.02982107355864811
0 0.35104166666666664 0.7678926441351889 0.011458333333333333 0.036779324055666
0 0.17838541666666666 0.7619284294234593 0.024479166666666666 0.02485089463220676
0 0.784375 0.7589463220675944 0.016666666666666666 0.014910536779324055
0 0.23046875 0.7604373757455268 0.009895833333333333 0.019880715705765408
0 0.2869791666666667 0.7688866799204771 0.0125 0.020874751491053677
0 0.38567708333333334 0.7793240556660039 0.0109375 0.02982107355864811
0 0.01484375 0.7813121272365805 0.013020833333333334 0.03180914512922465
0 0.6354166666666666 0.7788270377733598 0.011458333333333333 0.020874751491053677
0 0.33359375 0.7833001988071571 0.0067708333333333336 0.02385685884691849
0 0.1640625 0.80168986083499 0.023958333333333335 0.03479125248508946
0 0.03671875 0.7972166998011928 0.0067708333333333336 0.02385685884691849
0 0.4778645833333333 0.8056660039761432 0.0046875 0.036779324055666
0 0.4669270833333333 0.8001988071570576 0.0078125 0.019880715705765408
0 0.44140625 0.81610337972167 0.005729166666666666 0.033797216699801194
0 0.3416666666666667 0.812624254473161 0.008333333333333333 0.02882703777335984
0 0.6260416666666667 0.8210735586481114 0.007291666666666667 0.03180914512922465
0 0.30911458333333336 0.8180914512922465 0.018229166666666668 0.027833001988071572
0 0.39739583333333334 0.8245526838966203 0.010416666666666666 0.036779324055666
0 0.11536458333333334 0.8210735586481114 0.019270833333333334 0.02385685884691849
0 0.4244791666666667 0.8205765407554672 0.007291666666666667 0.018886679920477135
0 0.984375 0.8265407554671969 0.008333333333333333 0.02882703777335984
0 0.4934895833333333 0.8305168986083499 0.0067708333333333336 0.030815109343936383
0 0.4557291666666667 0.8349900596421471 0.009375 0.03180914512922465
0 0.33671875 0.8444333996023857 0.011979166666666667 0.02485089463220676
0 0.2942708333333333 0.8494035785288271 0.014583333333333334 0.030815109343936383
0 0.6713541666666667 0.8563618290258449 0.013541666666666667 0.020874751491053677
0 0.5890625 0.8638170974155069 0.009375 0.033797216699801194
0 0.38984375 0.8573558648111332 0.009895833333333333 0.018886679920477135
0 0.17057291666666666 0.8618290258449304 0.0078125 0.02385685884691849
0 0.0109375 0.8618290258449304 0.011458333333333333 0.02186878727634195
0 0.9630208333333333 0.8598409542743539 0.008333333333333333 0.015904572564612324
0 0.43802083333333336 0.8881709741550696 0.017708333333333333 0.07256461232604373
0 0.18802083333333333 0.8633200795228628 0.004166666666666667 0.02286282306163022
0 0.9846354166666667 0.8667992047713717 0.0140625 0.02584493041749503
0 0.3307291666666667 0.8702783300198808 0.0125 0.02286282306163022
0 0.23385416666666667 0.8732604373757455 0.010416666666666666 0.02882703777335984
0 0.26796875 0.8682902584493042 0.0109375 0.008946322067594433
0 0.2140625 0.8841948310139165 0.007291666666666667 0.02286282306163022
0 0.09739583333333333 0.8846918489065606 0.014583333333333334 0.015904572564612324
0 0.30885416666666665 0.8866799204771372 0.013541666666666667 0.015904572564612324
0 0.04895833333333333 0.8941351888667992 0.009375 0.0268389662027833
0 0.0078125 0.897117296222664 0.014583333333333334 0.03479125248508946
0 0.5479166666666667 0.8976143141153081 0.01875 0.015904572564612324
0 0.39869791666666665 0.9035785288270378 0.0140625 0.02186878727634195
0 0.1921875 0.9040755467196819 0.005208333333333333 0.02485089463220676
0 0.3807291666666667 0.9005964214711729 0.009375 0.011928429423459244
0 0.41041666666666665 0.9244532803180915 0.0125 0.055666003976143144
0 0.35130208333333335 0.922962226640159 0.0265625 0.04671968190854871
0 0.6455729166666667 0.9184890656063618 0.011979166666666667 0.033797216699801194
0 0.3109375 0.9209741550695825 0.00625 0.0268389662027833
0 0.033854166666666664 0.9274353876739563 0.0125 0.03578528827037773
0 0.4588541666666667 0.9239562624254473 0.011458333333333333 0.016898608349900597
0 0.3846354166666667 0.9269383697813122 0.013020833333333334 0.02286282306163022
0 0.5455729166666666 0.9453280318091452 0.0140625 0.03180914512922465
0 0.28463541666666664 0.9343936381709742 0.013020833333333334 0.009940357852882704
0 0.09296875 0.9443339960238568 0.0067708333333333336 0.02982107355864811
0 0.7263020833333333 0.9383697813121272 0.0171875 0.011928429423459244
0 0.31640625 0.9388667992047713 0.008854166666666666 0.010934393638170975
0 0.7690104166666667 0.9542743538767395 0.009895833333333333 0.03578528827037773
0 0.32526041666666666 0.9473161033797217 0.0078125 0.02385685884691849
0 0.2984375 0.9438369781312127 0.01875 0.016898608349900597
0 0.26171875 0.9647117296222664 0.009895833333333333 0.03876739562624255
0 0.49505208333333334 0.9602385685884692 0.0390625 0.02584493041749503
0 0.37942708333333336 0.959741550695825 0.0171875 0.018886679920477135
0 0.44479166666666664 0.967196819085487 0.004166666666666667 0.02584493041749503
0 0.46640625 0.9716699801192843 0.0078125 0.030815109343936383
0 0.4200520833333333 0.9701789264413518 0.019270833333333334 0.015904572564612324
0 0.5630208333333333 0.9751491053677932 0.01875 0.019880715705765408
0 0.64609375 0.9905566600397614 0.011979166666666667 0.016898608349900597
0 0.35703125 0.9910536779324056 0.024479166666666666 0.015904572564612324
0 0.5046875 0.992544731610338 0.009375 0.012922465208747515
0 0.5411458333333333 0.9915506958250497 0.008333333333333333 0.008946322067594433
0 0.27447916666666666 0.9940357852882704 0.015625 0.009940357852882704