0 0.02265625 0.005964214711729622 0.044270833333333336 0.011928429423459244
0 0.6276041666666666 0.039761431411530816 0.011458333333333333 0.015904572564612324
0 0.6786458333333333 0.04771371769383698 0.013541666666666667 0.02186878727634195
0 0.0010416666666666667 0.08548707753479125 0.0010416666666666667 0.055666003976143144
0 0.11380208333333333 0.11779324055666004 0.021354166666666667 0.02286282306163022
0 0.020052083333333335 0.1272365805168986 0.008854166666666666 0.02385685884691849
0 0.31015625 0.12475149105367793 0.0140625 0.010934393638170975
0 0.13984375 0.12823061630218688 0.013020833333333334 0.019880715705765408
0 0.5375 0.1317097415506958 0.008333333333333333 0.018886679920477135
0 0.47994791666666664 0.147117296222664 0.011979166666666667 0.03180914512922465
0 0.3997395833333333 0.15357852882703776 0.0078125 0.02485089463220676
0 0.015364583333333333 0.16848906560636182 0.018229166666666668 0.018886679920477135
0 0.24661458333333333 0.16998011928429424 0.0078125 0.011928429423459244
0 0.39010416666666664 0.17892644135188868 0.011458333333333333 0.015904572564612324
0 0.32734375 0.18141153081510936 0.0067708333333333336 0.010934393638170975
0 0.03828125 0.20278330019880716 0.0109375 0.019880715705765408
0 0.6203125 0.24950298210735586 0.01875 0.02385685884691849
0 0.43828125 0.26093439363817095 0.016145833333333335 0.02485089463220676
0 0.24244791666666668 0.2783300198807157 0.016145833333333335 0.009940357852882704
0 0.09296875 0.2897614314115308 0.008854166666666666 0.02485089463220676
0 0.0078125 0.2907554671968191 0.014583333333333334 0.020874751491053677
0 0.7020833333333333 0.29870775347912526 0.007291666666666667 0.018886679920477135
0 0.45416666666666666 0.30069582504970177 0.004166666666666667 0.020874751491053677
0 0.7458333333333333 0.32007952286282304 0.013541666666666667 0.009940357852882704
0 0.042708333333333334 0.32803180914512925 0.015625 0.02584493041749503
0 0.265625 0.3399602385685885 0.013541666666666667 0.019880715705765408
0 0.23958333333333334 0.3389662027833002 0.013541666666666667 0.013916500994035786
0 0.05520833333333333 0.34343936381709744 0.008333333333333333 0.018886679920477135
0 0.3229166666666667 0.34840954274353875 0.0125 0.0268389662027833
0 0.6481770833333333 0.35785288270377735 0.0140625 0.03578528827037773
0 0.29270833333333335 0.3663021868787276 0.008333333333333333 0.0268389662027833
0 0.16380208333333332 0.3851888667992048 0.019270833333333334 0.030815109343936383
0 0.32864583333333336 0.38220675944334 0.0125 0.010934393638170975
0 0.2559895833333333 0.3817097415506958 0.016145833333333335 0.009940357852882704
0 0.13255208333333332 0.38618290258449306 0.013020833333333334 0.008946322067594433
0 0.27760416666666665 0.38817097415506957 0.010416666666666666 0.008946322067594433
0 0.6354166666666666 0.3981113320079523 0.014583333333333334 0.012922465208747515
0 0.07942708333333333 0.3961232604373757 0.011979166666666667 0.008946322067594433
0 0.28098958333333335 0.40407554671968193 0.0140625 0.016898608349900597
0 0.08385416666666666 0.41302186878727637 0.010416666666666666 0.014910536779324055
0 0.9466145833333334 0.41998011928429424 0.013020833333333334 0.020874751491053677
0 0.008072916666666667 0.4209741550695825 0.015104166666666667 0.016898608349900597
0 0.4083333333333333 0.4209741550695825 0.017708333333333333 0.010934393638170975
0 0.06067708333333333 0.4388667992047714 0.0109375 0.02882703777335984
0 0.16354166666666667 0.43538767395626243 0.014583333333333334 0.013916500994035786
0 0.41510416666666666 0.4423459244532803 0.010416666666666666 0.009940357852882704
0 0.959375 0.4532803180914513 0.015625 0.027833001988071572
0 0.93984375 0.46520874751491054 0.0140625 0.03180914512922465
0 0.8122395833333333 0.4731610337972167 0.0140625 0.015904572564612324
0 0.29375 0.4821073558648111 0.015625 0.011928429423459244
0 0.25364583333333335 0.49502982107355864 0.007291666666666667 0.02186878727634195
0 0.03828125 0.4995029821073559 0.009895833333333333 0.02882703777335984
0 0.8421875 0.5024850894632207 0.014583333333333334 0.016898608349900597
0 0.4609375 0.5044731610337972 0.014583333333333334 0.016898608349900597
0 0.0067708333333333336 0.51441351888668 0.0125 0.02882703777335984
0 0.17057291666666666 0.5168986083499006 0.015104166666666667 0.011928429423459244
0 0.35520833333333335 0.5308151093439364 0.015625 0.019880715705765408
0 0.6721354166666667 0.5452286282306164 0.0067708333333333336 0.02882703777335984
0 0.39505208333333336 0.5511928429423459 0.0140625 0.02882703777335984
0 0.7546875 0.5631212723658051 0.010416666666666666 0.012922465208747515
0 0.46458333333333335 0.5685884691848907 0.011458333333333333 0.02186878727634195
0 0.43802083333333336 0.5656063618290258 0.013541666666666667 0.011928429423459244
0 0.9372395833333333 0.5785288270377733 0.03177083333333333 0.02982107355864811
0 0.005729166666666666 0.6133200795228628 0.010416666666666666 0.039761431411530816
0 0.4421875 0.6073558648111332 0.00625 0.02186878727634195
0 0.5166666666666667 0.6158051689860835 0.005208333333333333 0.0268389662027833
0 0.40208333333333335 0.6153081510934394 0.016666666666666666 0.027833001988071572
0 0.24270833333333333 0.6262425447316103 0.008333333333333333 0.039761431411530816
0 0.1171875 0.6182902584493042 0.021875 0.02385685884691849
0 0.29635416666666664 0.6252485089463221 0.008333333333333333 0.02385685884691849
0 0.05182291666666667 0.621272365805169 0.013020833333333334 0.015904572564612324
0 0.34713541666666664 0.628727634194831 0.013020833333333334 0.010934393638170975
0 0.18697916666666667 0.6525844930417495 0.008333333333333333 0.018886679920477135
0 0.01640625 0.6660039761431411 0.013020833333333334 0.019880715705765408
0 0.32109375 0.6684890656063618 0.0109375 0.02286282306163022
0 0.35885416666666664 0.6903578528827038 0.005208333333333333 0.02485089463220676
0 0.60703125 0.6978131212723658 0.0171875 0.03578528827037773
0 0.0067708333333333336 0.6893638170974155 0.0125 0.018886679920477135
0 0.23359375 0.6943339960238568 0.009895833333333333 0.02485089463220676
0 0.2796875 0.7087475149105368 0.013541666666666667 0.019880715705765408
0 0.07057291666666667 0.7067594433399602 0.0171875 0.015904572564612324
0 0.4479166666666667 0.7201789264413518 0.023958333333333335 0.036779324055666
0 0.921875 0.7176938369781312 0.013541666666666667 0.027833001988071572
0 0.6203125 0.709741550695825 0.015625 0.009940357852882704
0 0.5515625 0.7162027833001988 0.016666666666666666 0.014910536779324055
0 0.8359375 0.7385685884691849 0.022916666666666665 0.03180914512922465
0 0.13203125 0.739065606361829 0.009895833333333333 0.02882703777335984
0 0.48333333333333334 0.7435387673956262 0.007291666666666667 0.02584493041749503
0 0.26276041666666666 0.7465208747514911 0.013020833333333334 0.02186878727634195
0 0.3268229166666667 0.7594433399602386 0.016145833333333335 0.03777335984095427
0 0.013020833333333334 0.7504970178926441 0.009375 0.015904572564612324
0 0.40182291666666664 0.7554671968190855 0.0140625 0.015904572564612324
0 0.8065104166666667 0.7594433399602386 0.015104166666666667 0.017892644135188866
0 0.08177083333333333 0.7668986083499006 0.010416666666666666 0.02882703777335984
0 0.5856770833333333 0.7877733598409543 0.0078125 0.032803180914512925
0 0.4388020833333333 0.7847912524850894 0.0067708333333333336 0.0268389662027833
0 0.36692708333333335 0.7992047713717694 0.019270833333333334 0.05765407554671968
0 0.60234375 0.7813121272365805 0.009895833333333333 0.017892644135188866
0 0.42890625 0.7847912524850894 0.0067708333333333336 0.02286282306163022
0 0.40286458333333336 0.7803180914512923 0.0140625 0.013916500994035786
0 0.3411458333333333 0.7887673956262425 0.016666666666666666 0.006958250497017893
0 0.415625 0.80168986083499 0.010416666666666666 0.016898608349900597
0 0.38697916666666665 0.812624254473161 0.0125 0.036779324055666
0 0.5252604166666667 0.8185884691848907 0.005729166666666666 0.032803180914512925
0 0.57734375 0.81610337972167 0.009895833333333333 0.019880715705765408
0 0.22760416666666666 0.8230616302186878 0.013541666666666667 0.03180914512922465
0 0.5057291666666667 0.8220675944333996 0.015625 0.027833001988071572
0 0.2078125 0.8230616302186878 0.00625 0.02584493041749503
0 0.48489583333333336 0.8245526838966203 0.005208333333333333 0.02485089463220676
0 0.5546875 0.8255467196819085 0.019791666666666666 0.016898608349900597
0 0.4200520833333333 0.8339960238568589 0.0171875 0.03578528827037773
0 0.32786458333333335 0.8409542743538767 0.022395833333333334 0.04572564612326044
0 0.44505208333333335 0.8290258449304175 0.013020833333333334 0.011928429423459244
0 0.048177083333333336 0.8424453280318092 0.009895833333333333 0.032803180914512925
0 0.3578125 0.8474155069582505 0.008333333333333333 0.02882703777335984
0 0.44973958333333336 0.8489065606361829 0.0046875 0.02385685884691849
0 0.41041666666666665 0.8489065606361829 0.017708333333333333 0.019880715705765408
0 0.17291666666666666 0.8553677932405567 0.005208333333333333 0.02286282306163022
0 0.6434895833333333 0.8638170974155069 0.005729166666666666 0.033797216699801194
0 0.40130208333333334 0.8543737574552683 0.0140625 0.014910536779324055
0 0.031510416666666666 0.864314115308151 0.008854166666666666 0.036779324055666
0 0.3190104166666667 0.8578528827037774 0.0109375 0.017892644135188866
0 0.26848958333333334 0.8608349900596421 0.018229166666666668 0.02584493041749503
0 0.42473958333333334 0.8817097415506958 0.0296875 0.03777335984095427
0 0.19739583333333333 0.8782306163021869 0.005208333333333333 0.02485089463220676
0 0.121875 0.8866799204771372 0.01875 0.03777335984095427
0 0.28046875 0.878727634194831 0.0140625 0.011928429423459244
0 0.1625 0.8866799204771372 0.0125 0.02385685884691849
0 0.3658854166666667 0.8866799204771372 0.013020833333333334 0.013916500994035786
0 0.31588541666666664 0.889662027833002 0.005729166666666666 0.019880715705765408
0 0.3489583333333333 0.8951292246520874 0.013541666666666667 0.018886679920477135
0 0.26614583333333336 0.8991053677932406 0.016666666666666666 0.010934393638170975
0 0.13723958333333333 0.9135188866799204 0.0140625 0.027833001988071572
0 0.36171875 0.9224652087475149 0.0328125 0.041749502982107355
0 0.7307291666666667 0.9174950298210736 0.022916666666666665 0.019880715705765408
0 0.6138020833333333 0.9269383697813122 0.0109375 0.03876739562624255
0 0.15182291666666667 0.9184890656063618 0.013020833333333334 0.017892644135188866
0 0.5799479166666667 0.9194831013916501 0.019270833333333334 0.015904572564612324
0 0.46171875 0.9269383697813122 0.013020833333333334 0.02882703777335984
0 0.3919270833333333 0.9219681908548708 0.009895833333333333 0.016898608349900597
0 0.3 0.9254473161033797 0.00625 0.02385685884691849
0 0.31875 0.9224652087475149 0.019791666666666666 0.013916500994035786
0 0.5408854166666667 0.9309145129224652 0.015104166666666667 0.018886679920477135
0 0.5153645833333333 0.9294234592445328 0.018229166666666668 0.013916500994035786
0 0.08802083333333334 0.9358846918489065 0.00625 0.02286282306163022
0 0.3419270833333333 0.9408548707753479 0.0078125 0.02882703777335984
0 0.23515625 0.9398608349900597 0.011979166666666667 0.0268389662027833
0 0.4830729166666667 0.9562624254473161 0.027604166666666666 0.055666003976143144
0 0.6752604166666667 0.94831013916501 0.013020833333333334 0.02186878727634195
0 0.1 0.9517892644135189 0.015625 0.02286282306163022
0 0.5143229166666666 0.9572564612326043 0.019270833333333334 0.017892644135188866
0 0.41171875 0.9552683896620279 0.0109375 0.013916500994035786
0 0.30416666666666664 0.9681908548707754 0.022916666666666665 0.027833001988071572
0 0.43723958333333335 0.9657057654075547 0.013020833333333334 0.014910536779324055
0 0.25494791666666666 0.963220675944334 0.011979166666666667 0.009940357852882704
0 0.3807291666666667 0.9786282306163022 0.009375 0.032803180914512925
0 0.20729166666666668 0.9826043737574552 0.009375 0.032803180914512925
0 0.03229166666666667 0.9751491053677932 0.01875 0.019880715705765408
0 0.246875 0.981610337972167 0.0125 0.0268389662027833
0 0.28515625 0.9781312127236581 0.013020833333333334 0.007952286282306162
0 0.39947916666666666 0.989065606361829 0.009375 0.019880715705765408
0 0.1234375 0.989065606361829 0.010416666666666666 0.019880715705765408
0 0.18723958333333332 0.9905566600397614 0.0067708333333333336 0.016898608349900597
0 0.5106770833333333 0.9915506958250497 0.0078125 0.014910536779324055
0 0.34661458333333334 0.9935387673956262 0.0109375 0.010934393638170975
0 0.42604166666666665 0.9950298210735586 0.014583333333333334 0.007952286282306162