0 0.5807291666666666 0.009443339960238568 0.014583333333333334 0.018886679920477135
0 0.9057291666666667 0.004970178926441352 0.017708333333333333 0.009940357852882704
0 0.9799479166666667 0.036779324055666 0.0390625 0.073558648111332
0 0.91484375 0.02584493041749503 0.0140625 0.02186878727634195
0 0.98359375 0.03479125248508946 0.013020833333333334 0.02385685884691849
0 0.8106770833333333 0.05168986083499006 0.0203125 0.02385685884691849
0 0.8309895833333333 0.06312127236580517 0.0140625 0.02485089463220676
0 0.7463541666666667 0.06411530815109344 0.014583333333333334 0.02286282306163022
0 0.2953125 0.07604373757455268 0.00625 0.0268389662027833
0 0.89453125 0.091948310139165 0.0203125 0.030815109343936383
0 0.7575520833333333 0.11829025844930417 0.022395833333333334 0.03777335984095427
0 0.671875 0.11829025844930417 0.00625 0.02186878727634195
0 0.8755208333333333 0.1317097415506958 0.023958333333333335 0.036779324055666
0 0.09635416666666667 0.1610337972166998 0.0125 0.0536779324055666
0 0.7630208333333334 0.14463220675944333 0.013541666666666667 0.020874751491053677
0 0.8307291666666666 0.1426441351888668 0.016666666666666666 0.016898608349900597
0 0.6903645833333333 0.16351888667992048 0.0067708333333333336 0.0268389662027833
0 0.5453125 0.176441351888668 0.010416666666666666 0.0268389662027833
0 0.67578125 0.17296222664015903 0.009895833333333333 0.017892644135188866
0 0.50625 0.2062624254473161 0.009375 0.012922465208747515
0 0.778125 0.21719681908548708 0.007291666666666667 0.02882703777335984
0 0.9752604166666666 0.21570576540755468 0.0109375 0.019880715705765408
0 0.5221354166666666 0.25894632206759444 0.016145833333333335 0.016898608349900597
0 0.75625 0.2668986083499006 0.013541666666666667 0.016898608349900597
0 0.7041666666666667 0.27137176938369784 0.010416666666666666 0.011928429423459244
0 0.27265625 0.3061630218687873 0.008854166666666666 0.03578528827037773
0 0.8036458333333333 0.30019880715705766 0.010416666666666666 0.019880715705765408
0 0.6903645833333333 0.305168986083499 0.0109375 0.009940357852882704
0 0.24244791666666668 0.3320079522862823 0.005729166666666666 0.033797216699801194
0 0.8080729166666667 0.32703777335984097 0.015104166666666667 0.015904572564612324
0 0.7466145833333333 0.35685884691848907 0.0036458333333333334 0.019880715705765408
0 0.24739583333333334 0.37673956262425445 0.010416666666666666 0.02186878727634195
0 0.05286458333333333 0.38618290258449306 0.011979166666666667 0.032803180914512925
0 0.7484375 0.4274353876739563 0.00625 0.02584493041749503
0 0.6731770833333334 0.44582504970178927 0.009895833333333333 0.02485089463220676
0 0.9174479166666667 0.45825049701789267 0.013020833333333334 0.017892644135188866
0 0.8809895833333333 0.4662027833001988 0.005729166666666666 0.02982107355864811
0 0.7341145833333333 0.4696819085487077 0.0067708333333333336 0.018886679920477135
0 0.9119791666666667 0.4915506958250497 0.015625 0.014910536779324055
0 0.8596354166666667 0.5049701789264414 0.009895833333333333 0.02385685884691849
0 0.8752604166666667 0.5104373757455268 0.013020833333333334 0.02286282306163022
0 0.46145833333333336 0.5159045725646123 0.010416666666666666 0.027833001988071572
0 0.7096354166666666 0.5164015904572564 0.0078125 0.02485089463220676
0 0.5005208333333333 0.5149105367793241 0.008333333333333333 0.013916500994035786
0 0.7669270833333334 0.5228628230616302 0.0067708333333333336 0.027833001988071572
0 0.49140625 0.5293240556660039 0.0078125 0.014910536779324055
0 0.8609375 0.5467196819085487 0.007291666666666667 0.017892644135188866
0 0.49453125 0.5556660039761432 0.005729166666666666 0.019880715705765408
0 0.93125 0.5725646123260437 0.019791666666666666 0.027833001988071572
0 0.6255208333333333 0.5670974155069582 0.014583333333333334 0.014910536779324055
0 0.17317708333333334 0.5849900596421471 0.008854166666666666 0.030815109343936383
0 0.82578125 0.5785288270377733 0.0078125 0.017892644135188866
0 0.7713541666666667 0.632703777335984 0.005208333333333333 0.0268389662027833
0 0.9294270833333333 0.6446322067594433 0.009895833333333333 0.036779324055666
0 0.628125 0.639662027833002 0.004166666666666667 0.02286282306163022
0 0.6669270833333333 0.6401590457256461 0.015104166666666667 0.02385685884691849
0 0.7174479166666666 0.6456262425447317 0.016145833333333335 0.020874751491053677
0 0.6901041666666666 0.6620278330019881 0.007291666666666667 0.02186878727634195
0 0.6080729166666666 0.6719681908548708 0.018229166666666668 0.009940357852882704
0 0.16276041666666666 0.6908548707753479 0.0078125 0.027833001988071572
0 0.8083333333333333 0.6893638170974155 0.011458333333333333 0.02485089463220676
0 0.6583333333333333 0.6853876739562624 0.0125 0.010934393638170975
0 0.8786458333333333 0.7082504970178927 0.013541666666666667 0.036779324055666
0 0.5934895833333333 0.7211729622266402 0.016145833333333335 0.036779324055666
0 0.86484375 0.7261431411530815 0.0109375 0.030815109343936383
0 0.5677083333333334 0.7360834990059643 0.01875 0.02286282306163022
0 0.6260416666666667 0.7326043737574552 0.0125 0.005964214711729622
0 0.7768229166666667 0.7579522862823062 0.013020833333333334 0.02882703777335984
0 0.48723958333333334 0.7818091451292246 0.0109375 0.040755467196819085
0 0.7705729166666667 0.790258449304175 0.019270833333333334 0.03180914512922465
0 0.7138020833333333 0.7922465208747514 0.0140625 0.009940357852882704
0 0.5098958333333333 0.8041749502982107 0.009375 0.009940357852882704
0 0.82265625 0.820079522862823 0.0078125 0.033797216699801194
0 0.8606770833333334 0.8295228628230616 0.0171875 0.04473161033797217
0 0.5609375 0.8349900596421471 0.009375 0.03180914512922465
0 0.6229166666666667 0.8260437375745527 0.016666666666666666 0.009940357852882704
0 0.0453125 0.8429423459244533 0.027083333333333334 0.02584493041749503
0 0.6934895833333333 0.8593439363817097 0.016145833333333335 0.05268389662027833
0 0.5783854166666667 0.8593439363817097 0.005729166666666666 0.030815109343936383
0 0.6666666666666666 0.8508946322067594 0.016666666666666666 0.011928429423459244
0 0.7559895833333333 0.8702783300198808 0.0036458333333333334 0.0268389662027833
0 0.6763020833333333 0.8717693836978131 0.0140625 0.013916500994035786
0 0.9369791666666667 0.8941351888667992 0.008333333333333333 0.02485089463220676
0 0.41953125 0.8996023856858847 0.009895833333333333 0.02584493041749503
0 0.6669270833333333 0.8946322067594433 0.0078125 0.013916500994035786
0 0.5286458333333334 0.9065606361829026 0.019791666666666666 0.03180914512922465
0 0.5864583333333333 0.9125248508946322 0.008333333333333333 0.02982107355864811
0 0.8390625 0.9145129224652088 0.005208333333333333 0.02982107355864811
0 0.3028645833333333 0.9259443339960238 0.0109375 0.04473161033797217
0 0.6432291666666666 0.908051689860835 0.016666666666666666 0.008946322067594433
0 0.7294270833333333 0.9234592445328031 0.011979166666666667 0.02982107355864811
0 0.5276041666666667 0.9368787276341949 0.011458333333333333 0.020874751491053677
0 0.9083333333333333 0.941351888667992 0.013541666666666667 0.02584493041749503
0 0.6359375 0.9478131212723658 0.005208333333333333 0.030815109343936383
0 0.44817708333333334 0.9512922465208747 0.008854166666666666 0.027833001988071572
0 0.71328125 0.9572564612326043 0.0067708333333333336 0.039761431411530816
0 0.84140625 0.9736580516898609 0.0203125 0.042743538767395624
0 0.7330729166666666 0.9612326043737575 0.0109375 0.011928429423459244
0 0.6674479166666667 0.9845924453280318 0.009895833333333333 0.018886679920477135
0 0.6830729166666667 0.9870775347912525 0.005729166666666666 0.02385685884691849
0 0.57265625 0.9860834990059643 0.0171875 0.017892644135188866
0 0.5041666666666667 0.9915506958250497 0.00625 0.014910536779324055