0 0.02265625 0.01143141153081511 0.024479166666666666 0.02286282306163022
0 0.24635416666666668 0.007952286282306162 0.01875 0.015904572564612324
0 0.2755208333333333 0.01143141153081511 0.019791666666666666 0.02286282306163022
0 0.7364583333333333 0.015407554671968192 0.016666666666666666 0.020874751491053677
0 0.9354166666666667 0.03628230616302187 0.017708333333333333 0.03479125248508946
0 0.8645833333333334 0.03429423459244533 0.011458333333333333 0.02485089463220676
0 0.50390625 0.05964214711729622 0.005729166666666666 0.039761431411530816
0 0.84609375 0.06809145129224652 0.015104166666666667 0.016898608349900597
0 0.09401041666666667 0.09990059642147117 0.015104166666666667 0.018886679920477135
0 0.2825520833333333 0.11381709741550695 0.013020833333333334 0.010934393638170975
0 0.28515625 0.1496023856858847 0.0265625 0.02882703777335984
0 0.5838541666666667 0.1595427435387674 0.005208333333333333 0.0268389662027833
0 0.7963541666666667 0.15854870775347912 0.013541666666666667 0.016898608349900597
0 0.8151041666666666 0.20427435387673956 0.007291666666666667 0.030815109343936383
0 0.971875 0.20427435387673956 0.011458333333333333 0.020874751491053677
0 0.6309895833333333 0.220675944333996 0.009895833333333333 0.02186878727634195
0 0.37135416666666665 0.2524850894632207 0.008333333333333333 0.027833001988071572
0 0.5356770833333333 0.2664015904572565 0.009895833333333333 0.019880715705765408
0 0.93984375 0.29025844930417494 0.011979166666666667 0.02186878727634195
0 0.12890625 0.2957256461232604 0.0203125 0.016898608349900597
0 0.06666666666666667 0.31262425447316106 0.017708333333333333 0.04671968190854871
0 0.8770833333333333 0.32703777335984097 0.014583333333333334 0.02385685884691849
0 0.20494791666666667 0.3349900596421471 0.0171875 0.017892644135188866
0 0.22317708333333333 0.3429423459244533 0.011979166666666667 0.015904572564612324
0 0.18489583333333334 0.3573558648111332 0.028125 0.02485089463220676
0 0.8486979166666667 0.3588469184890656 0.0046875 0.02186878727634195
0 0.34791666666666665 0.37922465208747513 0.007291666666666667 0.02286282306163022
0 0.19791666666666666 0.4085487077534791 0.025 0.02982107355864811
0 0.8669270833333333 0.42196819085487075 0.0140625 0.012922465208747515
0 0.6583333333333333 0.4577534791252485 0.009375 0.02286282306163022
0 0.5385416666666667 0.4542743538767396 0.010416666666666666 0.009940357852882704
0 0.12760416666666666 0.4721669980119284 0.007291666666666667 0.027833001988071572
0 0.14453125 0.4821073558648111 0.013020833333333334 0.03180914512922465
0 0.44140625 0.4900596421471173 0.0234375 0.027833001988071572
0 0.48385416666666664 0.48111332007952284 0.010416666666666666 0.009940357852882704
0 0.21848958333333332 0.48956262425447317 0.013020833333333334 0.020874751491053677
0 0.51484375 0.49801192842942343 0.011979166666666667 0.019880715705765408
0 0.33515625 0.5188866799204771 0.015104166666666667 0.011928429423459244
0 0.9854166666666667 0.5362823061630219 0.020833333333333332 0.042743538767395624
0 0.4908854166666667 0.562624254473161 0.013020833333333334 0.039761431411530816
0 0.2453125 0.558648111332008 0.019791666666666666 0.027833001988071572
0 0.16536458333333334 0.5561630218687873 0.019270833333333334 0.016898608349900597
0 0.5244791666666667 0.5601391650099403 0.007291666666666667 0.012922465208747515
0 0.30703125 0.5685884691848907 0.005729166666666666 0.02385685884691849
0 0.44427083333333334 0.5690854870775348 0.015625 0.02485089463220676
0 0.5359375 0.5631212723658051 0.008333333333333333 0.012922465208747515
0 0.42578125 0.5705765407554672 0.008854166666666666 0.02186878727634195
0 0.7971354166666667 0.5735586481113321 0.016145833333333335 0.011928429423459244
0 0.1546875 0.5834990059642147 0.016666666666666666 0.015904572564612324
0 0.1015625 0.5949304174950298 0.019791666666666666 0.0268389662027833
0 0.58203125 0.5979125248508946 0.0067708333333333336 0.02882703777335984
0 0.42734375 0.6038767395626242 0.015104166666666667 0.030815109343936383
0 0.3098958333333333 0.5974155069582505 0.011458333333333333 0.013916500994035786
0 0.12239583333333333 0.5994035785288271 0.020833333333333332 0.015904572564612324
0 0.46953125 0.6048707753479126 0.0109375 0.02286282306163022
0 0.47994791666666664 0.606858846918489 0.0036458333333333334 0.02286282306163022
0 0.45286458333333335 0.606858846918489 0.0140625 0.014910536779324055
0 0.5002604166666667 0.6187872763419483 0.0140625 0.036779324055666
0 0.0033854166666666668 0.628727634194831 0.0067708333333333336 0.05467196819085487
0 0.32447916666666665 0.6182902584493042 0.004166666666666667 0.02584493041749503
0 0.5231770833333333 0.6252485089463221 0.018229166666666668 0.033797216699801194
0 0.12239583333333333 0.6277335984095428 0.011458333333333333 0.014910536779324055
0 0.42083333333333334 0.6481113320079522 0.015625 0.0437375745526839
0 0.45703125 0.6441351888667992 0.0140625 0.03578528827037773
0 0.13932291666666666 0.6371769383697813 0.013020833333333334 0.015904572564612324
0 0.04765625 0.6456262425447317 0.016145833333333335 0.02485089463220676
0 0.4783854166666667 0.6446322067594433 0.011979166666666667 0.020874751491053677
0 0.5872395833333334 0.6530815109343936 0.0140625 0.017892644135188866
0 0.08645833333333333 0.6784294234592445 0.016666666666666666 0.04473161033797217
0 0.3263020833333333 0.6739562624254473 0.018229166666666668 0.03180914512922465
0 0.4786458333333333 0.6724652087475149 0.008333333333333333 0.012922465208747515
0 0.05677083333333333 0.6769383697813122 0.017708333333333333 0.019880715705765408
0 0.9807291666666667 0.691351888667992 0.01875 0.03876739562624255
0 0.07265625 0.6858846918489065 0.009895833333333333 0.02584493041749503
0 0.25364583333333335 0.6794234592445328 0.016666666666666666 0.010934393638170975
0 0.35078125 0.6848906560636183 0.016145833333333335 0.011928429423459244
0 0.3734375 0.6998011928429424 0.015625 0.033797216699801194
0 0.2833333333333333 0.6988071570576541 0.009375 0.02186878727634195
0 0.52109375 0.6963220675944334 0.016145833333333335 0.018886679920477135
0 0.25546875 0.7176938369781312 0.019270833333333334 0.04771371769383698
0 0.34296875 0.7176938369781312 0.0109375 0.039761431411530816
0 0.15130208333333334 0.7082504970178927 0.0203125 0.016898608349900597
0 0.7184895833333333 0.7196819085487077 0.009895833333333333 0.015904572564612324
0 0.51640625 0.7191848906560636 0.0109375 0.012922465208747515
0 0.88828125 0.7321073558648111 0.016145833333333335 0.02485089463220676
0 0.28984375 0.7365805168986084 0.0078125 0.03180914512922465
0 0.35911458333333335 0.7340954274353877 0.009895833333333333 0.02286282306163022
0 0.3802083333333333 0.7326043737574552 0.022916666666666665 0.017892644135188866
0 0.5809895833333333 0.7375745526838966 0.0171875 0.02982107355864811
0 0.33203125 0.7405566600397614 0.015104166666666667 0.02186878727634195
0 0.05078125 0.7485089463220675 0.011979166666666667 0.02982107355864811
0 0.11848958333333333 0.7534791252485089 0.016145833333333335 0.03578528827037773
0 0.22265625 0.7624254473161034 0.009895833333333333 0.03180914512922465
0 0.15078125 0.7788270377733598 0.009895833333333333 0.042743538767395624
0 0.51796875 0.7668986083499006 0.011979166666666667 0.016898608349900597
0 0.5799479166666667 0.7668986083499006 0.0171875 0.010934393638170975
0 0.31328125 0.7733598409542743 0.009895833333333333 0.02186878727634195
0 0.4427083333333333 0.7738568588469185 0.008333333333333333 0.02286282306163022
0 0.42552083333333335 0.7803180914512923 0.022916666666666665 0.02186878727634195
0 0.5299479166666666 0.7892644135188867 0.013020833333333334 0.02982107355864811
0 0.5890625 0.7862823061630219 0.0125 0.015904572564612324
0 0.36796875 0.7932405566600398 0.015104166666666667 0.013916500994035786
0 0.7380208333333333 0.8081510934393639 0.019791666666666666 0.02584493041749503
0 0.41041666666666665 0.8230616302186878 0.022916666666666665 0.03180914512922465
0 0.48776041666666664 0.8235586481113321 0.008854166666666666 0.03479125248508946
0 0.6041666666666666 0.8180914512922465 0.011458333333333333 0.02385685884691849
0 0.38723958333333336 0.8290258449304175 0.0046875 0.02385685884691849
0 0.4674479166666667 0.831013916500994 0.0067708333333333336 0.02584493041749503
0 0.509375 0.8260437375745527 0.007291666666666667 0.013916500994035786
0 0.15755208333333334 0.8255467196819085 0.0171875 0.010934393638170975
0 0.640625 0.8563618290258449 0.010416666666666666 0.05467196819085487
0 0.4388020833333333 0.8479125248508946 0.0234375 0.02584493041749503
0 0.23515625 0.8518886679920478 0.005729166666666666 0.027833001988071572
0 0.5015625 0.8464214711729622 0.009375 0.016898608349900597
0 0.7049479166666667 0.8563618290258449 0.019270833333333334 0.0268389662027833
0 0.46015625 0.8608349900596421 0.0078125 0.027833001988071572
0 0.3684895833333333 0.8563618290258449 0.0171875 0.012922465208747515
0 0.49244791666666665 0.8692842942345924 0.015104166666666667 0.012922465208747515
0 0.36640625 0.8767395626242545 0.0140625 0.009940357852882704
0 0.7942708333333334 0.8886679920477137 0.010416666666666666 0.033797216699801194
0 0.2578125 0.8841948310139165 0.013541666666666667 0.012922465208747515
0 0.33671875 0.8946322067594433 0.0171875 0.015904572564612324
0 0.9700520833333334 0.918986083499006 0.019270833333333334 0.02882703777335984
0 0.0005208333333333333 0.9537773359840954 0.0010416666666666667 0.09045725646123261
0 0.6768229166666667 0.9244532803180915 0.016145833333333335 0.033797216699801194
0 0.4830729166666667 0.9383697813121272 0.0067708333333333336 0.027833001988071572
0 0.10729166666666666 0.9393638170974155 0.007291666666666667 0.027833001988071572
0 0.21145833333333333 0.94831013916501 0.021875 0.02385685884691849
0 0.83984375 0.9617296222664016 0.024479166666666666 0.03479125248508946
0 0.6890625 0.9761431411530815 0.022916666666666665 0.04572564612326044
0 0.48151041666666666 0.9761431411530815 0.021354166666666667 0.02186878727634195
0 0.9716145833333333 0.9880715705765407 0.024479166666666666 0.02186878727634195
0 0.4505208333333333 0.992544731610338 0.013541666666666667 0.012922465208747515