0 0.28489583333333335 0.01242544731610338 0.011458333333333333 0.02485089463220676
0 0.31223958333333335 0.0034791252485089465 0.009895833333333333 0.006958250497017893
0 0.6916666666666667 0.009940357852882704 0.017708333333333333 0.019880715705765408
0 0.8114583333333333 0.0064612326043737576 0.019791666666666666 0.012922465208747515
0 0.41041666666666665 0.02982107355864811 0.01875 0.015904572564612324
0 0.11692708333333333 0.05666003976143141 0.0078125 0.027833001988071572
0 0.12395833333333334 0.08598409542743539 0.014583333333333334 0.020874751491053677
0 0.3963541666666667 0.09542743538767395 0.0125 0.033797216699801194
0 0.25390625 0.12673956262425448 0.016145833333333335 0.02882703777335984
0 0.28489583333333335 0.15109343936381708 0.016666666666666666 0.02982107355864811
0 0.41510416666666666 0.15109343936381708 0.016666666666666666 0.02385685884691849
0 0.27109375 0.15009940357852883 0.008854166666666666 0.011928429423459244
0 0.35598958333333336 0.22216699801192843 0.049479166666666664 0.05864811133200795
0 0.26927083333333335 0.27335984095427435 0.011458333333333333 0.017892644135188866
0 0.3033854166666667 0.2823061630218688 0.0078125 0.03777335984095427
0 0.43515625 0.27286282306163023 0.0171875 0.016898608349900597
0 0.3729166666666667 0.2783300198807157 0.009375 0.02584493041749503
0 0.027083333333333334 0.28578528827037775 0.017708333333333333 0.036779324055666
0 0.28203125 0.27634194831013914 0.009895833333333333 0.015904572564612324
0 0.06796875 0.3290258449304175 0.011979166666666667 0.02982107355864811
0 0.38307291666666665 0.3384691848906561 0.011979166666666667 0.040755467196819085
0 0.27578125 0.3349900596421471 0.0078125 0.02982107355864811
0 0.3265625 0.34642147117296224 0.015625 0.030815109343936383
0 0.96953125 0.3687872763419483 0.0067708333333333336 0.013916500994035786
0 0.30807291666666664 0.38618290258449306 0.0296875 0.030815109343936383
0 0.33098958333333334 0.3911530815109344 0.011979166666666667 0.040755467196819085
0 0.5598958333333334 0.39065606361829025 0.007291666666666667 0.03578528827037773
0 0.23671875 0.39165009940357853 0.016145833333333335 0.02982107355864811
0 0.28072916666666664 0.3986083499005964 0.025 0.03180914512922465
0 0.2911458333333333 0.4234592445328032 0.016666666666666666 0.017892644135188866
0 0.3143229166666667 0.4259443339960239 0.0078125 0.012922465208747515
0 0.46979166666666666 0.4433399602385686 0.016666666666666666 0.02385685884691849
0 0.32265625 0.45974155069582506 0.0453125 0.05467196819085487
0 0.2911458333333333 0.48061630218687873 0.008333333333333333 0.02485089463220676
0 0.40546875 0.47514910536779326 0.0067708333333333336 0.013916500994035786
0 0.315625 0.48061630218687873 0.017708333333333333 0.018886679920477135
0 0.7729166666666667 0.5 0.008333333333333333 0.03180914512922465
0 0.35494791666666664 0.5029821073558648 0.016145833333333335 0.03180914512922465
0 0.41432291666666665 0.4960238568588469 0.011979166666666667 0.009940357852882704
0 0.27369791666666665 0.5293240556660039 0.011979166666666667 0.04473161033797217
0 0.4356770833333333 0.5178926441351889 0.0109375 0.009940357852882704
0 0.33567708333333335 0.5298210735586482 0.009895833333333333 0.019880715705765408
0 0.07786458333333333 0.5561630218687873 0.030729166666666665 0.030815109343936383
0 0.4515625 0.558648111332008 0.007291666666666667 0.02982107355864811
0 0.44427083333333334 0.5805168986083499 0.009375 0.017892644135188866
0 0.33125 0.5929423459244533 0.015625 0.032803180914512925
0 0.4166666666666667 0.6640159045725647 0.008333333333333333 0.03578528827037773
0 0.4669270833333333 0.6520874751491054 0.015104166666666667 0.013916500994035786
0 0.53671875 0.6824055666003976 0.005729166666666666 0.0268389662027833
0 0.4671875 0.6923459244532804 0.010416666666666666 0.032803180914512925
0 0.35442708333333334 0.69831013916501 0.016145833333333335 0.03479125248508946
0 0.25390625 0.6968190854870775 0.0140625 0.02584493041749503
0 0.40963541666666664 0.7122266401590457 0.0109375 0.040755467196819085
0 0.43307291666666664 0.7176938369781312 0.016145833333333335 0.019880715705765408
0 0.18229166666666666 0.7246520874751491 0.013541666666666667 0.02584493041749503
0 0.37109375 0.7509940357852882 0.027604166666666666 0.05467196819085487
0 0.35 0.7400596421471173 0.008333333333333333 0.010934393638170975
0 0.44453125 0.7460238568588469 0.015104166666666667 0.016898608349900597
0 0.6934895833333333 0.782803180914513 0.0078125 0.012922465208747515
0 0.11484375 0.8031809145129225 0.0140625 0.04771371769383698
0 0.24114583333333334 0.7992047713717694 0.009375 0.02584493041749503
0 0.40677083333333336 0.8166003976143141 0.01875 0.014910536779324055
0 0.08854166666666667 0.8290258449304175 0.011458333333333333 0.03777335984095427
0 0.2015625 0.8354870775347912 0.020833333333333332 0.014910536779324055
0 0.32526041666666666 0.8548707753479126 0.009895833333333333 0.041749502982107355
0 0.5651041666666666 0.8474155069582505 0.010416666666666666 0.02485089463220676
0 0.228125 0.8851888667992047 0.011458333333333333 0.036779324055666
0 0.15130208333333334 0.8936381709741551 0.016145833333333335 0.0437375745526839
0 0.29921875 0.8966202783300199 0.0234375 0.027833001988071572
0 0.1875 0.9179920477137177 0.017708333333333333 0.04671968190854871
0 0.27682291666666664 0.9348906560636183 0.015104166666666667 0.032803180914512925
0 0.08489583333333334 0.9721669980119284 0.027083333333333334 0.0536779324055666
0 0.403125 0.9796222664015904 0.008333333333333333 0.012922465208747515