0 0.8130208333333333 0.22813121272365805 0.010416666666666666 0.018886679920477135
0 0.7934895833333333 0.27087475149105367 0.013020833333333334 0.016898608349900597
0 0.7690104166666667 0.28429423459244535 0.0109375 0.015904572564612324
0 0.97109375 0.36530815109343934 0.018229166666666668 0.018886679920477135
0 0.9375 0.3856858846918489 0.013541666666666667 0.02982107355864811
0 0.5455729166666666 0.3851888667992048 0.024479166666666666 0.014910536779324055
0 0.69921875 0.4120278330019881 0.0140625 0.018886679920477135
0 0.7807291666666667 0.4254473161033797 0.0125 0.03777335984095427
0 0.9270833333333334 0.42992047713717696 0.011458333333333333 0.016898608349900597
0 0.7669270833333334 0.4304174950298211 0.011979166666666667 0.013916500994035786
0 0.8861979166666667 0.4428429423459245 0.0109375 0.02882703777335984
0 0.8143229166666667 0.4517892644135189 0.0046875 0.018886679920477135
0 0.62109375 0.4587475149105368 0.0140625 0.0268389662027833
0 0.7658854166666667 0.46371769383697814 0.011979166666666667 0.032803180914512925
0 0.9484375 0.4686878727634195 0.008333333333333333 0.02882703777335984
0 0.9234375 0.4676938369781312 0.010416666666666666 0.018886679920477135
0 0.8255208333333334 0.4995029821073559 0.01875 0.016898608349900597
0 0.92578125 0.5064612326043738 0.013020833333333334 0.020874751491053677
0 0.9940104166666667 0.5164015904572564 0.0109375 0.02286282306163022
0 0.7817708333333333 0.5561630218687873 0.008333333333333333 0.0268389662027833
0 0.9002604166666667 0.55168986083499 0.0067708333333333336 0.019880715705765408
0 0.7346354166666667 0.5601391650099403 0.013020833333333334 0.012922465208747515
0 0.83125 0.5879721669980119 0.008333333333333333 0.032803180914512925
0 0.73828125 0.5820079522862823 0.0140625 0.016898608349900597
0 0.7869791666666667 0.584493041749503 0.009375 0.02186878727634195
0 0.88203125 0.6108349900596421 0.0109375 0.02485089463220676
0 0.7296875 0.6118290258449304 0.008333333333333333 0.02286282306163022
0 0.5434895833333333 0.6297216699801192 0.008854166666666666 0.02485089463220676
0 0.853125 0.6451292246520874 0.011458333333333333 0.03777335984095427
0 0.8807291666666667 0.647117296222664 0.010416666666666666 0.019880715705765408
0 0.9052083333333333 0.6496023856858847 0.010416666666666666 0.016898608349900597
0 0.6333333333333333 0.6868787276341949 0.0125 0.02982107355864811
0 0.9390625 0.6833996023856859 0.009375 0.010934393638170975
0 0.61484375 0.6863817097415507 0.0067708333333333336 0.012922465208747515
0 0.95078125 0.6988071570576541 0.0109375 0.013916500994035786
0 0.6200520833333333 0.7385685884691849 0.0109375 0.015904572564612324
0 0.9640625 0.7470178926441352 0.016666666666666666 0.016898608349900597
0 0.5518229166666667 0.7559642147117296 0.0036458333333333334 0.02485089463220676
0 0.6380208333333334 0.7519880715705766 0.008333333333333333 0.014910536779324055
0 0.86484375 0.7862823061630219 0.008854166666666666 0.03180914512922465
0 0.6416666666666667 0.7803180914512923 0.0125 0.013916500994035786
0 0.48463541666666665 0.7852882703777336 0.016145833333333335 0.013916500994035786
0 0.6526041666666667 0.8185884691848907 0.00625 0.02485089463220676
0 0.8096354166666667 0.8220675944333996 0.0078125 0.02186878727634195
0 0.6229166666666667 0.8295228628230616 0.022916666666666665 0.020874751491053677
0 0.7135416666666666 0.8489065606361829 0.010416666666666666 0.017892644135188866
0 0.45598958333333334 0.860337972166998 0.0109375 0.010934393638170975
0 0.7981770833333334 0.8747514910536779 0.0078125 0.02584493041749503
0 0.9325520833333333 0.8792246520874751 0.0078125 0.032803180914512925
0 0.634375 0.8871769383697813 0.0125 0.03479125248508946
0 0.2890625 0.8876739562624254 0.00625 0.02385685884691849
0 0.5703125 0.8876739562624254 0.021875 0.019880715705765408
0 0.5268229166666667 0.8936381709741551 0.008854166666666666 0.02584493041749503
0 0.5947916666666667 0.9035785288270378 0.010416666666666666 0.02982107355864811
0 0.6614583333333334 0.9005964214711729 0.007291666666666667 0.02385685884691849
0 0.5049479166666667 0.9010934393638171 0.016145833333333335 0.014910536779324055
0 0.9479166666666666 0.9140159045725647 0.014583333333333334 0.03479125248508946
0 0.5765625 0.9239562624254473 0.0125 0.0268389662027833
0 0.74375 0.9179920477137177 0.00625 0.016898608349900597
0 0.45364583333333336 0.9234592445328031 0.010416666666666666 0.02385685884691849
0 0.6065104166666667 0.9304174950298211 0.015104166666666667 0.017892644135188866
0 0.6658854166666667 0.937375745526839 0.008854166666666666 0.013916500994035786
0 0.5018229166666667 0.9408548707753479 0.013020833333333334 0.018886679920477135
0 0.9502604166666667 0.9502982107355865 0.0109375 0.027833001988071572
0 0.5700520833333333 0.9547713717693836 0.022395833333333334 0.02485089463220676
0 0.5247395833333334 0.9642147117296223 0.0078125 0.02584493041749503
0 0.5385416666666667 0.9647117296222664 0.00625 0.020874751491053677
0 0.61328125 0.9751491053677932 0.0046875 0.027833001988071572
0 0.55625 0.9781312127236581 0.009375 0.017892644135188866
0 0.9572916666666667 0.9786282306163022 0.015625 0.018886679920477135
0 0.2830729166666667 0.9835984095427436 0.009895833333333333 0.012922465208747515
0 0.5239583333333333 0.9955268389662028 0.010416666666666666 0.006958250497017893