0 0.11953125 0.0004970178926441351 0.033854166666666664 0.0009940357852882703
0 0.25052083333333336 0.04572564612326044 0.019791666666666666 0.0437375745526839
0 0.5119791666666667 0.044234592445328035 0.00625 0.016898608349900597
0 0.19791666666666666 0.05815109343936382 0.011458333333333333 0.016898608349900597
0 0.5002604166666667 0.07007952286282307 0.0140625 0.03876739562624255
0 0.08307291666666666 0.06809145129224652 0.0109375 0.018886679920477135
0 0.09140625 0.11182902584493042 0.027604166666666666 0.036779324055666
0 0.23203125 0.11481113320079522 0.013020833333333334 0.020874751491053677
0 0.0640625 0.1257455268389662 0.013541666666666667 0.02485089463220676
0 0.33046875 0.15904572564612326 0.009895833333333333 0.02584493041749503
0 0.24348958333333334 0.16848906560636182 0.0109375 0.0268389662027833
0 0.10104166666666667 0.18439363817097415 0.011458333333333333 0.02286282306163022
0 0.2234375 0.18389662027833 0.011458333333333333 0.017892644135188866
0 0.2721354166666667 0.20228628230616302 0.005729166666666666 0.02485089463220676
0 0.3294270833333333 0.21769383697813122 0.018229166666666668 0.0437375745526839
0 0.23541666666666666 0.21669980119284293 0.011458333333333333 0.02584493041749503
0 0.029947916666666668 0.2261431411530815 0.013020833333333334 0.0268389662027833
0 0.28619791666666666 0.2301192842942346 0.0109375 0.014910536779324055
0 0.14322916666666666 0.25198807157057657 0.007291666666666667 0.02286282306163022
0 0.6627604166666666 0.2614314115308151 0.0140625 0.03578528827037773
0 0.62265625 0.2544731610337972 0.011979166666666667 0.019880715705765408
0 0.7065104166666667 0.2614314115308151 0.013020833333333334 0.027833001988071572
0 0.2565104166666667 0.25944333996023855 0.0109375 0.02385685884691849
0 0.225 0.2644135188866799 0.011458333333333333 0.015904572564612324
0 0.18984375 0.279324055666004 0.008854166666666666 0.027833001988071572
0 0.7375 0.28479125248508946 0.017708333333333333 0.012922465208747515
0 0.21927083333333333 0.30467196819085485 0.011458333333333333 0.012922465208747515
0 0.30885416666666665 0.3220675944333996 0.015625 0.02584493041749503
0 0.23489583333333333 0.352882703777336 0.014583333333333334 0.017892644135188866
0 0.16223958333333333 0.35785288270377735 0.005729166666666666 0.017892644135188866
0 0.8625 0.38767395626242546 0.011458333333333333 0.0437375745526839
0 0.33255208333333336 0.4010934393638171 0.005729166666666666 0.030815109343936383
0 0.23541666666666666 0.4010934393638171 0.020833333333333332 0.02286282306163022
0 0.20625 0.40556660039761433 0.00625 0.02982107355864811
0 0.5388020833333333 0.40656063618290256 0.0067708333333333336 0.015904572564612324
0 0.29010416666666666 0.4110337972166998 0.014583333333333334 0.02286282306163022
0 0.24166666666666667 0.426441351888668 0.010416666666666666 0.02385685884691849
0 0.55234375 0.4249502982107356 0.005729166666666666 0.016898608349900597
0 0.20052083333333334 0.4239562624254473 0.008333333333333333 0.012922465208747515
0 0.34036458333333336 0.43439363817097415 0.009895833333333333 0.02584493041749503
0 0.17473958333333334 0.43339960238568587 0.0046875 0.02385685884691849
0 0.2981770833333333 0.44880715705765406 0.0046875 0.02485089463220676
0 0.16067708333333333 0.4572564612326044 0.0067708333333333336 0.03180914512922465
0 0.09921875 0.4602385685884692 0.030729166666666665 0.03180914512922465
0 0.20130208333333333 0.4587475149105368 0.011979166666666667 0.02485089463220676
0 0.12395833333333334 0.45129224652087474 0.013541666666666667 0.009940357852882704
0 0.22135416666666666 0.46371769383697814 0.011458333333333333 0.02882703777335984
0 0.3059895833333333 0.5009940357852882 0.009895833333333333 0.02584493041749503
0 0.41041666666666665 0.49502982107355864 0.011458333333333333 0.007952286282306162
0 0.14140625 0.5223658051689861 0.013020833333333334 0.016898608349900597
0 0.23255208333333333 0.5268389662027833 0.011979166666666667 0.015904572564612324
0 0.17994791666666668 0.5387673956262425 0.0078125 0.02982107355864811
0 0.20520833333333333 0.5556660039761432 0.010416666666666666 0.02385685884691849
0 0.25625 0.5601391650099403 0.005208333333333333 0.014910536779324055
0 0.43984375 0.56610337972167 0.0140625 0.008946322067594433
0 0.5234375 0.5755467196819085 0.015625 0.02385685884691849
0 0.2708333333333333 0.5780318091451292 0.007291666666666667 0.02286282306163022
0 0.21145833333333333 0.5999005964214712 0.011458333333333333 0.018886679920477135
0 0.26901041666666664 0.6118290258449304 0.018229166666666668 0.020874751491053677
0 0.8278645833333333 0.6217693836978131 0.0140625 0.012922465208747515
0 0.1953125 0.6421471172962226 0.008333333333333333 0.03777335984095427
0 0.0609375 0.665506958250497 0.020833333333333332 0.05069582504970179
0 0.8627604166666667 0.661530815109344 0.016145833333333335 0.02286282306163022
0 0.3015625 0.6779324055666004 0.00625 0.027833001988071572
0 0.3463541666666667 0.6893638170974155 0.011458333333333333 0.018886679920477135
0 0.33151041666666664 0.69831013916501 0.019270833333333334 0.0268389662027833
0 0.21588541666666666 0.7072564612326043 0.009895833333333333 0.0268389662027833
0 0.19427083333333334 0.7107355864811133 0.014583333333333334 0.02385685884691849
0 0.0078125 0.717196819085487 0.014583333333333334 0.014910536779324055
0 0.39921875 0.7231610337972167 0.008854166666666666 0.02485089463220676
0 0.08489583333333334 0.7206759443339961 0.015625 0.017892644135188866
0 0.3033854166666667 0.7291252485089463 0.009895833333333333 0.020874751491053677
0 0.36692708333333335 0.7345924453280318 0.009895833333333333 0.02385685884691849
0 0.8955729166666667 0.7564612326043738 0.0265625 0.033797216699801194
0 0.80859375 0.7549701789264414 0.025520833333333333 0.032803180914512925
0 0.09192708333333334 0.75 0.009895833333333333 0.02286282306163022
0 0.18333333333333332 0.7599403578528827 0.019791666666666666 0.02286282306163022
0 0.3963541666666667 0.768389662027833 0.009375 0.02584493041749503
0 0.7479166666666667 0.7763419483101391 0.011458333333333333 0.02982107355864811
0 0.40729166666666666 0.7743538767395626 0.010416666666666666 0.02385685884691849
0 0.196875 0.7803180914512923 0.011458333333333333 0.015904572564612324
0 0.8598958333333333 0.7897614314115308 0.026041666666666668 0.030815109343936383
0 0.21328125 0.790258449304175 0.0203125 0.02385685884691849
0 0.44635416666666666 0.8136182902584493 0.009375 0.04473161033797217
0 0.28489583333333335 0.8036779324055666 0.011458333333333333 0.02286282306163022
0 0.07838541666666667 0.8195825049701789 0.0328125 0.03876739562624255
0 0.3653645833333333 0.808648111332008 0.016145833333333335 0.008946322067594433
0 0.26536458333333335 0.820079522862823 0.0203125 0.02186878727634195
0 0.6864583333333333 0.8538767395626242 0.011458333333333333 0.027833001988071572
0 0.3502604166666667 0.8518886679920478 0.0109375 0.02186878727634195
0 0.2721354166666667 0.8553677932405567 0.0140625 0.02485089463220676
0 0.6807291666666667 0.889662027833002 0.0125 0.02982107355864811
0 0.27682291666666664 0.8956262425447317 0.019270833333333334 0.0437375745526839
0 0.16901041666666666 0.9010934393638171 0.0140625 0.05069582504970179
0 0.30104166666666665 0.8881709741550696 0.025 0.018886679920477135
0 0.9953125 0.8901590457256461 0.009375 0.018886679920477135
0 0.15 0.8926441351888668 0.0125 0.02385685884691849
0 0.13463541666666667 0.8956262425447317 0.0140625 0.03180914512922465
0 0.9682291666666667 0.908051689860835 0.021875 0.04473161033797217
0 0.20703125 0.8986083499005965 0.008854166666666666 0.011928429423459244
0 0.32317708333333334 0.9000994035785288 0.016145833333333335 0.012922465208747515
0 0.25078125 0.9085487077534792 0.009895833333333333 0.019880715705765408
0 0.77265625 0.9254473161033797 0.022395833333333334 0.03180914512922465
0 0.453125 0.9150099403578529 0.013541666666666667 0.010934393638170975
0 0.14270833333333333 0.915506958250497 0.013541666666666667 0.011928429423459244
0 0.29713541666666665 0.9165009940357853 0.015104166666666667 0.009940357852882704
0 0.37135416666666665 0.9199801192842942 0.011458333333333333 0.012922465208747515
0 0.35182291666666665 0.9279324055666004 0.0109375 0.014910536779324055
0 0.31197916666666664 0.93389662027833 0.010416666666666666 0.018886679920477135
0 0.44947916666666665 0.9383697813121272 0.011458333333333333 0.02385685884691849
0 0.2872395833333333 0.9582504970178927 0.027604166666666666 0.055666003976143144
0 0.0140625 0.9662027833001988 0.027083333333333334 0.03180914512922465
0 0.38776041666666666 0.9761431411530815 0.015104166666666667 0.04572564612326044
0 0.4552083333333333 0.9716699801192843 0.007291666666666667 0.0268389662027833
0 0.61171875 0.9756461232604374 0.011979166666666667 0.032803180914512925
0 0.3263020833333333 0.9860834990059643 0.015104166666666667 0.02584493041749503
0 0.7643229166666666 0.9915506958250497 0.009895833333333333 0.014910536779324055
0 0.6682291666666667 0.9940357852882704 0.008333333333333333 0.009940357852882704