0 0.03333333333333333 0.07604373757455268 0.017708333333333333 0.042743538767395624
0 0.1203125 0.06809145129224652 0.022916666666666665 0.0268389662027833
0 0.0890625 0.0805168986083499 0.025 0.041749502982107355
0 0.17083333333333334 0.1172962226640159 0.011458333333333333 0.0437375745526839
0 0.29140625 0.147117296222664 0.024479166666666666 0.017892644135188866
0 0.17864583333333334 0.15854870775347912 0.020833333333333332 0.02882703777335984
0 0.4942708333333333 0.1878727634194831 0.007291666666666667 0.015904572564612324
0 0.06171875 0.2077534791252485 0.022395833333333334 0.0437375745526839
0 0.005208333333333333 0.25695825049701787 0.010416666666666666 0.07654075546719682
0 0.25104166666666666 0.26888667992047716 0.0125 0.042743538767395624
0 0.19036458333333334 0.2957256461232604 0.0203125 0.02286282306163022
0 0.12447916666666667 0.41699801192842945 0.020833333333333332 0.0268389662027833
0 0.19088541666666667 0.43588469184890655 0.027604166666666666 0.02485089463220676
0 0.13645833333333332 0.44831013916500995 0.016666666666666666 0.03578528827037773
0 0.15260416666666668 0.49105367793240556 0.019791666666666666 0.04771371769383698
0 0.08854166666666667 0.5263419483101391 0.010416666666666666 0.048707753479125246
0 0.0026041666666666665 0.536779324055666 0.005208333333333333 0.02385685884691849
0 0.009114583333333334 0.5949304174950298 0.018229166666666668 0.05268389662027833
0 0.013802083333333333 0.812624254473161 0.021354166666666667 0.06262425447316103
0 0.002864583333333333 0.9572564612326043 0.005729166666666666 0.015904572564612324