0 0.044270833333333336 0.01143141153081511 0.010416666666666666 0.02286282306163022
0 0.0640625 0.012922465208747515 0.010416666666666666 0.02584493041749503
0 0.08255208333333333 0.006958250497017893 0.022395833333333334 0.013916500994035786
0 0.10494791666666667 0.008449304174950299 0.0203125 0.016898608349900597
0 0.20208333333333334 0.0054671968190854875 0.011458333333333333 0.010934393638170975
0 0.43359375 0.01242544731610338 0.0171875 0.02485089463220676
0 0.6606770833333333 0.020874751491053677 0.016145833333333335 0.041749502982107355
0 0.8005208333333333 0.008946322067594433 0.010416666666666666 0.017892644135188866
0 0.8395833333333333 0.010437375745526839 0.01875 0.020874751491053677
0 0.87890625 0.010934393638170975 0.0109375 0.02186878727634195
0 0.990625 0.017892644135188866 0.017708333333333333 0.03578528827037773
0 0.13697916666666668 0.027335984095427434 0.025 0.03876739562624255
0 0.87109375 0.02286282306163022 0.013020833333333334 0.03180914512922465
0 0.008854166666666666 0.03827037773359841 0.017708333333333333 0.05467196819085487
0 0.49505208333333334 0.04025844930417495 0.022395833333333334 0.040755467196819085
0 0.9729166666666667 0.03479125248508946 0.009375 0.02385685884691849
0 0.8854166666666666 0.037276341948310136 0.008333333333333333 0.02485089463220676
0 0.8291666666666667 0.03876739562624255 0.009375 0.02385685884691849
0 0.9104166666666667 0.03926441351888668 0.011458333333333333 0.020874751491053677
0 0.04765625 0.04622266401590457 0.0109375 0.02485089463220676
0 0.028125 0.04622266401590457 0.015625 0.02286282306163022
0 0.12213541666666666 0.04671968190854871 0.009895833333333333 0.02385685884691849
0 0.10234375 0.05268389662027833 0.005729166666666666 0.027833001988071572
0 0.21484375 0.05168986083499006 0.009895833333333333 0.02584493041749503
0 0.8078125 0.0536779324055666 0.0125 0.02982107355864811
0 0.18098958333333334 0.06262425447316103 0.0234375 0.041749502982107355
0 0.278125 0.0536779324055666 0.023958333333333335 0.019880715705765408
0 0.6434895833333333 0.055168986083499 0.0109375 0.020874751491053677
0 0.8755208333333333 0.06610337972166998 0.01875 0.03876739562624255
0 0.08359375 0.07703777335984095 0.0203125 0.042743538767395624
0 0.15104166666666666 0.06809145129224652 0.015625 0.02485089463220676
0 0.5526041666666667 0.08797216699801193 0.021875 0.05666003976143141
0 0.13802083333333334 0.07107355864811134 0.013541666666666667 0.020874751491053677
0 0.2552083333333333 0.07504970178926441 0.009375 0.018886679920477135
0 0.9388020833333334 0.08996023856858847 0.0109375 0.036779324055666
0 0.840625 0.08300198807157058 0.016666666666666666 0.010934393638170975
0 0.1203125 0.09940357852882704 0.016666666666666666 0.033797216699801194
0 0.10182291666666667 0.09642147117296222 0.019270833333333334 0.02385685884691849
0 0.15520833333333334 0.09294234592445327 0.011458333333333333 0.012922465208747515
0 0.9927083333333333 0.10934393638170974 0.013541666666666667 0.02982107355864811
0 0.029427083333333333 0.10984095427435388 0.0067708333333333336 0.0268389662027833
0 0.6375 0.10884691848906561 0.009375 0.018886679920477135
0 0.10651041666666666 0.12326043737574553 0.011979166666666667 0.04572564612326044
0 0.98515625 0.12922465208747516 0.028645833333333332 0.041749502982107355
0 0.016927083333333332 0.12326043737574553 0.0109375 0.015904572564612324
0 0.30807291666666664 0.13469184890656064 0.028645833333333332 0.040755467196819085
0 0.34609375 0.1441351888667992 0.016145833333333335 0.0536779324055666
0 0.13802083333333334 0.14165009940357853 0.016666666666666666 0.0268389662027833
0 0.003125 0.15606361829025844 0.00625 0.05168986083499006
0 0.9302083333333333 0.1411530815109344 0.009375 0.017892644135188866
0 0.94140625 0.14065606361829025 0.011979166666666667 0.014910536779324055
0 0.859375 0.14463220675944333 0.011458333333333333 0.018886679920477135
0 0.09322916666666667 0.1540755467196819 0.0125 0.027833001988071572
0 0.678125 0.15009940357852883 0.011458333333333333 0.019880715705765408
0 0.9239583333333333 0.17992047713717693 0.019791666666666666 0.0636182902584493
0 0.6888020833333334 0.16401590457256462 0.008854166666666666 0.015904572564612324
0 0.8578125 0.16302186878727634 0.007291666666666667 0.013916500994035786
0 0.17734375 0.18141153081510936 0.015104166666666667 0.02882703777335984
0 0.24505208333333334 0.1824055666003976 0.0078125 0.02882703777335984
0 0.44479166666666664 0.18141153081510936 0.013541666666666667 0.02485089463220676
0 0.25755208333333335 0.19284294234592445 0.013020833333333334 0.041749502982107355
0 0.5197916666666667 0.18687872763419483 0.005208333333333333 0.02982107355864811
0 0.07421875 0.18538767395626243 0.015104166666666667 0.02286282306163022
0 0.9502604166666667 0.20675944333996024 0.016145833333333335 0.0636182902584493
0 0.8802083333333334 0.1848906560636183 0.009375 0.013916500994035786
0 0.21171875 0.20874751491053678 0.021354166666666667 0.05168986083499006
0 0.31223958333333335 0.19035785288270377 0.0078125 0.014910536779324055
0 0.7104166666666667 0.1908548707753479 0.008333333333333333 0.017892644135188866
0 0.2890625 0.19532803180914513 0.020833333333333332 0.02286282306163022
0 0.8809895833333333 0.20974155069582506 0.005729166666666666 0.02385685884691849
0 0.3268229166666667 0.20675944333996024 0.0140625 0.013916500994035786
0 0.0625 0.20924453280318092 0.007291666666666667 0.012922465208747515
0 0.7544270833333333 0.20725646123260438 0.008854166666666666 0.008946322067594433
0 0.978125 0.21421471172962225 0.013541666666666667 0.010934393638170975
0 0.93515625 0.2276341948310139 0.013020833333333334 0.015904572564612324
0 0.16875 0.2370775347912525 0.022916666666666665 0.02485089463220676
0 0.2950520833333333 0.23111332007952287 0.013020833333333334 0.014910536779324055
0 0.37109375 0.24105367793240556 0.011979166666666667 0.03479125248508946
0 0.33984375 0.2813121272365805 0.021354166666666667 0.05765407554671968
0 0.8747395833333333 0.2624254473161034 0.011979166666666667 0.015904572564612324
0 0.27421875 0.27485089463220674 0.011979166666666667 0.02485089463220676
0 0.35572916666666665 0.28578528827037775 0.013541666666666667 0.03479125248508946
0 0.83046875 0.3081510934393638 0.022395833333333334 0.02584493041749503
0 0.26979166666666665 0.31560636182902585 0.008333333333333333 0.02286282306163022
0 0.32473958333333336 0.34691848906560635 0.0109375 0.03777335984095427
0 0.33958333333333335 0.34493041749502984 0.013541666666666667 0.033797216699801194
0 0.37421875 0.3389662027833002 0.0140625 0.02385685884691849
0 0.37473958333333335 0.371272365805169 0.0109375 0.014910536779324055
0 0.9752604166666666 0.3911530815109344 0.011979166666666667 0.010934393638170975
0 0.24348958333333334 0.4110337972166998 0.0078125 0.03876739562624255
0 0.71484375 0.4125248508946322 0.013020833333333334 0.0437375745526839
0 0.34453125 0.4115308151093439 0.011979166666666667 0.03180914512922465
0 0.31354166666666666 0.4179920477137177 0.0125 0.018886679920477135
0 0.4203125 0.42147117296222664 0.008333333333333333 0.019880715705765408
0 0.41171875 0.44731610337972166 0.0067708333333333336 0.041749502982107355
0 0.30572916666666666 0.44433399602385687 0.010416666666666666 0.011928429423459244
0 0.29401041666666666 0.44731610337972166 0.0067708333333333336 0.013916500994035786
0 0.17135416666666667 0.4691848906560636 0.014583333333333334 0.027833001988071572
0 0.10651041666666666 0.4835984095427435 0.021354166666666667 0.040755467196819085
0 0.22916666666666666 0.4726640159045726 0.016666666666666666 0.018886679920477135
0 0.44479166666666664 0.49254473161033796 0.010416666666666666 0.02485089463220676
0 0.33828125 0.4915506958250497 0.0078125 0.016898608349900597
0 0.48984375 0.49652087475149104 0.0067708333333333336 0.02882703777335984
0 0.22395833333333334 0.510934393638171 0.011458333333333333 0.05168986083499006
0 0.37161458333333336 0.4975149105367793 0.016145833333333335 0.02286282306163022
0 0.31302083333333336 0.5049701789264414 0.016666666666666666 0.027833001988071572
0 0.7619791666666667 0.5407554671968191 0.01875 0.041749502982107355
0 0.5127604166666667 0.5616302186878728 0.016145833333333335 0.02186878727634195
0 0.3768229166666667 0.5616302186878728 0.0078125 0.013916500994035786
0 0.3619791666666667 0.581013916500994 0.017708333333333333 0.0268389662027833
0 0.16458333333333333 0.5864811133200796 0.016666666666666666 0.015904572564612324
0 0.5028645833333333 0.602882703777336 0.0109375 0.036779324055666
0 0.12161458333333333 0.6138170974155069 0.019270833333333334 0.03479125248508946
0 0.34921875 0.6078528827037774 0.0171875 0.018886679920477135
0 0.65390625 0.6073558648111332 0.016145833333333335 0.019880715705765408
0 0.40729166666666666 0.6361829025844931 0.008333333333333333 0.02982107355864811
0 0.5432291666666667 0.6824055666003976 0.0125 0.04473161033797217
0 0.31484375 0.6868787276341949 0.019270833333333334 0.02584493041749503
0 0.6875 0.7067594433399602 0.019791666666666666 0.02186878727634195
0 0.4161458333333333 0.7127236580516899 0.016666666666666666 0.02186878727634195
0 0.3421875 0.713220675944334 0.008333333333333333 0.010934393638170975
0 0.1 0.7604373757455268 0.027083333333333334 0.0437375745526839
0 0.42291666666666666 0.7594433399602386 0.011458333333333333 0.02186878727634195
0 0.8015625 0.7783300198807157 0.030208333333333334 0.03578528827037773
0 0.2518229166666667 0.7823061630218688 0.019270833333333334 0.03777335984095427
0 0.9635416666666666 0.7907554671968191 0.030208333333333334 0.05467196819085487
0 0.26588541666666665 0.790258449304175 0.021354166666666667 0.03180914512922465
0 0.65078125 0.8230616302186878 0.011979166666666667 0.03777335984095427
0 0.5924479166666666 0.8434393638170974 0.011979166666666667 0.05666003976143141
0 0.9408854166666667 0.8399602385685885 0.0109375 0.011928429423459244
0 0.246875 0.8717693836978131 0.015625 0.039761431411530816
0 0.69765625 0.8732604373757455 0.0109375 0.036779324055666
0 0.3020833333333333 0.8996023856858847 0.030208333333333334 0.0437375745526839
0 0.25234375 0.929920477137177 0.019270833333333334 0.020874751491053677
0 0.625 0.9358846918489065 0.019791666666666666 0.0268389662027833
0 0.22421875 0.9512922465208747 0.013020833333333334 0.04771371769383698
0 0.34348958333333335 0.9478131212723658 0.019270833333333334 0.02286282306163022
0 0.10078125 0.9860834990059643 0.027604166666666666 0.02584493041749503