0 0.8895833333333333 0.019880715705765408 0.011458333333333333 0.039761431411530816
0 0.04921875 0.01143141153081511 0.015104166666666667 0.016898608349900597
0 0.13046875 0.05268389662027833 0.011979166666666667 0.03777335984095427
0 0.4921875 0.05417495029821073 0.010416666666666666 0.020874751491053677
0 0.32005208333333335 0.07902584493041749 0.005729166666666666 0.02286282306163022
0 0.19739583333333333 0.09840954274353876 0.01875 0.03578528827037773
0 0.6557291666666667 0.12077534791252485 0.015625 0.016898608349900597
0 0.21145833333333333 0.1341948310139165 0.015625 0.02584493041749503
0 0.68828125 0.14463220675944333 0.018229166666666668 0.016898608349900597
0 0.036458333333333336 0.1863817097415507 0.016666666666666666 0.03876739562624255
0 0.35703125 0.17594433399602386 0.018229166666666668 0.013916500994035786
0 0.3033854166666667 0.18041749502982107 0.011979166666666667 0.012922465208747515
0 0.6 0.20029821073558648 0.00625 0.02882703777335984
0 0.7520833333333333 0.20178926441351888 0.016666666666666666 0.02584493041749503
0 0.7963541666666667 0.20675944333996024 0.007291666666666667 0.027833001988071572
0 0.3411458333333333 0.24552683896620278 0.011458333333333333 0.02186878727634195
0 0.09817708333333333 0.3106361829025845 0.022395833333333334 0.03876739562624255
0 0.026302083333333334 0.31411530815109345 0.021354166666666667 0.02186878727634195
0 0.4786458333333333 0.3548707753479125 0.007291666666666667 0.02385685884691849
0 0.44036458333333334 0.3663021868787276 0.0171875 0.020874751491053677
0 0.08958333333333333 0.378727634194831 0.017708333333333333 0.019880715705765408
0 0.0515625 0.3991053677932406 0.03125 0.03479125248508946
0 0.30182291666666666 0.41699801192842945 0.0234375 0.040755467196819085
0 0.4471354166666667 0.41302186878727637 0.013020833333333334 0.018886679920477135
0 0.17135416666666667 0.4179920477137177 0.019791666666666666 0.020874751491053677
0 0.20572916666666666 0.43339960238568587 0.020833333333333332 0.033797216699801194
0 0.396875 0.44433399602385687 0.010416666666666666 0.04970178926441352
0 0.7333333333333333 0.4383697813121272 0.011458333333333333 0.02385685884691849
0 0.17734375 0.4433399602385686 0.024479166666666666 0.02584493041749503
0 0.18151041666666667 0.47912524850894633 0.009895833333333333 0.019880715705765408
0 0.84453125 0.48111332007952284 0.013020833333333334 0.02385685884691849
0 0.23203125 0.49055666003976145 0.016145833333333335 0.03876739562624255
0 0.48333333333333334 0.4845924453280318 0.0125 0.020874751491053677
0 0.3859375 0.4955268389662028 0.023958333333333335 0.02485089463220676
0 0.40911458333333334 0.5248508946322068 0.0171875 0.0536779324055666
0 0.36822916666666666 0.5268389662027833 0.014583333333333334 0.019880715705765408
0 0.33515625 0.5506958250497018 0.011979166666666667 0.03578528827037773
0 0.39296875 0.5492047713717694 0.008854166666666666 0.010934393638170975
0 0.46328125 0.5591451292246521 0.018229166666666668 0.012922465208747515
0 0.36302083333333335 0.5790258449304175 0.014583333333333334 0.020874751491053677
0 0.3770833333333333 0.5944333996023857 0.007291666666666667 0.02385685884691849
0 0.42630208333333336 0.5959244532803181 0.013020833333333334 0.02882703777335984
0 0.19140625 0.5989065606361829 0.016145833333333335 0.020874751491053677
0 0.3059895833333333 0.5969184890656064 0.018229166666666668 0.012922465208747515
0 0.17109375 0.6123260437375746 0.024479166666666666 0.041749502982107355
0 0.390625 0.6153081510934394 0.021875 0.04771371769383698
0 0.23776041666666667 0.6063618290258449 0.016145833333333335 0.019880715705765408
0 0.023177083333333334 0.6317097415506958 0.013020833333333334 0.04671968190854871
0 0.10911458333333333 0.6187872763419483 0.015104166666666667 0.014910536779324055
0 0.44921875 0.6222664015904572 0.0078125 0.017892644135188866
0 0.46067708333333335 0.6292246520874751 0.0109375 0.02385685884691849
0 0.40729166666666666 0.6451292246520874 0.007291666666666667 0.033797216699801194
0 0.13984375 0.6476143141153081 0.0078125 0.02882703777335984
0 0.5325520833333334 0.6590457256461233 0.0109375 0.027833001988071572
0 0.25494791666666666 0.6669980119284294 0.0140625 0.02186878727634195
0 0.33125 0.6789264413518886 0.009375 0.027833001988071572
0 0.46145833333333336 0.6769383697813122 0.016666666666666666 0.009940357852882704
0 0.9369791666666667 0.6933399602385686 0.036458333333333336 0.04473161033797217
0 0.21614583333333334 0.6863817097415507 0.010416666666666666 0.02286282306163022
0 0.0984375 0.6898608349900597 0.016666666666666666 0.02186878727634195
0 0.2947916666666667 0.6893638170974155 0.017708333333333333 0.018886679920477135
0 0.19921875 0.6953280318091452 0.016145833333333335 0.0268389662027833
0 0.18203125 0.7162027833001988 0.016145833333333335 0.02485089463220676
0 0.30364583333333334 0.739065606361829 0.017708333333333333 0.016898608349900597
0 0.6283854166666667 0.7475149105367793 0.011979166666666667 0.02186878727634195
0 0.6809895833333334 0.7529821073558648 0.009895833333333333 0.032803180914512925
0 0.38359375 0.7519880715705766 0.018229166666666668 0.0268389662027833
0 0.4036458333333333 0.7549701789264414 0.007291666666666667 0.014910536779324055
0 0.2765625 0.7634194831013916 0.015625 0.02385685884691849
0 0.11822916666666666 0.7852882703777336 0.01875 0.0437375745526839
0 0.5138020833333333 0.8280318091451292 0.0109375 0.03777335984095427
0 0.4947916666666667 0.841948310139165 0.004166666666666667 0.017892644135188866
0 0.35104166666666664 0.8633200795228628 0.014583333333333334 0.014910536779324055
0 0.06041666666666667 0.9239562624254473 0.008333333333333333 0.036779324055666
0 0.5244791666666667 0.9199801192842942 0.00625 0.02485089463220676
0 0.5221354166666666 0.9592445328031809 0.025520833333333333 0.027833001988071572