0 0.14453125 0.010437375745526839 0.0078125 0.020874751491053677
0 0.425 0.02186878727634195 0.015625 0.0437375745526839
0 0.8994791666666667 0.0004970178926441351 0.04479166666666667 0.0009940357852882703
0 0.9682291666666667 0.0004970178926441351 0.0625 0.0009940357852882703
0 0.8596354166666667 0.020874751491053677 0.0078125 0.03578528827037773
0 0.37786458333333334 0.030318091451292245 0.008854166666666666 0.040755467196819085
0 0.5981770833333333 0.03230616302186879 0.0078125 0.02882703777335984
0 0.4947916666666667 0.027833001988071572 0.007291666666666667 0.017892644135188866
0 0.8729166666666667 0.059145129224652086 0.017708333333333333 0.04671968190854871
0 0.24479166666666666 0.04572564612326044 0.007291666666666667 0.009940357852882704
0 0.74296875 0.060139165009940355 0.011979166666666667 0.02882703777335984
0 0.58125 0.1143141153081511 0.007291666666666667 0.03180914512922465
0 0.23411458333333332 0.12027833001988071 0.015104166666666667 0.03578528827037773
0 0.24895833333333334 0.13767395626242546 0.008333333333333333 0.03479125248508946
0 0.8291666666666667 0.16202783300198806 0.010416666666666666 0.02385685884691849
0 0.40729166666666666 0.16749502982107356 0.016666666666666666 0.016898608349900597
0 0.26796875 0.17594433399602386 0.013020833333333334 0.02982107355864811
0 0.8890625 0.1963220675944334 0.0125 0.0268389662027833
0 0.41848958333333336 0.20576540755467196 0.015104166666666667 0.02982107355864811
0 0.9940104166666667 0.22117296222664015 0.0109375 0.02882703777335984
0 0.278125 0.22912524850894633 0.007291666666666667 0.030815109343936383
0 0.44817708333333334 0.28479125248508946 0.009895833333333333 0.0268389662027833
0 0.9536458333333333 0.2927435387673956 0.011458333333333333 0.030815109343936383
0 0.6346354166666667 0.29025844930417494 0.016145833333333335 0.02186878727634195
0 0.8606770833333334 0.3384691848906561 0.019270833333333334 0.040755467196819085
0 0.8841145833333334 0.3374751491053678 0.015104166666666667 0.036779324055666
0 0.40130208333333334 0.3414512922465209 0.013020833333333334 0.02286282306163022
0 0.278125 0.3628230616302187 0.019791666666666666 0.027833001988071572
0 0.5171875 0.37524850894632206 0.01875 0.048707753479125246
0 0.58828125 0.36232604373757454 0.019270833333333334 0.02286282306163022
0 0.6822916666666666 0.3702783300198807 0.017708333333333333 0.016898608349900597
0 0.31692708333333336 0.42196819085487075 0.0046875 0.030815109343936383
0 0.2859375 0.452286282306163 0.010416666666666666 0.05168986083499006
0 0.7744791666666667 0.45278330019880714 0.019791666666666666 0.02882703777335984
0 0.5609375 0.4696819085487077 0.00625 0.036779324055666
0 0.32838541666666665 0.4831013916500994 0.0067708333333333336 0.03578528827037773
0 0.5953125 0.49204771371769385 0.00625 0.03180914512922465
0 0.8848958333333333 0.5014910536779325 0.019791666666666666 0.02485089463220676
0 0.6416666666666667 0.5173956262425448 0.013541666666666667 0.05467196819085487
0 0.5184895833333333 0.5079522862823062 0.021354166666666667 0.019880715705765408
0 0.678125 0.5139165009940357 0.0125 0.02186878727634195
0 0.5763020833333333 0.5263419483101391 0.0046875 0.03479125248508946
0 0.47109375 0.5337972166998012 0.0203125 0.02584493041749503
0 0.40234375 0.5387673956262425 0.011979166666666667 0.009940357852882704
0 0.9372395833333333 0.581013916500994 0.0171875 0.042743538767395624
0 0.4453125 0.5839960238568589 0.015625 0.016898608349900597
0 0.68671875 0.5959244532803181 0.015104166666666667 0.03479125248508946
0 0.7104166666666667 0.591948310139165 0.00625 0.016898608349900597
0 0.72421875 0.5994035785288271 0.018229166666666668 0.03180914512922465
0 0.5044270833333333 0.6038767395626242 0.0067708333333333336 0.03479125248508946
0 0.7674479166666667 0.6073558648111332 0.0203125 0.033797216699801194
0 0.6466145833333333 0.6123260437375746 0.015104166666666667 0.02584493041749503
0 0.30104166666666665 0.6496023856858847 0.009375 0.06858846918489066
0 0.4901041666666667 0.635685884691849 0.005208333333333333 0.014910536779324055
0 0.16953125 0.6605367793240556 0.011979166666666667 0.040755467196819085
0 0.5265625 0.6525844930417495 0.010416666666666666 0.018886679920477135
0 0.909375 0.6719681908548708 0.01875 0.02982107355864811
0 0.61328125 0.672962226640159 0.013020833333333334 0.027833001988071572
0 0.77578125 0.6789264413518886 0.011979166666666667 0.039761431411530816
0 0.41328125 0.6694831013916501 0.0109375 0.016898608349900597
0 0.7190104166666667 0.6764413518886679 0.015104166666666667 0.018886679920477135
0 0.5098958333333333 0.6878727634194831 0.015625 0.02385685884691849
0 0.5408854166666667 0.6804174950298211 0.0171875 0.010934393638170975
0 0.3125 0.6978131212723658 0.010416666666666666 0.033797216699801194
0 0.35130208333333335 0.7047713717693836 0.0203125 0.033797216699801194
0 0.92578125 0.7082504970178927 0.0328125 0.042743538767395624
0 0.4739583333333333 0.6963220675944334 0.00625 0.012922465208747515
0 0.38177083333333334 0.7032803180914513 0.020833333333333332 0.02286282306163022
0 0.7591145833333334 0.7142147117296223 0.005729166666666666 0.02882703777335984
0 0.5921875 0.742544731610338 0.017708333333333333 0.07554671968190854
0 0.8833333333333333 0.7191848906560636 0.009375 0.0268389662027833
0 0.30390625 0.717196819085487 0.0067708333333333336 0.012922465208747515
0 0.653125 0.7201789264413518 0.013541666666666667 0.016898608349900597
0 0.846875 0.7445328031809145 0.011458333333333333 0.027833001988071572
0 0.30442708333333335 0.7529821073558648 0.015104166666666667 0.020874751491053677
0 0.40677083333333336 0.7549701789264414 0.011458333333333333 0.018886679920477135
0 0.7979166666666667 0.7579522862823062 0.010416666666666666 0.020874751491053677
0 0.9486979166666667 0.7639165009940357 0.011979166666666667 0.016898608349900597
0 0.4708333333333333 0.7693836978131213 0.019791666666666666 0.015904572564612324
0 0.8442708333333333 0.7708747514910537 0.0125 0.020874751491053677
0 0.51171875 0.7818091451292246 0.0328125 0.032803180914512925
0 0.6369791666666667 0.7887673956262425 0.015625 0.030815109343936383
0 0.3067708333333333 0.790258449304175 0.020833333333333332 0.019880715705765408
0 0.6630208333333333 0.8146123260437376 0.016666666666666666 0.040755467196819085
0 0.7947916666666667 0.8091451292246521 0.009375 0.02584493041749503
0 0.6916666666666667 0.8235586481113321 0.007291666666666667 0.012922465208747515
0 0.08020833333333334 0.8290258449304175 0.025 0.015904572564612324
0 0.1578125 0.8414512922465208 0.021875 0.02485089463220676
0 0.45807291666666666 0.8369781312127237 0.0078125 0.009940357852882704
0 0.5526041666666667 0.8658051689860835 0.027083333333333334 0.05964214711729622
0 0.6973958333333333 0.8503976143141153 0.008333333333333333 0.018886679920477135
0 0.7934895833333333 0.8469184890656064 0.008854166666666666 0.011928429423459244
0 0.6828125 0.8677932405566601 0.01875 0.027833001988071572
0 0.38645833333333335 0.8737574552683897 0.017708333333333333 0.02385685884691849
0 0.87265625 0.8767395626242545 0.013020833333333334 0.02186878727634195
0 0.45364583333333336 0.8871769383697813 0.015625 0.036779324055666
0 0.74921875 0.8841948310139165 0.021354166666666667 0.0268389662027833
0 0.6010416666666667 0.8951292246520874 0.0125 0.03479125248508946
0 0.03125 0.8981113320079522 0.020833333333333332 0.03479125248508946
0 0.51171875 0.9040755467196819 0.009895833333333333 0.03479125248508946
0 0.5859375 0.9060636182902585 0.010416666666666666 0.03479125248508946
0 0.8046875 0.8961232604373758 0.010416666666666666 0.016898608349900597
0 0.8177083333333334 0.9040755467196819 0.009375 0.02485089463220676
0 0.42291666666666666 0.9140159045725647 0.019791666666666666 0.018886679920477135
0 0.57109375 0.9150099403578529 0.018229166666666668 0.02286282306163022
0 0.534375 0.9443339960238568 0.00625 0.011928429423459244
0 0.9671875 0.9453280318091452 0.008333333333333333 0.011928429423459244
0 0.81875 0.9537773359840954 0.0125 0.012922465208747515
0 0.39947916666666666 0.9756461232604374 0.014583333333333334 0.04671968190854871
0 0.5231770833333333 0.9701789264413518 0.0078125 0.03777335984095427
0 0.5942708333333333 0.9627236580516899 0.014583333333333334 0.016898608349900597
0 0.5583333333333333 0.9771371769383698 0.021875 0.0437375745526839
0 0.4661458333333333 0.9686878727634195 0.016666666666666666 0.02286282306163022
0 0.48932291666666666 0.9691848906560636 0.018229166666666668 0.02186878727634195
0 0.9393229166666667 0.9811133200795229 0.018229166666666668 0.03578528827037773
0 0.6041666666666666 0.9771371769383698 0.008333333333333333 0.011928429423459244
0 0.8502604166666666 0.9771371769383698 0.013020833333333334 0.011928429423459244
0 0.5471354166666667 0.9870775347912525 0.008854166666666666 0.02385685884691849
0 0.8736979166666666 0.9875745526838966 0.008854166666666666 0.016898608349900597