0 0.17291666666666666 0.011928429423459244 0.019791666666666666 0.02385685884691849
0 0.45078125 0.014910536779324055 0.008854166666666666 0.02982107355864811
0 0.8981770833333333 0.008449304174950299 0.015104166666666667 0.016898608349900597
0 0.3 0.03926441351888668 0.010416666666666666 0.03479125248508946
0 0.540625 0.02882703777335984 0.010416666666666666 0.011928429423459244
0 0.5184895833333333 0.04622266401590457 0.0203125 0.03479125248508946
0 0.19036458333333334 0.07157057654075547 0.024479166666666666 0.027833001988071572
0 0.6432291666666666 0.0621272365805169 0.009375 0.010934393638170975
0 0.3125 0.08648111332007952 0.017708333333333333 0.02385685884691849
0 0.39088541666666665 0.09691848906560636 0.009895833333333333 0.02882703777335984
0 0.49322916666666666 0.11878727634194831 0.023958333333333335 0.018886679920477135
0 0.01015625 0.14761431411530815 0.0203125 0.05864811133200795
0 0.8161458333333333 0.12773359840954274 0.008333333333333333 0.014910536779324055
0 0.9372395833333333 0.13369781312127235 0.021354166666666667 0.0268389662027833
0 0.828125 0.15854870775347912 0.03125 0.05069582504970179
0 0.5059895833333333 0.15805168986083498 0.013020833333333334 0.02584493041749503
0 0.6895833333333333 0.1610337972166998 0.020833333333333332 0.02186878727634195
0 0.28151041666666665 0.1893638170974155 0.018229166666666668 0.03479125248508946
0 0.8171875 0.19383697813121273 0.026041666666666668 0.03578528827037773
0 0.5388020833333333 0.20526838966202784 0.0203125 0.030815109343936383
0 0.58359375 0.19980119284294234 0.018229166666666668 0.017892644135188866
0 0.9463541666666667 0.20079522862823063 0.010416666666666666 0.017892644135188866
0 0.60859375 0.21620278330019882 0.019270833333333334 0.030815109343936383
0 0.8486979166666667 0.2077534791252485 0.009895833333333333 0.015904572564612324
0 0.33880208333333334 0.20825049701789264 0.0203125 0.012922465208747515
0 0.14244791666666667 0.21968190854870775 0.008854166666666666 0.027833001988071572
0 0.35989583333333336 0.2345924453280318 0.022916666666666665 0.041749502982107355
0 0.04479166666666667 0.24801192842942346 0.022916666666666665 0.040755467196819085
0 0.0171875 0.2415506958250497 0.017708333333333333 0.02385685884691849
0 0.15833333333333333 0.2539761431411531 0.021875 0.032803180914512925
0 0.3723958333333333 0.26093439363817095 0.008333333333333333 0.02882703777335984
0 0.18828125 0.2937375745526839 0.016145833333333335 0.03479125248508946
0 0.36171875 0.2967196819085487 0.016145833333333335 0.03876739562624255
0 0.37604166666666666 0.28777335984095426 0.008333333333333333 0.020874751491053677
0 0.15520833333333334 0.2967196819085487 0.009375 0.032803180914512925
0 0.26953125 0.2992047713717694 0.008854166666666666 0.013916500994035786
0 0.30807291666666664 0.3250497017892644 0.0109375 0.02385685884691849
0 0.15208333333333332 0.32554671968190857 0.009375 0.010934393638170975
0 0.018229166666666668 0.3697813121272366 0.017708333333333333 0.0536779324055666
0 0.1390625 0.3588469184890656 0.022916666666666665 0.027833001988071572
0 0.38229166666666664 0.3548707753479125 0.00625 0.019880715705765408
0 0.30416666666666664 0.36033797216699803 0.009375 0.018886679920477135
0 0.054427083333333334 0.3802186878727634 0.0171875 0.03479125248508946
0 0.30885416666666665 0.38071570576540753 0.009375 0.019880715705765408
0 0.24270833333333333 0.3926441351888668 0.017708333333333333 0.02584493041749503
0 0.98203125 0.4000994035785288 0.0171875 0.03876739562624255
0 0.3151041666666667 0.40308151093439365 0.025 0.0268389662027833
0 0.46901041666666665 0.4274353876739563 0.011979166666666667 0.0437375745526839
0 0.6057291666666667 0.4309145129224652 0.015625 0.048707753479125246
0 0.7013020833333333 0.4294234592445328 0.011979166666666667 0.041749502982107355
0 0.7302083333333333 0.43190854870775347 0.010416666666666666 0.0268389662027833
0 0.32890625 0.441351888667992 0.0140625 0.02982107355864811
0 0.4484375 0.5029821073558648 0.015625 0.06958250497017893
0 0.30130208333333336 0.4865805168986084 0.0109375 0.02882703777335984
0 0.35651041666666666 0.5059642147117296 0.011979166666666667 0.027833001988071572
0 0.4986979166666667 0.5223658051689861 0.0078125 0.02882703777335984
0 0.23203125 0.5283300198807157 0.025520833333333333 0.0268389662027833
0 0.81484375 0.5467196819085487 0.009895833333333333 0.02982107355864811
0 0.40078125 0.547713717693837 0.0140625 0.019880715705765408
0 0.428125 0.5670974155069582 0.01875 0.020874751491053677
0 0.328125 0.584493041749503 0.015625 0.02385685884691849
0 0.4471354166666667 0.584493041749503 0.009895833333333333 0.02186878727634195
0 0.4078125 0.5949304174950298 0.013541666666666667 0.0268389662027833
0 0.38046875 0.6336978131212724 0.0328125 0.05666003976143141
0 0.45677083333333335 0.6222664015904572 0.013541666666666667 0.027833001988071572
0 0.3575520833333333 0.6267395626242545 0.016145833333333335 0.032803180914512925
0 0.5846354166666666 0.6217693836978131 0.0203125 0.02485089463220676
0 0.8005208333333333 0.6252485089463221 0.020833333333333332 0.02385685884691849
0 0.31588541666666664 0.635685884691849 0.013020833333333334 0.02882703777335984
0 0.7703125 0.6520874751491054 0.015625 0.033797216699801194
0 0.4075520833333333 0.6535785288270378 0.0203125 0.016898608349900597
0 0.35052083333333334 0.68389662027833 0.03125 0.03180914512922465
0 0.40520833333333334 0.6893638170974155 0.01875 0.018886679920477135
0 0.44947916666666665 0.6973161033797217 0.009375 0.03479125248508946
0 0.29453125 0.7440357852882704 0.019270833333333334 0.03479125248508946
0 0.005729166666666666 0.7415506958250497 0.011458333333333333 0.019880715705765408
0 0.8372395833333334 0.75 0.0328125 0.030815109343936383
0 0.02109375 0.7594433399602386 0.019270833333333334 0.0437375745526839
0 0.40598958333333335 0.7768389662027833 0.013020833333333334 0.032803180914512925
0 0.07942708333333333 0.7922465208747514 0.0203125 0.05168986083499006
0 0.1890625 0.7793240556660039 0.023958333333333335 0.019880715705765408
0 0.28619791666666666 0.7917495029821073 0.016145833333333335 0.030815109343936383
0 0.57578125 0.7892644135188867 0.0203125 0.02584493041749503
0 0.30703125 0.8046719681908548 0.0109375 0.012922465208747515
0 0.20208333333333334 0.8290258449304175 0.019791666666666666 0.02385685884691849
0 0.77734375 0.8583499005964215 0.015104166666666667 0.048707753479125246
0 0.6427083333333333 0.8782306163021869 0.015625 0.020874751491053677
0 0.24166666666666667 0.8991053677932406 0.025 0.05268389662027833
0 0.29765625 0.8841948310139165 0.011979166666666667 0.02485089463220676
0 0.5041666666666667 0.8936381709741551 0.009375 0.02982107355864811
0 0.6205729166666667 0.8996023856858847 0.024479166666666666 0.03578528827037773
0 0.4205729166666667 0.9110337972166997 0.015104166666666667 0.04671968190854871
0 0.37916666666666665 0.9418489065606361 0.023958333333333335 0.018886679920477135
0 0.4044270833333333 0.9498011928429424 0.008854166666666666 0.03479125248508946
0 0.25286458333333334 0.9935387673956262 0.05572916666666667 0.004970178926441352
0 0.5276041666666667 0.9935387673956262 0.065625 0.004970178926441352