0 0.4002604166666667 0.016401590457256462 0.0109375 0.032803180914512925
0 0.44505208333333335 0.019880715705765408 0.019270833333333334 0.033797216699801194
0 0.92734375 0.021371769383697812 0.0109375 0.032803180914512925
0 0.46458333333333335 0.026341948310139165 0.011458333333333333 0.02485089463220676
0 0.3854166666666667 0.042743538767395624 0.029166666666666667 0.02584493041749503
0 0.12890625 0.05715705765407555 0.0140625 0.02485089463220676
0 0.023958333333333335 0.06113320079522863 0.01875 0.02286282306163022
0 0.9546875 0.06709741550695825 0.007291666666666667 0.02286282306163022
0 0.4546875 0.07703777335984095 0.016666666666666666 0.016898608349900597
0 0.026302083333333334 0.08151093439363817 0.011979166666666667 0.017892644135188866
0 0.7520833333333333 0.08449304174950298 0.008333333333333333 0.02186878727634195
0 0.9828125 0.11878727634194831 0.00625 0.03479125248508946
0 0.5880208333333333 0.14612326043737575 0.00625 0.027833001988071572
0 0.115625 0.14860834990059643 0.0125 0.014910536779324055
0 0.3484375 0.16202783300198806 0.007291666666666667 0.02584493041749503
0 0.23359375 0.20377733598409542 0.015104166666666667 0.019880715705765408
0 0.065625 0.23260437375745527 0.015625 0.03578528827037773
0 0.6286458333333333 0.2276341948310139 0.023958333333333335 0.017892644135188866
0 0.23203125 0.24353876739562624 0.016145833333333335 0.011928429423459244
0 0.42604166666666665 0.25347912524850896 0.011458333333333333 0.027833001988071572
0 0.6098958333333333 0.25347912524850896 0.011458333333333333 0.02186878727634195
0 0.48984375 0.2524850894632207 0.018229166666666668 0.009940357852882704
0 0.1875 0.27137176938369784 0.015625 0.02982107355864811
0 0.34791666666666665 0.27485089463220674 0.0125 0.02286282306163022
0 0.2953125 0.3489065606361829 0.0125 0.013916500994035786
0 0.2518229166666667 0.36779324055666 0.018229166666666668 0.03777335984095427
0 0.409375 0.35934393638170975 0.009375 0.012922465208747515
0 0.49270833333333336 0.38817097415506957 0.015625 0.018886679920477135
0 0.3494791666666667 0.40656063618290256 0.011458333333333333 0.02385685884691849
0 0.40390625 0.40407554671968193 0.009895833333333333 0.018886679920477135
0 0.17734375 0.40556660039761433 0.0109375 0.017892644135188866
0 0.4622395833333333 0.41699801192842945 0.0067708333333333336 0.016898608349900597
0 0.11848958333333333 0.42296222664015903 0.013020833333333334 0.02286282306163022
0 0.1515625 0.4249502982107356 0.017708333333333333 0.010934393638170975
0 0.44817708333333334 0.4378727634194831 0.0046875 0.0268389662027833
0 0.68125 0.44532803180914515 0.0125 0.011928429423459244
0 0.70390625 0.44781312127236583 0.0067708333333333336 0.014910536779324055
0 0.9151041666666667 0.4572564612326044 0.014583333333333334 0.017892644135188866
0 0.16145833333333334 0.48061630218687873 0.013541666666666667 0.03479125248508946
0 0.4161458333333333 0.4835984095427435 0.005208333333333333 0.0268389662027833
0 0.7286458333333333 0.48956262425447317 0.015625 0.014910536779324055
0 0.8614583333333333 0.5049701789264414 0.007291666666666667 0.03180914512922465
0 0.12135416666666667 0.5044731610337972 0.015625 0.014910536779324055
0 0.22552083333333334 0.5149105367793241 0.0125 0.033797216699801194
0 0.44036458333333334 0.5099403578528827 0.005729166666666666 0.02385685884691849
0 0.4739583333333333 0.5173956262425448 0.011458333333333333 0.02882703777335984
0 0.13802083333333334 0.5223658051689861 0.016666666666666666 0.02882703777335984
0 0.18697916666666667 0.5178926441351889 0.015625 0.017892644135188866
0 0.5625 0.5238568588469185 0.007291666666666667 0.013916500994035786
0 0.49921875 0.5387673956262425 0.0140625 0.02982107355864811
0 0.4869791666666667 0.5382703777335984 0.007291666666666667 0.02485089463220676
0 0.90546875 0.5422465208747514 0.013020833333333334 0.016898608349900597
0 0.010677083333333334 0.5501988071570576 0.021354166666666667 0.02485089463220676
0 0.4640625 0.5472166998011928 0.00625 0.018886679920477135
0 0.5578125 0.5437375745526839 0.014583333333333334 0.011928429423459244
0 0.4739583333333333 0.5497017892644135 0.011458333333333333 0.009940357852882704
0 0.453125 0.5740556660039762 0.009375 0.020874751491053677
0 0.3255208333333333 0.5780318091451292 0.014583333333333334 0.020874751491053677
0 0.2713541666666667 0.5825049701789264 0.014583333333333334 0.005964214711729622
0 0.6692708333333334 0.5929423459244533 0.022916666666666665 0.020874751491053677
0 0.4666666666666667 0.595427435387674 0.014583333333333334 0.015904572564612324
0 0.5052083333333334 0.595427435387674 0.010416666666666666 0.015904572564612324
0 0.3502604166666667 0.5999005964214712 0.019270833333333334 0.020874751491053677
0 0.09192708333333334 0.6197813121272365 0.011979166666666667 0.04473161033797217
0 0.12578125 0.6053677932405567 0.013020833333333334 0.007952286282306162
0 0.24713541666666666 0.6128230616302187 0.027604166666666666 0.02286282306163022
0 0.43515625 0.6197813121272365 0.0140625 0.030815109343936383
0 0.30390625 0.6232604373757455 0.025520833333333333 0.033797216699801194
0 0.40572916666666664 0.6128230616302187 0.010416666666666666 0.012922465208747515
0 0.4453125 0.6292246520874751 0.020833333333333332 0.041749502982107355
0 0.3885416666666667 0.639662027833002 0.013541666666666667 0.042743538767395624
0 0.9768229166666667 0.6426441351888668 0.011979166666666667 0.040755467196819085
0 0.35052083333333334 0.632703777335984 0.017708333333333333 0.010934393638170975
0 0.6640625 0.6411530815109344 0.013541666666666667 0.02385685884691849
0 0.13984375 0.6371769383697813 0.019270833333333334 0.011928429423459244
0 0.46067708333333335 0.6406560636182903 0.0109375 0.016898608349900597
0 0.2838541666666667 0.6525844930417495 0.021875 0.02485089463220676
0 0.4119791666666667 0.6565606361829026 0.015625 0.032803180914512925
0 0.37447916666666664 0.6510934393638171 0.010416666666666666 0.015904572564612324
0 0.5692708333333333 0.6640159045725647 0.005208333333333333 0.027833001988071572
0 0.6234375 0.6754473161033797 0.0125 0.03479125248508946
0 0.3065104166666667 0.6804174950298211 0.0078125 0.03876739562624255
0 0.42473958333333334 0.6824055666003976 0.011979166666666667 0.036779324055666
0 0.26119791666666664 0.6898608349900597 0.008854166666666666 0.03180914512922465
0 0.28619791666666666 0.6848906560636183 0.0171875 0.02186878727634195
0 0.03229166666666667 0.6908548707753479 0.016666666666666666 0.009940357852882704
0 0.3546875 0.7027833001988072 0.03333333333333333 0.02186878727634195
0 0.6161458333333333 0.69831013916501 0.011458333333333333 0.010934393638170975
0 0.5072916666666667 0.7032803180914513 0.015625 0.008946322067594433
0 0.30833333333333335 0.7186878727634195 0.0125 0.019880715705765408
0 0.43046875 0.7226640159045725 0.0046875 0.02385685884691849
0 0.16354166666666667 0.731610337972167 0.005208333333333333 0.02982107355864811
0 0.9177083333333333 0.7231610337972167 0.011458333333333333 0.012922465208747515
0 0.5221354166666666 0.7375745526838966 0.009895833333333333 0.015904572564612324
0 0.4739583333333333 0.7375745526838966 0.015625 0.007952286282306162
0 0.6768229166666667 0.7410536779324056 0.018229166666666668 0.010934393638170975
0 0.26796875 0.760934393638171 0.0140625 0.02286282306163022
0 0.5971354166666667 0.7887673956262425 0.015104166666666667 0.012922465208747515
0 0.5138020833333333 0.8076540755467196 0.021354166666666667 0.030815109343936383
0 0.9875 0.8175944333996024 0.0125 0.014910536779324055
0 0.23098958333333333 0.8444333996023857 0.030729166666666665 0.048707753479125246
0 0.26067708333333334 0.8404572564612326 0.0109375 0.03479125248508946
0 0.5453125 0.8439363817097415 0.008333333333333333 0.013916500994035786
0 0.09453125 0.8692842942345924 0.0109375 0.04473161033797217
0 0.0515625 0.8717693836978131 0.028125 0.02186878727634195
0 0.23828125 0.8752485089463221 0.013020833333333334 0.018886679920477135
0 0.4114583333333333 0.8832007952286283 0.00625 0.02286282306163022
0 0.44114583333333335 0.8851888667992047 0.019791666666666666 0.020874751491053677
0 0.0609375 0.9055666003976143 0.016666666666666666 0.015904572564612324
0 0.4078125 0.9100397614314115 0.011458333333333333 0.020874751491053677
0 0.26666666666666666 0.9095427435387674 0.014583333333333334 0.009940357852882704
0 0.15026041666666667 0.9120278330019881 0.0140625 0.012922465208747515
0 0.9567708333333333 0.9184890656063618 0.011458333333333333 0.02186878727634195
0 0.10208333333333333 0.9204771371769384 0.009375 0.02186878727634195
0 0.19895833333333332 0.9145129224652088 0.011458333333333333 0.007952286282306162
0 0.7578125 0.9368787276341949 0.013541666666666667 0.018886679920477135
0 0.33958333333333335 0.9458250497017893 0.005208333333333333 0.0268389662027833
0 0.93828125 0.9488071570576541 0.018229166666666668 0.014910536779324055
0 0.1328125 0.9567594433399602 0.016666666666666666 0.010934393638170975
0 0.8528645833333334 0.9657057654075547 0.0078125 0.02485089463220676
0 0.37578125 0.9686878727634195 0.011979166666666667 0.0268389662027833
0 0.98828125 0.9771371769383698 0.0171875 0.0437375745526839
0 0.3484375 0.9706759443339961 0.0125 0.014910536779324055
0 0.2994791666666667 0.9716699801192843 0.011458333333333333 0.012922465208747515
0 0.41015625 0.9875745526838966 0.005729166666666666 0.02286282306163022
0 0.3078125 0.9880715705765407 0.01875 0.02186878727634195
0 0.48463541666666665 0.9840954274353877 0.005729166666666666 0.013916500994035786
0 0.7528645833333333 0.9870775347912525 0.009895833333333333 0.017892644135188866
0 0.53125 0.9945328031809145 0.015625 0.008946322067594433