0 0.46458333333333335 0.008946322067594433 0.008333333333333333 0.017892644135188866
0 0.3651041666666667 0.02485089463220676 0.015625 0.03180914512922465
0 0.39010416666666664 0.051192842942345926 0.01875 0.02485089463220676
0 0.9484375 0.08399602385685885 0.016666666666666666 0.032803180914512925
0 0.5778645833333333 0.08449304174950298 0.0067708333333333336 0.015904572564612324
0 0.4161458333333333 0.08648111332007952 0.008333333333333333 0.015904572564612324
0 0.31796875 0.10039761431411531 0.021354166666666667 0.027833001988071572
0 0.43385416666666665 0.13518886679920478 0.022916666666666665 0.05168986083499006
0 0.9033854166666667 0.12326043737574553 0.008854166666666666 0.013916500994035786
0 0.3536458333333333 0.13568588469184892 0.008333333333333333 0.032803180914512925
0 0.38697916666666665 0.12673956262425448 0.0125 0.014910536779324055
0 0.4640625 0.12872763419483102 0.013541666666666667 0.016898608349900597
0 0.9473958333333333 0.15656063618290258 0.011458333333333333 0.0268389662027833
0 0.9666666666666667 0.16202783300198806 0.019791666666666666 0.03777335984095427
0 0.17682291666666666 0.16550695825049702 0.0109375 0.040755467196819085
0 0.7669270833333334 0.1709741550695825 0.009895833333333333 0.02385685884691849
0 0.30078125 0.17594433399602386 0.013020833333333334 0.02584493041749503
0 0.4041666666666667 0.1878727634194831 0.013541666666666667 0.03578528827037773
0 0.21145833333333333 0.18886679920477137 0.020833333333333332 0.02982107355864811
0 0.34765625 0.18439363817097415 0.009895833333333333 0.012922465208747515
0 0.24114583333333334 0.19831013916500995 0.014583333333333334 0.03479125248508946
0 0.46015625 0.19035785288270377 0.015104166666666667 0.020874751491053677
0 0.2677083333333333 0.19681908548707752 0.01875 0.027833001988071572
0 0.8723958333333334 0.20278330019880716 0.0125 0.033797216699801194
0 0.30963541666666666 0.20874751491053678 0.0078125 0.02385685884691849
0 0.17682291666666666 0.20675944333996024 0.0078125 0.015904572564612324
0 0.34375 0.21123260437375746 0.007291666666666667 0.016898608349900597
0 0.3731770833333333 0.21123260437375746 0.009895833333333333 0.018886679920477135
0 0.2078125 0.22664015904572565 0.022916666666666665 0.02584493041749503
0 0.3372395833333333 0.2514910536779324 0.015104166666666667 0.05765407554671968
0 0.0328125 0.2614314115308151 0.014583333333333334 0.03777335984095427
0 0.3216145833333333 0.2544731610337972 0.008854166666666666 0.019880715705765408
0 0.2643229166666667 0.2668986083499006 0.0171875 0.040755467196819085
0 0.6729166666666667 0.2654075546719682 0.020833333333333332 0.02385685884691849
0 0.1734375 0.2798210735586481 0.008333333333333333 0.048707753479125246
0 0.45546875 0.27186878727634195 0.027604166666666666 0.030815109343936383
0 0.08359375 0.2932405566600398 0.0171875 0.04572564612326044
0 0.41015625 0.2912524850894632 0.008854166666666666 0.027833001988071572
0 0.76171875 0.29870775347912526 0.016145833333333335 0.042743538767395624
0 0.7380208333333333 0.2947316103379722 0.00625 0.02882703777335984
0 0.3221354166666667 0.3190854870775348 0.0140625 0.0536779324055666
0 0.3033854166666667 0.30218687872763417 0.009895833333333333 0.015904572564612324
0 0.3140625 0.30218687872763417 0.005208333333333333 0.015904572564612324
0 0.3625 0.31809145129224653 0.017708333333333333 0.04572564612326044
0 0.25442708333333336 0.3290258449304175 0.0234375 0.04572564612326044
0 0.6552083333333333 0.3230616302186879 0.007291666666666667 0.015904572564612324
0 0.296875 0.3628230616302187 0.016666666666666666 0.03578528827037773
0 0.20494791666666667 0.3742544731610338 0.027604166666666666 0.042743538767395624
0 0.33984375 0.36381709741550694 0.0109375 0.015904572564612324
0 0.32135416666666666 0.3682902584493042 0.013541666666666667 0.02286282306163022
0 0.3640625 0.3866799204771372 0.020833333333333332 0.05964214711729622
0 0.4265625 0.38469184890656066 0.016666666666666666 0.027833001988071572
0 0.3171875 0.39065606361829025 0.011458333333333333 0.015904572564612324
0 0.40729166666666666 0.3991053677932406 0.008333333333333333 0.020874751491053677
0 0.4161458333333333 0.40904572564612324 0.008333333333333333 0.020874751491053677
0 0.33177083333333335 0.4165009940357853 0.009375 0.02982107355864811
0 0.35182291666666665 0.4234592445328032 0.008854166666666666 0.015904572564612324
0 0.37916666666666665 0.43339960238568587 0.007291666666666667 0.011928429423459244
0 0.20651041666666667 0.44681908548707755 0.013020833333333334 0.020874751491053677
0 0.21848958333333332 0.4572564612326044 0.0109375 0.03180914512922465
0 0.3190104166666667 0.46272365805168986 0.03177083333333333 0.042743538767395624
0 0.4153645833333333 0.46073558648111335 0.015104166666666667 0.020874751491053677
0 0.48880208333333336 0.4691848906560636 0.011979166666666667 0.03180914512922465
0 0.2890625 0.4731610337972167 0.026041666666666668 0.03180914512922465
0 0.42135416666666664 0.4995029821073559 0.020833333333333332 0.032803180914512925
0 0.346875 0.4995029821073559 0.009375 0.030815109343936383
0 0.61484375 0.5019880715705766 0.0109375 0.02584493041749503
0 0.3346354166666667 0.4995029821073559 0.0046875 0.018886679920477135
0 0.40234375 0.5268389662027833 0.018229166666666668 0.039761431411530816
0 0.22135416666666666 0.525844930417495 0.01875 0.033797216699801194
0 0.3221354166666667 0.525844930417495 0.015104166666666667 0.027833001988071572
0 0.45364583333333336 0.5223658051689861 0.011458333333333333 0.012922465208747515
0 0.4671875 0.5546719681908548 0.0125 0.033797216699801194
0 0.3255208333333333 0.555168986083499 0.019791666666666666 0.0268389662027833
0 0.6283854166666667 0.5611332007952287 0.0078125 0.02882703777335984
0 0.3065104166666667 0.5710735586481114 0.013020833333333334 0.032803180914512925
0 0.5575520833333333 0.5785288270377733 0.0078125 0.027833001988071572
0 0.47630208333333335 0.5745526838966203 0.005729166666666666 0.017892644135188866
0 0.16276041666666666 0.6048707753479126 0.0140625 0.040755467196819085
0 0.33177083333333335 0.6003976143141153 0.014583333333333334 0.033797216699801194
0 0.4127604166666667 0.5989065606361829 0.015104166666666667 0.030815109343936383
0 0.63828125 0.5959244532803181 0.019270833333333334 0.012922465208747515
0 0.46067708333333335 0.6108349900596421 0.018229166666666668 0.020874751491053677
0 0.4744791666666667 0.6292246520874751 0.017708333333333333 0.02385685884691849
0 0.39739583333333334 0.6317097415506958 0.013541666666666667 0.020874751491053677
0 0.8322916666666667 0.6436381709741551 0.01875 0.020874751491053677
0 0.16458333333333333 0.6555666003976143 0.010416666666666666 0.0268389662027833
0 0.29375 0.6650099403578529 0.020833333333333332 0.02385685884691849
0 0.13151041666666666 0.6660039761431411 0.0067708333333333336 0.017892644135188866
0 0.4669270833333333 0.6754473161033797 0.021354166666666667 0.032803180914512925
0 0.49192708333333335 0.6774353876739563 0.0296875 0.036779324055666
0 0.41822916666666665 0.6789264413518886 0.0125 0.027833001988071572
0 0.378125 0.6804174950298211 0.007291666666666667 0.010934393638170975
0 0.39739583333333334 0.69831013916501 0.011458333333333333 0.02882703777335984
0 0.3765625 0.6988071570576541 0.016666666666666666 0.015904572564612324
0 0.34765625 0.6998011928429424 0.0067708333333333336 0.011928429423459244
0 0.42265625 0.7062624254473161 0.0078125 0.012922465208747515
0 0.41354166666666664 0.7137176938369781 0.0125 0.02385685884691849
0 0.5375 0.7107355864811133 0.017708333333333333 0.019880715705765408
0 0.484375 0.7251491053677932 0.0125 0.020874751491053677
0 0.3111979166666667 0.7365805168986084 0.030729166666666665 0.027833001988071572
0 0.09453125 0.7490059642147118 0.009895833333333333 0.042743538767395624
0 0.40703125 0.7420477137176938 0.0078125 0.02485089463220676
0 0.37838541666666664 0.7420477137176938 0.005729166666666666 0.014910536779324055
0 0.34791666666666665 0.7569582504970179 0.017708333333333333 0.030815109343936383
0 0.5328125 0.7624254473161034 0.009375 0.02982107355864811
0 0.56015625 0.7649105367793241 0.013020833333333334 0.02485089463220676
0 0.41119791666666666 0.7664015904572564 0.019270833333333334 0.02385685884691849
0 0.6653645833333334 0.775844930417495 0.021354166666666667 0.02882703777335984
0 0.31328125 0.7833001988071571 0.0171875 0.02584493041749503
0 0.25052083333333336 0.7917495029821073 0.022916666666666665 0.032803180914512925
0 0.44973958333333336 0.7882703777335984 0.005729166666666666 0.019880715705765408
0 0.45729166666666665 0.7997017892644135 0.007291666666666667 0.010934393638170975
0 0.004427083333333333 0.8598409542743539 0.008854166666666666 0.041749502982107355
0 0.41302083333333334 0.8926441351888668 0.00625 0.017892644135188866
0 0.44973958333333336 0.9572564612326043 0.0140625 0.02584493041749503