0 0.4671875 0.018886679920477135 0.009375 0.033797216699801194
0 0.5908854166666667 0.059145129224652086 0.011979166666666667 0.012922465208747515
0 0.4817708333333333 0.1073558648111332 0.00625 0.02982107355864811
0 0.029166666666666667 0.1242544731610338 0.015625 0.015904572564612324
0 0.278125 0.13618290258449303 0.00625 0.027833001988071572
0 0.465625 0.1625248508946322 0.014583333333333334 0.02485089463220676
0 0.578125 0.28578528827037775 0.009375 0.03876739562624255
0 0.59296875 0.2753479125248509 0.0046875 0.015904572564612324
0 0.09140625 0.31560636182902585 0.0171875 0.012922465208747515
0 0.5588541666666667 0.3225646123260437 0.007291666666666667 0.0268389662027833
0 0.3888020833333333 0.3320079522862823 0.013020833333333334 0.02584493041749503
0 0.29348958333333336 0.352882703777336 0.011979166666666667 0.011928429423459244
0 0.3653645833333333 0.37077534791252487 0.008854166666666666 0.027833001988071572
0 0.16223958333333333 0.37375745526838966 0.024479166666666666 0.02385685884691849
0 0.0375 0.38966202783300197 0.010416666666666666 0.02584493041749503
0 0.9140625 0.3871769383697813 0.0125 0.012922465208747515
0 0.09505208333333333 0.3966202783300199 0.022395833333333334 0.02186878727634195
0 0.3606770833333333 0.40159045725646125 0.009895833333333333 0.017892644135188866
0 0.48489583333333336 0.41600397614314116 0.0125 0.014910536779324055
0 0.546875 0.4304174950298211 0.017708333333333333 0.033797216699801194
0 0.9872395833333333 0.4532803180914513 0.0067708333333333336 0.027833001988071572
0 0.44166666666666665 0.4995029821073559 0.030208333333333334 0.04671968190854871
0 0.38984375 0.49403578528827036 0.008854166666666666 0.019880715705765408
0 0.45338541666666665 0.5173956262425448 0.011979166666666667 0.012922465208747515
0 0.16848958333333333 0.5372763419483101 0.021354166666666667 0.016898608349900597
0 0.39375 0.5601391650099403 0.016666666666666666 0.020874751491053677
0 0.3533854166666667 0.570079522862823 0.018229166666666668 0.018886679920477135
0 0.5401041666666667 0.5646123260437376 0.013541666666666667 0.009940357852882704
0 0.43359375 0.5830019880715706 0.016145833333333335 0.036779324055666
0 0.49114583333333334 0.5864811133200796 0.025 0.02982107355864811
0 0.3963541666666667 0.6078528827037774 0.010416666666666666 0.010934393638170975
0 0.49114583333333334 0.6158051689860835 0.011458333333333333 0.012922465208747515
0 0.3216145833333333 0.6292246520874751 0.0203125 0.03180914512922465
0 0.8872395833333333 0.6496023856858847 0.005729166666666666 0.030815109343936383
0 0.4942708333333333 0.6406560636182903 0.0125 0.010934393638170975
0 0.41770833333333335 0.6625248508946322 0.015625 0.014910536779324055
0 0.36432291666666666 0.6704771371769384 0.0140625 0.02286282306163022
0 0.4661458333333333 0.6709741550695825 0.011458333333333333 0.013916500994035786
0 0.5135416666666667 0.6714711729622267 0.011458333333333333 0.016898608349900597
0 0.46510416666666665 0.6998011928429424 0.004166666666666667 0.027833001988071572
0 0.18177083333333333 0.6943339960238568 0.00625 0.014910536779324055
0 0.3341145833333333 0.6938369781312127 0.013020833333333334 0.009940357852882704
0 0.6557291666666667 0.7127236580516899 0.0125 0.02186878727634195
0 0.37161458333333336 0.7142147117296223 0.013020833333333334 0.018886679920477135
0 0.30078125 0.7281312127236581 0.015104166666666667 0.014910536779324055
0 0.08020833333333334 0.7350894632206759 0.011458333333333333 0.02286282306163022
0 0.47630208333333335 0.7450298210735586 0.013020833333333334 0.02485089463220676
0 0.17083333333333334 0.7455268389662028 0.019791666666666666 0.015904572564612324
0 0.18489583333333334 0.768389662027833 0.016666666666666666 0.017892644135188866
0 0.24921875 0.7664015904572564 0.015104166666666667 0.009940357852882704
0 0.32057291666666665 0.7783300198807157 0.0046875 0.02385685884691849
0 0.47239583333333335 0.7892644135188867 0.013541666666666667 0.03180914512922465
0 0.44166666666666665 0.7922465208747514 0.011458333333333333 0.009940357852882704
0 0.3450520833333333 0.8966202783300199 0.009895833333333333 0.041749502982107355
0 0.35885416666666664 0.9025844930417495 0.007291666666666667 0.027833001988071572
0 0.7479166666666667 0.8966202783300199 0.009375 0.013916500994035786
0 0.24375 0.9174950298210736 0.009375 0.03578528827037773
0 0.3776041666666667 0.9179920477137177 0.005208333333333333 0.030815109343936383
0 0.4864583333333333 0.9269383697813122 0.005208333333333333 0.02882703777335984
0 0.28854166666666664 0.9428429423459245 0.014583333333333334 0.03876739562624255
0 0.17552083333333332 0.9577534791252486 0.015625 0.014910536779324055
0 0.35234375 0.9612326043737575 0.015104166666666667 0.019880715705765408
0 0.9901041666666667 0.974155069582505 0.009375 0.02982107355864811