0 0.9622395833333334 0.008946322067594433 0.0140625 0.017892644135188866
0 0.6583333333333333 0.05815109343936382 0.01875 0.016898608349900597
0 0.8255208333333334 0.07256461232604373 0.008333333333333333 0.011928429423459244
0 0.54921875 0.10039761431411531 0.011979166666666667 0.0437375745526839
0 0.63203125 0.1456262425447316 0.009895833333333333 0.014910536779324055
0 0.18880208333333334 0.17693836978131214 0.005729166666666666 0.033797216699801194
0 0.41067708333333336 0.18737574552683897 0.0067708333333333336 0.014910536779324055
0 0.965625 0.19532803180914513 0.016666666666666666 0.02286282306163022
0 0.27369791666666665 0.20029821073558648 0.008854166666666666 0.008946322067594433
0 0.5395833333333333 0.23658051689860835 0.009375 0.04572564612326044
0 0.09973958333333334 0.23508946322067595 0.018229166666666668 0.036779324055666
0 0.7984375 0.2544731610337972 0.010416666666666666 0.017892644135188866
0 0.81328125 0.26043737574552683 0.0078125 0.015904572564612324
0 0.7544270833333333 0.30069582504970177 0.024479166666666666 0.018886679920477135
0 0.6388020833333333 0.3190854870775348 0.0140625 0.009940357852882704
0 0.02890625 0.3240556660039761 0.008854166666666666 0.02186878727634195
0 0.91875 0.32803180914512925 0.007291666666666667 0.02186878727634195
0 0.98203125 0.35636182902584496 0.018229166666666668 0.02882703777335984
0 0.6200520833333333 0.37673956262425445 0.0046875 0.03180914512922465
0 0.49114583333333334 0.40159045725646125 0.007291666666666667 0.019880715705765408
0 0.5942708333333333 0.4274353876739563 0.010416666666666666 0.013916500994035786
0 0.95078125 0.43538767395626243 0.008854166666666666 0.009940357852882704
0 0.5611979166666666 0.4542743538767396 0.0046875 0.015904572564612324
0 0.9513020833333333 0.46520874751491054 0.0171875 0.013916500994035786
0 0.6098958333333333 0.47514910536779326 0.010416666666666666 0.017892644135188866
0 0.2765625 0.49353876739562624 0.019791666666666666 0.02286282306163022
0 0.7375 0.5203777335984096 0.007291666666666667 0.02485089463220676
0 0.24505208333333334 0.5318091451292246 0.011979166666666667 0.015904572564612324
0 0.04895833333333333 0.544234592445328 0.010416666666666666 0.018886679920477135
0 0.6161458333333333 0.5546719681908548 0.00625 0.015904572564612324
0 0.4119791666666667 0.5641153081510935 0.014583333333333334 0.02485089463220676
0 0.60078125 0.5750497017892644 0.016145833333333335 0.010934393638170975
0 0.9192708333333334 0.5894632206759444 0.010416666666666666 0.02186878727634195
0 0.7135416666666666 0.5909542743538767 0.007291666666666667 0.010934393638170975
0 0.9989583333333333 0.6242544731610338 0.0020833333333333333 0.04771371769383698
0 0.7151041666666667 0.6083499005964215 0.007291666666666667 0.009940357852882704
0 0.9505208333333334 0.6163021868787276 0.007291666666666667 0.019880715705765408
0 0.8302083333333333 0.617296222664016 0.013541666666666667 0.02186878727634195
0 0.5427083333333333 0.6297216699801192 0.00625 0.020874751491053677
0 0.58203125 0.6660039761431411 0.0046875 0.02584493041749503
0 0.0328125 0.6794234592445328 0.0125 0.030815109343936383
0 0.7934895833333333 0.6809145129224652 0.019270833333333334 0.015904572564612324
0 0.69921875 0.68389662027833 0.0109375 0.017892644135188866
0 0.7635416666666667 0.6973161033797217 0.020833333333333332 0.03479125248508946
0 0.06666666666666667 0.6898608349900597 0.015625 0.02186878727634195
0 0.99375 0.7002982107355865 0.0125 0.03479125248508946
0 0.6567708333333333 0.7256461232604374 0.008333333333333333 0.015904572564612324
0 0.8505208333333333 0.7345924453280318 0.01875 0.013916500994035786
0 0.9065104166666667 0.7370775347912525 0.011979166666666667 0.012922465208747515
0 0.9627604166666667 0.7410536779324056 0.0109375 0.014910536779324055
0 0.6984375 0.7420477137176938 0.00625 0.018886679920477135
0 0.11119791666666666 0.7445328031809145 0.0109375 0.017892644135188866
0 0.5151041666666667 0.7629224652087475 0.0125 0.006958250497017893
0 0.7427083333333333 0.7857852882703777 0.013541666666666667 0.018886679920477135
0 0.9333333333333333 0.7907554671968191 0.00625 0.012922465208747515
0 0.7963541666666667 0.8131212723658051 0.014583333333333334 0.017892644135188866
0 0.21692708333333333 0.8146123260437376 0.0067708333333333336 0.018886679920477135
0 0.9197916666666667 0.8170974155069582 0.009375 0.02186878727634195
0 0.54140625 0.8151093439363817 0.009895833333333333 0.013916500994035786
0 0.83125 0.8260437375745527 0.020833333333333332 0.02982107355864811
0 0.22135416666666666 0.8374751491053678 0.008333333333333333 0.02286282306163022
0 0.7643229166666666 0.8513916500994035 0.0109375 0.02286282306163022
0 0.17161458333333332 0.8906560636182903 0.018229166666666668 0.02584493041749503
0 0.10963541666666667 0.8876739562624254 0.009895833333333333 0.019880715705765408
0 0.8161458333333333 0.9826043737574552 0.00625 0.020874751491053677
0 0.6625 0.9895626242544732 0.005208333333333333 0.018886679920477135
0 0.4239583333333333 0.9920477137176938 0.007291666666666667 0.013916500994035786
0 0.4471354166666667 0.9935387673956262 0.005729166666666666 0.010934393638170975
0 0.0765625 0.9930417495029821 0.010416666666666666 0.011928429423459244