0 0.009895833333333333 0.020377733598409543 0.019791666666666666 0.040755467196819085
0 0.19869791666666667 0.005964214711729622 0.018229166666666668 0.011928429423459244
0 0.9934895833333334 0.018886679920477135 0.011979166666666667 0.02186878727634195
0 0.14427083333333332 0.023359840954274354 0.00625 0.02882703777335984
0 0.05416666666666667 0.03230616302186879 0.017708333333333333 0.02485089463220676
0 0.7325520833333333 0.04721669980119284 0.016145833333333335 0.0268389662027833
0 0.3033854166666667 0.04671968190854871 0.0171875 0.02186878727634195
0 0.8171875 0.05168986083499006 0.013541666666666667 0.02982107355864811
0 0.003125 0.04920477137176938 0.00625 0.014910536779324055
0 0.10755208333333334 0.05666003976143141 0.025520833333333333 0.027833001988071572
0 0.28619791666666666 0.06858846918489066 0.011979166666666667 0.027833001988071572
0 0.42630208333333336 0.09940357852882704 0.018229166666666668 0.02186878727634195
0 0.9010416666666666 0.10238568588469185 0.014583333333333334 0.019880715705765408
0 0.0033854166666666668 0.110337972166998 0.0067708333333333336 0.019880715705765408
0 0.04192708333333333 0.12276341948310139 0.005729166666666666 0.016898608349900597
0 0.4361979166666667 0.12872763419483102 0.015104166666666667 0.0268389662027833
0 0.9528645833333333 0.13320079522862824 0.009895833333333333 0.03578528827037773
0 0.029166666666666667 0.12872763419483102 0.011458333333333333 0.02286282306163022
0 0.7932291666666667 0.147117296222664 0.01875 0.05168986083499006
0 0.8830729166666667 0.15009940357852883 0.008854166666666666 0.02982107355864811
0 0.04869791666666667 0.15009940357852883 0.011979166666666667 0.02385685884691849
0 0.35104166666666664 0.17345924453280318 0.010416666666666666 0.032803180914512925
0 0.00703125 0.16451292246520874 0.0078125 0.012922465208747515
0 0.9546875 0.18687872763419483 0.021875 0.04771371769383698
0 0.5229166666666667 0.19383697813121273 0.019791666666666666 0.03578528827037773
0 0.16041666666666668 0.1963220675944334 0.009375 0.03479125248508946
0 0.6872395833333333 0.18290258449304175 0.0109375 0.009940357852882704
0 0.775 0.20725646123260438 0.008333333333333333 0.02485089463220676
0 0.21796875 0.2117296222664016 0.0109375 0.02584493041749503
0 0.07473958333333333 0.23260437375745527 0.022395833333333334 0.05964214711729622
0 0.6395833333333333 0.21520874751491054 0.008333333333333333 0.0268389662027833
0 0.76484375 0.23807157057654074 0.0234375 0.014910536779324055
0 0.7143229166666667 0.2529821073558648 0.0171875 0.016898608349900597
0 0.2520833333333333 0.2639165009940358 0.013541666666666667 0.016898608349900597
0 0.8260416666666667 0.26888667992047716 0.014583333333333334 0.020874751491053677
0 0.4153645833333333 0.27137176938369784 0.016145833333333335 0.02385685884691849
0 0.21796875 0.2788270377733598 0.0171875 0.032803180914512925
0 0.4908854166666667 0.26938369781312127 0.0140625 0.009940357852882704
0 0.47942708333333334 0.305168986083499 0.0203125 0.033797216699801194
0 0.057291666666666664 0.30467196819085485 0.023958333333333335 0.030815109343936383
0 0.44635416666666666 0.297713717693837 0.016666666666666666 0.014910536779324055
0 0.18177083333333333 0.3205765407554672 0.015625 0.048707753479125246
0 0.8231770833333333 0.3091451292246521 0.016145833333333335 0.019880715705765408
0 0.22552083333333334 0.3275347912524851 0.009375 0.048707753479125246
0 0.9140625 0.3190854870775348 0.0125 0.027833001988071572
0 0.9315104166666667 0.3384691848906561 0.0234375 0.048707753479125246
0 0.4552083333333333 0.33250497017892644 0.009375 0.032803180914512925
0 0.7596354166666667 0.3414512922465209 0.013020833333333334 0.010934393638170975
0 0.4083333333333333 0.3538767395626243 0.013541666666666667 0.02186878727634195
0 0.303125 0.36133200795228626 0.007291666666666667 0.02485089463220676
0 0.4161458333333333 0.37077534791252487 0.008333333333333333 0.013916500994035786
0 0.21588541666666666 0.38767395626242546 0.008854166666666666 0.03180914512922465
0 0.4002604166666667 0.3951292246520875 0.0067708333333333336 0.03479125248508946
0 0.1828125 0.3991053677932406 0.011458333333333333 0.03876739562624255
0 0.7869791666666667 0.3961232604373757 0.007291666666666667 0.012922465208747515
0 0.6432291666666666 0.3981113320079523 0.00625 0.014910536779324055
0 0.27447916666666666 0.42992047713717696 0.015625 0.036779324055666
0 0.32473958333333336 0.41699801192842945 0.009895833333333333 0.010934393638170975
0 0.425 0.4289264413518887 0.013541666666666667 0.032803180914512925
0 0.04088541666666667 0.42992047713717696 0.008854166666666666 0.0268389662027833
0 0.46822916666666664 0.4363817097415507 0.009375 0.033797216699801194
0 0.94140625 0.4383697813121272 0.022395833333333334 0.02385685884691849
0 0.5145833333333333 0.4423459244532803 0.010416666666666666 0.027833001988071572
0 0.35859375 0.46073558648111335 0.009895833333333333 0.040755467196819085
0 0.7067708333333333 0.44681908548707755 0.008333333333333333 0.012922465208747515
0 0.821875 0.4801192842942346 0.034375 0.05964214711729622
0 0.4791666666666667 0.47912524850894633 0.028125 0.039761431411530816
0 0.71484375 0.4721669980119284 0.009895833333333333 0.017892644135188866
0 0.44895833333333335 0.4831013916500994 0.01875 0.027833001988071572
0 0.09140625 0.4831013916500994 0.018229166666666668 0.02584493041749503
0 0.25390625 0.5099403578528827 0.0078125 0.013916500994035786
0 0.48489583333333336 0.5119284294234593 0.004166666666666667 0.017892644135188866
0 0.46067708333333335 0.5198807157057654 0.016145833333333335 0.02385685884691849
0 0.40729166666666666 0.5352882703777336 0.007291666666666667 0.04473161033797217
0 0.7697916666666667 0.5318091451292246 0.019791666666666666 0.02584493041749503
0 0.56171875 0.5382703777335984 0.019270833333333334 0.02286282306163022
0 0.6786458333333333 0.5362823061630219 0.016666666666666666 0.016898608349900597
0 0.5190104166666667 0.5447316103379721 0.011979166666666667 0.02385685884691849
0 0.35963541666666665 0.540258449304175 0.016145833333333335 0.010934393638170975
0 0.41458333333333336 0.558648111332008 0.00625 0.02385685884691849
0 0.3984375 0.5651093439363817 0.008333333333333333 0.032803180914512925
0 0.3260416666666667 0.5636182902584493 0.020833333333333332 0.02385685884691849
0 0.20026041666666666 0.5715705765407555 0.0140625 0.033797216699801194
0 0.5247395833333334 0.56610337972167 0.0171875 0.02485089463220676
0 0.4270833333333333 0.5934393638170974 0.007291666666666667 0.039761431411530816
0 0.24947916666666667 0.5924453280318092 0.011458333333333333 0.02584493041749503
0 0.38671875 0.5899602385685885 0.0078125 0.010934393638170975
0 0.41171875 0.5989065606361829 0.0078125 0.02882703777335984
0 0.55 0.5974155069582505 0.005208333333333333 0.019880715705765408
0 0.5609375 0.6078528827037774 0.009375 0.03876739562624255
0 0.40651041666666665 0.6267395626242545 0.0359375 0.05268389662027833
0 0.5052083333333334 0.6098409542743539 0.010416666666666666 0.014910536779324055
0 0.37161458333333336 0.6182902584493042 0.022395833333333334 0.02982107355864811
0 0.48125 0.6153081510934394 0.00625 0.015904572564612324
0 0.4859375 0.6371769383697813 0.009375 0.02584493041749503
0 0.5419270833333333 0.643141153081511 0.0067708333333333336 0.03777335984095427
0 0.3263020833333333 0.6505964214711729 0.0109375 0.032803180914512925
0 0.11848958333333333 0.6481113320079522 0.0265625 0.02186878727634195
0 0.4640625 0.6456262425447317 0.008333333333333333 0.014910536779324055
0 0.40130208333333334 0.6500994035785288 0.011979166666666667 0.011928429423459244
0 0.6481770833333333 0.6535785288270378 0.005729166666666666 0.020874751491053677
0 0.50859375 0.6595427435387674 0.008854166666666666 0.020874751491053677
0 0.21692708333333333 0.6600397614314115 0.0078125 0.011928429423459244
0 0.52265625 0.6749502982107356 0.015104166666666667 0.033797216699801194
0 0.3671875 0.6749502982107356 0.007291666666666667 0.019880715705765408
0 0.5846354166666666 0.6719681908548708 0.0171875 0.009940357852882704
0 0.44479166666666664 0.6853876739562624 0.008333333333333333 0.032803180914512925
0 0.02421875 0.6809145129224652 0.015104166666666667 0.019880715705765408
0 0.48854166666666665 0.6804174950298211 0.011458333333333333 0.012922465208747515
0 0.3875 0.68389662027833 0.021875 0.017892644135188866
0 0.43385416666666665 0.6848906560636183 0.007291666666666667 0.009940357852882704
0 0.7932291666666667 0.6918489065606361 0.0125 0.02584493041749503
0 0.84921875 0.6953280318091452 0.027604166666666666 0.030815109343936383
0 0.7565104166666666 0.6968190854870775 0.024479166666666666 0.027833001988071572
0 0.16927083333333334 0.7072564612326043 0.019791666666666666 0.032803180914512925
0 0.45625 0.6993041749502982 0.011458333333333333 0.012922465208747515
0 0.603125 0.7067594433399602 0.005208333333333333 0.02584493041749503
0 0.35625 0.7042743538767395 0.017708333333333333 0.010934393638170975
0 0.46927083333333336 0.7162027833001988 0.010416666666666666 0.02286282306163022
0 0.5963541666666666 0.7296222664015904 0.008333333333333333 0.03180914512922465
0 0.30520833333333336 0.7350894632206759 0.009375 0.03479125248508946
0 0.41458333333333336 0.73558648111332 0.007291666666666667 0.03180914512922465
0 0.6364583333333333 0.739065606361829 0.019791666666666666 0.018886679920477135
0 0.49895833333333334 0.7400596421471173 0.011458333333333333 0.012922465208747515
0 0.990625 0.7549701789264414 0.017708333333333333 0.036779324055666
0 0.3966145833333333 0.7763419483101391 0.0171875 0.02584493041749503
0 0.8385416666666666 0.7877733598409543 0.008333333333333333 0.014910536779324055
0 0.32369791666666664 0.808648111332008 0.015104166666666667 0.020874751491053677
0 0.10833333333333334 0.8190854870775348 0.023958333333333335 0.03180914512922465
0 0.42213541666666665 0.8106361829025845 0.016145833333333335 0.014910536779324055
0 0.35182291666666665 0.8339960238568589 0.013020833333333334 0.03578528827037773
0 0.46041666666666664 0.8305168986083499 0.020833333333333332 0.02286282306163022
0 0.91484375 0.8325049701789264 0.019270833333333334 0.0268389662027833
0 0.6302083333333334 0.8290258449304175 0.014583333333333334 0.013916500994035786
0 0.9921875 0.8364811133200796 0.009375 0.014910536779324055
0 0.008072916666666667 0.8489065606361829 0.016145833333333335 0.03777335984095427
0 0.39453125 0.845427435387674 0.0109375 0.018886679920477135
0 0.5419270833333333 0.9010934393638171 0.0203125 0.036779324055666
0 0.20104166666666667 0.8966202783300199 0.022916666666666665 0.02584493041749503
0 0.23541666666666666 0.9105367793240556 0.021875 0.02186878727634195
0 0.10442708333333334 0.9199801192842942 0.015104166666666667 0.032803180914512925
0 0.34817708333333336 0.9169980119284294 0.0234375 0.018886679920477135
0 0.0033854166666666668 0.9150099403578529 0.0067708333333333336 0.010934393638170975
0 0.1640625 0.9358846918489065 0.014583333333333334 0.016898608349900597
0 0.12317708333333334 0.9532803180914513 0.013020833333333334 0.039761431411530816
0 0.6067708333333334 0.9552683896620279 0.008333333333333333 0.02385685884691849
0 0.8208333333333333 0.9666998011928429 0.019791666666666666 0.020874751491053677
0 0.015625 0.9756461232604374 0.008333333333333333 0.03479125248508946
0 0.2989583333333333 0.9776341948310139 0.028125 0.03479125248508946
0 0.65546875 0.9711729622266402 0.022395833333333334 0.017892644135188866
0 0.43671875 0.9746520874751491 0.0171875 0.018886679920477135
0 0.4895833333333333 0.9835984095427436 0.0125 0.014910536779324055
0 0.6080729166666666 0.9806163021868787 0.0140625 0.008946322067594433
0 0.8458333333333333 0.9900596421471173 0.017708333333333333 0.017892644135188866