0 0.8294270833333334 0.176441351888668 0.009895833333333333 0.0268389662027833
0 0.6927083333333334 0.17047713717693838 0.015625 0.008946322067594433
0 0.6236979166666666 0.2982107355864811 0.005729166666666666 0.03777335984095427
0 0.7450520833333333 0.30168986083499005 0.016145833333333335 0.02286282306163022
0 0.7390625 0.37077534791252487 0.014583333333333334 0.019880715705765408
0 0.4114583333333333 0.43737574552683894 0.008333333333333333 0.02186878727634195
0 0.50703125 0.5352882703777336 0.0109375 0.02485089463220676
0 0.0171875 0.5372763419483101 0.015625 0.016898608349900597
0 0.36276041666666664 0.5372763419483101 0.011979166666666667 0.018886679920477135
0 0.18697916666666667 0.5750497017892644 0.017708333333333333 0.0268389662027833
0 0.4119791666666667 0.5755467196819085 0.0125 0.02584493041749503
0 0.6299479166666667 0.595427435387674 0.016145833333333335 0.019880715705765408
0 0.46328125 0.6058648111332008 0.009895833333333333 0.02286282306163022
0 0.6513020833333333 0.5999005964214712 0.018229166666666668 0.010934393638170975
0 0.6388020833333333 0.6336978131212724 0.0171875 0.0268389662027833
0 0.49453125 0.6406560636182903 0.013020833333333334 0.03876739562624255
0 0.765625 0.6366799204771372 0.004166666666666667 0.02485089463220676
0 0.33359375 0.6386679920477137 0.015104166666666667 0.018886679920477135
0 0.46015625 0.6481113320079522 0.021354166666666667 0.033797216699801194
0 0.45390625 0.6933399602385686 0.009895833333333333 0.03876739562624255
0 0.42213541666666665 0.6963220675944334 0.008854166666666666 0.02882703777335984
0 0.6955729166666667 0.7102385685884692 0.0078125 0.02882703777335984
0 0.44505208333333335 0.7634194831013916 0.013020833333333334 0.015904572564612324
0 0.42526041666666664 0.797713717693837 0.022395833333333334 0.05069582504970179
0 0.8734375 0.8106361829025845 0.017708333333333333 0.020874751491053677
0 0.39557291666666666 0.8499005964214712 0.0067708333333333336 0.02186878727634195
0 0.45807291666666666 0.8479125248508946 0.0140625 0.017892644135188866
0 0.4708333333333333 0.8558648111332008 0.008333333333333333 0.03578528827037773
0 0.4315104166666667 0.8593439363817097 0.018229166666666668 0.02485089463220676
0 0.6674479166666667 0.8648111332007953 0.013020833333333334 0.017892644135188866
0 0.415625 0.8911530815109344 0.0125 0.012922465208747515
0 0.18880208333333334 0.9239562624254473 0.022395833333333334 0.05666003976143141
0 0.42161458333333335 0.9184890656063618 0.015104166666666667 0.02385685884691849
0 0.41041666666666665 0.9676938369781312 0.017708333333333333 0.048707753479125246
0 0.4921875 0.9637176938369781 0.015625 0.018886679920477135