0 0.34375 0.03429423459244533 0.021875 0.06858846918489066
0 0.43802083333333336 0.009940357852882704 0.010416666666666666 0.019880715705765408
0 0.65703125 0.005964214711729622 0.0140625 0.011928429423459244
0 0.05364583333333333 0.008946322067594433 0.007291666666666667 0.011928429423459244
0 0.57265625 0.05069582504970179 0.019270833333333334 0.015904572564612324
0 0.9098958333333333 0.06560636182902585 0.014583333333333334 0.039761431411530816
0 0.5549479166666667 0.08151093439363817 0.015104166666666667 0.0536779324055666
0 0.51796875 0.08300198807157058 0.016145833333333335 0.03479125248508946
0 0.1984375 0.08797216699801193 0.014583333333333334 0.02286282306163022
0 0.53203125 0.11829025844930417 0.016145833333333335 0.02385685884691849
0 0.34739583333333335 0.11829025844930417 0.005208333333333333 0.013916500994035786
0 0.478125 0.12872763419483102 0.023958333333333335 0.020874751491053677
0 0.5041666666666667 0.16749502982107356 0.013541666666666667 0.018886679920477135
0 0.4890625 0.1794234592445328 0.008333333333333333 0.012922465208747515
0 0.53046875 0.18290258449304175 0.0067708333333333336 0.015904572564612324
0 0.8166666666666667 0.1863817097415507 0.022916666666666665 0.014910536779324055
0 0.5192708333333333 0.20328031809145128 0.013541666666666667 0.016898608349900597
0 0.465625 0.23856858846918488 0.017708333333333333 0.011928429423459244
0 0.37604166666666666 0.2524850894632207 0.010416666666666666 0.02982107355864811
0 0.55078125 0.29721669980119286 0.013020833333333334 0.03180914512922465
0 0.5739583333333333 0.3190854870775348 0.0125 0.04572564612326044
0 0.5192708333333333 0.34343936381709744 0.01875 0.04473161033797217
0 0.7109375 0.3374751491053678 0.014583333333333334 0.012922465208747515
0 0.92890625 0.3513916500994036 0.015104166666666667 0.02286282306163022
0 0.41640625 0.3474155069582505 0.0078125 0.012922465208747515
0 0.5825520833333333 0.3682902584493042 0.018229166666666668 0.04473161033797217
0 0.40182291666666664 0.3827037773359841 0.0203125 0.02186878727634195
0 0.43385416666666665 0.38817097415506957 0.027083333333333334 0.030815109343936383
0 0.4953125 0.38469184890656066 0.0125 0.009940357852882704
0 0.625 0.40308151093439365 0.008333333333333333 0.030815109343936383
0 0.38671875 0.40556660039761433 0.0109375 0.02982107355864811
0 0.5893229166666667 0.4115308151093439 0.0171875 0.02982107355864811
0 0.41432291666666665 0.4120278330019881 0.021354166666666667 0.020874751491053677
0 0.8143229166666667 0.4179920477137177 0.019270833333333334 0.0268389662027833
0 0.47239583333333335 0.43588469184890655 0.010416666666666666 0.040755467196819085
0 0.5375 0.42296222664015903 0.00625 0.012922465208747515
0 0.58984375 0.43339960238568587 0.008854166666666666 0.019880715705765408
0 0.56640625 0.4433399602385686 0.022395833333333334 0.033797216699801194
0 0.7088541666666667 0.4562624254473161 0.046875 0.02982107355864811
0 0.6567708333333333 0.452286282306163 0.014583333333333334 0.017892644135188866
0 0.51796875 0.4507952286282306 0.0109375 0.010934393638170975
0 0.06432291666666666 0.47365805168986086 0.013020833333333334 0.036779324055666
0 0.19270833333333334 0.47813121272365805 0.0125 0.03777335984095427
0 0.5182291666666666 0.47514910536779326 0.0125 0.02584493041749503
0 0.4953125 0.4835984095427435 0.011458333333333333 0.02485089463220676
0 0.49765625 0.5099403578528827 0.015104166666666667 0.02982107355864811
0 0.6197916666666666 0.5094433399602386 0.010416666666666666 0.030815109343936383
0 0.49765625 0.5422465208747514 0.011979166666666667 0.016898608349900597
0 0.54765625 0.5521868787276342 0.013020833333333334 0.014910536779324055
0 0.8921875 0.5666003976143141 0.01875 0.027833001988071572
0 0.26640625 0.5765407554671969 0.013020833333333334 0.03777335984095427
0 0.41744791666666664 0.56610337972167 0.0067708333333333336 0.014910536779324055
0 0.5200520833333333 0.6018886679920478 0.011979166666666667 0.02882703777335984
0 0.6302083333333334 0.6123260437375746 0.005208333333333333 0.033797216699801194
0 0.5630208333333333 0.6182902584493042 0.009375 0.02584493041749503
0 0.578125 0.6202783300198808 0.008333333333333333 0.027833001988071572
0 0.9341145833333333 0.6252485089463221 0.0234375 0.033797216699801194
0 0.6143229166666667 0.632703777335984 0.022395833333333334 0.02286282306163022
0 0.68828125 0.6317097415506958 0.018229166666666668 0.010934393638170975
0 0.55 0.6496023856858847 0.017708333333333333 0.030815109343936383
0 0.5286458333333334 0.647117296222664 0.009375 0.011928429423459244
0 0.5166666666666667 0.6505964214711729 0.007291666666666667 0.010934393638170975
0 0.39765625 0.6570576540755467 0.0203125 0.017892644135188866
0 0.19270833333333334 0.7077534791252486 0.013541666666666667 0.017892644135188866
0 0.5763020833333333 0.7465208747514911 0.0203125 0.05168986083499006
0 0.06510416666666667 0.7654075546719682 0.015625 0.0437375745526839
0 0.9588541666666667 0.760934393638171 0.025 0.030815109343936383
0 0.44583333333333336 0.7678926441351889 0.014583333333333334 0.036779324055666
0 0.6109375 0.757455268389662 0.017708333333333333 0.013916500994035786
0 0.415625 0.7798210735586482 0.0125 0.02882703777335984
0 0.46458333333333335 0.7803180914512923 0.015625 0.02982107355864811
0 0.6638020833333333 0.8180914512922465 0.0109375 0.02186878727634195
0 0.31015625 0.8305168986083499 0.0109375 0.03479125248508946
0 0.22578125 0.8285288270377733 0.019270833333333334 0.014910536779324055
0 0.6263020833333334 0.8439363817097415 0.0078125 0.0437375745526839
0 0.42213541666666665 0.8434393638170974 0.0109375 0.036779324055666
0 0.47734375 0.8543737574552683 0.0078125 0.036779324055666
0 0.4354166666666667 0.8593439363817097 0.0125 0.03479125248508946
0 0.32916666666666666 0.8653081510934394 0.030208333333333334 0.03479125248508946
0 0.39765625 0.8682902584493042 0.0046875 0.036779324055666
0 0.22942708333333334 0.8707753479125249 0.021354166666666667 0.027833001988071572
0 0.9901041666666667 0.8722664015904572 0.01875 0.02485089463220676
0 0.5984375 0.885685884691849 0.007291666666666667 0.03578528827037773
0 0.6424479166666667 0.904572564612326 0.013020833333333334 0.033797216699801194
0 0.5072916666666667 0.8981113320079522 0.011458333333333333 0.016898608349900597
0 0.4979166666666667 0.9363817097415507 0.008333333333333333 0.04572564612326044
0 0.47994791666666664 0.9443339960238568 0.0109375 0.03777335984095427
0 0.36223958333333334 0.9860834990059643 0.0078125 0.02584493041749503