0 0.19036458333333334 0.006958250497017893 0.021354166666666667 0.013916500994035786
0 0.38645833333333335 0.03330019880715706 0.01875 0.02882703777335984
0 0.2591145833333333 0.0536779324055666 0.019270833333333334 0.019880715705765408
0 0.03854166666666667 0.07256461232604373 0.026041666666666668 0.033797216699801194
0 0.6828125 0.06312127236580517 0.007291666666666667 0.014910536779324055
0 0.7549479166666667 0.0959244532803181 0.009895833333333333 0.040755467196819085
0 0.3966145833333333 0.20974155069582506 0.011979166666666667 0.013916500994035786
0 0.025520833333333333 0.22415506958250497 0.014583333333333334 0.014910536779324055
0 0.4010416666666667 0.24602385685884692 0.007291666666666667 0.0268389662027833
0 0.33619791666666665 0.25745526838966204 0.0067708333333333336 0.015904572564612324
0 0.37005208333333334 0.33250497017892644 0.0067708333333333336 0.020874751491053677
0 0.5572916666666666 0.3533797216699801 0.004166666666666667 0.02485089463220676
0 0.5177083333333333 0.36182902584493043 0.007291666666666667 0.015904572564612324
0 0.43515625 0.3687872763419483 0.009895833333333333 0.011928429423459244
0 0.91171875 0.3961232604373757 0.018229166666666668 0.030815109343936383
0 0.3494791666666667 0.4000994035785288 0.009375 0.010934393638170975
0 0.228125 0.42992047713717696 0.015625 0.008946322067594433
0 0.359375 0.4378727634194831 0.008333333333333333 0.014910536779324055
0 0.5390625 0.44582504970178927 0.00625 0.02286282306163022
0 0.5721354166666667 0.455765407554672 0.0067708333333333336 0.042743538767395624
0 0.50703125 0.47713717693836977 0.018229166666666668 0.04771371769383698
0 0.434375 0.4865805168986084 0.008333333333333333 0.02286282306163022
0 0.36770833333333336 0.5084493041749503 0.005208333333333333 0.02485089463220676
0 0.5341145833333333 0.6282306163021869 0.0140625 0.015904572564612324
0 0.4036458333333333 0.632703777335984 0.017708333333333333 0.018886679920477135
0 0.9625 0.635685884691849 0.010416666666666666 0.016898608349900597
0 0.4205729166666667 0.6446322067594433 0.0078125 0.030815109343936383
0 0.6768229166666667 0.6476143141153081 0.016145833333333335 0.03479125248508946
0 0.3125 0.6833996023856859 0.026041666666666668 0.014910536779324055
0 0.35651041666666666 0.7152087475149106 0.0109375 0.020874751491053677
0 0.36796875 0.7191848906560636 0.009895833333333333 0.02882703777335984
0 0.3723958333333333 0.7664015904572564 0.009375 0.015904572564612324
0 0.33541666666666664 0.790258449304175 0.013541666666666667 0.03777335984095427
0 0.24791666666666667 0.7847912524850894 0.013541666666666667 0.012922465208747515
0 0.61875 0.8096421471172962 0.005208333333333333 0.016898608349900597
0 0.53359375 0.8374751491053678 0.016145833333333335 0.02286282306163022
0 0.35104166666666664 0.8846918489065606 0.011458333333333333 0.013916500994035786
0 0.44453125 0.9075546719681908 0.0265625 0.027833001988071572
0 0.29713541666666665 0.9030815109343936 0.011979166666666667 0.012922465208747515
0 0.3828125 0.9100397614314115 0.014583333333333334 0.020874751491053677
0 0.3921875 0.9383697813121272 0.004166666666666667 0.03777335984095427
0 0.15338541666666666 0.9517892644135189 0.0078125 0.008946322067594433
0 0.29973958333333334 0.9657057654075547 0.009895833333333333 0.016898608349900597