0 0.33177083333333335 0.0044731610337972166 0.022916666666666665 0.004970178926441352
0 0.37005208333333334 0.0044731610337972166 0.027604166666666666 0.004970178926441352
0 0.40286458333333336 0.004970178926441352 0.03177083333333333 0.005964214711729622
0 0.43255208333333334 0.0044731610337972166 0.021354166666666667 0.004970178926441352
0 0.4674479166666667 0.003976143141153081 0.019270833333333334 0.003976143141153081
0 0.49557291666666664 0.003976143141153081 0.025520833333333333 0.003976143141153081
0 0.5494791666666666 0.003976143141153081 0.034375 0.003976143141153081
0 0.5893229166666667 0.003976143141153081 0.0296875 0.003976143141153081
0 0.6411458333333333 0.0044731610337972166 0.026041666666666668 0.004970178926441352
0 0.6658854166666667 0.004970178926441352 0.0171875 0.005964214711729622
0 0.7078125 0.003976143141153081 0.01875 0.003976143141153081
0 0.7846354166666667 0.004970178926441352 0.06927083333333334 0.005964214711729622
0 0.9984375 0.5680914512922465 0.0020833333333333333 0.25745526838966204
0 0.9981770833333333 0.8682902584493042 0.0026041666666666665 0.030815109343936383
0 0.9981770833333333 0.9423459244532804 0.0026041666666666665 0.1073558648111332