0 0.5125 0.008449304174950299 0.027083333333333334 0.016898608349900597
0 0.14817708333333332 0.03827037773359841 0.0203125 0.0268389662027833
0 0.5151041666666667 0.05268389662027833 0.00625 0.011928429423459244
0 0.09322916666666667 0.06809145129224652 0.0125 0.018886679920477135
0 0.21979166666666666 0.11182902584493042 0.025 0.032803180914512925
0 0.14791666666666667 0.11133200795228629 0.010416666666666666 0.02584493041749503
0 0.5276041666666667 0.13021868787276342 0.013541666666666667 0.019880715705765408
0 0.14140625 0.14512922465208747 0.0078125 0.013916500994035786
0 0.45598958333333334 0.15755467196819087 0.018229166666666668 0.0268389662027833
0 0.2877604166666667 0.16998011928429424 0.0140625 0.02385685884691849
0 0.20052083333333334 0.17196819085487078 0.007291666666666667 0.019880715705765408
0 0.18671875 0.18141153081510936 0.024479166666666666 0.02485089463220676
0 0.22239583333333332 0.18190854870775347 0.00625 0.015904572564612324
0 0.16614583333333333 0.19483101391650098 0.01875 0.033797216699801194
0 0.19270833333333334 0.21123260437375746 0.007291666666666667 0.020874751491053677
0 0.21458333333333332 0.23658051689860835 0.010416666666666666 0.02186878727634195
0 0.40286458333333336 0.25646123260437376 0.0078125 0.02186878727634195
0 0.030729166666666665 0.2614314115308151 0.010416666666666666 0.011928429423459244
0 0.0609375 0.3071570576540755 0.01875 0.02982107355864811
0 0.04401041666666667 0.3503976143141153 0.0109375 0.008946322067594433
0 0.04921875 0.42445328031809143 0.0109375 0.017892644135188866
0 0.5390625 0.45278330019880714 0.005208333333333333 0.0268389662027833
0 0.6703125 0.470675944333996 0.0125 0.03876739562624255
0 0.7643229166666666 0.47912524850894633 0.009895833333333333 0.02186878727634195
0 0.07161458333333333 0.5004970178926441 0.0109375 0.030815109343936383
0 0.9817708333333334 0.5208747514910537 0.0125 0.013916500994035786
0 0.79765625 0.5253479125248509 0.0109375 0.018886679920477135
0 0.42682291666666666 0.5651093439363817 0.011979166666666667 0.020874751491053677
0 0.7052083333333333 0.6247514910536779 0.015625 0.010934393638170975
0 0.89296875 0.6814115308151093 0.011979166666666667 0.020874751491053677
0 0.9075520833333334 0.7206759443339961 0.025520833333333333 0.061630218687872766
0 0.5416666666666666 0.7554671968190855 0.009375 0.013916500994035786
0 0.1375 0.7813121272365805 0.009375 0.013916500994035786
0 0.11640625 0.7917495029821073 0.011979166666666667 0.016898608349900597
0 0.9716145833333333 0.8305168986083499 0.016145833333333335 0.02485089463220676
0 0.39401041666666664 0.8379721669980119 0.011979166666666667 0.013916500994035786
0 0.509375 0.8469184890656064 0.007291666666666667 0.015904572564612324
0 0.00546875 0.8583499005964215 0.009895833333333333 0.020874751491053677
0 0.5 0.8578528827037774 0.008333333333333333 0.015904572564612324
0 0.28671875 0.8608349900596421 0.0067708333333333336 0.017892644135188866
0 0.29609375 0.8752485089463221 0.022395833333333334 0.03479125248508946
0 0.03854166666666667 0.8697813121272365 0.016666666666666666 0.011928429423459244
0 0.007291666666666667 0.885685884691849 0.008333333333333333 0.02584493041749503
0 0.31927083333333334 0.8871769383697813 0.016666666666666666 0.014910536779324055
0 0.42994791666666665 0.8961232604373758 0.013020833333333334 0.018886679920477135
0 0.5997395833333333 0.9090457256461233 0.008854166666666666 0.030815109343936383
0 0.48776041666666664 0.9035785288270378 0.011979166666666667 0.015904572564612324
0 0.29453125 0.9100397614314115 0.019270833333333334 0.02485089463220676
0 0.62890625 0.9244532803180915 0.008854166666666666 0.03180914512922465
0 0.47942708333333334 0.9324055666003976 0.009895833333333333 0.017892644135188866
0 0.5111979166666667 0.9329025844930418 0.0109375 0.010934393638170975
0 0.42604166666666665 0.9408548707753479 0.007291666666666667 0.014910536779324055
0 0.3546875 0.9463220675944334 0.008333333333333333 0.019880715705765408
0 0.03177083333333333 0.9637176938369781 0.014583333333333334 0.016898608349900597
0 0.5364583333333334 0.9686878727634195 0.011458333333333333 0.014910536779324055
0 0.45286458333333335 0.9821073558648111 0.008854166666666666 0.019880715705765408
0 0.011979166666666667 0.9915506958250497 0.014583333333333334 0.014910536779324055
0 0.1046875 0.992544731610338 0.017708333333333333 0.012922465208747515