0 0.99140625 0.01242544731610338 0.016145833333333335 0.02485089463220676
0 0.04192708333333333 0.040755467196819085 0.009895833333333333 0.03180914512922465
0 0.25286458333333334 0.04671968190854871 0.0203125 0.027833001988071572
0 0.5979166666666667 0.053180914512922464 0.011458333333333333 0.030815109343936383
0 0.4083333333333333 0.05765407554671968 0.010416666666666666 0.009940357852882704
0 0.9005208333333333 0.10636182902584493 0.016666666666666666 0.015904572564612324
0 0.38828125 0.13071570576540756 0.0328125 0.040755467196819085
0 0.5643229166666667 0.12375745526838966 0.019270833333333334 0.016898608349900597
0 0.3984375 0.1426441351888668 0.019791666666666666 0.016898608349900597
0 0.471875 0.16202783300198806 0.01875 0.019880715705765408
0 0.36666666666666664 0.1679920477137177 0.0125 0.019880715705765408
0 0.540625 0.18290258449304175 0.010416666666666666 0.02982107355864811
0 0.30755208333333334 0.19731610337972166 0.028645833333333332 0.02286282306163022
0 0.5822916666666667 0.20377733598409542 0.00625 0.03180914512922465
0 0.5122395833333333 0.23210735586481113 0.018229166666666668 0.032803180914512925
0 0.5591145833333333 0.23111332007952287 0.016145833333333335 0.02882703777335984
0 0.09244791666666667 0.24055666003976142 0.009895833333333333 0.03180914512922465
0 0.13125 0.2360834990059642 0.009375 0.020874751491053677
0 0.40286458333333336 0.24502982107355864 0.021354166666666667 0.02882703777335984
0 0.16770833333333332 0.24751491053677932 0.007291666666666667 0.03180914512922465
0 0.14921875 0.2400596421471173 0.0078125 0.012922465208747515
0 0.48932291666666666 0.24502982107355864 0.008854166666666666 0.02286282306163022
0 0.2513020833333333 0.26938369781312127 0.019270833333333334 0.04970178926441352
0 0.55234375 0.2698807157057654 0.013020833333333334 0.03876739562624255
0 0.8768229166666667 0.2738568588469185 0.0109375 0.042743538767395624
0 0.012239583333333333 0.2783300198807157 0.024479166666666666 0.041749502982107355
0 0.53203125 0.27485089463220674 0.0140625 0.03479125248508946
0 0.7565104166666666 0.2828031809145129 0.018229166666666668 0.02882703777335984
0 0.3338541666666667 0.28727634194831014 0.008333333333333333 0.02584493041749503
0 0.5651041666666666 0.308648111332008 0.013541666666666667 0.030815109343936383
0 0.16354166666666667 0.305168986083499 0.007291666666666667 0.015904572564612324
0 0.15494791666666666 0.3121272365805169 0.0067708333333333336 0.013916500994035786
0 0.36614583333333334 0.334493041749503 0.00625 0.032803180914512925
0 0.25390625 0.3334990059642147 0.0109375 0.0268389662027833
0 0.5466145833333333 0.33250497017892644 0.0067708333333333336 0.012922465208747515
0 0.5377604166666666 0.3334990059642147 0.0078125 0.012922465208747515
0 0.08645833333333333 0.3404572564612326 0.017708333333333333 0.018886679920477135
0 0.39166666666666666 0.352882703777336 0.015625 0.039761431411530816
0 0.41302083333333334 0.3429423459244533 0.020833333333333332 0.017892644135188866
0 0.3177083333333333 0.34840954274353875 0.020833333333333332 0.02485089463220676
0 0.5484375 0.3742544731610338 0.0125 0.040755467196819085
0 0.3341145833333333 0.3841948310139165 0.0140625 0.036779324055666
0 0.46822916666666664 0.3851888667992048 0.005208333333333333 0.020874751491053677
0 0.48984375 0.38916500994035785 0.016145833333333335 0.010934393638170975
0 0.6302083333333334 0.39214711729622265 0.008333333333333333 0.010934393638170975
0 0.61875 0.3981113320079523 0.010416666666666666 0.012922465208747515
0 0.6033854166666667 0.40904572564612324 0.0203125 0.030815109343936383
0 0.35234375 0.4179920477137177 0.015104166666666667 0.04671968190854871
0 0.6721354166666667 0.4100397614314115 0.0140625 0.02882703777335984
0 0.31979166666666664 0.40755467196819084 0.013541666666666667 0.015904572564612324
0 0.2635416666666667 0.426441351888668 0.023958333333333335 0.0437375745526839
0 0.5002604166666667 0.4194831013916501 0.025520833333333333 0.019880715705765408
0 0.3059895833333333 0.43141153081510936 0.013020833333333334 0.02584493041749503
0 0.784375 0.4289264413518887 0.019791666666666666 0.020874751491053677
0 0.3390625 0.45974155069582506 0.035416666666666666 0.05467196819085487
0 0.45416666666666666 0.441351888667992 0.00625 0.011928429423459244
0 0.21901041666666668 0.44880715705765406 0.015104166666666667 0.02485089463220676
0 0.084375 0.45029821073558646 0.007291666666666667 0.02385685884691849
0 0.28229166666666666 0.4463220675944334 0.007291666666666667 0.013916500994035786
0 0.20286458333333332 0.4577534791252485 0.0109375 0.02882703777335984
0 0.4671875 0.44831013916500995 0.008333333333333333 0.011928429423459244
0 0.5088541666666667 0.4587475149105368 0.01875 0.020874751491053677
0 0.39817708333333335 0.5019880715705766 0.019270833333333334 0.09741550695825049
0 0.37552083333333336 0.4870775347912525 0.017708333333333333 0.04970178926441352
0 0.29921875 0.4855864811133201 0.0078125 0.014910536779324055
0 0.3138020833333333 0.4850894632206759 0.008854166666666666 0.013916500994035786
0 0.35208333333333336 0.5069582504970179 0.016666666666666666 0.04771371769383698
0 0.7770833333333333 0.4900596421471173 0.016666666666666666 0.015904572564612324
0 0.25338541666666664 0.4990059642147117 0.025520833333333333 0.02385685884691849
0 0.4973958333333333 0.5193836978131213 0.0125 0.036779324055666
0 0.5127604166666667 0.510934393638171 0.016145833333333335 0.017892644135188866
0 0.22083333333333333 0.5203777335984096 0.022916666666666665 0.018886679920477135
0 0.34609375 0.5253479125248509 0.013020833333333334 0.0268389662027833
0 0.3143229166666667 0.5342942345924453 0.018229166666666668 0.018886679920477135
0 0.37994791666666666 0.547713717693837 0.015104166666666667 0.0437375745526839
0 0.013802083333333333 0.5422465208747514 0.0078125 0.010934393638170975
0 0.04739583333333333 0.5511928429423459 0.027083333333333334 0.02882703777335984
0 0.79453125 0.547713717693837 0.009895833333333333 0.019880715705765408
0 0.58984375 0.5526838966202783 0.0109375 0.02385685884691849
0 0.365625 0.5715705765407555 0.013541666666666667 0.041749502982107355
0 0.011458333333333333 0.5705765407554672 0.022916666666666665 0.03578528827037773
0 0.19244791666666666 0.5685884691848907 0.0203125 0.027833001988071572
0 0.08046875 0.5725646123260437 0.021354166666666667 0.02584493041749503
0 0.215625 0.5740556660039762 0.017708333333333333 0.02882703777335984
0 0.68984375 0.570079522862823 0.021354166666666667 0.016898608349900597
0 0.3234375 0.5760437375745527 0.015625 0.02485089463220676
0 0.34036458333333336 0.5780318091451292 0.015104166666666667 0.02882703777335984
0 0.05625 0.6153081510934394 0.025 0.055666003976143144
0 0.16197916666666667 0.5964214711729622 0.017708333333333333 0.013916500994035786
0 0.203125 0.6098409542743539 0.014583333333333334 0.0268389662027833
0 0.17161458333333332 0.6237574552683897 0.0203125 0.02286282306163022
0 0.92421875 0.6322067594433399 0.011979166666666667 0.03578528827037773
0 0.3966145833333333 0.6446322067594433 0.016145833333333335 0.016898608349900597
0 0.29765625 0.6600397614314115 0.009895833333333333 0.02982107355864811
0 0.0578125 0.6739562624254473 0.014583333333333334 0.02982107355864811
0 0.41510416666666666 0.6804174950298211 0.027083333333333334 0.03876739562624255
0 0.11302083333333333 0.6958250497017893 0.015625 0.027833001988071572
0 0.4796875 0.6933399602385686 0.017708333333333333 0.010934393638170975
0 0.3145833333333333 0.705765407554672 0.019791666666666666 0.015904572564612324
0 0.3958333333333333 0.7082504970178927 0.0125 0.012922465208747515
0 0.24635416666666668 0.7385685884691849 0.01875 0.05168986083499006
0 0.70234375 0.7196819085487077 0.016145833333333335 0.011928429423459244
0 0.0484375 0.7251491053677932 0.021875 0.014910536779324055
0 0.4080729166666667 0.7445328031809145 0.011979166666666667 0.033797216699801194
0 0.7174479166666666 0.7375745526838966 0.0140625 0.02186878727634195
0 0.053385416666666664 0.7490059642147118 0.008854166666666666 0.030815109343936383
0 0.43697916666666664 0.7539761431411531 0.008333333333333333 0.036779324055666
0 0.22578125 0.7450298210735586 0.008854166666666666 0.012922465208747515
0 0.21484375 0.7549701789264414 0.011979166666666667 0.02286282306163022
0 0.6924479166666667 0.7564612326043738 0.0067708333333333336 0.013916500994035786
0 0.013020833333333334 0.7718687872763419 0.007291666666666667 0.016898608349900597
0 0.21171875 0.8091451292246521 0.025520833333333333 0.05964214711729622
0 0.08177083333333333 0.8011928429423459 0.019791666666666666 0.02982107355864811
0 0.44453125 0.8021868787276342 0.022395833333333334 0.019880715705765408
0 0.57109375 0.8250497017892644 0.0067708333333333336 0.03777335984095427
0 0.6075520833333333 0.841948310139165 0.0078125 0.0536779324055666
0 0.3338541666666667 0.8399602385685885 0.023958333333333335 0.03578528827037773
0 0.30963541666666666 0.8394632206759444 0.0067708333333333336 0.030815109343936383
0 0.5565104166666667 0.8449304174950298 0.0109375 0.03777335984095427
0 0.7140625 0.8414512922465208 0.015625 0.030815109343936383
0 0.4786458333333333 0.8588469184890656 0.016666666666666666 0.02584493041749503
0 0.5018229166666667 0.8722664015904572 0.016145833333333335 0.04671968190854871
0 0.5815104166666667 0.8598409542743539 0.0171875 0.019880715705765408
0 0.6994791666666667 0.8966202783300199 0.014583333333333334 0.019880715705765408
0 0.42682291666666666 0.9020874751491054 0.0078125 0.02882703777335984
0 0.20755208333333333 0.9194831013916501 0.033854166666666664 0.041749502982107355
0 0.23697916666666666 0.9085487077534792 0.020833333333333332 0.017892644135188866
0 0.6065104166666667 0.9259443339960238 0.013020833333333334 0.0268389662027833
0 0.41328125 0.9343936381709742 0.015104166666666667 0.015904572564612324
0 0.49453125 0.9443339960238568 0.0140625 0.033797216699801194
0 0.94296875 0.9756461232604374 0.0203125 0.0268389662027833
0 0.203125 0.9835984095427436 0.015625 0.030815109343936383
0 0.6057291666666667 0.9831013916500994 0.017708333333333333 0.013916500994035786
0 0.4440104166666667 0.9895626242544732 0.0203125 0.018886679920477135