0 0.33177083333333335 0.01441351888667992 0.008333333333333333 0.014910536779324055
0 0.615625 0.016898608349900597 0.010416666666666666 0.019880715705765408
0 0.7229166666666667 0.033797216699801194 0.014583333333333334 0.0437375745526839
0 0.15390625 0.06809145129224652 0.011979166666666667 0.012922465208747515
0 0.40390625 0.073558648111332 0.011979166666666667 0.02186878727634195
0 0.53203125 0.07952286282306163 0.008854166666666666 0.02982107355864811
0 0.32265625 0.11182902584493042 0.005729166666666666 0.030815109343936383
0 0.89765625 0.11878727634194831 0.011979166666666667 0.042743538767395624
0 0.35260416666666666 0.14512922465208747 0.010416666666666666 0.03777335984095427
0 0.48046875 0.16848906560636182 0.015104166666666667 0.030815109343936383
0 0.22421875 0.1918489065606362 0.011979166666666667 0.03578528827037773
0 0.6596354166666667 0.1908548707753479 0.005729166666666666 0.033797216699801194
0 0.3541666666666667 0.20178926441351888 0.020833333333333332 0.02584493041749503
0 0.24192708333333332 0.20079522862823063 0.0171875 0.02186878727634195
0 0.38619791666666664 0.1993041749502982 0.0109375 0.012922465208747515
0 0.8591145833333333 0.21520874751491054 0.0203125 0.02485089463220676
0 0.74375 0.23757455268389663 0.016666666666666666 0.04572564612326044
0 0.3963541666666667 0.23161033797216699 0.014583333333333334 0.017892644135188866
0 0.9947916666666666 0.24652087475149106 0.009375 0.011928429423459244
0 0.8596354166666667 0.26888667992047716 0.018229166666666668 0.030815109343936383
0 0.82421875 0.2982107355864811 0.0140625 0.0437375745526839
0 0.3619791666666667 0.3489065606361829 0.016666666666666666 0.03578528827037773
0 0.21354166666666666 0.3702783300198807 0.009375 0.048707753479125246
0 0.3567708333333333 0.4135188866799205 0.008333333333333333 0.027833001988071572
0 0.42239583333333336 0.46322067594433397 0.016666666666666666 0.013916500994035786
0 0.646875 0.5139165009940357 0.017708333333333333 0.017892644135188866
0 0.46901041666666665 0.5536779324055666 0.0140625 0.03180914512922465
0 0.23932291666666666 0.5601391650099403 0.013020833333333334 0.0268389662027833
0 0.44583333333333336 0.5611332007952287 0.016666666666666666 0.02286282306163022
0 0.47708333333333336 0.5839960238568589 0.009375 0.020874751491053677
0 0.3984375 0.5924453280318092 0.009375 0.03180914512922465
0 0.7205729166666667 0.5834990059642147 0.015104166666666667 0.009940357852882704
0 0.3841145833333333 0.610337972166998 0.015104166666666667 0.0536779324055666
0 0.41796875 0.6023856858846919 0.005729166666666666 0.02186878727634195
0 0.40182291666666664 0.6630218687872763 0.028645833333333332 0.0874751491053678
0 0.371875 0.6461232604373758 0.026041666666666668 0.041749502982107355
0 0.31796875 0.6406560636182903 0.0171875 0.012922465208747515
0 0.6059895833333333 0.6630218687872763 0.011979166666666667 0.03180914512922465
0 0.44869791666666664 0.709741550695825 0.0140625 0.011928429423459244
0 0.37734375 0.7216699801192843 0.0140625 0.02584493041749503
0 0.5302083333333333 0.7311133200795229 0.013541666666666667 0.02882703777335984
0 0.30885416666666665 0.7331013916500994 0.015625 0.016898608349900597
0 0.14661458333333333 0.7589463220675944 0.0265625 0.030815109343936383
0 0.43072916666666666 0.7509940357852882 0.007291666666666667 0.014910536779324055
0 0.40520833333333334 0.7544731610337972 0.025 0.019880715705765408
0 0.3640625 0.7559642147117296 0.010416666666666666 0.018886679920477135
0 0.37994791666666666 0.7708747514910537 0.013020833333333334 0.018886679920477135
0 0.45677083333333335 0.7768389662027833 0.007291666666666667 0.030815109343936383
0 0.24114583333333334 0.7922465208747514 0.01875 0.02186878727634195
0 0.5341145833333333 0.834493041749503 0.021354166666666667 0.018886679920477135
0 0.37552083333333336 0.834493041749503 0.005208333333333333 0.014910536779324055
0 0.5276041666666667 0.8722664015904572 0.011458333333333333 0.04473161033797217
0 0.26979166666666665 0.8866799204771372 0.014583333333333334 0.039761431411530816
0 0.013802083333333333 0.8737574552683897 0.0078125 0.011928429423459244
0 0.3263020833333333 0.8871769383697813 0.009895833333333333 0.03479125248508946
0 0.43020833333333336 0.915506958250497 0.020833333333333332 0.03578528827037773
0 0.38697916666666665 0.915506958250497 0.011458333333333333 0.02186878727634195
0 0.40598958333333335 0.9224652087475149 0.0078125 0.03180914512922465
0 0.15859375 0.9721669980119284 0.011979166666666667 0.041749502982107355