0 0.63046875 0.023359840954274354 0.008854166666666666 0.02882703777335984
0 0.178125 0.06858846918489066 0.017708333333333333 0.017892644135188866
0 0.7986979166666667 0.07604373757455268 0.013020833333333334 0.014910536779324055
0 0.49765625 0.09493041749502983 0.022395833333333334 0.020874751491053677
0 0.17109375 0.09493041749502983 0.0078125 0.018886679920477135
0 0.08776041666666666 0.09741550695825049 0.009895833333333333 0.015904572564612324
0 0.7684895833333333 0.10288270377733598 0.009895833333333333 0.02485089463220676
0 0.24791666666666667 0.10238568588469185 0.007291666666666667 0.015904572564612324
0 0.8630208333333333 0.10934393638170974 0.007291666666666667 0.017892644135188866
0 0.1390625 0.10934393638170974 0.0125 0.015904572564612324
0 0.10182291666666667 0.11282306163021869 0.0109375 0.02286282306163022
0 0.05677083333333333 0.10834990059642147 0.011458333333333333 0.011928429423459244
0 0.47421875 0.12077534791252485 0.016145833333333335 0.010934393638170975
0 0.19947916666666668 0.12475149105367793 0.015625 0.016898608349900597
0 0.05364583333333333 0.1341948310139165 0.010416666666666666 0.02584493041749503
0 0.54765625 0.13916500994035785 0.008854166666666666 0.03180914512922465
0 0.80390625 0.14910536779324055 0.0203125 0.015904572564612324
0 0.8611979166666667 0.14860834990059643 0.0067708333333333336 0.012922465208747515
0 0.49765625 0.15457256461232605 0.0078125 0.02485089463220676
0 0.16614583333333333 0.15656063618290258 0.008333333333333333 0.0268389662027833
0 0.209375 0.16650099403578528 0.010416666666666666 0.0268389662027833
0 0.64609375 0.16401590457256462 0.015104166666666667 0.013916500994035786
0 0.440625 0.17743538767395625 0.026041666666666668 0.040755467196819085
0 0.7174479166666666 0.17892644135188868 0.0067708333333333336 0.02385685884691849
0 0.34401041666666665 0.1833996023856859 0.013020833333333334 0.020874751491053677
0 0.8330729166666667 0.18737574552683897 0.018229166666666668 0.0268389662027833
0 0.19010416666666666 0.18091451292246521 0.0125 0.011928429423459244
0 0.7341145833333333 0.1933399602385686 0.0109375 0.02286282306163022
0 0.16197916666666667 0.19831013916500995 0.011458333333333333 0.018886679920477135
0 0.5028645833333333 0.20725646123260438 0.013020833333333334 0.032803180914512925
0 0.03697916666666667 0.20825049701789264 0.0125 0.020874751491053677
0 0.7010416666666667 0.21520874751491054 0.013541666666666667 0.016898608349900597
0 0.14140625 0.24950298210735586 0.011979166666666667 0.03578528827037773
0 0.8447916666666667 0.2504970178926441 0.015625 0.02385685884691849
0 0.3138020833333333 0.24453280318091453 0.0067708333333333336 0.013916500994035786
0 0.5276041666666667 0.25795228628230615 0.009375 0.02286282306163022
0 0.005729166666666666 0.27485089463220674 0.010416666666666666 0.048707753479125246
0 0.275 0.25795228628230615 0.011458333333333333 0.008946322067594433
0 0.051041666666666666 0.26938369781312127 0.009375 0.02385685884691849
0 0.6278645833333333 0.2659045725646123 0.018229166666666668 0.012922465208747515
0 0.6015625 0.2783300198807157 0.013541666666666667 0.019880715705765408
0 0.2838541666666667 0.2813121272365805 0.013541666666666667 0.009940357852882704
0 0.36015625 0.2982107355864811 0.0067708333333333336 0.02982107355864811
0 0.46484375 0.2992047713717694 0.0109375 0.017892644135188866
0 0.07291666666666667 0.3225646123260437 0.009375 0.02286282306163022
0 0.23229166666666667 0.32554671968190857 0.010416666666666666 0.018886679920477135
0 0.72890625 0.32852882703777336 0.019270833333333334 0.02286282306163022
0 0.057291666666666664 0.34791252485089463 0.011458333333333333 0.02584493041749503
0 0.52109375 0.352882703777336 0.008854166666666666 0.017892644135188866
0 0.0046875 0.3543737574552684 0.008333333333333333 0.012922465208747515
0 0.34765625 0.36182902584493043 0.008854166666666666 0.02584493041749503
0 0.7223958333333333 0.378727634194831 0.015625 0.019880715705765408
0 0.3453125 0.4115308151093439 0.010416666666666666 0.041749502982107355
0 0.9453125 0.41898608349900596 0.00625 0.020874751491053677
0 0.5143229166666666 0.44731610337972166 0.0046875 0.02584493041749503
0 0.23411458333333332 0.44433399602385687 0.009895833333333333 0.011928429423459244
0 0.89765625 0.45029821073558646 0.0078125 0.015904572564612324
0 0.23046875 0.4592445328031809 0.011979166666666667 0.027833001988071572
0 0.1796875 0.4696819085487077 0.016666666666666666 0.032803180914512925
0 0.76328125 0.46819085487077533 0.011979166666666667 0.02186878727634195
0 0.55546875 0.46520874751491054 0.019270833333333334 0.015904572564612324
0 0.8 0.470675944333996 0.017708333333333333 0.02485089463220676
0 0.51171875 0.4691848906560636 0.0109375 0.013916500994035786
0 0.06848958333333334 0.4850894632206759 0.0140625 0.027833001988071572
0 0.5963541666666666 0.5039761431411531 0.020833333333333332 0.02982107355864811
0 0.3645833333333333 0.5114314115308151 0.009375 0.018886679920477135
0 0.03723958333333333 0.5173956262425448 0.016145833333333335 0.02286282306163022
0 0.7604166666666666 0.5223658051689861 0.0125 0.02882703777335984
0 0.20807291666666666 0.5228628230616302 0.015104166666666667 0.027833001988071572
0 0.5583333333333333 0.5337972166998012 0.00625 0.03777335984095427
0 0.9278645833333333 0.5392644135188867 0.0203125 0.032803180914512925
0 0.7299479166666667 0.5333001988071571 0.005729166666666666 0.02286282306163022
0 0.39479166666666665 0.5278330019880716 0.011458333333333333 0.011928429423459244
0 0.09244791666666667 0.5342942345924453 0.009895833333333333 0.02485089463220676
0 0.43359375 0.5342942345924453 0.011979166666666667 0.020874751491053677
0 0.18671875 0.5333001988071571 0.0109375 0.016898608349900597
0 0.46145833333333336 0.5417495029821073 0.010416666666666666 0.03180914512922465
0 0.3221354166666667 0.5417495029821073 0.005729166666666666 0.02584493041749503
0 0.31171875 0.5472166998011928 0.015104166666666667 0.02882703777335984
0 0.5986979166666667 0.5457256461232605 0.009895833333333333 0.02186878727634195
0 0.44869791666666664 0.5462226640159046 0.0046875 0.02485089463220676
0 0.90390625 0.5561630218687873 0.013020833333333334 0.02882703777335984
0 0.91484375 0.5556660039761432 0.009895833333333333 0.02186878727634195
0 0.16145833333333334 0.5601391650099403 0.008333333333333333 0.0268389662027833
0 0.14583333333333334 0.5596421471172962 0.00625 0.02385685884691849
0 0.3971354166666667 0.5666003976143141 0.0109375 0.03180914512922465
0 0.34817708333333336 0.5566600397614314 0.013020833333333334 0.007952286282306162
0 0.26848958333333334 0.5690854870775348 0.005729166666666666 0.018886679920477135
0 0.10520833333333333 0.5830019880715706 0.007291666666666667 0.02286282306163022
0 0.045572916666666664 0.5820079522862823 0.0109375 0.018886679920477135
0 0.85390625 0.5849900596421471 0.016145833333333335 0.02286282306163022
0 0.5713541666666667 0.5909542743538767 0.021875 0.03479125248508946
0 0.4140625 0.5854870775347912 0.009375 0.019880715705765408
0 0.8309895833333333 0.5969184890656064 0.008854166666666666 0.032803180914512925
0 0.16302083333333334 0.595427435387674 0.009375 0.02584493041749503
0 0.8140625 0.6018886679920478 0.005208333333333333 0.02882703777335984
0 0.065625 0.595427435387674 0.017708333333333333 0.015904572564612324
0 0.5104166666666666 0.5989065606361829 0.005208333333333333 0.018886679920477135
0 0.46979166666666666 0.6088469184890656 0.023958333333333335 0.03876739562624255
0 0.12526041666666668 0.6063618290258449 0.0078125 0.02186878727634195
0 0.42291666666666666 0.6133200795228628 0.008333333333333333 0.02982107355864811
0 0.38229166666666664 0.6167992047713717 0.016666666666666666 0.018886679920477135
0 0.026302083333333334 0.6282306163021869 0.018229166666666668 0.027833001988071572
0 0.35651041666666666 0.6332007952286283 0.013020833333333334 0.02584493041749503
0 0.165625 0.6317097415506958 0.011458333333333333 0.02485089463220676
0 0.3703125 0.6336978131212724 0.00625 0.02485089463220676
0 0.26953125 0.6277335984095428 0.0140625 0.012922465208747515
0 0.4908854166666667 0.647117296222664 0.0109375 0.017892644135188866
0 0.4171875 0.6540755467196819 0.007291666666666667 0.027833001988071572
0 0.5299479166666666 0.6496023856858847 0.008854166666666666 0.014910536779324055
0 0.5888020833333333 0.658051689860835 0.019270833333333334 0.02982107355864811
0 0.4786458333333333 0.6719681908548708 0.013541666666666667 0.033797216699801194
0 0.8703125 0.6848906560636183 0.01875 0.039761431411530816
0 0.378125 0.6774353876739563 0.014583333333333334 0.014910536779324055
0 0.34479166666666666 0.6824055666003976 0.008333333333333333 0.02485089463220676
0 0.49973958333333335 0.7007952286282306 0.0203125 0.03180914512922465
0 0.30520833333333336 0.6963220675944334 0.013541666666666667 0.020874751491053677
0 0.36223958333333334 0.702286282306163 0.008854166666666666 0.02485089463220676
0 0.5572916666666666 0.7002982107355865 0.017708333333333333 0.010934393638170975
0 0.45338541666666665 0.7176938369781312 0.033854166666666664 0.039761431411530816
0 0.42135416666666664 0.7072564612326043 0.007291666666666667 0.020874751491053677
0 0.24244791666666668 0.7027833001988072 0.022395833333333334 0.011928429423459244
0 0.6973958333333333 0.7206759443339961 0.005208333333333333 0.02982107355864811
0 0.6223958333333334 0.7306163021868787 0.007291666666666667 0.03777335984095427
0 0.8705729166666667 0.7261431411530815 0.016145833333333335 0.018886679920477135
0 0.27005208333333336 0.7251491053677932 0.0067708333333333336 0.016898608349900597
0 0.5544270833333333 0.7340954274353877 0.0078125 0.018886679920477135
0 0.49270833333333336 0.73558648111332 0.0125 0.017892644135188866
0 0.96171875 0.7420477137176938 0.019270833333333334 0.02485089463220676
0 0.14609375 0.7375745526838966 0.015104166666666667 0.013916500994035786
0 0.5057291666666667 0.7490059642147118 0.007291666666666667 0.032803180914512925
0 0.45755208333333336 0.7549701789264414 0.005729166666666666 0.030815109343936383
0 0.34322916666666664 0.7718687872763419 0.022916666666666665 0.04671968190854871
0 0.7502604166666667 0.7639165009940357 0.009895833333333333 0.02485089463220676
0 0.646875 0.7713717693836978 0.017708333333333333 0.03777335984095427
0 0.3104166666666667 0.7713717693836978 0.00625 0.02385685884691849
0 0.7229166666666667 0.7813121272365805 0.009375 0.033797216699801194
0 0.41875 0.7783300198807157 0.013541666666666667 0.027833001988071572
0 0.08125 0.7803180914512923 0.009375 0.011928429423459244
0 0.45390625 0.7972166998011928 0.009895833333333333 0.041749502982107355
0 0.5002604166666667 0.790258449304175 0.015104166666666667 0.019880715705765408
0 0.7942708333333334 0.7947316103379721 0.00625 0.014910536779324055
0 0.5505208333333333 0.7987077534791253 0.015625 0.012922465208747515
0 0.7510416666666667 0.8101391650099403 0.025 0.03180914512922465
0 0.8536458333333333 0.8061630218687873 0.014583333333333334 0.007952286282306162
0 0.28984375 0.8146123260437376 0.016145833333333335 0.02485089463220676
0 0.25052083333333336 0.8166003976143141 0.007291666666666667 0.0268389662027833
0 0.40208333333333335 0.820079522862823 0.010416666666666666 0.02982107355864811
0 0.019010416666666665 0.8170974155069582 0.008854166666666666 0.02186878727634195
0 0.87890625 0.8175944333996024 0.021354166666666667 0.014910536779324055
0 0.5359375 0.8190854870775348 0.013541666666666667 0.011928429423459244
0 0.6106770833333334 0.8334990059642147 0.015104166666666667 0.02485089463220676
0 0.2713541666666667 0.8300198807157058 0.013541666666666667 0.019880715705765408
0 0.38125 0.8409542743538767 0.01875 0.03578528827037773
0 0.3140625 0.8573558648111332 0.020833333333333332 0.0705765407554672
0 0.6815104166666667 0.8394632206759444 0.016145833333333335 0.0268389662027833
0 0.46640625 0.8349900596421471 0.0067708333333333336 0.017892644135188866
0 0.2596354166666667 0.8359840954274353 0.008854166666666666 0.019880715705765408
0 0.9604166666666667 0.8543737574552683 0.014583333333333334 0.02286282306163022
0 0.36171875 0.856858846918489 0.005729166666666666 0.017892644135188866
0 0.57890625 0.8598409542743539 0.016145833333333335 0.015904572564612324
0 0.46796875 0.8836978131212724 0.013020833333333334 0.04970178926441352
0 0.4908854166666667 0.8702783300198808 0.0203125 0.016898608349900597
0 0.10625 0.8767395626242545 0.013541666666666667 0.019880715705765408
0 0.23229166666666667 0.8792246520874751 0.013541666666666667 0.018886679920477135
0 0.5947916666666667 0.8936381709741551 0.0125 0.02186878727634195
0 0.04453125 0.8986083499005965 0.011979166666666667 0.02982107355864811
0 0.37213541666666666 0.8976143141153081 0.008854166666666666 0.019880715705765408
0 0.35260416666666666 0.8961232604373758 0.007291666666666667 0.010934393638170975
0 0.34296875 0.8981113320079522 0.0067708333333333336 0.016898608349900597
0 0.5231770833333333 0.9040755467196819 0.0140625 0.018886679920477135
0 0.28567708333333336 0.9135188866799204 0.0203125 0.03578528827037773
0 0.7247395833333333 0.908051689860835 0.0203125 0.018886679920477135
0 0.5463541666666667 0.9085487077534792 0.013541666666666667 0.02186878727634195
0 0.19921875 0.9165009940357853 0.0046875 0.019880715705765408
0 0.18463541666666666 0.9174950298210736 0.005729166666666666 0.02186878727634195
0 0.4 0.9309145129224652 0.0125 0.03479125248508946
0 0.3143229166666667 0.9214711729622267 0.005729166666666666 0.015904572564612324
0 0.3924479166666667 0.9249502982107356 0.008854166666666666 0.010934393638170975
0 0.34479166666666666 0.9363817097415507 0.00625 0.03180914512922465
0 0.521875 0.9388667992047713 0.004166666666666667 0.030815109343936383
0 0.3580729166666667 0.9358846918489065 0.005729166666666666 0.02286282306163022
0 0.22916666666666666 0.9423459244532804 0.008333333333333333 0.03180914512922465
0 0.31666666666666665 0.9388667992047713 0.017708333333333333 0.02286282306163022
0 0.037760416666666664 0.9418489065606361 0.0171875 0.02882703777335984
0 0.7013020833333333 0.9468190854870775 0.0078125 0.0268389662027833
0 0.271875 0.9502982107355865 0.01875 0.017892644135188866
0 0.25364583333333335 0.9647117296222664 0.0125 0.04473161033797217
0 0.4973958333333333 0.9607355864811133 0.022916666666666665 0.032803180914512925
0 0.4309895833333333 0.9527833001988072 0.0067708333333333336 0.014910536779324055
0 0.4747395833333333 0.963220675944334 0.0109375 0.017892644135188866
0 0.9736979166666667 0.9706759443339961 0.008854166666666666 0.02882703777335984
0 0.190625 0.9796222664015904 0.010416666666666666 0.03876739562624255
0 0.4158854166666667 0.9840954274353877 0.0234375 0.02982107355864811
0 0.95078125 0.9786282306163022 0.008854166666666666 0.014910536779324055
0 0.340625 0.9786282306163022 0.011458333333333333 0.012922465208747515
0 0.2875 0.9796222664015904 0.0125 0.016898608349900597
0 0.5744791666666667 0.9826043737574552 0.005208333333333333 0.018886679920477135
0 0.38671875 0.9835984095427436 0.009895833333333333 0.018886679920477135
0 0.32760416666666664 0.9875745526838966 0.007291666666666667 0.02286282306163022
0 0.10572916666666667 0.989065606361829 0.010416666666666666 0.019880715705765408
0 0.4513020833333333 0.9905566600397614 0.0067708333333333336 0.016898608349900597
0 0.22760416666666666 0.9870775347912525 0.020833333333333332 0.011928429423459244
0 0.95078125 0.9930417495029821 0.009895833333333333 0.011928429423459244