0 0.22890625 0.01341948310139165 0.009895833333333333 0.0268389662027833
0 0.21484375 0.009443339960238568 0.0078125 0.018886679920477135
0 0.084375 0.008449304174950299 0.00625 0.012922465208747515
0 0.11927083333333334 0.03926441351888668 0.014583333333333334 0.014910536779324055
0 0.8052083333333333 0.05815109343936382 0.009375 0.02485089463220676
0 0.2716145833333333 0.055168986083499 0.0171875 0.012922465208747515
0 0.25625 0.07803180914512922 0.019791666666666666 0.04671968190854871
0 0.0828125 0.07852882703777336 0.013541666666666667 0.019880715705765408
0 0.5486979166666667 0.09294234592445327 0.011979166666666667 0.032803180914512925
0 0.89609375 0.09791252485089463 0.009895833333333333 0.02882703777335984
0 0.00703125 0.10536779324055666 0.013020833333333334 0.03777335984095427
0 0.5140625 0.09940357852882704 0.009375 0.02186878727634195
0 0.5408854166666667 0.11282306163021869 0.015104166666666667 0.018886679920477135
0 0.8604166666666667 0.13469184890656064 0.0125 0.03876739562624255
0 0.6848958333333334 0.13618290258449303 0.026041666666666668 0.019880715705765408
0 0.5239583333333333 0.13518886679920478 0.020833333333333332 0.017892644135188866
0 0.034375 0.18538767395626243 0.025 0.05069582504970179
0 0.1796875 0.17892644135188868 0.016666666666666666 0.033797216699801194
0 0.16979166666666667 0.21968190854870775 0.011458333333333333 0.03578528827037773
0 0.9901041666666667 0.27186878727634195 0.019791666666666666 0.02286282306163022
0 0.8190104166666666 0.28777335984095426 0.021354166666666667 0.036779324055666
0 0.61015625 0.30467196819085485 0.008854166666666666 0.02882703777335984
0 0.44973958333333336 0.2992047713717694 0.005729166666666666 0.017892644135188866
0 0.22942708333333334 0.323558648111332 0.0078125 0.0268389662027833
0 0.6729166666666667 0.3225646123260437 0.013541666666666667 0.018886679920477135
0 0.37057291666666664 0.33001988071570576 0.0078125 0.02982107355864811
0 0.821875 0.3394632206759443 0.019791666666666666 0.03876739562624255
0 0.80390625 0.3374751491053678 0.0109375 0.010934393638170975
0 0.70390625 0.3508946322067594 0.008854166666666666 0.02186878727634195
0 0.19921875 0.3508946322067594 0.0109375 0.017892644135188866
0 0.5770833333333333 0.36381709741550694 0.010416666666666666 0.017892644135188866
0 0.7783854166666667 0.3797216699801193 0.0171875 0.027833001988071572
0 0.9744791666666667 0.3832007952286282 0.017708333333333333 0.02286282306163022
0 0.12161458333333333 0.3871769383697813 0.0067708333333333336 0.030815109343936383
0 0.75703125 0.39065606361829025 0.0140625 0.033797216699801194
0 0.5984375 0.397117296222664 0.005208333333333333 0.030815109343936383
0 0.6145833333333334 0.3976143141153082 0.009375 0.027833001988071572
0 0.9260416666666667 0.41749502982107356 0.011458333333333333 0.02584493041749503
0 0.45729166666666665 0.4249502982107356 0.01875 0.036779324055666
0 0.0109375 0.4269383697813121 0.010416666666666666 0.03479125248508946
0 0.8278645833333333 0.43339960238568587 0.015104166666666667 0.02982107355864811
0 0.6903645833333333 0.4423459244532803 0.018229166666666668 0.0437375745526839
0 0.16692708333333334 0.44831013916500995 0.019270833333333334 0.039761431411530816
0 0.35052083333333334 0.452286282306163 0.013541666666666667 0.019880715705765408
0 0.95859375 0.46222664015904574 0.013020833333333334 0.03578528827037773
0 0.5903645833333333 0.46222664015904574 0.009895833333333333 0.02186878727634195
0 0.5033854166666667 0.46520874751491054 0.0109375 0.017892644135188866
0 0.09583333333333334 0.47763419483101394 0.017708333333333333 0.03479125248508946
0 0.53125 0.4821073558648111 0.023958333333333335 0.02385685884691849
0 0.17265625 0.5034791252485089 0.013020833333333334 0.014910536779324055
0 0.27786458333333336 0.5193836978131213 0.005729166666666666 0.012922465208747515
0 0.6901041666666666 0.5347912524850894 0.013541666666666667 0.039761431411530816
0 0.9091145833333333 0.5303180914512923 0.0171875 0.02286282306163022
0 0.013802083333333333 0.5467196819085487 0.015104166666666667 0.04970178926441352
0 0.15885416666666666 0.5352882703777336 0.013541666666666667 0.020874751491053677
0 0.4934895833333333 0.544234592445328 0.013020833333333334 0.030815109343936383
0 0.34036458333333336 0.5531809145129225 0.021354166666666667 0.03876739562624255
0 0.6513020833333333 0.5412524850894632 0.0140625 0.008946322067594433
0 0.3997395833333333 0.5601391650099403 0.009895833333333333 0.02485089463220676
0 0.30885416666666665 0.5725646123260437 0.03125 0.041749502982107355
0 0.9958333333333333 0.5601391650099403 0.008333333333333333 0.012922465208747515
0 0.09947916666666666 0.5750497017892644 0.021875 0.032803180914512925
0 0.9166666666666666 0.5705765407554672 0.007291666666666667 0.02186878727634195
0 0.5265625 0.5740556660039762 0.009375 0.014910536779324055
0 0.6776041666666667 0.5820079522862823 0.004166666666666667 0.02286282306163022
0 0.4986979166666667 0.5755467196819085 0.011979166666666667 0.009940357852882704
0 0.7169270833333333 0.5839960238568589 0.013020833333333334 0.016898608349900597
0 0.5481770833333334 0.5854870775347912 0.015104166666666667 0.009940357852882704
0 0.6526041666666667 0.5964214711729622 0.011458333333333333 0.027833001988071572
0 0.3645833333333333 0.5964214711729622 0.010416666666666666 0.02186878727634195
0 0.5236979166666667 0.5989065606361829 0.015104166666666667 0.020874751491053677
0 0.5080729166666667 0.5999005964214712 0.011979166666666667 0.010934393638170975
0 0.33645833333333336 0.6008946322067594 0.0125 0.014910536779324055
0 0.6140625 0.6108349900596421 0.011458333333333333 0.02485089463220676
0 0.9799479166666667 0.6093439363817097 0.0203125 0.017892644135188866
0 0.5364583333333334 0.6108349900596421 0.008333333333333333 0.014910536779324055
0 0.06458333333333334 0.6302186878727635 0.016666666666666666 0.02982107355864811
0 0.8986979166666667 0.6247514910536779 0.011979166666666667 0.012922465208747515
0 0.29791666666666666 0.6346918489065606 0.005208333333333333 0.02882703777335984
0 0.011979166666666667 0.6461232604373758 0.01875 0.0437375745526839
0 0.5184895833333333 0.6346918489065606 0.013020833333333334 0.016898608349900597
0 0.5864583333333333 0.6461232604373758 0.009375 0.02982107355864811
0 0.3145833333333333 0.654572564612326 0.01875 0.040755467196819085
0 0.6369791666666667 0.6481113320079522 0.003125 0.02385685884691849
0 0.5354166666666667 0.6461232604373758 0.010416666666666666 0.02186878727634195
0 0.6114583333333333 0.647117296222664 0.014583333333333334 0.019880715705765408
0 0.5604166666666667 0.6510934393638171 0.005208333333333333 0.02186878727634195
0 0.5692708333333333 0.6650099403578529 0.023958333333333335 0.0437375745526839
0 0.90234375 0.6650099403578529 0.009895833333333333 0.02584493041749503
0 0.60546875 0.6635188866799204 0.013020833333333334 0.010934393638170975
0 0.9424479166666667 0.6843936381709742 0.005729166666666666 0.012922465208747515
0 0.7393229166666667 0.68389662027833 0.011979166666666667 0.011928429423459244
0 0.6114583333333333 0.6853876739562624 0.010416666666666666 0.010934393638170975
0 0.59609375 0.6943339960238568 0.0109375 0.014910536779324055
0 0.93515625 0.6953280318091452 0.0078125 0.010934393638170975
0 0.6890625 0.6958250497017893 0.007291666666666667 0.009940357852882704
0 0.5859375 0.7166998011928429 0.010416666666666666 0.03777335984095427
0 0.53359375 0.7087475149105368 0.0036458333333333334 0.02385685884691849
0 0.6630208333333333 0.7176938369781312 0.013541666666666667 0.03180914512922465
0 0.08229166666666667 0.7246520874751491 0.011458333333333333 0.03180914512922465
0 0.8223958333333333 0.7206759443339961 0.011458333333333333 0.017892644135188866
0 0.5666666666666667 0.724155069582505 0.005208333333333333 0.016898608349900597
0 0.8559895833333333 0.7365805168986084 0.0234375 0.02385685884691849
0 0.7606770833333333 0.7415506958250497 0.0046875 0.027833001988071572
0 0.21119791666666668 0.7509940357852882 0.024479166666666666 0.04671968190854871
0 0.7450520833333333 0.7435387673956262 0.011979166666666667 0.02982107355864811
0 0.3419270833333333 0.7415506958250497 0.009895833333333333 0.02385685884691849
0 0.7309895833333333 0.7465208747514911 0.005729166666666666 0.027833001988071572
0 0.59921875 0.7435387673956262 0.0046875 0.017892644135188866
0 0.7205729166666667 0.7713717693836978 0.0078125 0.039761431411530816
0 0.5348958333333333 0.7664015904572564 0.015625 0.009940357852882704
0 0.66640625 0.7728628230616302 0.015104166666666667 0.014910536779324055
0 0.7854166666666667 0.7798210735586482 0.019791666666666666 0.02286282306163022
0 0.3536458333333333 0.7793240556660039 0.0125 0.02186878727634195
0 0.9614583333333333 0.7922465208747514 0.015625 0.0437375745526839
0 0.42630208333333336 0.782803180914513 0.013020833333333334 0.02485089463220676
0 0.09479166666666666 0.7997017892644135 0.015625 0.040755467196819085
0 0.6356770833333333 0.7992047713717694 0.0078125 0.02982107355864811
0 0.6223958333333334 0.7892644135188867 0.011458333333333333 0.009940357852882704
0 0.5151041666666667 0.8001988071570576 0.03958333333333333 0.027833001988071572
0 0.690625 0.7972166998011928 0.015625 0.013916500994035786
0 0.44479166666666664 0.8046719681908548 0.0125 0.02286282306163022
0 0.3411458333333333 0.8056660039761432 0.020833333333333332 0.02286282306163022
0 0.6609375 0.8091451292246521 0.011458333333333333 0.02584493041749503
0 0.4315104166666667 0.8131212723658051 0.0046875 0.02584493041749503
0 0.8075520833333333 0.8106361829025845 0.021354166666666667 0.016898608349900597
0 0.5861979166666667 0.8101391650099403 0.018229166666666668 0.015904572564612324
0 0.015364583333333333 0.8170974155069582 0.009895833333333333 0.015904572564612324
0 0.6864583333333333 0.8285288270377733 0.005208333333333333 0.02882703777335984
0 0.2671875 0.8300198807157058 0.010416666666666666 0.02584493041749503
0 0.6747395833333333 0.8424453280318092 0.008854166666666666 0.036779324055666
0 0.40130208333333334 0.8374751491053678 0.0067708333333333336 0.0268389662027833
0 0.8598958333333333 0.8469184890656064 0.008333333333333333 0.03180914512922465
0 0.7111979166666667 0.8414512922465208 0.0140625 0.020874751491053677
0 0.7924479166666667 0.8518886679920478 0.0203125 0.03578528827037773
0 0.6559895833333333 0.8429423459244533 0.011979166666666667 0.013916500994035786
0 0.4315104166666667 0.841948310139165 0.013020833333333334 0.009940357852882704
0 0.5471354166666667 0.8464214711729622 0.0067708333333333336 0.016898608349900597
0 0.5609375 0.8499005964214712 0.011458333333333333 0.009940357852882704
0 0.74140625 0.8653081510934394 0.030729166666666665 0.032803180914512925
0 0.5924479166666666 0.8638170974155069 0.0078125 0.027833001988071572
0 0.9796875 0.8633200795228628 0.008333333333333333 0.018886679920477135
0 0.7653645833333333 0.8772365805168986 0.0140625 0.02882703777335984
0 0.66015625 0.8802186878727635 0.008854166666666666 0.03479125248508946
0 0.5140625 0.8782306163021869 0.009375 0.02485089463220676
0 0.9416666666666667 0.8886679920477137 0.017708333333333333 0.02982107355864811
0 0.73359375 0.8861829025844931 0.013020833333333334 0.010934393638170975
0 0.5864583333333333 0.9070576540755467 0.014583333333333334 0.0268389662027833
0 0.296875 0.9035785288270378 0.014583333333333334 0.017892644135188866
0 0.55390625 0.908051689860835 0.0234375 0.02485089463220676
0 0.7361979166666667 0.9179920477137177 0.018229166666666668 0.0268389662027833
0 0.23541666666666666 0.9348906560636183 0.008333333333333333 0.02882703777335984
0 0.34140625 0.9537773359840954 0.008854166666666666 0.0268389662027833
0 0.653125 0.9512922465208747 0.01875 0.017892644135188866
0 0.0328125 0.9607355864811133 0.00625 0.010934393638170975
0 0.7651041666666667 0.9771371769383698 0.007291666666666667 0.02584493041749503
0 0.010677083333333334 0.9796222664015904 0.0203125 0.030815109343936383
0 0.5114583333333333 0.9826043737574552 0.004166666666666667 0.032803180914512925
0 0.46432291666666664 0.9821073558648111 0.005729166666666666 0.02385685884691849
0 0.6604166666666667 0.9776341948310139 0.013541666666666667 0.010934393638170975
0 0.6911458333333333 0.9840954274353877 0.00625 0.015904572564612324
0 0.640625 0.9870775347912525 0.009375 0.02385685884691849
0 0.8856770833333333 0.9930417495029821 0.008854166666666666 0.011928429423459244