0 0.6619791666666667 0.3742544731610338 0.008333333333333333 0.016898608349900597
0 0.9432291666666667 0.6073558648111332 0.0125 0.02584493041749503
0 0.6375 0.6163021868787276 0.011458333333333333 0.013916500994035786
0 0.4627604166666667 0.6704771371769384 0.013020833333333334 0.008946322067594433
0 0.6330729166666667 0.6809145129224652 0.011979166666666667 0.011928429423459244
0 0.5184895833333333 0.7450298210735586 0.005729166666666666 0.0268389662027833
0 0.6630208333333333 0.7649105367793241 0.00625 0.02286282306163022
0 0.6408854166666667 0.7972166998011928 0.0078125 0.015904572564612324
0 0.5768229166666666 0.8677932405566601 0.008854166666666666 0.02982107355864811
0 0.34609375 0.8742544731610338 0.019270833333333334 0.03876739562624255
0 0.5630208333333333 0.9095427435387674 0.009375 0.02584493041749503
0 0.7442708333333333 0.9254473161033797 0.011458333333333333 0.02186878727634195
0 0.60546875 0.9453280318091452 0.0078125 0.015904572564612324
0 0.4161458333333333 0.952286282306163 0.014583333333333334 0.017892644135188866
0 0.42994791666666665 0.9761431411530815 0.0140625 0.013916500994035786
0 0.7770833333333333 0.98558648111332 0.015625 0.0268389662027833