0 0.9260416666666667 0.0004970178926441351 0.028125 0.0009940357852882703
0 0.5755208333333334 0.0064612326043737576 0.008333333333333333 0.012922465208747515
0 0.25338541666666664 0.04473161033797217 0.027604166666666666 0.03180914512922465
0 0.10494791666666667 0.05019880715705766 0.011979166666666667 0.03876739562624255
0 0.8013020833333333 0.05666003976143141 0.009895833333333333 0.04572564612326044
0 0.5783854166666667 0.08548707753479125 0.019270833333333334 0.015904572564612324
0 0.44609375 0.08548707753479125 0.008854166666666666 0.017892644135188866
0 0.86328125 0.11978131212723658 0.030729166666666665 0.048707753479125246
0 0.7770833333333333 0.14015904572564614 0.013541666666666667 0.02385685884691849
0 0.7080729166666667 0.1679920477137177 0.013020833333333334 0.015904572564612324
0 0.7020833333333333 0.21222664015904572 0.011458333333333333 0.010934393638170975
0 0.4161458333333333 0.2216699801192843 0.01875 0.011928429423459244
0 0.6283854166666667 0.23409542743538767 0.0067708333333333336 0.020874751491053677
0 0.6416666666666667 0.24701789264413518 0.010416666666666666 0.042743538767395624
0 0.6192708333333333 0.24502982107355864 0.007291666666666667 0.02286282306163022
0 0.690625 0.2614314115308151 0.020833333333333332 0.03777335984095427
0 0.6666666666666666 0.2753479125248509 0.0125 0.033797216699801194
0 0.7268229166666667 0.29025844930417494 0.0109375 0.02584493041749503
0 0.7901041666666667 0.3036779324055666 0.020833333333333332 0.030815109343936383
0 0.6221354166666667 0.31560636182902585 0.009895833333333333 0.042743538767395624
0 0.8572916666666667 0.32554671968190857 0.017708333333333333 0.04671968190854871
0 0.7760416666666666 0.323558648111332 0.010416666666666666 0.036779324055666
0 0.7294270833333333 0.3394632206759443 0.0109375 0.012922465208747515
0 0.7619791666666667 0.352882703777336 0.008333333333333333 0.02982107355864811
0 0.62890625 0.34443339960238567 0.005729166666666666 0.012922465208747515
0 0.32838541666666665 0.36083499005964215 0.019270833333333334 0.03180914512922465
0 0.7432291666666667 0.37673956262425445 0.03854166666666667 0.05765407554671968
0 0.6059895833333333 0.37624254473161034 0.0109375 0.014910536779324055
0 0.8372395833333334 0.3836978131212724 0.009895833333333333 0.011928429423459244
0 0.6877604166666667 0.39363817097415504 0.008854166666666666 0.02385685884691849
0 0.6614583333333334 0.3941351888667992 0.008333333333333333 0.0268389662027833
0 0.6958333333333333 0.4085487077534791 0.009375 0.015904572564612324
0 0.7450520833333333 0.42196819085487075 0.013020833333333334 0.02485089463220676
0 0.6822916666666666 0.41699801192842945 0.009375 0.010934393638170975
0 0.56015625 0.43737574552683894 0.0109375 0.04771371769383698
0 0.22421875 0.42992047713717696 0.016145833333333335 0.02882703777335984
0 0.7677083333333333 0.44880715705765406 0.035416666666666666 0.05467196819085487
0 0.67578125 0.43538767395626243 0.0067708333333333336 0.017892644135188866
0 0.4984375 0.4418489065606362 0.008333333333333333 0.02882703777335984
0 0.8575520833333333 0.44731610337972166 0.021354166666666667 0.02186878727634195
0 0.7833333333333333 0.46272365805168986 0.008333333333333333 0.032803180914512925
0 0.89609375 0.46421471172962225 0.016145833333333335 0.03180914512922465
0 0.7072916666666667 0.46272365805168986 0.009375 0.016898608349900597
0 0.4817708333333333 0.48111332007952284 0.013541666666666667 0.0437375745526839
0 0.6604166666666667 0.46669980119284293 0.009375 0.010934393638170975
0 0.19088541666666667 0.49105367793240556 0.0140625 0.02982107355864811
0 0.0026041666666666665 0.5024850894632207 0.004166666666666667 0.042743538767395624
0 0.8052083333333333 0.5278330019880716 0.021875 0.02982107355864811
0 0.5786458333333333 0.5318091451292246 0.014583333333333334 0.02982107355864811
0 0.6796875 0.5447316103379721 0.004166666666666667 0.02584493041749503
0 0.77890625 0.5566600397614314 0.009895833333333333 0.013916500994035786
0 0.04739583333333333 0.5616302186878728 0.022916666666666665 0.02385685884691849
0 0.5200520833333333 0.5740556660039762 0.016145833333333335 0.012922465208747515
0 0.6677083333333333 0.5889662027833003 0.021875 0.03876739562624255
0 0.36822916666666666 0.6008946322067594 0.014583333333333334 0.0268389662027833
0 0.23567708333333334 0.6510934393638171 0.0140625 0.015904572564612324
0 0.5825520833333333 0.6804174950298211 0.011979166666666667 0.0705765407554672
0 0.71171875 0.6699801192842942 0.0265625 0.017892644135188866
0 0.2390625 0.6719681908548708 0.016666666666666666 0.02186878727634195
0 0.54296875 0.6853876739562624 0.0067708333333333336 0.018886679920477135
0 0.70390625 0.6963220675944334 0.049479166666666664 0.03876739562624255
0 0.6359375 0.7067594433399602 0.010416666666666666 0.03180914512922465
0 0.6682291666666667 0.7201789264413518 0.029166666666666667 0.0268389662027833
0 0.8080729166666667 0.739065606361829 0.0171875 0.02286282306163022
0 0.5765625 0.7519880715705766 0.016666666666666666 0.030815109343936383
0 0.8315104166666667 0.7549701789264414 0.024479166666666666 0.032803180914512925
0 0.7109375 0.7862823061630219 0.0125 0.033797216699801194
0 0.50078125 0.8136182902584493 0.024479166666666666 0.0805168986083499
0 0.5421875 0.8414512922465208 0.016666666666666666 0.010934393638170975
0 0.5729166666666666 0.8697813121272365 0.011458333333333333 0.04970178926441352
0 0.0067708333333333336 0.8593439363817097 0.0125 0.02882703777335984
0 0.828125 0.8553677932405567 0.009375 0.016898608349900597
0 0.09244791666666667 0.8777335984095428 0.030729166666666665 0.05168986083499006
0 0.73828125 0.8667992047713717 0.0171875 0.02584493041749503
0 0.86875 0.8762425447316103 0.008333333333333333 0.032803180914512925
0 0.8447916666666667 0.9105367793240556 0.009375 0.03777335984095427
0 0.75234375 0.9160039761431411 0.009895833333333333 0.042743538767395624
0 0.73671875 0.918986083499006 0.0140625 0.03479125248508946
0 0.6807291666666667 0.9393638170974155 0.023958333333333335 0.019880715705765408
0 0.13020833333333334 0.9488071570576541 0.007291666666666667 0.018886679920477135
0 0.6721354166666667 0.9681908548707754 0.019270833333333334 0.033797216699801194
0 0.7666666666666667 0.9766401590457257 0.017708333333333333 0.04473161033797217
0 0.125 0.9637176938369781 0.009375 0.016898608349900597