0 0.47213541666666664 0.0054671968190854875 0.008854166666666666 0.010934393638170975
0 0.17473958333333334 0.019880715705765408 0.0140625 0.039761431411530816
0 0.09713541666666667 0.0004970178926441351 0.0265625 0.0009940357852882703
0 0.008072916666666667 0.019383697813121274 0.015104166666666667 0.03876739562624255
0 0.26640625 0.014910536779324055 0.008854166666666666 0.02186878727634195
0 0.4359375 0.045228628230616304 0.007291666666666667 0.02286282306163022
0 0.4859375 0.04125248508946322 0.013541666666666667 0.012922465208747515
0 0.6393229166666666 0.055168986083499 0.0078125 0.02485089463220676
0 0.27447916666666666 0.07554671968190854 0.0125 0.02385685884691849
0 0.7893229166666667 0.09493041749502983 0.0067708333333333336 0.02485089463220676
0 0.2203125 0.11182902584493042 0.014583333333333334 0.010934393638170975
0 0.002864583333333333 0.13220675944333996 0.0046875 0.039761431411530816
0 0.14817708333333332 0.12176938369781312 0.016145833333333335 0.010934393638170975
0 0.5911458333333334 0.1386679920477137 0.014583333333333334 0.0268389662027833
0 0.11354166666666667 0.14463220675944333 0.013541666666666667 0.02882703777335984
0 0.709375 0.14512922465208747 0.013541666666666667 0.02584493041749503
0 0.35078125 0.14761431411530815 0.0078125 0.02485089463220676
0 0.7932291666666667 0.15159045725646123 0.010416666666666666 0.02485089463220676
0 0.3846354166666667 0.15854870775347912 0.011979166666666667 0.02485089463220676
0 0.8497395833333333 0.15854870775347912 0.015104166666666667 0.020874751491053677
0 0.44947916666666665 0.16003976143141152 0.011458333333333333 0.017892644135188866
0 0.575 0.16650099403578528 0.014583333333333334 0.012922465208747515
0 0.53046875 0.1749502982107356 0.0046875 0.02186878727634195
0 0.3966145833333333 0.1833996023856859 0.0171875 0.02286282306163022
0 0.4388020833333333 0.20129224652087474 0.0234375 0.030815109343936383
0 0.21510416666666668 0.1988071570576541 0.0125 0.017892644135188866
0 0.3223958333333333 0.20278330019880716 0.013541666666666667 0.009940357852882704
0 0.35989583333333336 0.20974155069582506 0.016666666666666666 0.017892644135188866
0 0.15963541666666667 0.20974155069582506 0.0078125 0.017892644135188866
0 0.028385416666666666 0.21669980119284293 0.018229166666666668 0.02385685884691849
0 0.4942708333333333 0.21222664015904572 0.010416666666666666 0.012922465208747515
0 0.39947916666666666 0.22514910536779323 0.00625 0.016898608349900597
0 0.46171875 0.23260437375745527 0.008854166666666666 0.017892644135188866
0 0.17473958333333334 0.2370775347912525 0.0140625 0.014910536779324055
0 0.10989583333333333 0.2430417495029821 0.014583333333333334 0.014910536779324055
0 0.37473958333333335 0.25795228628230615 0.008854166666666666 0.036779324055666
0 0.03229166666666667 0.26192842942345923 0.021875 0.04473161033797217
0 0.38776041666666666 0.2529821073558648 0.0078125 0.02286282306163022
0 0.48020833333333335 0.25198807157057657 0.013541666666666667 0.014910536779324055
0 0.45546875 0.25596421471172964 0.015104166666666667 0.016898608349900597
0 0.28177083333333336 0.27286282306163023 0.017708333333333333 0.030815109343936383
0 0.11458333333333333 0.27236580516898606 0.011458333333333333 0.02186878727634195
0 0.5505208333333333 0.2738568588469185 0.0125 0.014910536779324055
0 0.23333333333333334 0.2828031809145129 0.013541666666666667 0.02882703777335984
0 0.17708333333333334 0.2852882703777336 0.0125 0.011928429423459244
0 0.3580729166666667 0.29870775347912526 0.011979166666666667 0.020874751491053677
0 0.30234375 0.30168986083499005 0.0078125 0.014910536779324055
0 0.2796875 0.3076540755467197 0.00625 0.018886679920477135
0 0.0109375 0.308648111332008 0.020833333333333332 0.02286282306163022
0 0.32890625 0.31461232604373757 0.0078125 0.02882703777335984
0 0.17421875 0.3076540755467197 0.009895833333333333 0.012922465208747515
0 0.31223958333333335 0.31610337972166996 0.0109375 0.019880715705765408
0 0.2669270833333333 0.31560636182902585 0.0140625 0.010934393638170975
0 0.03203125 0.323558648111332 0.015104166666666667 0.02286282306163022
0 0.07083333333333333 0.33101391650099404 0.015625 0.015904572564612324
0 0.35546875 0.3429423459244533 0.009895833333333333 0.03180914512922465
0 0.31171875 0.34592445328031807 0.015104166666666667 0.019880715705765408
0 0.40546875 0.3538767395626243 0.025520833333333333 0.03180914512922465
0 0.3848958333333333 0.34493041749502984 0.007291666666666667 0.015904572564612324
0 0.5638020833333334 0.34840954274353875 0.0140625 0.016898608349900597
0 0.259375 0.3508946322067594 0.011458333333333333 0.007952286282306162
0 0.025 0.35934393638170975 0.013541666666666667 0.012922465208747515
0 0.040625 0.3772365805168986 0.007291666666666667 0.02485089463220676
0 0.6190104166666667 0.3797216699801193 0.008854166666666666 0.02584493041749503
0 0.4083333333333333 0.3812127236580517 0.014583333333333334 0.02485089463220676
0 0.5916666666666667 0.39015904572564614 0.008333333333333333 0.030815109343936383
0 0.86171875 0.3976143141153082 0.0109375 0.017892644135188866
0 0.46588541666666666 0.40357852882703776 0.0078125 0.02385685884691849
0 0.8184895833333333 0.40755467196819084 0.0078125 0.02584493041749503
0 0.33515625 0.408051689860835 0.005729166666666666 0.02485089463220676
0 0.18958333333333333 0.40308151093439365 0.014583333333333334 0.012922465208747515
0 0.10416666666666667 0.41600397614314116 0.009375 0.016898608349900597
0 0.4153645833333333 0.41749502982107356 0.016145833333333335 0.017892644135188866
0 0.44479166666666664 0.4279324055666004 0.007291666666666667 0.020874751491053677
0 0.07213541666666666 0.42992047713717696 0.0067708333333333336 0.02485089463220676
0 0.48020833333333335 0.43290258449304175 0.0125 0.006958250497017893
0 0.23255208333333333 0.444831013916501 0.0046875 0.020874751491053677
0 0.024479166666666666 0.4592445328031809 0.0125 0.03180914512922465
0 0.7033854166666667 0.455765407554672 0.013020833333333334 0.014910536779324055
0 0.40703125 0.4537773359840954 0.015104166666666667 0.010934393638170975
0 0.13203125 0.46421471172962225 0.019270833333333334 0.027833001988071572
0 0.6625 0.47564612326043737 0.016666666666666666 0.014910536779324055
0 0.8619791666666666 0.4875745526838966 0.0125 0.02485089463220676
0 0.4973958333333333 0.4870775347912525 0.005208333333333333 0.02584493041749503
0 0.11328125 0.4865805168986084 0.011979166666666667 0.016898608349900597
0 0.06276041666666667 0.5089463220675944 0.0109375 0.02186878727634195
0 0.7065104166666667 0.5173956262425448 0.0046875 0.016898608349900597
0 0.409375 0.5243538767395626 0.014583333333333334 0.016898608349900597
0 0.8354166666666667 0.5268389662027833 0.014583333333333334 0.017892644135188866
0 0.2859375 0.5308151093439364 0.010416666666666666 0.017892644135188866
0 0.22526041666666666 0.5427435387673957 0.0171875 0.011928429423459244
0 0.6419270833333334 0.5536779324055666 0.013020833333333334 0.03180914512922465
0 0.68671875 0.5467196819085487 0.015104166666666667 0.013916500994035786
0 0.43125 0.5541749502982107 0.00625 0.0268389662027833
0 0.3463541666666667 0.5596421471172962 0.009375 0.03777335984095427
0 0.06067708333333333 0.5631212723658051 0.008854166666666666 0.030815109343936383
0 0.52265625 0.5666003976143141 0.0140625 0.02584493041749503
0 0.5700520833333333 0.5685884691848907 0.0140625 0.017892644135188866
0 0.7135416666666666 0.5924453280318092 0.015625 0.03180914512922465
0 0.5403645833333334 0.5869781312127237 0.022395833333333334 0.012922465208747515
0 0.32916666666666666 0.6008946322067594 0.004166666666666667 0.0268389662027833
0 0.31640625 0.6023856858846919 0.0067708333333333336 0.02385685884691849
0 0.5736979166666667 0.6078528827037774 0.0140625 0.010934393638170975
0 0.5395833333333333 0.6083499005964215 0.0125 0.011928429423459244
0 0.27005208333333336 0.6138170974155069 0.005729166666666666 0.02286282306163022
0 0.5895833333333333 0.6163021868787276 0.005208333333333333 0.02584493041749503
0 0.5078125 0.6158051689860835 0.03333333333333333 0.02286282306163022
0 0.6981770833333333 0.6133200795228628 0.0109375 0.015904572564612324
0 0.4046875 0.6192842942345924 0.009375 0.02584493041749503
0 0.17838541666666666 0.6341948310139165 0.009895833333333333 0.02982107355864811
0 0.3572916666666667 0.6456262425447317 0.013541666666666667 0.03479125248508946
0 0.37083333333333335 0.6575546719681908 0.017708333333333333 0.042743538767395624
0 0.41848958333333336 0.6520874751491054 0.021354166666666667 0.017892644135188866
0 0.08802083333333334 0.6595427435387674 0.017708333333333333 0.012922465208747515
0 0.29973958333333334 0.6665009940357853 0.0067708333333333336 0.020874751491053677
0 0.5716145833333334 0.6744532803180915 0.009895833333333333 0.032803180914512925
0 0.5278645833333333 0.6833996023856859 0.016145833333333335 0.02485089463220676
0 0.08125 0.6863817097415507 0.010416666666666666 0.02882703777335984
0 0.41458333333333336 0.6829025844930418 0.014583333333333334 0.015904572564612324
0 0.54921875 0.6958250497017893 0.011979166666666667 0.03180914512922465
0 0.20755208333333333 0.6968190854870775 0.009895833333333333 0.02385685884691849
0 0.3697916666666667 0.7102385685884692 0.029166666666666667 0.04671968190854871
0 0.5854166666666667 0.702286282306163 0.011458333333333333 0.020874751491053677
0 0.321875 0.7092445328031809 0.011458333333333333 0.03479125248508946
0 0.434375 0.7072564612326043 0.009375 0.02882703777335984
0 0.29661458333333335 0.6998011928429424 0.008854166666666666 0.009940357852882704
0 0.41901041666666666 0.7052683896620279 0.013020833333333334 0.014910536779324055
0 0.6614583333333334 0.7087475149105368 0.008333333333333333 0.019880715705765408
0 0.4822916666666667 0.7266401590457257 0.00625 0.03777335984095427
0 0.5223958333333333 0.7236580516898609 0.010416666666666666 0.02186878727634195
0 0.28463541666666664 0.7236580516898609 0.011979166666666667 0.017892644135188866
0 0.8432291666666667 0.7385685884691849 0.0125 0.027833001988071572
0 0.22864583333333333 0.7365805168986084 0.0125 0.019880715705765408
0 0.4596354166666667 0.7460238568588469 0.0078125 0.032803180914512925
0 0.60546875 0.7544731610337972 0.0171875 0.03578528827037773
0 0.33697916666666666 0.7589463220675944 0.011458333333333333 0.04473161033797217
0 0.4434895833333333 0.7534791252485089 0.0046875 0.02982107355864811
0 0.5723958333333333 0.7544731610337972 0.014583333333333334 0.02186878727634195
0 0.5109375 0.7589463220675944 0.004166666666666667 0.02286282306163022
0 0.13072916666666667 0.7544731610337972 0.015625 0.015904572564612324
0 0.38776041666666666 0.7614314115308151 0.008854166666666666 0.02186878727634195
0 0.10677083333333333 0.7748508946322068 0.009375 0.0268389662027833
0 0.67265625 0.7847912524850894 0.0046875 0.030815109343936383
0 0.2640625 0.7788270377733598 0.0125 0.018886679920477135
0 0.4583333333333333 0.7833001988071571 0.008333333333333333 0.02584493041749503
0 0.3572916666666667 0.7912524850894632 0.017708333333333333 0.039761431411530816
0 0.5703125 0.782803180914513 0.013541666666666667 0.016898608349900597
0 0.059375 0.794234592445328 0.011458333333333333 0.027833001988071572
0 0.5953125 0.7917495029821073 0.016666666666666666 0.014910536779324055
0 0.030989583333333334 0.7992047713717694 0.008854166666666666 0.02385685884691849
0 0.37526041666666665 0.805168986083499 0.013020833333333334 0.03180914512922465
0 0.34479166666666666 0.8031809145129225 0.00625 0.027833001988071572
0 0.2908854166666667 0.8026838966202783 0.013020833333333334 0.018886679920477135
0 0.4309895833333333 0.797713717693837 0.0140625 0.006958250497017893
0 0.5515625 0.808648111332008 0.017708333333333333 0.02286282306163022
0 0.26223958333333336 0.81610337972167 0.008854166666666666 0.03180914512922465
0 0.38697916666666665 0.8215705765407555 0.005208333333333333 0.02882703777335984
0 0.19713541666666667 0.8255467196819085 0.016145833333333335 0.03876739562624255
0 0.3234375 0.8220675944333996 0.010416666666666666 0.02186878727634195
0 0.16901041666666666 0.8255467196819085 0.005729166666666666 0.020874751491053677
0 0.5221354166666666 0.8290258449304175 0.005729166666666666 0.019880715705765408
0 0.4765625 0.8379721669980119 0.014583333333333334 0.03578528827037773
0 0.57578125 0.8439363817097415 0.0109375 0.03777335984095427
0 0.22682291666666668 0.8424453280318092 0.009895833333333333 0.032803180914512925
0 0.34270833333333334 0.8349900596421471 0.013541666666666667 0.007952286282306162
0 0.74609375 0.8439363817097415 0.018229166666666668 0.017892644135188866
0 0.6997395833333333 0.8464214711729622 0.011979166666666667 0.02286282306163022
0 0.6369791666666667 0.8508946322067594 0.005208333333333333 0.03180914512922465
0 0.35572916666666665 0.8553677932405567 0.0125 0.02882703777335984
0 0.17604166666666668 0.8508946322067594 0.007291666666666667 0.011928429423459244
0 0.38671875 0.8613320079522863 0.0067708333333333336 0.02485089463220676
0 0.15625 0.8628230616302187 0.007291666666666667 0.02186878727634195
0 0.3984375 0.8687872763419483 0.007291666666666667 0.02982107355864811
0 0.33177083333333335 0.8658051689860835 0.016666666666666666 0.015904572564612324
0 0.04453125 0.8737574552683897 0.008854166666666666 0.02584493041749503
0 0.6075520833333333 0.8757455268389662 0.013020833333333334 0.015904572564612324
0 0.31328125 0.8757455268389662 0.009895833333333333 0.015904572564612324
0 0.38229166666666664 0.8951292246520874 0.005208333333333333 0.03479125248508946
0 0.21223958333333334 0.8941351888667992 0.009895833333333333 0.02882703777335984
0 0.19791666666666666 0.8901590457256461 0.00625 0.020874751491053677
0 0.40859375 0.8951292246520874 0.008854166666666666 0.010934393638170975
0 0.6783854166666666 0.9005964214711729 0.0109375 0.017892644135188866
0 0.13958333333333334 0.9085487077534792 0.009375 0.03180914512922465
0 0.07005208333333333 0.9050695825049702 0.0109375 0.02485089463220676
0 0.24140625 0.9085487077534792 0.0067708333333333336 0.02385685884691849
0 0.28151041666666665 0.9070576540755467 0.018229166666666668 0.014910536779324055
0 0.29635416666666664 0.9239562624254473 0.008333333333333333 0.0268389662027833
0 0.20078125 0.9239562624254473 0.005729166666666666 0.02485089463220676
0 0.428125 0.9239562624254473 0.00625 0.018886679920477135
0 0.6190104166666667 0.9294234592445328 0.022395833333333334 0.02385685884691849
0 0.17760416666666667 0.93389662027833 0.005208333333333333 0.032803180914512925
0 0.27447916666666666 0.9289264413518886 0.00625 0.016898608349900597
0 0.4122395833333333 0.9343936381709742 0.019270833333333334 0.02186878727634195
0 0.6856770833333333 0.9393638170974155 0.0109375 0.027833001988071572
0 0.15078125 0.9363817097415507 0.0109375 0.02186878727634195
0 0.3875 0.9418489065606361 0.009375 0.0268389662027833
0 0.32864583333333336 0.9418489065606361 0.017708333333333333 0.02882703777335984
0 0.3078125 0.941351888667992 0.007291666666666667 0.017892644135188866
0 0.3541666666666667 0.9398608349900597 0.0125 0.010934393638170975
0 0.34453125 0.9478131212723658 0.0067708333333333336 0.014910536779324055
0 0.09713541666666667 0.9468190854870775 0.0140625 0.014910536779324055
0 0.37109375 0.94831013916501 0.0067708333333333336 0.013916500994035786
0 0.20651041666666667 0.9547713717693836 0.009895833333333333 0.018886679920477135
0 0.6221354166666667 0.9572564612326043 0.018229166666666668 0.015904572564612324
0 0.6572916666666667 0.9602385685884692 0.016666666666666666 0.011928429423459244
0 0.4828125 0.9796222664015904 0.026041666666666668 0.032803180914512925
0 0.09557291666666666 0.9721669980119284 0.0171875 0.013916500994035786
0 0.36822916666666666 0.9786282306163022 0.007291666666666667 0.016898608349900597
0 0.62265625 0.9826043737574552 0.0078125 0.02286282306163022
0 0.45755208333333336 0.9850894632206759 0.005729166666666666 0.027833001988071572
0 0.3809895833333333 0.981610337972167 0.009895833333333333 0.020874751491053677
0 0.03046875 0.9835984095427436 0.018229166666666668 0.020874751491053677
0 0.18802083333333333 0.9875745526838966 0.017708333333333333 0.02286282306163022
0 0.6799479166666667 0.9880715705765407 0.005729166666666666 0.02186878727634195
0 0.59921875 0.9920477137176938 0.0171875 0.013916500994035786
0 0.47317708333333336 0.9930417495029821 0.0067708333333333336 0.011928429423459244
0 0.2546875 0.9940357852882704 0.0125 0.009940357852882704