0 0.18463541666666666 0.0004970178926441351 0.03177083333333333 0.0009940357852882703
0 0.32708333333333334 0.004970178926441352 0.011458333333333333 0.009940357852882704
0 0.38671875 0.0044731610337972166 0.019270833333333334 0.008946322067594433
0 0.47578125 0.007455268389662028 0.0078125 0.014910536779324055
0 0.4895833333333333 0.018389662027833 0.017708333333333333 0.036779324055666
0 0.528125 0.014910536779324055 0.007291666666666667 0.02982107355864811
0 0.6666666666666666 0.0054671968190854875 0.022916666666666665 0.010934393638170975
0 0.74609375 0.01341948310139165 0.013020833333333334 0.0268389662027833
0 0.8736979166666666 0.021371769383697812 0.016145833333333335 0.042743538767395624
0 0.9541666666666667 0.003976143141153081 0.013541666666666667 0.007952286282306162
0 0.9143229166666667 0.028330019880715707 0.018229166666666668 0.04671968190854871
0 0.934375 0.031312127236580514 0.016666666666666666 0.04473161033797217
0 0.37395833333333334 0.03429423459244533 0.0125 0.042743538767395624
0 0.39140625 0.0352882703777336 0.018229166666666668 0.042743538767395624
0 0.4080729166666667 0.0352882703777336 0.0140625 0.042743538767395624
0 0.10729166666666666 0.03429423459244533 0.015625 0.036779324055666
0 0.5078125 0.03876739562624255 0.020833333333333332 0.0437375745526839
0 0.6408854166666667 0.02584493041749503 0.0067708333333333336 0.009940357852882704
0 0.7661458333333333 0.029324055666003976 0.014583333333333334 0.014910536779324055
0 0.06015625 0.030815109343936383 0.009895833333333333 0.015904572564612324
0 0.3341145833333333 0.037276341948310136 0.0140625 0.018886679920477135
0 0.5713541666666667 0.041749502982107355 0.008333333333333333 0.02186878727634195
0 0.31796875 0.052186878727634195 0.0140625 0.02485089463220676
0 0.5515625 0.04721669980119284 0.016666666666666666 0.012922465208747515
0 0.26067708333333334 0.06063618290258449 0.0171875 0.02584493041749503
0 0.28125 0.059145129224652086 0.016666666666666666 0.02485089463220676
0 0.12213541666666666 0.05864811133200795 0.009895833333333333 0.019880715705765408
0 0.41953125 0.06809145129224652 0.011979166666666667 0.036779324055666
0 0.51796875 0.09244532803180915 0.0067708333333333336 0.03578528827037773
0 0.23854166666666668 0.10437375745526839 0.01875 0.055666003976143144
0 0.5348958333333333 0.0889662027833002 0.021875 0.02286282306163022
0 0.4981770833333333 0.09294234592445327 0.018229166666666668 0.0268389662027833
0 0.3924479166666667 0.09990059642147117 0.019270833333333334 0.036779324055666
0 0.4578125 0.10288270377733598 0.010416666666666666 0.042743538767395624
0 0.28411458333333334 0.10139165009940358 0.0109375 0.03777335984095427
0 0.8088541666666667 0.09095427435387674 0.019791666666666666 0.016898608349900597
0 0.9510416666666667 0.10238568588469185 0.014583333333333334 0.027833001988071572
0 0.00234375 0.11381709741550695 0.0046875 0.04473161033797217
0 0.90390625 0.10536779324055666 0.018229166666666668 0.02982107355864811
0 0.7580729166666667 0.11083499005964215 0.013020833333333334 0.03479125248508946
0 0.19010416666666666 0.10139165009940358 0.008333333333333333 0.013916500994035786
0 0.6565104166666667 0.10238568588469185 0.015104166666666667 0.015904572564612324
0 0.375 0.11481113320079522 0.015625 0.030815109343936383
0 0.32734375 0.12276341948310139 0.011979166666666667 0.03876739562624255
0 0.8828125 0.12872763419483102 0.022916666666666665 0.036779324055666
0 0.10807291666666667 0.1242544731610338 0.0140625 0.019880715705765408
0 0.60859375 0.12673956262425448 0.016145833333333335 0.018886679920477135
0 0.9369791666666667 0.12872763419483102 0.013541666666666667 0.020874751491053677
0 0.72109375 0.13071570576540756 0.0203125 0.018886679920477135
0 0.7645833333333333 0.14214711729622267 0.026041666666666668 0.041749502982107355
0 0.21875 0.13220675944333996 0.007291666666666667 0.019880715705765408
0 0.9934895833333334 0.14214711729622267 0.011979166666666667 0.033797216699801194
0 0.6611979166666667 0.14860834990059643 0.015104166666666667 0.04473161033797217
0 0.78984375 0.14363817097415507 0.008854166666666666 0.03479125248508946
0 0.06276041666666667 0.1525844930417495 0.0171875 0.04473161033797217
0 0.37473958333333335 0.15606361829025844 0.0234375 0.04970178926441352
0 0.4200520833333333 0.1466202783300199 0.011979166666666667 0.032803180914512925
0 0.6864583333333333 0.14512922465208747 0.017708333333333333 0.02584493041749503
0 0.9111979166666667 0.15357852882703776 0.0203125 0.042743538767395624
0 0.5770833333333333 0.15606361829025844 0.015625 0.03777335984095427
0 0.7421875 0.14463220675944333 0.016666666666666666 0.016898608349900597
0 0.08697916666666666 0.16153081510934394 0.0125 0.03876739562624255
0 0.5591145833333333 0.15805168986083498 0.008854166666666666 0.02186878727634195
0 0.325 0.16500994035785288 0.013541666666666667 0.03180914512922465
0 0.19375 0.1794234592445328 0.01875 0.04473161033797217
0 0.2916666666666667 0.17345924453280318 0.01875 0.032803180914512925
0 0.2234375 0.16898608349900596 0.017708333333333333 0.02186878727634195
0 0.5947916666666667 0.1833996023856859 0.009375 0.03876739562624255
0 0.58203125 0.19035785288270377 0.011979166666666667 0.048707753479125246
0 0.7236979166666667 0.17842942345924453 0.028645833333333332 0.02286282306163022
0 0.8546875 0.18986083499005965 0.014583333333333334 0.04572564612326044
0 0.171875 0.18141153081510936 0.007291666666666667 0.02485089463220676
0 0.6216145833333333 0.18091451292246521 0.0140625 0.02385685884691849
0 0.27708333333333335 0.18389662027833 0.016666666666666666 0.02385685884691849
0 0.4127604166666667 0.17892644135188868 0.018229166666666668 0.013916500994035786
0 0.3424479166666667 0.1988071570576541 0.033854166666666664 0.0437375745526839
0 0.9833333333333333 0.20129224652087474 0.023958333333333335 0.03876739562624255
0 0.39296875 0.19532803180914513 0.0109375 0.020874751491053677
0 0.43697916666666664 0.1963220675944334 0.013541666666666667 0.02485089463220676
0 0.5494791666666666 0.20129224652087474 0.017708333333333333 0.02882703777335984
0 0.22838541666666667 0.20974155069582506 0.019270833333333334 0.013916500994035786
0 0.28125 0.22912524850894633 0.016666666666666666 0.04473161033797217
0 0.39088541666666665 0.21570576540755468 0.008854166666666666 0.017892644135188866
0 0.4140625 0.2331013916500994 0.022916666666666665 0.05268389662027833
0 0.25885416666666666 0.21669980119284293 0.013541666666666667 0.015904572564612324
0 0.05807291666666667 0.22266401590457258 0.0140625 0.019880715705765408
0 0.8395833333333333 0.22266401590457258 0.007291666666666667 0.015904572564612324
0 0.22942708333333334 0.23260437375745527 0.0067708333333333336 0.02982107355864811
0 0.5161458333333333 0.23210735586481113 0.023958333333333335 0.02882703777335984
0 0.7908854166666667 0.24105367793240556 0.0140625 0.03876739562624255
0 0.8096354166666667 0.23856858846918488 0.009895833333333333 0.03180914512922465
0 0.6908854166666667 0.2430417495029821 0.0359375 0.036779324055666
0 0.40208333333333335 0.23210735586481113 0.007291666666666667 0.012922465208747515
0 0.4322916666666667 0.2509940357852883 0.009375 0.042743538767395624
0 0.5611979166666666 0.24751491053677932 0.019270833333333334 0.02186878727634195
0 0.8546875 0.2514910536779324 0.010416666666666666 0.02982107355864811
0 0.46536458333333336 0.2599403578528827 0.025520833333333333 0.042743538767395624
0 0.9075520833333334 0.25347912524850896 0.0203125 0.03180914512922465
0 0.08645833333333333 0.25646123260437376 0.011458333333333333 0.033797216699801194
0 0.19322916666666667 0.2544731610337972 0.010416666666666666 0.02982107355864811
0 0.2630208333333333 0.2514910536779324 0.0125 0.02385685884691849
0 0.31197916666666664 0.25596421471172964 0.013541666666666667 0.020874751491053677
0 0.759375 0.2614314115308151 0.014583333333333334 0.02982107355864811
0 0.33229166666666665 0.2673956262425447 0.01875 0.02186878727634195
0 0.50703125 0.2649105367793241 0.0067708333333333336 0.016898608349900597
0 0.9427083333333334 0.27335984095427435 0.028125 0.02584493041749503
0 0.30520833333333336 0.2932405566600398 0.011458333333333333 0.033797216699801194
0 0.37942708333333336 0.2907554671968191 0.0109375 0.02882703777335984
0 0.86328125 0.29721669980119286 0.0140625 0.0437375745526839
0 0.25755208333333335 0.2823061630218688 0.0140625 0.009940357852882704
0 0.7322916666666667 0.30218687872763417 0.028125 0.019880715705765408
0 0.3265625 0.308648111332008 0.009375 0.030815109343936383
0 0.5807291666666666 0.3190854870775348 0.013541666666666667 0.04970178926441352
0 0.5020833333333333 0.30318091451292245 0.023958333333333335 0.015904572564612324
0 0.22473958333333333 0.3106361829025845 0.013020833333333334 0.02286282306163022
0 0.5611979166666666 0.3240556660039761 0.011979166666666667 0.04970178926441352
0 0.0953125 0.3210735586481113 0.009375 0.03777335984095427
0 0.2994791666666667 0.31560636182902585 0.004166666666666667 0.018886679920477135
0 0.15546875 0.32007952286282304 0.0203125 0.02584493041749503
0 0.17838541666666666 0.3210735586481113 0.016145833333333335 0.02186878727634195
0 0.47213541666666664 0.3275347912524851 0.016145833333333335 0.036779324055666
0 0.038802083333333334 0.3195825049701789 0.008854166666666666 0.014910536779324055
0 0.6958333333333333 0.323558648111332 0.016666666666666666 0.02286282306163022
0 0.41744791666666664 0.32703777335984097 0.0067708333333333336 0.019880715705765408
0 0.31354166666666666 0.33001988071570576 0.015625 0.02186878727634195
0 0.5075520833333333 0.3379721669980119 0.009895833333333333 0.03180914512922465
0 0.35911458333333335 0.3508946322067594 0.019270833333333334 0.04970178926441352
0 0.5940104166666667 0.3374751491053678 0.015104166666666667 0.018886679920477135
0 0.3416666666666667 0.3474155069582505 0.0125 0.020874751491053677
0 0.5424479166666667 0.3533797216699801 0.0171875 0.02286282306163022
0 0.9122395833333333 0.3548707753479125 0.0078125 0.02385685884691849
0 0.9434895833333333 0.3643141153081511 0.021354166666666667 0.030815109343936383
0 0.4361979166666667 0.37673956262425445 0.016145833333333335 0.041749502982107355
0 0.08723958333333333 0.3697813121272366 0.0234375 0.015904572564612324
0 0.20234375 0.37077534791252487 0.021354166666666667 0.019880715705765408
0 0.41770833333333335 0.36928429423459247 0.011458333333333333 0.012922465208747515
0 0.6372395833333333 0.3742544731610338 0.0067708333333333336 0.020874751491053677
0 0.6966145833333334 0.3772365805168986 0.024479166666666666 0.018886679920477135
0 0.41015625 0.38817097415506957 0.016145833333333335 0.014910536779324055
0 0.2833333333333333 0.3946322067594433 0.019791666666666666 0.02186878727634195
0 0.5731770833333333 0.3926441351888668 0.013020833333333334 0.013916500994035786
0 0.8705729166666667 0.40208747514910537 0.0140625 0.02882703777335984
0 0.14479166666666668 0.3996023856858847 0.015625 0.017892644135188866
0 0.31692708333333336 0.4110337972166998 0.011979166666666667 0.036779324055666
0 0.6122395833333333 0.4140159045725646 0.016145833333333335 0.032803180914512925
0 0.5059895833333333 0.41600397614314116 0.008854166666666666 0.03479125248508946
0 0.978125 0.4224652087475149 0.023958333333333335 0.04572564612326044
0 0.3338541666666667 0.41848906560636184 0.008333333333333333 0.033797216699801194
0 0.4361979166666667 0.4165009940357853 0.0067708333333333336 0.027833001988071572
0 0.6838541666666667 0.42445328031809143 0.021875 0.02186878727634195
0 0.39791666666666664 0.4254473161033797 0.011458333333333333 0.011928429423459244
0 0.48333333333333334 0.43190854870775347 0.013541666666666667 0.020874751491053677
0 0.06588541666666667 0.44433399602385687 0.0171875 0.0437375745526839
0 0.09192708333333334 0.4408548707753479 0.0234375 0.032803180914512925
0 0.7598958333333333 0.44433399602385687 0.020833333333333332 0.033797216699801194
0 0.54609375 0.44980119284294234 0.015104166666666667 0.040755467196819085
0 0.022395833333333334 0.45029821073558646 0.01875 0.03578528827037773
0 0.04765625 0.44930417495029823 0.013020833333333334 0.03180914512922465
0 0.19895833333333332 0.4438369781312127 0.016666666666666666 0.014910536779324055
0 0.3223958333333333 0.4592445328031809 0.019791666666666666 0.041749502982107355
0 0.6234375 0.45129224652087474 0.017708333333333333 0.02584493041749503
0 0.9265625 0.46272365805168986 0.0125 0.03479125248508946
0 0.38723958333333336 0.46520874751491054 0.0109375 0.015904572564612324
0 0.1859375 0.4696819085487077 0.0125 0.018886679920477135
0 0.14010416666666667 0.47713717693836977 0.01875 0.02186878727634195
0 0.5231770833333333 0.48111332007952284 0.0067708333333333336 0.02982107355864811
0 0.36822916666666666 0.48906560636182905 0.009375 0.02385685884691849
0 0.9049479166666666 0.49353876739562624 0.0140625 0.03479125248508946
0 0.27369791666666665 0.4885685884691849 0.022395833333333334 0.020874751491053677
0 0.7169270833333333 0.49801192842942343 0.011979166666666667 0.03777335984095427
0 0.228125 0.49652087475149104 0.0125 0.0268389662027833
0 0.4244791666666667 0.5024850894632207 0.021875 0.0268389662027833
0 0.20026041666666666 0.5069582504970179 0.0067708333333333336 0.03180914512922465
0 0.5322916666666667 0.5099403578528827 0.008333333333333333 0.039761431411530816
0 0.8716145833333333 0.5104373757455268 0.030729166666666665 0.0268389662027833
0 0.37421875 0.5114314115308151 0.019270833333333334 0.0268389662027833
0 0.3932291666666667 0.5079522862823062 0.010416666666666666 0.019880715705765408
0 0.3515625 0.5114314115308151 0.010416666666666666 0.018886679920477135
0 0.6854166666666667 0.5119284294234593 0.008333333333333333 0.017892644135188866
0 0.14166666666666666 0.5173956262425448 0.020833333333333332 0.014910536779324055
0 0.6622395833333333 0.5298210735586482 0.011979166666666667 0.03777335984095427
0 0.17317708333333334 0.5243538767395626 0.016145833333333335 0.014910536779324055
0 0.6989583333333333 0.525844930417495 0.015625 0.013916500994035786
0 0.6372395833333333 0.544234592445328 0.0109375 0.03479125248508946
0 0.7286458333333333 0.5422465208747514 0.010416666666666666 0.02882703777335984
0 0.9010416666666666 0.547713717693837 0.0125 0.03180914512922465
0 0.3028645833333333 0.5601391650099403 0.0203125 0.040755467196819085
0 0.8708333333333333 0.5561630218687873 0.019791666666666666 0.018886679920477135
0 0.48098958333333336 0.5576540755467196 0.008854166666666666 0.017892644135188866
0 0.5549479166666667 0.5675944333996024 0.008854166666666666 0.039761431411530816
0 0.2515625 0.5636182902584493 0.0125 0.02584493041749503
0 0.15807291666666667 0.5616302186878728 0.021354166666666667 0.013916500994035786
0 0.2713541666666667 0.5690854870775348 0.020833333333333332 0.020874751491053677
0 0.646875 0.6003976143141153 0.017708333333333333 0.04771371769383698
0 0.05182291666666667 0.5929423459244533 0.013020833333333334 0.016898608349900597
0 0.06927083333333334 0.6003976143141153 0.009375 0.019880715705765408
0 0.20026041666666666 0.5994035785288271 0.016145833333333335 0.019880715705765408
0 0.48671875 0.6038767395626242 0.0067708333333333336 0.018886679920477135
0 0.5083333333333333 0.602882703777336 0.015625 0.018886679920477135
0 0.6729166666666667 0.6018886679920478 0.020833333333333332 0.014910536779324055
0 0.88046875 0.610337972166998 0.024479166666666666 0.03180914512922465
0 0.29348958333333336 0.6252485089463221 0.0171875 0.04771371769383698
0 0.8528645833333334 0.6128230616302187 0.022395833333333334 0.020874751491053677
0 0.3809895833333333 0.6227634194831014 0.009895833333333333 0.03479125248508946
0 0.9932291666666667 0.6466202783300199 0.0125 0.05864811133200795
0 0.55859375 0.6525844930417495 0.009895833333333333 0.05268389662027833
0 0.6859375 0.6496023856858847 0.041666666666666664 0.0268389662027833
0 0.5325520833333334 0.6585487077534792 0.0078125 0.042743538767395624
0 0.27734375 0.6660039761431411 0.011979166666666667 0.033797216699801194
0 0.24869791666666666 0.668986083499006 0.0067708333333333336 0.03180914512922465
0 0.4942708333333333 0.672962226640159 0.00625 0.03578528827037773
0 0.66328125 0.6819085487077535 0.009895833333333333 0.03777335984095427
0 0.578125 0.6774353876739563 0.00625 0.016898608349900597
0 0.015885416666666666 0.6893638170974155 0.016145833333333335 0.0268389662027833
0 0.7919270833333333 0.6868787276341949 0.018229166666666668 0.017892644135188866
0 0.70234375 0.694831013916501 0.019270833333333334 0.02186878727634195
0 0.24010416666666667 0.7052683896620279 0.009375 0.036779324055666
0 0.37109375 0.7007952286282306 0.009895833333333333 0.02385685884691849
0 0.58125 0.6988071570576541 0.005208333333333333 0.017892644135188866
0 0.7875 0.7042743538767395 0.023958333333333335 0.0268389662027833
0 0.20338541666666668 0.7246520874751491 0.0140625 0.041749502982107355
0 0.86953125 0.7216699801192843 0.0078125 0.03578528827037773
0 0.8484375 0.7196819085487077 0.017708333333333333 0.027833001988071572
0 0.9518229166666666 0.7296222664015904 0.0171875 0.04572564612326044
0 0.7635416666666667 0.7311133200795229 0.009375 0.030815109343936383
0 0.44505208333333335 0.7306163021868787 0.009895833333333333 0.027833001988071572
0 0.4635416666666667 0.7281312127236581 0.013541666666666667 0.012922465208747515
0 0.5401041666666667 0.7365805168986084 0.009375 0.02584493041749503
0 0.6739583333333333 0.7326043737574552 0.019791666666666666 0.017892644135188866
0 0.05572916666666667 0.7549701789264414 0.0125 0.042743538767395624
0 0.9278645833333333 0.7524850894632207 0.021354166666666667 0.03578528827037773
0 0.55703125 0.760934393638171 0.0171875 0.042743538767395624
0 0.465625 0.757455268389662 0.013541666666666667 0.02584493041749503
0 0.271875 0.757455268389662 0.00625 0.02186878727634195
0 0.4348958333333333 0.7589463220675944 0.009375 0.02286282306163022
0 0.5197916666666667 0.7862823061630219 0.008333333333333333 0.04572564612326044
0 0.6817708333333333 0.7728628230616302 0.01875 0.020874751491053677
0 0.07109375 0.7803180914512923 0.013020833333333334 0.02982107355864811
0 0.4515625 0.7798210735586482 0.014583333333333334 0.02882703777335984
0 0.4119791666666667 0.7743538767395626 0.011458333333333333 0.011928429423459244
0 0.3807291666666667 0.7962226640159046 0.011458333333333333 0.03578528827037773
0 0.43645833333333334 0.7907554671968191 0.015625 0.014910536779324055
0 0.7184895833333333 0.790258449304175 0.025520833333333333 0.013916500994035786
0 0.9893229166666667 0.8071570576540755 0.0203125 0.04771371769383698
0 0.7458333333333333 0.8061630218687873 0.019791666666666666 0.033797216699801194
0 0.27395833333333336 0.80168986083499 0.007291666666666667 0.020874751491053677
0 0.4083333333333333 0.8146123260437376 0.010416666666666666 0.040755467196819085
0 0.8890625 0.8210735586481114 0.020833333333333332 0.0536779324055666
0 0.34869791666666666 0.812624254473161 0.0203125 0.020874751491053677
0 0.8234375 0.8195825049701789 0.015625 0.03479125248508946
0 0.60625 0.81610337972167 0.014583333333333334 0.019880715705765408
0 0.2671875 0.8280318091451292 0.009375 0.027833001988071572
0 0.653125 0.8315109343936382 0.009375 0.012922465208747515
0 0.22239583333333332 0.8369781312127237 0.023958333333333335 0.02186878727634195
0 0.5893229166666667 0.8489065606361829 0.015104166666666667 0.0437375745526839
0 0.665625 0.8320079522862823 0.010416666666666666 0.011928429423459244
0 0.9278645833333333 0.845427435387674 0.025520833333333333 0.03876739562624255
0 0.4591145833333333 0.8439363817097415 0.018229166666666668 0.019880715705765408
0 0.31354166666666666 0.8479125248508946 0.020833333333333332 0.019880715705765408
0 0.96640625 0.8593439363817097 0.019270833333333334 0.02286282306163022
0 0.5263020833333333 0.871272365805169 0.0109375 0.032803180914512925
0 0.5677083333333334 0.8663021868787276 0.01875 0.016898608349900597
0 0.21119791666666668 0.8667992047713717 0.0171875 0.011928429423459244
0 0.8583333333333333 0.8807157057654076 0.013541666666666667 0.041749502982107355
0 0.83515625 0.8866799204771372 0.016145833333333335 0.04771371769383698
0 0.63359375 0.8886679920477137 0.011979166666666667 0.039761431411530816
0 0.36223958333333334 0.8807157057654076 0.008854166666666666 0.02186878727634195
0 0.4393229166666667 0.8817097415506958 0.008854166666666666 0.02385685884691849
0 0.5104166666666666 0.8911530815109344 0.007291666666666667 0.042743538767395624
0 0.09348958333333333 0.8871769383697813 0.013020833333333334 0.02286282306163022
0 0.7052083333333333 0.8881709741550696 0.022916666666666665 0.020874751491053677
0 0.31145833333333334 0.8861829025844931 0.013541666666666667 0.010934393638170975
0 0.7640625 0.8961232604373758 0.0125 0.02882703777335984
0 0.4158854166666667 0.9085487077534792 0.0067708333333333336 0.03777335984095427
0 0.9911458333333333 0.908051689860835 0.016666666666666666 0.02882703777335984
0 0.32890625 0.9075546719681908 0.005729166666666666 0.017892644135188866
0 0.53125 0.9070576540755467 0.017708333333333333 0.018886679920477135
0 0.6703125 0.9174950298210736 0.017708333333333333 0.03777335984095427
0 0.10026041666666667 0.9284294234592445 0.008854166666666666 0.04970178926441352
0 0.2752604166666667 0.915506958250497 0.0109375 0.011928429423459244
0 0.1734375 0.9314115308151093 0.009375 0.039761431411530816
0 0.26536458333333335 0.9194831013916501 0.0078125 0.013916500994035786
0 0.3690104166666667 0.929920477137177 0.0140625 0.030815109343936383
0 0.6234375 0.9353876739562624 0.020833333333333332 0.03578528827037773
0 0.5614583333333333 0.9333996023856859 0.016666666666666666 0.027833001988071572
0 0.3255208333333333 0.9294234592445328 0.00625 0.015904572564612324
0 0.49375 0.9428429423459245 0.009375 0.02882703777335984
0 0.33984375 0.9428429423459245 0.009895833333333333 0.010934393638170975
0 0.30885416666666665 0.9547713717693836 0.009375 0.02485089463220676
0 0.04869791666666667 0.9657057654075547 0.018229166666666668 0.04473161033797217
0 0.12291666666666666 0.9662027833001988 0.011458333333333333 0.0437375745526839
0 0.5776041666666667 0.9552683896620279 0.020833333333333332 0.013916500994035786
0 0.48411458333333335 0.9696819085487077 0.022395833333333334 0.020874751491053677
0 0.19427083333333334 0.9746520874751491 0.01875 0.0268389662027833
0 0.9651041666666667 0.9831013916500994 0.015625 0.03180914512922465
0 0.253125 0.9811133200795229 0.01875 0.02385685884691849
0 0.14713541666666666 0.9835984095427436 0.028645833333333332 0.02485089463220676
0 0.3059895833333333 0.9840954274353877 0.008854166666666666 0.019880715705765408
0 0.8442708333333333 0.9865805168986084 0.019791666666666666 0.02485089463220676
0 0.23984375 0.9900596421471173 0.0078125 0.017892644135188866
0 0.27890625 0.9935387673956262 0.018229166666666668 0.010934393638170975
0 0.32708333333333334 0.9940357852882704 0.022916666666666665 0.009940357852882704
0 0.6229166666666667 0.9940357852882704 0.023958333333333335 0.009940357852882704
0 0.9888020833333333 0.9945328031809145 0.021354166666666667 0.008946322067594433