0 0.35052083333333334 0.010437375745526839 0.007291666666666667 0.020874751491053677
0 0.8364583333333333 0.02485089463220676 0.017708333333333333 0.04970178926441352
0 0.07291666666666667 0.0064612326043737576 0.023958333333333335 0.008946322067594433
0 0.09453125 0.009443339960238568 0.013020833333333334 0.014910536779324055
0 0.19036458333333334 0.015904572564612324 0.025520833333333333 0.027833001988071572
0 0.3234375 0.012922465208747515 0.010416666666666666 0.02186878727634195
0 0.3653645833333333 0.015904572564612324 0.0046875 0.027833001988071572
0 0.003125 0.019880715705765408 0.00625 0.033797216699801194
0 0.11692708333333333 0.03876739562624255 0.015104166666666667 0.05964214711729622
0 0.8174479166666667 0.03230616302186879 0.015104166666666667 0.02882703777335984
0 0.9684895833333333 0.03330019880715706 0.0078125 0.016898608349900597
0 0.5205729166666667 0.040755467196819085 0.022395833333333334 0.027833001988071572
0 0.98203125 0.042743538767395624 0.009895833333333333 0.017892644135188866
0 0.36328125 0.04821073558648111 0.0078125 0.020874751491053677
0 0.3809895833333333 0.04771371769383698 0.018229166666666668 0.02186878727634195
0 0.103125 0.053180914512922464 0.005208333333333333 0.02485089463220676
0 0.04375 0.07654075546719682 0.014583333333333334 0.05168986083499006
0 0.027604166666666666 0.06759443339960239 0.014583333333333334 0.02186878727634195
0 0.1875 0.07405566600397614 0.019791666666666666 0.032803180914512925
0 0.5859375 0.06759443339960239 0.0125 0.017892644135188866
0 0.13984375 0.08598409542743539 0.019270833333333334 0.03876739562624255
0 0.9197916666666667 0.0775347912524851 0.009375 0.017892644135188866
0 0.3489583333333333 0.08797216699801193 0.017708333333333333 0.02286282306163022
0 0.0125 0.0959244532803181 0.009375 0.0268389662027833
0 0.5151041666666667 0.08797216699801193 0.016666666666666666 0.010934393638170975
0 0.05572916666666667 0.10636182902584493 0.008333333333333333 0.02186878727634195
0 0.022916666666666665 0.10834990059642147 0.010416666666666666 0.017892644135188866
0 0.0671875 0.11381709741550695 0.00625 0.02286282306163022
0 0.9677083333333333 0.110337972166998 0.007291666666666667 0.015904572564612324
0 0.12578125 0.11580516898608349 0.0078125 0.018886679920477135
0 0.9953125 0.1257455268389662 0.008333333333333333 0.036779324055666
0 0.11119791666666666 0.147117296222664 0.019270833333333334 0.073558648111332
0 0.22890625 0.12077534791252485 0.0203125 0.014910536779324055
0 0.3815104166666667 0.12972166998011928 0.0067708333333333336 0.02882703777335984
0 0.9822916666666667 0.12972166998011928 0.007291666666666667 0.012922465208747515
0 0.48880208333333336 0.14512922465208747 0.018229166666666668 0.013916500994035786
0 0.4700520833333333 0.16153081510934394 0.0109375 0.0268389662027833
0 0.45989583333333334 0.16898608349900596 0.00625 0.017892644135188866
0 0.3151041666666667 0.18836978131212723 0.007291666666666667 0.010934393638170975
0 0.8109375 0.20526838966202784 0.0125 0.040755467196819085
0 0.3768229166666667 0.21123260437375746 0.015104166666666667 0.02882703777335984
0 0.19427083333333334 0.20874751491053678 0.020833333333333332 0.017892644135188866
0 0.8557291666666667 0.21570576540755468 0.019791666666666666 0.03180914512922465
0 0.3546875 0.22465208747514911 0.009375 0.02982107355864811
0 0.003125 0.2614314115308151 0.00625 0.07952286282306163
0 0.9799479166666667 0.2355864811133201 0.0078125 0.027833001988071572
0 0.8302083333333333 0.27435387673956263 0.011458333333333333 0.05964214711729622
0 0.371875 0.2599403578528827 0.00625 0.018886679920477135
0 0.34375 0.2639165009940358 0.01875 0.02485089463220676
0 0.28125 0.29025844930417494 0.03333333333333333 0.04771371769383698
0 0.13515625 0.3061630218687873 0.024479166666666666 0.041749502982107355
0 0.3067708333333333 0.30566600397614313 0.00625 0.016898608349900597
0 0.8911458333333333 0.30467196819085485 0.005208333333333333 0.012922465208747515
0 0.013020833333333334 0.3121272365805169 0.00625 0.019880715705765408
0 0.3294270833333333 0.3205765407554672 0.019270833333333334 0.0268389662027833
0 0.7544270833333333 0.3429423459244533 0.019270833333333334 0.041749502982107355
0 0.16536458333333334 0.341948310139165 0.0234375 0.02186878727634195
0 0.3416666666666667 0.3518886679920477 0.007291666666666667 0.02584493041749503
0 0.8403645833333333 0.35934393638170975 0.008854166666666666 0.012922465208747515
0 0.17942708333333332 0.3633200795228628 0.0067708333333333336 0.014910536779324055
0 0.27447916666666666 0.36928429423459247 0.009375 0.0268389662027833
0 0.21197916666666666 0.39065606361829025 0.014583333333333334 0.02584493041749503
0 0.31666666666666665 0.39065606361829025 0.014583333333333334 0.02385685884691849
0 0.32916666666666666 0.40457256461232605 0.016666666666666666 0.02186878727634195
0 0.2950520833333333 0.415506958250497 0.016145833333333335 0.017892644135188866
0 0.11588541666666667 0.4438369781312127 0.024479166666666666 0.03876739562624255
0 0.35885416666666664 0.4418489065606362 0.015625 0.016898608349900597
0 0.6783854166666666 0.46371769383697814 0.021354166666666667 0.036779324055666
0 0.38229166666666664 0.46073558648111335 0.008333333333333333 0.020874751491053677
0 0.39739583333333334 0.4801192842942346 0.008333333333333333 0.03180914512922465
0 0.2265625 0.48061630218687873 0.021875 0.02882703777335984
0 0.3424479166666667 0.47514910536779326 0.0078125 0.013916500994035786
0 0.4434895833333333 0.4990059642147117 0.009895833333333333 0.027833001988071572
0 0.6080729166666666 0.4985089463220676 0.016145833333333335 0.02882703777335984
0 0.16328125 0.5342942345924453 0.0265625 0.030815109343936383
0 0.38125 0.5268389662027833 0.016666666666666666 0.017892644135188866
0 0.42994791666666665 0.5452286282306164 0.0171875 0.020874751491053677
0 0.3854166666666667 0.5646123260437376 0.025 0.02584493041749503
0 0.45807291666666666 0.5904572564612326 0.0067708333333333336 0.03777335984095427
0 0.584375 0.5914512922465208 0.014583333333333334 0.017892644135188866
0 0.3546875 0.6063618290258449 0.011458333333333333 0.041749502982107355
0 0.171875 0.5994035785288271 0.015625 0.013916500994035786
0 0.030729166666666665 0.632703777335984 0.017708333333333333 0.02882703777335984
0 0.36223958333333334 0.6336978131212724 0.008854166666666666 0.030815109343936383
0 0.3828125 0.6466202783300199 0.0125 0.012922465208747515
0 0.58828125 0.668986083499006 0.0109375 0.03578528827037773
0 0.0078125 0.6660039761431411 0.015625 0.02186878727634195
0 0.25546875 0.687375745526839 0.0109375 0.05268389662027833
0 0.23541666666666666 0.6858846918489065 0.011458333333333333 0.02584493041749503
0 0.3880208333333333 0.6833996023856859 0.010416666666666666 0.014910536779324055
0 0.4973958333333333 0.6938369781312127 0.0125 0.019880715705765408
0 0.3380208333333333 0.7127236580516899 0.03229166666666667 0.0536779324055666
0 0.7684895833333333 0.7092445328031809 0.013020833333333334 0.02286282306163022
0 0.18802083333333333 0.7370775347912525 0.008333333333333333 0.04473161033797217
0 0.41770833333333335 0.7375745526838966 0.009375 0.02186878727634195
0 0.15130208333333334 0.7718687872763419 0.016145833333333335 0.04671968190854871
0 0.17291666666666666 0.7703777335984096 0.01875 0.03180914512922465
0 0.33046875 0.7664015904572564 0.0078125 0.015904572564612324
0 0.3533854166666667 0.7698807157057654 0.008854166666666666 0.016898608349900597
0 0.37135416666666665 0.7698807157057654 0.019791666666666666 0.016898608349900597
0 0.40677083333333336 0.7718687872763419 0.005208333333333333 0.020874751491053677
0 0.39166666666666666 0.7728628230616302 0.008333333333333333 0.020874751491053677
0 0.6880208333333333 0.7813121272365805 0.0125 0.033797216699801194
0 0.08828125 0.8190854870775348 0.015104166666666667 0.03777335984095427
0 0.9268229166666667 0.8374751491053678 0.016145833333333335 0.030815109343936383
0 0.2109375 0.8389662027833003 0.029166666666666667 0.02982107355864811
0 0.4265625 0.8414512922465208 0.015625 0.02485089463220676
0 0.9127604166666666 0.8861829025844931 0.021354166666666667 0.05069582504970179
0 0.18776041666666668 0.8722664015904572 0.0234375 0.020874751491053677
0 0.9385416666666667 0.8871769383697813 0.020833333333333332 0.04473161033797217
0 0.25703125 0.8851888667992047 0.027604166666666666 0.03479125248508946
0 0.42291666666666666 0.8832007952286283 0.007291666666666667 0.02882703777335984
0 0.00026041666666666666 0.9284294234592445 0.0005208333333333333 0.08349900596421471
0 0.4083333333333333 0.9050695825049702 0.010416666666666666 0.032803180914512925
0 0.9921875 0.8966202783300199 0.00625 0.013916500994035786
0 0.39817708333333335 0.9314115308151093 0.0140625 0.027833001988071572
0 0.26536458333333335 0.9428429423459245 0.009895833333333333 0.030815109343936383
0 0.3234375 0.9463220675944334 0.016666666666666666 0.02186878727634195
0 0.12578125 0.9547713717693836 0.0109375 0.014910536779324055
0 0.8890625 0.9801192842942346 0.016666666666666666 0.03777335984095427
0 0.97734375 0.9811133200795229 0.027604166666666666 0.03578528827037773
0 0.23828125 0.9806163021868787 0.0109375 0.030815109343936383
0 0.005208333333333333 0.9860834990059643 0.010416666666666666 0.019880715705765408