0 0.0703125 0.07306163021868788 0.021875 0.05268389662027833
0 0.5432291666666667 0.06262425447316103 0.016666666666666666 0.019880715705765408
0 0.44921875 0.11481113320079522 0.019270833333333334 0.03876739562624255
0 0.5591145833333333 0.12176938369781312 0.018229166666666668 0.030815109343936383
0 0.6979166666666666 0.1525844930417495 0.01875 0.036779324055666
0 0.5442708333333334 0.16550695825049702 0.019791666666666666 0.02485089463220676
0 0.5591145833333333 0.18986083499005965 0.0109375 0.03180914512922465
0 0.5369791666666667 0.21073558648111332 0.0125 0.0437375745526839
0 0.56953125 0.23210735586481113 0.015104166666666667 0.03876739562624255
0 0.6130208333333333 0.24751491053677932 0.007291666666666667 0.02186878727634195
0 0.5427083333333333 0.2992047713717694 0.021875 0.05168986083499006
0 0.5109375 0.2957256461232604 0.008333333333333333 0.016898608349900597
0 0.5278645833333333 0.3091451292246521 0.0067708333333333336 0.027833001988071572
0 0.675 0.3320079522862823 0.025 0.02584493041749503
0 0.29270833333333335 0.34542743538767395 0.019791666666666666 0.02286282306163022
0 0.5567708333333333 0.3503976143141153 0.00625 0.012922465208747515
0 0.54453125 0.3533797216699801 0.008854166666666666 0.010934393638170975
0 0.25416666666666665 0.3727634194831014 0.026041666666666668 0.02584493041749503
0 0.6278645833333333 0.39015904572564614 0.011979166666666667 0.02485089463220676
0 0.8083333333333333 0.40656063618290256 0.011458333333333333 0.03578528827037773
0 0.5411458333333333 0.4115308151093439 0.016666666666666666 0.02982107355864811
0 0.5447916666666667 0.4716699801192843 0.014583333333333334 0.040755467196819085
0 0.6890625 0.4617296222664016 0.016666666666666666 0.014910536779324055
0 0.57421875 0.5362823061630219 0.0109375 0.016898608349900597
0 0.6473958333333333 0.570079522862823 0.008333333333333333 0.020874751491053677
0 0.5361979166666667 0.5949304174950298 0.009895833333333333 0.02485089463220676
0 0.40390625 0.6128230616302187 0.0140625 0.02882703777335984
0 0.2552083333333333 0.6307157057654076 0.026041666666666668 0.012922465208747515
0 0.5557291666666667 0.709741550695825 0.016666666666666666 0.033797216699801194
0 0.5065104166666666 0.7823061630218688 0.022395833333333334 0.033797216699801194
0 0.2526041666666667 0.8175944333996024 0.019791666666666666 0.02485089463220676
0 0.70390625 0.9000994035785288 0.0140625 0.014910536779324055
0 0.5372395833333333 0.9070576540755467 0.015104166666666667 0.014910536779324055
0 0.05 0.9254473161033797 0.015625 0.02186878727634195