0 0.8591145833333333 0.005964214711729622 0.028645833333333332 0.011928429423459244
0 0.8361979166666667 0.0044731610337972166 0.011979166666666667 0.008946322067594433
0 0.7520833333333333 0.017892644135188866 0.020833333333333332 0.02385685884691849
0 0.5278645833333333 0.06610337972166998 0.0067708333333333336 0.03479125248508946
0 0.7830729166666667 0.0775347912524851 0.016145833333333335 0.03578528827037773
0 0.24192708333333332 0.0874751491053678 0.0078125 0.03180914512922465
0 0.36744791666666665 0.08101391650099403 0.0171875 0.014910536779324055
0 0.5528645833333333 0.110337972166998 0.0078125 0.039761431411530816
0 0.7729166666666667 0.11282306163021869 0.01875 0.020874751491053677
0 0.909375 0.13369781312127235 0.013541666666666667 0.0268389662027833
0 0.4622395833333333 0.1411530815109344 0.0067708333333333336 0.033797216699801194
0 0.7859375 0.15208747514910537 0.03229166666666667 0.04572564612326044
0 0.53671875 0.14612326043737575 0.005729166666666666 0.03180914512922465
0 0.07526041666666666 0.16550695825049702 0.0171875 0.05467196819085487
0 0.05 0.16153081510934394 0.015625 0.020874751491053677
0 0.41171875 0.16749502982107356 0.0140625 0.0268389662027833
0 0.6138020833333333 0.1908548707753479 0.0109375 0.015904572564612324
0 0.4591145833333333 0.19831013916500995 0.0140625 0.030815109343936383
0 0.9817708333333334 0.2117296222664016 0.021875 0.04970178926441352
0 0.6450520833333333 0.20079522862823063 0.0171875 0.015904572564612324
0 0.5721354166666667 0.20228628230616302 0.0171875 0.016898608349900597
0 0.9096354166666667 0.2201789264413519 0.013020833333333334 0.036779324055666
0 0.8731770833333333 0.23161033797216699 0.011979166666666667 0.0437375745526839
0 0.66484375 0.22813121272365805 0.019270833333333334 0.036779324055666
0 0.22994791666666667 0.2301192842942346 0.0078125 0.03479125248508946
0 0.35390625 0.23111332007952287 0.011979166666666667 0.030815109343936383
0 0.026041666666666668 0.2430417495029821 0.017708333333333333 0.05268389662027833
0 0.6361979166666667 0.23409542743538767 0.016145833333333335 0.030815109343936383
0 0.7463541666666667 0.24701789264413518 0.013541666666666667 0.008946322067594433
0 0.18411458333333333 0.2614314115308151 0.0078125 0.02982107355864811
0 0.6247395833333333 0.275844930417495 0.0171875 0.0268389662027833
0 0.5838541666666667 0.26888667992047716 0.015625 0.008946322067594433
0 0.8348958333333333 0.28628230616302186 0.009375 0.03578528827037773
0 0.653125 0.2803180914512923 0.014583333333333334 0.007952286282306162
0 0.5432291666666667 0.30318091451292245 0.010416666666666666 0.0437375745526839
0 0.5838541666666667 0.3036779324055666 0.004166666666666667 0.02286282306163022
0 0.9791666666666666 0.3136182902584493 0.021875 0.03479125248508946
0 0.17604166666666668 0.31411530815109345 0.007291666666666667 0.02186878727634195
0 0.5010416666666667 0.3364811133200795 0.017708333333333333 0.014910536779324055
0 0.94140625 0.3543737574552684 0.018229166666666668 0.042743538767395624
0 0.7872395833333333 0.3523856858846918 0.0203125 0.02882703777335984
0 0.4986979166666667 0.3727634194831014 0.0067708333333333336 0.03578528827037773
0 0.29296875 0.3742544731610338 0.0067708333333333336 0.03479125248508946
0 0.5453125 0.38469184890656066 0.015625 0.02186878727634195
0 0.9479166666666666 0.4010934393638171 0.015625 0.016898608349900597
0 0.6578125 0.4135188866799205 0.008333333333333333 0.02982107355864811
0 0.7140625 0.42147117296222664 0.020833333333333332 0.02584493041749503
0 0.9950520833333333 0.4254473161033797 0.009895833333333333 0.027833001988071572
0 0.90703125 0.43240556660039764 0.018229166666666668 0.03180914512922465
0 0.67421875 0.4433399602385686 0.0067708333333333336 0.03180914512922465
0 0.9859375 0.4363817097415507 0.007291666666666667 0.009940357852882704
0 0.46875 0.4517892644135189 0.008333333333333333 0.03479125248508946
0 0.325 0.4507952286282306 0.015625 0.018886679920477135
0 0.65625 0.4532803180914513 0.011458333333333333 0.017892644135188866
0 0.28203125 0.4532803180914513 0.008854166666666666 0.011928429423459244
0 0.5854166666666667 0.455765407554672 0.015625 0.008946322067594433
0 0.26484375 0.4602385685884692 0.0234375 0.019880715705765408
0 0.7494791666666667 0.46272365805168986 0.015625 0.014910536779324055
0 0.47604166666666664 0.4696819085487077 0.014583333333333334 0.020874751491053677
0 0.6872395833333333 0.4662027833001988 0.0109375 0.011928429423459244
0 0.46015625 0.4850894632206759 0.0140625 0.033797216699801194
0 0.6604166666666667 0.4831013916500994 0.007291666666666667 0.015904572564612324
0 0.9239583333333333 0.4850894632206759 0.013541666666666667 0.013916500994035786
0 0.228125 0.4826043737574553 0.014583333333333334 0.008946322067594433
0 0.8846354166666667 0.5044731610337972 0.011979166666666667 0.032803180914512925
0 0.17083333333333334 0.5064612326043738 0.017708333333333333 0.0268389662027833
0 0.8046875 0.5059642147117296 0.017708333333333333 0.009940357852882704
0 0.509375 0.5119284294234593 0.0125 0.02186878727634195
0 0.3723958333333333 0.5253479125248509 0.01875 0.04671968190854871
0 0.46484375 0.5238568588469185 0.0067708333333333336 0.02584493041749503
0 0.628125 0.5293240556660039 0.010416666666666666 0.03479125248508946
0 0.5260416666666666 0.5283300198807157 0.004166666666666667 0.02485089463220676
0 0.7403645833333333 0.5392644135188867 0.0046875 0.02485089463220676
0 0.5927083333333333 0.5566600397614314 0.011458333333333333 0.0437375745526839
0 0.19348958333333333 0.5497017892644135 0.018229166666666668 0.027833001988071572
0 0.3221354166666667 0.5472166998011928 0.015104166666666667 0.018886679920477135
0 0.5760416666666667 0.5541749502982107 0.019791666666666666 0.02485089463220676
0 0.2265625 0.5541749502982107 0.009375 0.02485089463220676
0 0.30546875 0.558648111332008 0.0140625 0.019880715705765408
0 0.6494791666666667 0.5760437375745527 0.014583333333333334 0.04671968190854871
0 0.92734375 0.5864811133200796 0.021354166666666667 0.055666003976143144
0 0.54296875 0.5720675944333996 0.0140625 0.020874751491053677
0 0.06171875 0.5765407554671969 0.008854166666666666 0.02982107355864811
0 0.74765625 0.5805168986083499 0.011979166666666667 0.02385685884691849
0 0.89140625 0.5864811133200796 0.022395833333333334 0.03180914512922465
0 0.4549479166666667 0.5894632206759444 0.005729166666666666 0.033797216699801194
0 0.26901041666666664 0.5874751491053678 0.011979166666666667 0.02982107355864811
0 0.5973958333333333 0.591948310139165 0.01875 0.032803180914512925
0 0.8041666666666667 0.6088469184890656 0.016666666666666666 0.042743538767395624
0 0.6361979166666667 0.5974155069582505 0.0067708333333333336 0.015904572564612324
0 0.22578125 0.6182902584493042 0.011979166666666667 0.02186878727634195
0 0.7872395833333333 0.621272365805169 0.0078125 0.02385685884691849
0 0.5611979166666666 0.6153081510934394 0.009895833333333333 0.011928429423459244
0 0.3263020833333333 0.617296222664016 0.015104166666666667 0.013916500994035786
0 0.6729166666666667 0.6222664015904572 0.010416666666666666 0.017892644135188866
0 0.5763020833333333 0.6262425447316103 0.005729166666666666 0.02186878727634195
0 0.59609375 0.6257455268389662 0.011979166666666667 0.012922465208747515
0 0.6091145833333333 0.6416500994035785 0.013020833333333334 0.02485089463220676
0 0.6791666666666667 0.6391650099403579 0.011458333333333333 0.011928429423459244
0 0.7005208333333334 0.6535785288270378 0.007291666666666667 0.014910536779324055
0 0.8619791666666666 0.6645129224652088 0.010416666666666666 0.032803180914512925
0 0.42864583333333334 0.6595427435387674 0.008333333333333333 0.02485089463220676
0 0.5270833333333333 0.658051689860835 0.009375 0.011928429423459244
0 0.6713541666666667 0.6640159045725647 0.022916666666666665 0.019880715705765408
0 0.5674479166666667 0.6714711729622267 0.0109375 0.014910536779324055
0 0.4791666666666667 0.6719681908548708 0.007291666666666667 0.017892644135188866
0 0.29453125 0.6754473161033797 0.0109375 0.02485089463220676
0 0.8401041666666667 0.6848906560636183 0.011458333333333333 0.02186878727634195
0 0.6729166666666667 0.6868787276341949 0.005208333333333333 0.02385685884691849
0 0.4473958333333333 0.6933399602385686 0.010416666666666666 0.032803180914512925
0 0.10572916666666667 0.6978131212723658 0.015625 0.041749502982107355
0 0.60859375 0.6918489065606361 0.0171875 0.013916500994035786
0 0.77265625 0.7042743538767395 0.009895833333333333 0.03479125248508946
0 0.6559895833333333 0.69831013916501 0.016145833333333335 0.012922465208747515
0 0.8744791666666667 0.7082504970178927 0.008333333333333333 0.030815109343936383
0 0.7489583333333333 0.7201789264413518 0.010416666666666666 0.05467196819085487
0 0.50234375 0.7062624254473161 0.013020833333333334 0.012922465208747515
0 0.6296875 0.7162027833001988 0.014583333333333334 0.018886679920477135
0 0.6005208333333333 0.7152087475149106 0.011458333333333333 0.010934393638170975
0 0.6578125 0.7306163021868787 0.017708333333333333 0.019880715705765408
0 0.8765625 0.7524850894632207 0.022916666666666665 0.03180914512922465
0 0.6302083333333334 0.7529821073558648 0.011458333333333333 0.010934393638170975
0 0.5127604166666667 0.7862823061630219 0.013020833333333334 0.02385685884691849
0 0.6325520833333333 0.8036779324055666 0.0140625 0.042743538767395624
0 0.5278645833333333 0.7887673956262425 0.016145833333333335 0.008946322067594433
0 0.5171875 0.8166003976143141 0.010416666666666666 0.03479125248508946
0 0.65078125 0.8136182902584493 0.0203125 0.020874751491053677
0 0.59921875 0.8265407554671969 0.0046875 0.0268389662027833
0 0.8244791666666667 0.8374751491053678 0.0125 0.03479125248508946
0 0.36484375 0.8434393638170974 0.044270833333333336 0.04473161033797217
0 0.9088541666666666 0.841948310139165 0.022916666666666665 0.03180914512922465
0 0.78046875 0.8474155069582505 0.021354166666666667 0.036779324055666
0 0.8497395833333333 0.8464214711729622 0.009895833333333333 0.02882703777335984
0 0.61796875 0.8583499005964215 0.0067708333333333336 0.02286282306163022
0 0.47604166666666664 0.8543737574552683 0.015625 0.016898608349900597
0 0.7161458333333334 0.864314115308151 0.017708333333333333 0.030815109343936383
0 0.6359375 0.8727634194831014 0.00625 0.0437375745526839
0 0.5583333333333333 0.8747514910536779 0.014583333333333334 0.027833001988071572
0 0.39739583333333334 0.882703777335984 0.016666666666666666 0.02584493041749503
0 0.24609375 0.8866799204771372 0.013020833333333334 0.02584493041749503
0 0.5830729166666667 0.897117296222664 0.0067708333333333336 0.03876739562624255
0 0.7875 0.8926441351888668 0.014583333333333334 0.02385685884691849
0 0.7677083333333333 0.8936381709741551 0.013541666666666667 0.009940357852882704
0 0.8161458333333333 0.9105367793240556 0.017708333333333333 0.039761431411530816
0 0.6203125 0.9160039761431411 0.010416666666666666 0.036779324055666
0 0.19583333333333333 0.9269383697813122 0.013541666666666667 0.03479125248508946
0 0.8966145833333333 0.9254473161033797 0.008854166666666666 0.015904572564612324
0 0.5065104166666666 0.922962226640159 0.019270833333333334 0.010934393638170975
0 0.35442708333333334 0.9249502982107356 0.015104166666666667 0.010934393638170975
0 0.6369791666666667 0.9572564612326043 0.013541666666666667 0.0437375745526839
0 0.8052083333333333 0.9468190854870775 0.0125 0.016898608349900597
0 0.8708333333333333 0.9746520874751491 0.016666666666666666 0.014910536779324055
0 0.33125 0.9835984095427436 0.019791666666666666 0.020874751491053677
0 0.9265625 0.9875745526838966 0.019791666666666666 0.02286282306163022
0 0.19765625 0.9950298210735586 0.022395833333333334 0.007952286282306162