0 0.1046875 0.011928429423459244 0.014583333333333334 0.02385685884691849
0 0.5153645833333333 0.008946322067594433 0.018229166666666668 0.017892644135188866
0 0.6375 0.0044731610337972166 0.0125 0.008946322067594433
0 0.99609375 0.015407554671968192 0.0067708333333333336 0.02286282306163022
0 0.6411458333333333 0.025347912524850896 0.009375 0.014910536779324055
0 0.81328125 0.03429423459244533 0.0140625 0.012922465208747515
0 0.41901041666666666 0.040755467196819085 0.0046875 0.017892644135188866
0 0.5450520833333333 0.06809145129224652 0.0078125 0.048707753479125246
0 0.9197916666666667 0.06958250497017893 0.013541666666666667 0.02982107355864811
0 0.7942708333333334 0.08101391650099403 0.010416666666666666 0.012922465208747515
0 0.9619791666666667 0.09691848906560636 0.013541666666666667 0.030815109343936383
0 0.9372395833333333 0.0959244532803181 0.011979166666666667 0.020874751491053677
0 0.3958333333333333 0.09343936381709742 0.010416666666666666 0.013916500994035786
0 0.8671875 0.11530815109343936 0.016666666666666666 0.02982107355864811
0 0.8169270833333333 0.12475149105367793 0.005729166666666666 0.018886679920477135
0 0.87734375 0.12176938369781312 0.0109375 0.012922465208747515
0 0.9934895833333334 0.12972166998011928 0.011979166666666667 0.030815109343936383
0 0.3536458333333333 0.14314115308151093 0.021875 0.02584493041749503
0 0.8747395833333333 0.14165009940357853 0.015104166666666667 0.020874751491053677
0 0.8494791666666667 0.147117296222664 0.010416666666666666 0.027833001988071572
0 0.33541666666666664 0.17047713717693838 0.010416666666666666 0.020874751491053677
0 0.36875 0.16898608349900596 0.00625 0.015904572564612324
0 0.4783854166666667 0.17594433399602386 0.0140625 0.02385685884691849
0 0.9041666666666667 0.17693836978131214 0.011458333333333333 0.02186878727634195
0 0.6447916666666667 0.19483101391650098 0.014583333333333334 0.03777335984095427
0 0.4171875 0.19284294234592445 0.009375 0.017892644135188866
0 0.34401041666666665 0.21570576540755468 0.0140625 0.011928429423459244
0 0.15703125 0.23210735586481113 0.016145833333333335 0.020874751491053677
0 0.8026041666666667 0.2544731610337972 0.011458333333333333 0.017892644135188866
0 0.71875 0.25795228628230615 0.007291666666666667 0.020874751491053677
0 0.49895833333333334 0.268389662027833 0.008333333333333333 0.027833001988071572
0 0.80078125 0.2852882703777336 0.0067708333333333336 0.02385685884691849
0 0.8268229166666666 0.30168986083499005 0.021354166666666667 0.03876739562624255
0 0.9520833333333333 0.30168986083499005 0.009375 0.02286282306163022
0 0.6736979166666667 0.3061630218687873 0.0109375 0.017892644135188866
0 0.6736979166666667 0.32852882703777336 0.0140625 0.008946322067594433
0 0.10182291666666667 0.34244532803180916 0.011979166666666667 0.030815109343936383
0 0.9822916666666667 0.3374751491053678 0.0125 0.014910536779324055
0 0.75625 0.3832007952286282 0.004166666666666667 0.020874751491053677
0 0.7421875 0.40159045725646125 0.009375 0.02385685884691849
0 0.6591145833333333 0.41302186878727637 0.0078125 0.02286282306163022
0 0.5666666666666667 0.4433399602385686 0.008333333333333333 0.0437375745526839
0 0.7135416666666666 0.44433399602385687 0.009375 0.03180914512922465
0 0.4 0.4507952286282306 0.009375 0.032803180914512925
0 0.6596354166666667 0.4701789264413519 0.008854166666666666 0.033797216699801194
0 0.8395833333333333 0.47713717693836977 0.01875 0.039761431411530816
0 0.12890625 0.47912524850894633 0.005729166666666666 0.033797216699801194
0 0.42578125 0.47365805168986086 0.0078125 0.020874751491053677
0 0.85703125 0.49304174950298213 0.008854166666666666 0.02186878727634195
0 0.9052083333333333 0.5024850894632207 0.011458333333333333 0.02485089463220676
0 0.6013020833333333 0.5139165009940357 0.0109375 0.02186878727634195
0 0.7377604166666667 0.5298210735586482 0.009895833333333333 0.039761431411530816
0 0.7171875 0.5447316103379721 0.00625 0.02982107355864811
0 0.465625 0.5666003976143141 0.007291666666666667 0.02186878727634195
0 0.7549479166666667 0.5795228628230616 0.009895833333333333 0.02186878727634195
0 0.68828125 0.5984095427435387 0.0171875 0.02385685884691849
0 0.7966145833333333 0.643141153081511 0.015104166666666667 0.011928429423459244
0 0.86875 0.6565606361829026 0.008333333333333333 0.03479125248508946
0 0.91171875 0.6665009940357853 0.015104166666666667 0.02485089463220676
0 0.8036458333333333 0.6714711729622267 0.013541666666666667 0.018886679920477135
0 0.036458333333333336 0.7032803180914513 0.016666666666666666 0.02286282306163022
0 0.89375 0.7147117296222664 0.005208333333333333 0.03180914512922465
0 0.40182291666666664 0.7127236580516899 0.015104166666666667 0.015904572564612324
0 0.7265625 0.7261431411530815 0.011458333333333333 0.032803180914512925
0 0.740625 0.7191848906560636 0.014583333333333334 0.014910536779324055
0 0.37786458333333334 0.7196819085487077 0.015104166666666667 0.011928429423459244
0 0.24166666666666667 0.7405566600397614 0.015625 0.02385685884691849
0 0.8434895833333333 0.7465208747514911 0.008854166666666666 0.03180914512922465
0 0.7135416666666666 0.7569582504970179 0.017708333333333333 0.03876739562624255
0 0.7252604166666666 0.7509940357852882 0.0046875 0.02286282306163022
0 0.5989583333333334 0.7778330019880716 0.0125 0.012922465208747515
0 0.8984375 0.8041749502982107 0.021875 0.04970178926441352
0 0.30234375 0.7927435387673957 0.0203125 0.012922465208747515
0 0.10651041666666666 0.8195825049701789 0.0078125 0.03876739562624255
0 0.91953125 0.8156063618290258 0.0203125 0.030815109343936383
0 0.5895833333333333 0.8399602385685885 0.011458333333333333 0.02186878727634195
0 0.7296875 0.8379721669980119 0.013541666666666667 0.017892644135188866
0 0.64765625 0.8548707753479126 0.005729166666666666 0.03777335984095427
0 0.6622395833333333 0.867296222664016 0.0140625 0.03876739562624255
0 0.87578125 0.867296222664016 0.008854166666666666 0.03479125248508946
0 0.5359375 0.8762425447316103 0.005208333333333333 0.030815109343936383
0 0.92734375 0.8702783300198808 0.015104166666666667 0.016898608349900597
0 0.74140625 0.9184890656063618 0.021354166666666667 0.04771371769383698
0 0.5828125 0.9184890656063618 0.0125 0.007952286282306162
0 0.25546875 0.9368787276341949 0.013020833333333334 0.040755467196819085
0 0.7674479166666667 0.9443339960238568 0.009895833333333333 0.019880715705765408
0 0.84921875 0.9453280318091452 0.0171875 0.019880715705765408
0 0.2828125 0.9502982107355865 0.0125 0.02584493041749503
0 0.4979166666666667 0.9637176938369781 0.008333333333333333 0.02286282306163022
0 0.9955729166666667 0.9761431411530815 0.0078125 0.04572564612326044
0 0.7434895833333334 0.9622266401590457 0.0171875 0.013916500994035786
0 0.684375 0.9647117296222664 0.019791666666666666 0.014910536779324055
0 0.07161458333333333 0.9731610337972167 0.018229166666666668 0.02584493041749503
0 0.7567708333333333 0.9776341948310139 0.011458333333333333 0.014910536779324055
0 0.5841145833333333 0.9885685884691849 0.016145833333333335 0.020874751491053677
0 0.6 0.9915506958250497 0.00625 0.014910536779324055
0 0.8893229166666666 0.9935387673956262 0.011979166666666667 0.010934393638170975