0 0.18697916666666667 0.0004970178926441351 0.075 0.0009940357852882703
0 0.6635416666666667 0.008946322067594433 0.017708333333333333 0.017892644135188866
0 0.75234375 0.02584493041749503 0.018229166666666668 0.02186878727634195
0 0.9083333333333333 0.05864811133200795 0.017708333333333333 0.05168986083499006
0 0.40260416666666665 0.09045725646123261 0.008333333333333333 0.017892644135188866
0 0.07161458333333333 0.11133200795228629 0.0234375 0.02584493041749503
0 0.5747395833333333 0.1312127236580517 0.011979166666666667 0.02584493041749503
0 0.8682291666666667 0.15009940357852883 0.020833333333333332 0.03777335984095427
0 0.384375 0.16451292246520874 0.013541666666666667 0.030815109343936383
0 0.49505208333333334 0.18141153081510936 0.0067708333333333336 0.014910536779324055
0 0.9122395833333333 0.1893638170974155 0.0078125 0.014910536779324055
0 0.35182291666666665 0.213220675944334 0.008854166666666666 0.02286282306163022
0 0.16901041666666666 0.21520874751491054 0.008854166666666666 0.014910536779324055
0 0.3268229166666667 0.22813121272365805 0.013020833333333334 0.030815109343936383
0 0.35989583333333336 0.2261431411530815 0.005208333333333333 0.018886679920477135
0 0.9989583333333333 0.2504970178926441 0.0010416666666666667 0.06560636182902585
0 0.16796875 0.25198807157057657 0.016145833333333335 0.04473161033797217
0 0.37734375 0.24254473161033796 0.0067708333333333336 0.02584493041749503
0 0.20572916666666666 0.2430417495029821 0.016666666666666666 0.016898608349900597
0 0.21328125 0.2828031809145129 0.009895833333333333 0.0268389662027833
0 0.30963541666666666 0.30119284294234594 0.0234375 0.05765407554671968
0 0.2296875 0.2912524850894632 0.007291666666666667 0.02982107355864811
0 0.3723958333333333 0.2957256461232604 0.009375 0.012922465208747515
0 0.38958333333333334 0.3320079522862823 0.011458333333333333 0.0536779324055666
0 0.20807291666666666 0.31709741550695825 0.019270833333333334 0.017892644135188866
0 0.5455729166666666 0.3225646123260437 0.011979166666666667 0.02882703777335984
0 0.2890625 0.3225646123260437 0.010416666666666666 0.016898608349900597
0 0.3359375 0.33250497017892644 0.01875 0.014910536779324055
0 0.15364583333333334 0.3404572564612326 0.021875 0.0268389662027833
0 0.36171875 0.36083499005964215 0.0203125 0.03777335984095427
0 0.9971354166666667 0.3538767395626243 0.0046875 0.02584493041749503
0 0.9330729166666667 0.3513916500994036 0.008854166666666666 0.010934393638170975
0 0.32057291666666665 0.37326043737574555 0.005729166666666666 0.02485089463220676
0 0.28151041666666665 0.39065606361829025 0.013020833333333334 0.039761431411530816
0 0.22864583333333333 0.4025844930417495 0.01875 0.03777335984095427
0 0.41119791666666666 0.41451292246520877 0.0234375 0.02584493041749503
0 0.434375 0.41699801192842945 0.015625 0.030815109343936383
0 0.6208333333333333 0.41302186878727637 0.01875 0.010934393638170975
0 0.18776041666666668 0.43737574552683894 0.016145833333333335 0.055666003976143144
0 0.11380208333333333 0.43588469184890655 0.0171875 0.042743538767395624
0 0.36223958333333334 0.4388667992047714 0.016145833333333335 0.032803180914512925
0 0.325 0.44980119284294234 0.00625 0.020874751491053677
0 0.5880208333333333 0.44880715705765406 0.015625 0.018886679920477135
0 0.0026041666666666665 0.4721669980119284 0.005208333333333333 0.017892644135188866
0 0.3377604166666667 0.4711729622266402 0.018229166666666668 0.017892644135188866
0 0.278125 0.5124254473161034 0.0125 0.03876739562624255
0 0.36744791666666665 0.5188866799204771 0.018229166666666668 0.03777335984095427
0 0.32057291666666665 0.5487077534791253 0.005729166666666666 0.013916500994035786
0 0.5140625 0.5576540755467196 0.016666666666666666 0.015904572564612324
0 0.6684895833333333 0.5666003976143141 0.0109375 0.015904572564612324
0 0.5286458333333334 0.5834990059642147 0.008333333333333333 0.03578528827037773
0 0.21979166666666666 0.6317097415506958 0.0125 0.03479125248508946
0 0.48541666666666666 0.6217693836978131 0.014583333333333334 0.014910536779324055
0 0.31692708333333336 0.6317097415506958 0.0234375 0.030815109343936383
0 0.5018229166666667 0.6386679920477137 0.0067708333333333336 0.03479125248508946
0 0.36640625 0.635685884691849 0.011979166666666667 0.020874751491053677
0 0.34765625 0.6411530815109344 0.021354166666666667 0.02385685884691849
0 0.9989583333333333 0.6709741550695825 0.0010416666666666667 0.07157057654075547
0 0.41822916666666665 0.6510934393638171 0.0125 0.011928429423459244
0 0.471875 0.661530815109344 0.010416666666666666 0.0268389662027833
0 0.39088541666666665 0.6645129224652088 0.009895833333333333 0.020874751491053677
0 0.50390625 0.6754473161033797 0.019270833333333334 0.0268389662027833
0 0.35234375 0.6809145129224652 0.016145833333333335 0.03578528827037773
0 0.6213541666666667 0.6794234592445328 0.0125 0.0268389662027833
0 0.2421875 0.6774353876739563 0.021875 0.014910536779324055
0 0.6783854166666666 0.6968190854870775 0.0109375 0.02982107355864811
0 0.33984375 0.7440357852882704 0.016145833333333335 0.018886679920477135
0 0.4484375 0.7539761431411531 0.008333333333333333 0.030815109343936383
0 0.31354166666666666 0.7833001988071571 0.015625 0.0437375745526839
0 0.34713541666666664 0.7987077534791253 0.009895833333333333 0.03876739562624255
0 0.5890625 0.8131212723658051 0.014583333333333334 0.019880715705765408
0 0.3580729166666667 0.8503976143141153 0.022395833333333334 0.016898608349900597
0 0.5403645833333334 0.864314115308151 0.0296875 0.0268389662027833
0 0.5651041666666666 0.929920477137177 0.019791666666666666 0.040755467196819085
0 0.42552083333333335 0.9716699801192843 0.013541666666666667 0.03876739562624255
0 0.10130208333333333 0.9771371769383698 0.018229166666666668 0.027833001988071572