0 0.5388020833333333 0.01441351888667992 0.011979166666666667 0.018886679920477135
0 0.12109375 0.020874751491053677 0.0140625 0.011928429423459244
0 0.7 0.02485089463220676 0.007291666666666667 0.015904572564612324
0 0.5966145833333333 0.055666003976143144 0.008854166666666666 0.041749502982107355
0 0.43671875 0.05815109343936382 0.013020833333333334 0.040755467196819085
0 0.2 0.07157057654075547 0.010416666666666666 0.03578528827037773
0 0.31953125 0.09145129224652088 0.0140625 0.009940357852882704
0 0.66171875 0.09990059642147117 0.0140625 0.014910536779324055
0 0.33307291666666666 0.1143141153081511 0.008854166666666666 0.03578528827037773
0 0.9309895833333334 0.1242544731610338 0.008854166666666666 0.03180914512922465
0 0.65390625 0.1694831013916501 0.018229166666666668 0.03876739562624255
0 0.815625 0.18439363817097415 0.016666666666666666 0.040755467196819085
0 0.08072916666666667 0.1908548707753479 0.011458333333333333 0.027833001988071572
0 0.19973958333333333 0.19383697813121273 0.009895833333333333 0.02982107355864811
0 0.032552083333333336 0.19831013916500995 0.0171875 0.02882703777335984
0 0.4197916666666667 0.20129224652087474 0.011458333333333333 0.02882703777335984
0 0.8020833333333334 0.20874751491053678 0.013541666666666667 0.02584493041749503
0 0.64921875 0.21669980119284293 0.011979166666666667 0.013916500994035786
0 0.46197916666666666 0.2370775347912525 0.008333333333333333 0.03876739562624255
0 0.5703125 0.2360834990059642 0.025 0.032803180914512925
0 0.77265625 0.2301192842942346 0.0171875 0.016898608349900597
0 0.21744791666666666 0.23757455268389663 0.0140625 0.015904572564612324
0 0.8049479166666667 0.2504970178926441 0.008854166666666666 0.039761431411530816
0 0.23541666666666666 0.25795228628230615 0.007291666666666667 0.036779324055666
0 0.3302083333333333 0.2504970178926441 0.010416666666666666 0.007952286282306162
0 0.49114583333333334 0.2678926441351889 0.015625 0.036779324055666
0 0.790625 0.28429423459244535 0.009375 0.03777335984095427
0 0.27708333333333335 0.2922465208747515 0.008333333333333333 0.039761431411530816
0 0.5119791666666667 0.28429423459244535 0.013541666666666667 0.019880715705765408
0 0.08151041666666667 0.294234592445328 0.018229166666666668 0.027833001988071572
0 0.5611979166666666 0.2992047713717694 0.0140625 0.011928429423459244
0 0.39895833333333336 0.3210735586481113 0.016666666666666666 0.041749502982107355
0 0.6630208333333333 0.3076540755467197 0.01875 0.016898608349900597
0 0.24583333333333332 0.33001988071570576 0.0125 0.039761431411530816
0 0.58671875 0.31858846918489064 0.005729166666666666 0.014910536779324055
0 0.73984375 0.3389662027833002 0.030729166666666665 0.02982107355864811
0 0.6791666666666667 0.34691848906560635 0.014583333333333334 0.03777335984095427
0 0.9276041666666667 0.3553677932405567 0.01875 0.02286282306163022
0 0.3684895833333333 0.3648111332007952 0.005729166666666666 0.039761431411530816
0 0.7072916666666667 0.3643141153081511 0.017708333333333333 0.030815109343936383
0 0.3216145833333333 0.3663021868787276 0.008854166666666666 0.02882703777335984
0 0.46927083333333336 0.3643141153081511 0.015625 0.014910536779324055
0 0.2765625 0.3827037773359841 0.00625 0.03578528827037773
0 0.20052083333333334 0.3757455268389662 0.014583333333333334 0.011928429423459244
0 0.9026041666666667 0.38767395626242546 0.014583333333333334 0.033797216699801194
0 0.66953125 0.38817097415506957 0.0140625 0.030815109343936383
0 0.24166666666666667 0.38966202783300197 0.011458333333333333 0.02584493041749503
0 0.7739583333333333 0.38916500994035785 0.010416666666666666 0.02485089463220676
0 0.32838541666666665 0.3991053677932406 0.008854166666666666 0.02882703777335984
0 0.8520833333333333 0.39363817097415504 0.015625 0.015904572564612324
0 0.06171875 0.4000994035785288 0.011979166666666667 0.02485089463220676
0 0.9872395833333333 0.39314115308151093 0.021354166666666667 0.012922465208747515
0 0.42135416666666664 0.40407554671968193 0.010416666666666666 0.016898608349900597
0 0.70234375 0.40656063618290256 0.0109375 0.011928429423459244
0 0.5072916666666667 0.4140159045725646 0.0125 0.020874751491053677
0 0.6536458333333334 0.41451292246520877 0.005208333333333333 0.017892644135188866
0 0.9838541666666667 0.4100397614314115 0.03125 0.010934393638170975
0 0.3059895833333333 0.41749502982107356 0.0067708333333333336 0.019880715705765408
0 0.12447916666666667 0.4165009940357853 0.023958333333333335 0.015904572564612324
0 0.9549479166666667 0.41998011928429424 0.0203125 0.008946322067594433
0 0.36770833333333336 0.43588469184890655 0.009375 0.010934393638170975
0 0.8416666666666667 0.45129224652087474 0.011458333333333333 0.02982107355864811
0 0.3125 0.4572564612326044 0.005208333333333333 0.03180914512922465
0 0.44375 0.44980119284294234 0.011458333333333333 0.012922465208747515
0 0.809375 0.46669980119284293 0.014583333333333334 0.036779324055666
0 0.49453125 0.4696819085487077 0.011979166666666667 0.036779324055666
0 0.93046875 0.4716699801192843 0.0265625 0.032803180914512925
0 0.57109375 0.4686878727634195 0.013020833333333334 0.016898608349900597
0 0.36796875 0.48061630218687873 0.0171875 0.032803180914512925
0 0.7328125 0.4915506958250497 0.00625 0.020874751491053677
0 0.45598958333333334 0.5 0.0078125 0.027833001988071572
0 0.7869791666666667 0.5034791252485089 0.0125 0.032803180914512925
0 0.3098958333333333 0.5079522862823062 0.00625 0.03578528827037773
0 0.19140625 0.5342942345924453 0.0265625 0.0268389662027833
0 0.5231770833333333 0.5457256461232605 0.0036458333333333334 0.02584493041749503
0 0.6786458333333333 0.5452286282306164 0.010416666666666666 0.016898608349900597
0 0.3919270833333333 0.5591451292246521 0.0234375 0.03479125248508946
0 0.60078125 0.5531809145129225 0.011979166666666667 0.012922465208747515
0 0.20416666666666666 0.5576540755467196 0.013541666666666667 0.017892644135188866
0 0.5390625 0.5710735586481114 0.007291666666666667 0.03876739562624255
0 0.41432291666666665 0.5775347912524851 0.005729166666666666 0.017892644135188866
0 0.6924479166666667 0.5825049701789264 0.0203125 0.027833001988071572
0 0.4270833333333333 0.584493041749503 0.009375 0.019880715705765408
0 0.9877604166666667 0.584493041749503 0.0140625 0.009940357852882704
0 0.15260416666666668 0.5969184890656064 0.009375 0.0268389662027833
0 0.5135416666666667 0.5924453280318092 0.009375 0.017892644135188866
0 0.30520833333333336 0.5944333996023857 0.015625 0.009940357852882704
0 0.4359375 0.6013916500994035 0.01875 0.02186878727634195
0 0.26067708333333334 0.6048707753479126 0.018229166666666668 0.0268389662027833
0 0.4895833333333333 0.6207753479125249 0.016666666666666666 0.03876739562624255
0 0.365625 0.6192842942345924 0.014583333333333334 0.02982107355864811
0 0.2877604166666667 0.6227634194831014 0.0265625 0.03479125248508946
0 0.31223958333333335 0.6192842942345924 0.015104166666666667 0.017892644135188866
0 0.39505208333333336 0.6202783300198808 0.008854166666666666 0.011928429423459244
0 0.24010416666666667 0.6406560636182903 0.007291666666666667 0.03479125248508946
0 0.14010416666666667 0.639662027833002 0.022916666666666665 0.020874751491053677
0 0.017708333333333333 0.6481113320079522 0.021875 0.02584493041749503
0 0.3059895833333333 0.6486083499005965 0.011979166666666667 0.02485089463220676
0 0.4041666666666667 0.6679920477137177 0.016666666666666666 0.055666003976143144
0 0.7609375 0.6610337972166997 0.021875 0.041749502982107355
0 0.33880208333333334 0.654572564612326 0.0109375 0.016898608349900597
0 0.5213541666666667 0.6575546719681908 0.007291666666666667 0.020874751491053677
0 0.5796875 0.672962226640159 0.03125 0.04970178926441352
0 0.4322916666666667 0.668986083499006 0.010416666666666666 0.02982107355864811
0 0.45755208333333336 0.6590457256461233 0.0078125 0.009940357852882704
0 0.6302083333333334 0.6709741550695825 0.009375 0.027833001988071572
0 0.6794270833333333 0.6625248508946322 0.0140625 0.008946322067594433
0 0.8559895833333333 0.6744532803180915 0.019270833333333334 0.030815109343936383
0 0.26796875 0.6674950298210736 0.0140625 0.012922465208747515
0 0.45338541666666665 0.6809145129224652 0.018229166666666668 0.03578528827037773
0 0.5158854166666667 0.6759443339960238 0.0109375 0.019880715705765408
0 0.5489583333333333 0.6814115308151093 0.017708333333333333 0.032803180914512925
0 0.38619791666666664 0.6928429423459245 0.013020833333333334 0.02982107355864811
0 0.9036458333333334 0.694831013916501 0.013541666666666667 0.03180914512922465
0 0.19869791666666667 0.6953280318091452 0.0203125 0.020874751491053677
0 0.37005208333333334 0.6963220675944334 0.011979166666666667 0.020874751491053677
0 0.8453125 0.7067594433399602 0.0125 0.017892644135188866
0 0.415625 0.7072564612326043 0.008333333333333333 0.014910536779324055
0 0.89140625 0.7211729622266402 0.0296875 0.04473161033797217
0 0.21979166666666666 0.7181908548707754 0.013541666666666667 0.008946322067594433
0 0.3296875 0.7326043737574552 0.01875 0.03578528827037773
0 0.5953125 0.7301192842942346 0.014583333333333334 0.02485089463220676
0 0.86328125 0.7400596421471173 0.009895833333333333 0.04473161033797217
0 0.3997395833333333 0.7410536779324056 0.0140625 0.03876739562624255
0 0.37109375 0.731610337972167 0.0109375 0.011928429423459244
0 0.42135416666666664 0.7455268389662028 0.028125 0.039761431411530816
0 0.44817708333333334 0.7450298210735586 0.0171875 0.02882703777335984
0 0.5510416666666667 0.7405566600397614 0.008333333333333333 0.015904572564612324
0 0.37734375 0.7465208747514911 0.0109375 0.02186878727634195
0 0.24244791666666668 0.7564612326043738 0.005729166666666666 0.02982107355864811
0 0.48151041666666666 0.7554671968190855 0.005729166666666666 0.02584493041749503
0 0.8885416666666667 0.7529821073558648 0.0125 0.020874751491053677
0 0.5401041666666667 0.7594433399602386 0.010416666666666666 0.02982107355864811
0 0.2682291666666667 0.7629224652087475 0.016666666666666666 0.02882703777335984
0 0.5796875 0.7529821073558648 0.013541666666666667 0.008946322067594433
0 0.5091145833333334 0.7668986083499006 0.04114583333333333 0.018886679920477135
0 0.36822916666666666 0.7763419483101391 0.010416666666666666 0.017892644135188866
0 0.5635416666666667 0.7803180914512923 0.01875 0.027833001988071572
0 0.31536458333333334 0.775844930417495 0.0078125 0.008946322067594433
0 0.3846354166666667 0.7842942345924453 0.0036458333333333334 0.02584493041749503
0 0.78984375 0.7872763419483101 0.0171875 0.02982107355864811
0 0.2921875 0.7897614314115308 0.007291666666666667 0.02882703777335984
0 0.9846354166666667 0.80168986083499 0.0171875 0.032803180914512925
0 0.3611979166666667 0.8006958250497018 0.0078125 0.0268389662027833
0 0.5278645833333333 0.8006958250497018 0.0078125 0.02286282306163022
0 0.2596354166666667 0.8111332007952287 0.016145833333333335 0.039761431411530816
0 0.5424479166666667 0.8006958250497018 0.0140625 0.016898608349900597
0 0.8765625 0.8131212723658051 0.004166666666666667 0.02186878727634195
0 0.21484375 0.8195825049701789 0.015104166666666667 0.020874751491053677
0 0.44088541666666664 0.8235586481113321 0.0067708333333333336 0.02882703777335984
0 0.8203125 0.8354870775347912 0.01875 0.03876739562624255
0 0.3546875 0.8275347912524851 0.007291666666666667 0.018886679920477135
0 0.0049479166666666664 0.8339960238568589 0.009895833333333333 0.027833001988071572
0 0.46484375 0.845427435387674 0.0067708333333333336 0.02485089463220676
0 0.5315104166666667 0.8439363817097415 0.0109375 0.02385685884691849
0 0.8096354166666667 0.8523856858846919 0.009895833333333333 0.0268389662027833
0 0.13567708333333334 0.8474155069582505 0.011979166666666667 0.010934393638170975
0 0.37421875 0.8578528827037774 0.0078125 0.02982107355864811
0 0.4 0.8518886679920478 0.00625 0.017892644135188866
0 0.6010416666666667 0.8558648111332008 0.026041666666666668 0.019880715705765408
0 0.4356770833333333 0.8558648111332008 0.0140625 0.011928429423459244
0 0.5473958333333333 0.8677932405566601 0.011458333333333333 0.013916500994035786
0 0.13880208333333333 0.8782306163021869 0.024479166666666666 0.030815109343936383
0 0.022916666666666665 0.8772365805168986 0.0125 0.02485089463220676
0 0.4205729166666667 0.8757455268389662 0.0067708333333333336 0.019880715705765408
0 0.4627604166666667 0.8802186878727635 0.009895833333333333 0.020874751491053677
0 0.6049479166666667 0.8936381709741551 0.0046875 0.027833001988071572
0 0.31796875 0.8981113320079522 0.009895833333333333 0.030815109343936383
0 0.6455729166666667 0.9025844930417495 0.009895833333333333 0.02584493041749503
0 0.8309895833333333 0.9050695825049702 0.016145833333333335 0.02485089463220676
0 0.40729166666666666 0.9075546719681908 0.004166666666666667 0.02186878727634195
0 0.5151041666666667 0.9209741550695825 0.020833333333333332 0.02485089463220676
0 0.011979166666666667 0.9408548707753479 0.021875 0.048707753479125246
0 0.5895833333333333 0.9269383697813122 0.010416666666666666 0.02286282306163022
0 0.39401041666666664 0.9329025844930418 0.0171875 0.030815109343936383
0 0.49244791666666665 0.9393638170974155 0.005729166666666666 0.027833001988071572
0 0.26666666666666666 0.9388667992047713 0.009375 0.014910536779324055
0 0.33151041666666664 0.9507952286282306 0.016145833333333335 0.030815109343936383
0 0.5908854166666667 0.9517892644135189 0.016145833333333335 0.0268389662027833
0 0.19973958333333333 0.9627236580516899 0.0171875 0.040755467196819085
0 0.9604166666666667 0.9562624254473161 0.015625 0.017892644135188866
0 0.23229166666666667 0.9657057654075547 0.023958333333333335 0.032803180914512925
0 0.3125 0.9642147117296223 0.00625 0.02584493041749503
0 0.61015625 0.9627236580516899 0.011979166666666667 0.020874751491053677
0 0.8161458333333333 0.9701789264413518 0.00625 0.02982107355864811
0 0.3497395833333333 0.9662027833001988 0.0171875 0.015904572564612324
0 0.45755208333333336 0.9771371769383698 0.008854166666666666 0.027833001988071572
0 0.7302083333333333 0.9751491053677932 0.017708333333333333 0.02186878727634195
0 0.42421875 0.974155069582505 0.0140625 0.011928429423459244
0 0.8963541666666667 0.9766401590457257 0.009375 0.008946322067594433
0 0.921875 0.9756461232604374 0.014583333333333334 0.006958250497017893
0 0.3796875 0.9880715705765407 0.005208333333333333 0.02186878727634195
0 0.684375 0.9860834990059643 0.014583333333333334 0.015904572564612324
0 0.40729166666666666 0.9915506958250497 0.013541666666666667 0.014910536779324055
0 0.47239583333333335 0.9935387673956262 0.009375 0.010934393638170975