0 0.08020833333333334 0.006958250497017893 0.008333333333333333 0.013916500994035786
0 0.90859375 0.05765407554671968 0.009895833333333333 0.04572564612326044
0 0.834375 0.05168986083499006 0.015625 0.02385685884691849
0 0.3536458333333333 0.08548707753479125 0.0125 0.02982107355864811
0 0.7213541666666666 0.091948310139165 0.007291666666666667 0.036779324055666
0 0.27291666666666664 0.10288270377733598 0.0125 0.018886679920477135
0 0.2908854166666667 0.10834990059642147 0.0067708333333333336 0.011928429423459244
0 0.9559895833333333 0.13916500994035785 0.0171875 0.041749502982107355
0 0.8744791666666667 0.1426441351888668 0.008333333333333333 0.032803180914512925
0 0.31015625 0.14165009940357853 0.018229166666666668 0.030815109343936383
0 0.36354166666666665 0.1694831013916501 0.007291666666666667 0.032803180914512925
0 0.06536458333333334 0.1779324055666004 0.0109375 0.015904572564612324
0 0.14869791666666668 0.1833996023856859 0.0067708333333333336 0.014910536779324055
0 0.15286458333333333 0.20278330019880716 0.0109375 0.027833001988071572
0 0.002864583333333333 0.22664015904572565 0.0046875 0.03180914512922465
0 0.5083333333333333 0.2773359840954274 0.00625 0.03180914512922465
0 0.23072916666666668 0.29025844930417494 0.013541666666666667 0.04970178926441352
0 0.054947916666666666 0.28180914512922467 0.005729166666666666 0.020874751491053677
0 0.6091145833333333 0.29025844930417494 0.021354166666666667 0.027833001988071572
0 0.7510416666666667 0.28926441351888665 0.015625 0.015904572564612324
0 0.109375 0.2947316103379722 0.015625 0.02286282306163022
0 0.37447916666666664 0.30069582504970177 0.015625 0.010934393638170975
0 0.7596354166666667 0.3225646123260437 0.008854166666666666 0.032803180914512925
0 0.5109375 0.3195825049701789 0.014583333333333334 0.016898608349900597
0 0.30104166666666665 0.32554671968190857 0.010416666666666666 0.0268389662027833
0 0.27057291666666666 0.33001988071570576 0.0265625 0.019880715705765408
0 0.6755208333333333 0.33151093439363816 0.015625 0.020874751491053677
0 0.6859375 0.3523856858846918 0.022916666666666665 0.05069582504970179
0 0.9450520833333333 0.3499005964214712 0.019270833333333334 0.033797216699801194
0 0.6440104166666667 0.34940357852882703 0.0067708333333333336 0.02286282306163022
0 0.61015625 0.3533797216699801 0.0109375 0.02485089463220676
0 0.34739583333333335 0.35636182902584496 0.005208333333333333 0.030815109343936383
0 0.32578125 0.3543737574552684 0.009895833333333333 0.0268389662027833
0 0.7888020833333333 0.35984095427435386 0.005729166666666666 0.033797216699801194
0 0.54453125 0.35834990059642147 0.008854166666666666 0.030815109343936383
0 0.4015625 0.35934393638170975 0.01875 0.020874751491053677
0 0.6416666666666667 0.3697813121272366 0.008333333333333333 0.02186878727634195
0 0.8049479166666667 0.37624254473161034 0.008854166666666666 0.030815109343936383
0 0.934375 0.3717693836978131 0.022916666666666665 0.015904572564612324
0 0.91171875 0.40506958250497016 0.015104166666666667 0.02286282306163022
0 0.0109375 0.41600397614314116 0.020833333333333332 0.030815109343936383
0 0.52421875 0.4140159045725646 0.013020833333333334 0.010934393638170975
0 0.6302083333333334 0.4552683896620278 0.01875 0.08151093439363817
0 0.8 0.43339960238568587 0.014583333333333334 0.02982107355864811
0 0.5546875 0.43439363817097415 0.0125 0.02584493041749503
0 0.82421875 0.4294234592445328 0.015104166666666667 0.011928429423459244
0 0.43411458333333336 0.4433399602385686 0.0140625 0.02584493041749503
0 0.15286458333333333 0.45129224652087474 0.011979166666666667 0.027833001988071572
0 0.540625 0.4587475149105368 0.004166666666666667 0.0268389662027833
0 0.48984375 0.4567594433399602 0.016145833333333335 0.02286282306163022
0 0.31640625 0.4587475149105368 0.019270833333333334 0.02882703777335984
0 0.7151041666666667 0.4562624254473161 0.009375 0.015904572564612324
0 0.25625 0.46669980119284293 0.021875 0.02485089463220676
0 0.5627604166666667 0.47862823061630216 0.0078125 0.03876739562624255
0 0.6127604166666667 0.474155069582505 0.0078125 0.013916500994035786
0 0.5276041666666667 0.48061630218687873 0.007291666666666667 0.014910536779324055
0 0.41171875 0.48906560636182905 0.009895833333333333 0.027833001988071572
0 0.29140625 0.4801192842942346 0.0078125 0.011928429423459244
0 0.5114583333333333 0.4985089463220676 0.010416666666666666 0.03876739562624255
0 0.57734375 0.4960238568588469 0.0046875 0.02982107355864811
0 0.540625 0.49403578528827036 0.010416666666666666 0.02186878727634195
0 0.26223958333333336 0.49254473161033796 0.0078125 0.020874751491053677
0 0.20546875 0.5019880715705766 0.0067708333333333336 0.03777335984095427
0 0.653125 0.4995029821073559 0.008333333333333333 0.02485089463220676
0 0.52734375 0.5014910536779325 0.0078125 0.020874751491053677
0 0.7692708333333333 0.5064612326043738 0.004166666666666667 0.02485089463220676
0 0.58671875 0.5129224652087475 0.0078125 0.02385685884691849
0 0.6002604166666666 0.5223658051689861 0.013020833333333334 0.0268389662027833
0 0.63515625 0.5208747514910537 0.008854166666666666 0.013916500994035786
0 0.32447916666666665 0.5198807157057654 0.013541666666666667 0.011928429423459244
0 0.8481770833333333 0.5268389662027833 0.0171875 0.017892644135188866
0 0.034895833333333334 0.5422465208747514 0.014583333333333334 0.04671968190854871
0 0.5924479166666666 0.5457256461232605 0.016145833333333335 0.02982107355864811
0 0.21822916666666667 0.547713717693837 0.029166666666666667 0.02584493041749503
0 0.31197916666666664 0.5536779324055666 0.013541666666666667 0.03578528827037773
0 0.6557291666666667 0.5487077534791253 0.01875 0.019880715705765408
0 0.7625 0.5531809145129225 0.026041666666666668 0.0268389662027833
0 0.29973958333333334 0.5511928429423459 0.013020833333333334 0.014910536779324055
0 0.8372395833333334 0.562624254473161 0.025520833333333333 0.02186878727634195
0 0.8104166666666667 0.5705765407554672 0.019791666666666666 0.03180914512922465
0 0.5651041666666666 0.5755467196819085 0.021875 0.02982107355864811
0 0.6018229166666667 0.5735586481113321 0.0078125 0.02186878727634195
0 0.6739583333333333 0.5874751491053678 0.007291666666666667 0.033797216699801194
0 0.4315104166666667 0.5790258449304175 0.0109375 0.012922465208747515
0 0.5424479166666667 0.581013916500994 0.008854166666666666 0.014910536779324055
0 0.8713541666666667 0.5869781312127237 0.025 0.02286282306163022
0 0.6119791666666666 0.5994035785288271 0.014583333333333334 0.019880715705765408
0 0.6341145833333334 0.6217693836978131 0.011979166666666667 0.030815109343936383
0 0.6510416666666666 0.6163021868787276 0.011458333333333333 0.015904572564612324
0 0.5567708333333333 0.614314115308151 0.022916666666666665 0.011928429423459244
0 0.4895833333333333 0.6277335984095428 0.005208333333333333 0.0268389662027833
0 0.39296875 0.628727634194831 0.0140625 0.018886679920477135
0 0.5106770833333333 0.6386679920477137 0.005729166666666666 0.016898608349900597
0 0.5299479166666666 0.6406560636182903 0.008854166666666666 0.016898608349900597
0 0.61875 0.6535785288270378 0.016666666666666666 0.036779324055666
0 0.07942708333333333 0.6550695825049702 0.024479166666666666 0.039761431411530816
0 0.41848958333333336 0.6446322067594433 0.015104166666666667 0.014910536779324055
0 0.6697916666666667 0.6466202783300199 0.009375 0.010934393638170975
0 0.8440104166666667 0.6640159045725647 0.005729166666666666 0.02982107355864811
0 0.59609375 0.658051689860835 0.011979166666666667 0.009940357852882704
0 0.4817708333333333 0.6779324055666004 0.019791666666666666 0.03578528827037773
0 0.4440104166666667 0.6833996023856859 0.0078125 0.040755467196819085
0 0.228125 0.6968190854870775 0.03125 0.05168986083499006
0 0.66484375 0.6804174950298211 0.0109375 0.014910536779324055
0 0.7151041666666667 0.6829025844930418 0.01875 0.011928429423459244
0 0.5828125 0.6908548707753479 0.010416666666666666 0.02385685884691849
0 0.5984375 0.6938369781312127 0.010416666666666666 0.02584493041749503
0 0.8153645833333333 0.7032803180914513 0.011979166666666667 0.030815109343936383
0 0.06432291666666666 0.7062624254473161 0.019270833333333334 0.02485089463220676
0 0.6807291666666667 0.7261431411530815 0.016666666666666666 0.016898608349900597
0 0.9786458333333333 0.7410536779324056 0.016666666666666666 0.040755467196819085
0 0.6953125 0.7360834990059643 0.009375 0.030815109343936383
0 0.5028645833333333 0.7504970178926441 0.021354166666666667 0.015904572564612324
0 0.025260416666666667 0.7480119284294234 0.008854166666666666 0.010934393638170975
0 0.20286458333333332 0.7773359840954275 0.021354166666666667 0.027833001988071572
0 0.13671875 0.7733598409542743 0.005729166666666666 0.015904572564612324
0 0.5372395833333333 0.7862823061630219 0.016145833333333335 0.039761431411530816
0 0.6020833333333333 0.7962226640159046 0.019791666666666666 0.03578528827037773
0 0.7317708333333334 0.7987077534791253 0.019791666666666666 0.012922465208747515
0 0.43697916666666664 0.8136182902584493 0.023958333333333335 0.02882703777335984
0 0.4864583333333333 0.8205765407554672 0.011458333333333333 0.03876739562624255
0 0.24348958333333334 0.8121272365805169 0.0203125 0.015904572564612324
0 0.6578125 0.827037773359841 0.00625 0.02584493041749503
0 0.546875 0.8255467196819085 0.013541666666666667 0.020874751491053677
0 0.19322916666666667 0.8354870775347912 0.010416666666666666 0.020874751491053677
0 0.5229166666666667 0.8464214711729622 0.0125 0.0268389662027833
0 0.7682291666666666 0.8439363817097415 0.025 0.019880715705765408
0 0.6776041666666667 0.8503976143141153 0.011458333333333333 0.02882703777335984
0 0.5505208333333333 0.8558648111332008 0.015625 0.009940357852882704
0 0.4953125 0.8663021868787276 0.011458333333333333 0.020874751491053677
0 0.20416666666666666 0.8737574552683897 0.014583333333333334 0.019880715705765408
0 0.8197916666666667 0.882703777335984 0.009375 0.02385685884691849
0 0.7828125 0.8986083499005965 0.014583333333333334 0.041749502982107355
0 0.42890625 0.9000994035785288 0.005729166666666666 0.0268389662027833
0 0.6997395833333333 0.9160039761431411 0.0109375 0.040755467196819085
0 0.8143229166666667 0.9194831013916501 0.0078125 0.017892644135188866
0 0.75 0.9184890656063618 0.023958333333333335 0.017892644135188866
0 0.6322916666666667 0.9329025844930418 0.013541666666666667 0.02485089463220676
0 0.7703125 0.929920477137177 0.013541666666666667 0.016898608349900597
0 0.15078125 0.9353876739562624 0.016145833333333335 0.02385685884691849
0 0.46770833333333334 0.9547713717693836 0.010416666666666666 0.010934393638170975
0 0.09401041666666667 0.9706759443339961 0.025520833333333333 0.032803180914512925
0 0.26640625 0.9622266401590457 0.0078125 0.011928429423459244
0 0.11796875 0.9711729622266402 0.016145833333333335 0.02186878727634195
0 0.42994791666666665 0.9746520874751491 0.021354166666666667 0.016898608349900597
0 0.0234375 0.9801192842942346 0.04583333333333333 0.02982107355864811
0 0.8580729166666666 0.98558648111332 0.009895833333333333 0.0268389662027833
0 0.7583333333333333 0.9811133200795229 0.022916666666666665 0.013916500994035786
0 0.3346354166666667 0.9880715705765407 0.0109375 0.02186878727634195
0 0.059895833333333336 0.9895626242544732 0.0375 0.018886679920477135
0 0.022395833333333334 0.9860834990059643 0.030208333333333334 0.007952286282306162