0 0.59140625 0.004970178926441352 0.024479166666666666 0.009940357852882704
0 0.045572916666666664 0.015407554671968192 0.024479166666666666 0.030815109343936383
0 0.7111979166666667 0.03876739562624255 0.0067708333333333336 0.02982107355864811
0 0.54375 0.06759443339960239 0.030208333333333334 0.0636182902584493
0 0.5846354166666666 0.07405566600397614 0.013020833333333334 0.02882703777335984
0 0.5838541666666667 0.10984095427435388 0.016666666666666666 0.020874751491053677
0 0.96875 0.11133200795228629 0.009375 0.015904572564612324
0 0.9205729166666666 0.12027833001988071 0.011979166666666667 0.02982107355864811
0 0.42473958333333334 0.1172962226640159 0.0109375 0.02584493041749503
0 0.5997395833333333 0.13071570576540756 0.0067708333333333336 0.030815109343936383
0 0.5486979166666667 0.13369781312127235 0.016145833333333335 0.02882703777335984
0 0.6135416666666667 0.1257455268389662 0.014583333333333334 0.008946322067594433
0 0.5776041666666667 0.13568588469184892 0.009375 0.02485089463220676
0 0.7497395833333333 0.15009940357852883 0.0140625 0.02186878727634195
0 0.46197916666666666 0.17047713717693838 0.023958333333333335 0.03876739562624255
0 0.55546875 0.1679920477137177 0.0109375 0.027833001988071572
0 0.5947916666666667 0.17693836978131214 0.0125 0.027833001988071572
0 0.6216145833333333 0.18141153081510936 0.015104166666666667 0.02286282306163022
0 0.5065104166666666 0.20079522862823063 0.0078125 0.033797216699801194
0 0.024739583333333332 0.213220675944334 0.0203125 0.0268389662027833
0 0.14713541666666666 0.21272365805168986 0.0140625 0.013916500994035786
0 0.7197916666666667 0.2370775347912525 0.007291666666666667 0.032803180914512925
0 0.68984375 0.27037773359840955 0.0067708333333333336 0.02982107355864811
0 0.6294270833333333 0.28677932405566603 0.0171875 0.02286282306163022
0 0.6596354166666667 0.28727634194831014 0.0140625 0.019880715705765408
0 0.5481770833333334 0.2922465208747515 0.015104166666666667 0.017892644135188866
0 0.7125 0.30168986083499005 0.011458333333333333 0.02485089463220676
0 0.5755208333333334 0.3076540755467197 0.008333333333333333 0.02485089463220676
0 0.5161458333333333 0.3091451292246521 0.014583333333333334 0.017892644135188866
0 0.6010416666666667 0.3190854870775348 0.0125 0.013916500994035786
0 0.82109375 0.3275347912524851 0.016145833333333335 0.018886679920477135
0 0.5885416666666666 0.33250497017892644 0.005208333333333333 0.0268389662027833
0 0.6606770833333333 0.34592445328031807 0.0067708333333333336 0.03777335984095427
0 0.8997395833333334 0.35685884691848907 0.015104166666666667 0.041749502982107355
0 0.8833333333333333 0.34642147117296224 0.020833333333333332 0.02286282306163022
0 0.5315104166666667 0.3474155069582505 0.008854166666666666 0.020874751491053677
0 0.1375 0.36033797216699803 0.017708333333333333 0.02286282306163022
0 0.28932291666666665 0.37524850894632206 0.0140625 0.036779324055666
0 0.9158854166666667 0.3926441351888668 0.0171875 0.02385685884691849
0 0.11796875 0.39214711729622265 0.015104166666666667 0.02286282306163022
0 0.6674479166666667 0.3991053677932406 0.0078125 0.020874751491053677
0 0.8666666666666667 0.41848906560636184 0.022916666666666665 0.02385685884691849
0 0.5713541666666667 0.4408548707753479 0.019791666666666666 0.032803180914512925
0 0.39453125 0.48061630218687873 0.0078125 0.030815109343936383
0 0.8841145833333334 0.481610337972167 0.019270833333333334 0.030815109343936383
0 0.7791666666666667 0.49105367793240556 0.010416666666666666 0.019880715705765408
0 0.6401041666666667 0.4990059642147117 0.008333333333333333 0.02982107355864811
0 0.6520833333333333 0.5099403578528827 0.017708333333333333 0.03180914512922465
0 0.78828125 0.507455268389662 0.0140625 0.02286282306163022
0 0.5158854166666667 0.5293240556660039 0.011979166666666667 0.020874751491053677
0 0.7091145833333333 0.5417495029821073 0.0109375 0.03180914512922465
0 0.5549479166666667 0.5323061630218688 0.015104166666666667 0.010934393638170975
0 0.5369791666666667 0.5452286282306164 0.014583333333333334 0.02485089463220676
0 0.7997395833333333 0.5501988071570576 0.0203125 0.032803180914512925
0 0.5692708333333333 0.5487077534791253 0.009375 0.011928429423459244
0 0.6518229166666667 0.5740556660039762 0.0109375 0.016898608349900597
0 0.5651041666666666 0.5765407554671969 0.015625 0.015904572564612324
0 0.37265625 0.5944333996023857 0.005729166666666666 0.033797216699801194
0 0.32395833333333335 0.6073558648111332 0.011458333333333333 0.04572564612326044
0 0.6354166666666666 0.5934393638170974 0.009375 0.009940357852882704
0 0.2916666666666667 0.6033797216699801 0.026041666666666668 0.019880715705765408
0 0.6010416666666667 0.6058648111332008 0.010416666666666666 0.012922465208747515
0 0.5677083333333334 0.6257455268389662 0.009375 0.02882703777335984
0 0.5213541666666667 0.6222664015904572 0.017708333333333333 0.019880715705765408
0 0.4078125 0.6292246520874751 0.008333333333333333 0.03180914512922465
0 0.7963541666666667 0.6361829025844931 0.019791666666666666 0.02584493041749503
0 0.5455729166666666 0.6401590457256461 0.013020833333333334 0.02584493041749503
0 0.44947916666666665 0.6411530815109344 0.016666666666666666 0.009940357852882704
0 0.9036458333333334 0.647117296222664 0.008333333333333333 0.015904572564612324
0 0.83984375 0.6625248508946322 0.0171875 0.03479125248508946
0 0.3489583333333333 0.6635188866799204 0.014583333333333334 0.018886679920477135
0 0.12890625 0.6709741550695825 0.013020833333333334 0.03578528827037773
0 0.7666666666666667 0.668986083499006 0.015625 0.027833001988071572
0 0.7205729166666667 0.6744532803180915 0.005729166666666666 0.014910536779324055
0 0.8989583333333333 0.7127236580516899 0.025 0.039761431411530816
0 0.8640625 0.7216699801192843 0.021875 0.03180914512922465
0 0.6747395833333333 0.7415506958250497 0.016145833333333335 0.02584493041749503
0 0.9598958333333333 0.7440357852882704 0.021875 0.0268389662027833
0 0.8434895833333333 0.7490059642147118 0.0109375 0.018886679920477135
0 0.43984375 0.7514910536779325 0.0140625 0.02186878727634195
0 0.51640625 0.75 0.019270833333333334 0.010934393638170975
0 0.6447916666666667 0.7778330019880716 0.017708333333333333 0.030815109343936383
0 0.7166666666666667 0.8210735586481114 0.00625 0.033797216699801194
0 0.40208333333333335 0.8479125248508946 0.009375 0.03777335984095427
0 0.42161458333333335 0.8598409542743539 0.009895833333333333 0.027833001988071572
0 0.32578125 0.8841948310139165 0.011979166666666667 0.012922465208747515
0 0.35859375 0.9030815109343936 0.015104166666666667 0.02286282306163022
0 0.43723958333333335 0.9085487077534792 0.008854166666666666 0.02982107355864811
0 0.6234375 0.9194831013916501 0.008333333333333333 0.03180914512922465
0 0.8075520833333333 0.9498011928429424 0.0171875 0.05467196819085487
0 0.68125 0.937375745526839 0.021875 0.027833001988071572
0 0.4796875 0.959741550695825 0.021875 0.06063618290258449
0 0.8682291666666667 0.9607355864811133 0.014583333333333334 0.02882703777335984
0 0.9380208333333333 0.9801192842942346 0.015625 0.03777335984095427