0 0.6796875 0.02186878727634195 0.008333333333333333 0.017892644135188866
0 0.08463541666666667 0.024353876739562623 0.008854166666666666 0.02286282306163022
0 0.2716145833333333 0.053180914512922464 0.011979166666666667 0.016898608349900597
0 0.06796875 0.061630218687872766 0.009895833333333333 0.017892644135188866
0 0.12682291666666667 0.1411530815109344 0.005729166666666666 0.017892644135188866
0 0.3072916666666667 0.14512922465208747 0.010416666666666666 0.02186878727634195
0 0.5158854166666667 0.20178926441351888 0.0140625 0.03180914512922465
0 0.31302083333333336 0.2191848906560636 0.013541666666666667 0.020874751491053677
0 0.014322916666666666 0.23508946322067595 0.008854166666666666 0.02882703777335984
0 0.0328125 0.25795228628230615 0.011458333333333333 0.020874751491053677
0 0.42109375 0.26093439363817095 0.009895833333333333 0.018886679920477135
0 0.17395833333333333 0.2932405566600398 0.014583333333333334 0.019880715705765408
0 0.28932291666666665 0.32703777335984097 0.016145833333333335 0.009940357852882704
0 0.27265625 0.33250497017892644 0.009895833333333333 0.02286282306163022
0 0.09479166666666666 0.33548707753479123 0.014583333333333334 0.02485089463220676
0 0.35234375 0.35785288270377735 0.0067708333333333336 0.02982107355864811
0 0.8184895833333333 0.3841948310139165 0.011979166666666667 0.030815109343936383
0 0.36744791666666665 0.38071570576540753 0.0140625 0.013916500994035786
0 0.20651041666666667 0.39214711729622265 0.013020833333333334 0.0268389662027833
0 0.06953125 0.4209741550695825 0.016145833333333335 0.02485089463220676
0 0.3067708333333333 0.44980119284294234 0.011458333333333333 0.014910536779324055
0 0.3177083333333333 0.46073558648111335 0.005208333333333333 0.02882703777335984
0 0.061197916666666664 0.4617296222664016 0.008854166666666666 0.018886679920477135
0 0.5390625 0.5084493041749503 0.008333333333333333 0.030815109343936383
0 0.47760416666666666 0.5139165009940357 0.00625 0.027833001988071572
0 0.23541666666666666 0.510934393638171 0.010416666666666666 0.017892644135188866
0 0.008333333333333333 0.55168986083499 0.015625 0.03180914512922465
0 0.10703125 0.5521868787276342 0.0109375 0.020874751491053677
0 0.37161458333333336 0.6153081510934394 0.0140625 0.019880715705765408
0 0.76796875 0.6719681908548708 0.009895833333333333 0.017892644135188866
0 0.2890625 0.7321073558648111 0.014583333333333334 0.010934393638170975
0 0.7979166666666667 0.8215705765407555 0.0125 0.02882703777335984
0 0.36354166666666665 0.8991053677932406 0.013541666666666667 0.016898608349900597
0 0.4953125 0.9279324055666004 0.009375 0.02286282306163022
0 0.4479166666666667 0.922962226640159 0.016666666666666666 0.014910536779324055
0 0.4635416666666667 0.93389662027833 0.011458333333333333 0.020874751491053677
0 0.41067708333333336 0.974155069582505 0.03697916666666667 0.03777335984095427
0 0.31953125 0.9900596421471173 0.009895833333333333 0.017892644135188866
0 0.44973958333333336 0.9930417495029821 0.0140625 0.011928429423459244