0 0.77578125 0.02584493041749503 0.011979166666666667 0.015904572564612324
0 0.5763020833333333 0.028330019880715707 0.0078125 0.014910536779324055
0 0.2421875 0.0437375745526839 0.011458333333333333 0.011928429423459244
0 0.975 0.06510934393638171 0.007291666666666667 0.016898608349900597
0 0.8328125 0.06858846918489066 0.015625 0.015904572564612324
0 0.9606770833333333 0.08548707753479125 0.0109375 0.02186878727634195
0 0.5138020833333333 0.09990059642147117 0.021354166666666667 0.018886679920477135
0 0.8807291666666667 0.1073558648111332 0.013541666666666667 0.02982107355864811
0 0.9174479166666667 0.11282306163021869 0.018229166666666668 0.018886679920477135
0 0.9598958333333333 0.1317097415506958 0.013541666666666667 0.020874751491053677
0 0.8104166666666667 0.1595427435387674 0.007291666666666667 0.010934393638170975
0 0.9838541666666667 0.17395626242544732 0.014583333333333334 0.017892644135188866
0 0.6606770833333333 0.18389662027833 0.016145833333333335 0.02385685884691849
0 0.6908854166666667 0.18836978131212723 0.009895833333333333 0.02882703777335984
0 0.4197916666666667 0.19035785288270377 0.017708333333333333 0.016898608349900597
0 0.2109375 0.20029821073558648 0.00625 0.030815109343936383
0 0.5971354166666667 0.19383697813121273 0.011979166666666667 0.017892644135188866
0 0.5466145833333333 0.1988071570576541 0.016145833333333335 0.011928429423459244
0 0.48828125 0.20576540755467196 0.009895833333333333 0.017892644135188866
0 0.521875 0.20725646123260438 0.016666666666666666 0.016898608349900597
0 0.7942708333333334 0.22415506958250497 0.0125 0.02286282306163022
0 0.42942708333333335 0.22365805168986083 0.016145833333333335 0.015904572564612324
0 0.65546875 0.2261431411530815 0.005729166666666666 0.016898608349900597
0 0.55625 0.23508946322067595 0.017708333333333333 0.016898608349900597
0 0.7096354166666666 0.24353876739562624 0.011979166666666667 0.02186878727634195
0 0.7833333333333333 0.25745526838966204 0.010416666666666666 0.02186878727634195
0 0.70234375 0.2639165009940358 0.021354166666666667 0.020874751491053677
0 0.5799479166666667 0.2678926441351889 0.008854166666666666 0.012922465208747515
0 0.7692708333333333 0.27087475149105367 0.011458333333333333 0.016898608349900597
0 0.3567708333333333 0.2813121272365805 0.008333333333333333 0.011928429423459244
0 0.4861979166666667 0.28677932405566603 0.0067708333333333336 0.018886679920477135
0 0.63671875 0.2927435387673956 0.009895833333333333 0.02286282306163022
0 0.8700520833333333 0.31858846918489064 0.011979166666666667 0.032803180914512925
0 0.934375 0.3121272365805169 0.00625 0.02186878727634195
0 0.25807291666666665 0.31660039761431413 0.0109375 0.014910536779324055
0 0.309375 0.3210735586481113 0.007291666666666667 0.017892644135188866
0 0.5927083333333333 0.3250497017892644 0.007291666666666667 0.02186878727634195
0 0.3841145833333333 0.33001988071570576 0.016145833333333335 0.013916500994035786
0 0.6109375 0.341948310139165 0.011458333333333333 0.02982107355864811
0 0.6526041666666667 0.34095427435387676 0.020833333333333332 0.02584493041749503
0 0.22135416666666666 0.34840954274353875 0.016666666666666666 0.0268389662027833
0 0.71796875 0.371272365805169 0.013020833333333334 0.018886679920477135
0 0.6057291666666667 0.38966202783300197 0.008333333333333333 0.02385685884691849
0 0.146875 0.40208747514910537 0.015625 0.02882703777335984
0 0.6927083333333334 0.4110337972166998 0.013541666666666667 0.02485089463220676
0 0.9903645833333333 0.41302186878727637 0.0109375 0.02286282306163022
0 0.29739583333333336 0.41302186878727637 0.008333333333333333 0.014910536779324055
0 0.5346354166666667 0.4378727634194831 0.011979166666666667 0.02286282306163022
0 0.69453125 0.44681908548707755 0.0109375 0.018886679920477135
0 0.8802083333333334 0.45278330019880714 0.009375 0.0268389662027833
0 0.8575520833333333 0.4562624254473161 0.015104166666666667 0.02186878727634195
0 0.6502604166666667 0.46520874751491054 0.008854166666666666 0.02385685884691849
0 0.10911458333333333 0.4662027833001988 0.009895833333333333 0.02385685884691849
0 0.058854166666666666 0.4845924453280318 0.017708333333333333 0.014910536779324055
0 0.3684895833333333 0.4915506958250497 0.013020833333333334 0.014910536779324055
0 0.35989583333333336 0.5203777335984096 0.00625 0.030815109343936383
0 0.6856770833333333 0.5114314115308151 0.016145833333333335 0.014910536779324055
0 0.2677083333333333 0.5253479125248509 0.005208333333333333 0.02882703777335984
0 0.571875 0.5228628230616302 0.011458333333333333 0.019880715705765408
0 0.6388020833333333 0.5323061630218688 0.009895833333333333 0.018886679920477135
0 0.5942708333333333 0.5352882703777336 0.015625 0.016898608349900597
0 0.846875 0.5412524850894632 0.013541666666666667 0.016898608349900597
0 0.26953125 0.5576540755467196 0.011979166666666667 0.015904572564612324
0 0.853125 0.570079522862823 0.015625 0.02286282306163022
0 0.5411458333333333 0.5730616302186878 0.011458333333333333 0.02485089463220676
0 0.7341145833333333 0.5820079522862823 0.0046875 0.02286282306163022
0 0.71328125 0.5914512922465208 0.0078125 0.033797216699801194
0 0.6901041666666666 0.5889662027833003 0.014583333333333334 0.012922465208747515
0 0.6059895833333333 0.5929423459244533 0.0203125 0.018886679920477135
0 0.2234375 0.6078528827037774 0.010416666666666666 0.03479125248508946
0 0.57109375 0.6371769383697813 0.0078125 0.03777335984095427
0 0.7033854166666667 0.6381709741550696 0.0067708333333333336 0.03578528827037773
0 0.5997395833333333 0.635685884691849 0.011979166666666667 0.010934393638170975
0 0.8346354166666666 0.6406560636182903 0.015104166666666667 0.010934393638170975
0 0.87578125 0.6535785288270378 0.0140625 0.012922465208747515
0 0.5572916666666666 0.6595427435387674 0.00625 0.018886679920477135
0 0.4640625 0.6694831013916501 0.0125 0.018886679920477135
0 0.8552083333333333 0.6759443339960238 0.009375 0.02186878727634195
0 0.5854166666666667 0.6923459244532804 0.008333333333333333 0.04473161033797217
0 0.60234375 0.6764413518886679 0.0067708333333333336 0.010934393638170975
0 0.4317708333333333 0.687375745526839 0.021875 0.016898608349900597
0 0.9229166666666667 0.6903578528827038 0.030208333333333334 0.016898608349900597
0 0.52421875 0.6888667992047713 0.019270833333333334 0.011928429423459244
0 0.6020833333333333 0.6998011928429424 0.009375 0.02584493041749503
0 0.3377604166666667 0.6988071570576541 0.0078125 0.017892644135188866
0 0.7158854166666667 0.7002982107355865 0.0046875 0.020874751491053677
0 0.9283854166666666 0.7340954274353877 0.024479166666666666 0.02286282306163022
0 0.5479166666666667 0.7455268389662028 0.011458333333333333 0.041749502982107355
0 0.9966145833333333 0.7335984095427436 0.005729166666666666 0.017892644135188866
0 0.56484375 0.7435387673956262 0.0078125 0.03180914512922465
0 0.8723958333333334 0.7435387673956262 0.0125 0.019880715705765408
0 0.95 0.7554671968190855 0.017708333333333333 0.017892644135188866
0 0.7950520833333333 0.7579522862823062 0.0140625 0.012922465208747515
0 0.3846354166666667 0.7659045725646123 0.013020833333333334 0.012922465208747515
0 0.7473958333333334 0.7738568588469185 0.005208333333333333 0.02485089463220676
0 0.6622395833333333 0.7703777335984096 0.0140625 0.011928429423459244
0 0.4895833333333333 0.7763419483101391 0.017708333333333333 0.019880715705765408
0 0.6145833333333334 0.7733598409542743 0.017708333333333333 0.013916500994035786
0 0.8640625 0.7808151093439364 0.013541666666666667 0.012922465208747515
0 0.8888020833333333 0.790258449304175 0.0067708333333333336 0.02186878727634195
0 0.5158854166666667 0.808648111332008 0.0067708333333333336 0.040755467196819085
0 0.6502604166666667 0.8036779324055666 0.016145833333333335 0.016898608349900597
0 0.271875 0.812624254473161 0.009375 0.018886679920477135
0 0.22395833333333334 0.8210735586481114 0.010416666666666666 0.02982107355864811
0 0.8028645833333333 0.8131212723658051 0.0140625 0.009940357852882704
0 0.5333333333333333 0.8151093439363817 0.014583333333333334 0.007952286282306162
0 0.3450520833333333 0.8235586481113321 0.013020833333333334 0.012922465208747515
0 0.7221354166666667 0.8260437375745527 0.0078125 0.017892644135188866
0 0.865625 0.8220675944333996 0.01875 0.011928429423459244
0 0.66640625 0.8349900596421471 0.0046875 0.02385685884691849
0 0.5533854166666666 0.8434393638170974 0.0067708333333333336 0.03876739562624255
0 0.6049479166666667 0.8434393638170974 0.0078125 0.030815109343936383
0 0.30755208333333334 0.8474155069582505 0.0067708333333333336 0.02485089463220676
0 0.6361979166666667 0.8767395626242545 0.0140625 0.055666003976143144
0 0.36302083333333335 0.8618290258449304 0.004166666666666667 0.02385685884691849
0 0.4622395833333333 0.8648111332007953 0.005729166666666666 0.02385685884691849
0 0.5940104166666667 0.8648111332007953 0.0067708333333333336 0.02584493041749503
0 0.6697916666666667 0.8588469184890656 0.011458333333333333 0.011928429423459244
0 0.60546875 0.8737574552683897 0.013020833333333334 0.007952286282306162
0 0.57734375 0.8812127236580517 0.008854166666666666 0.016898608349900597
0 0.640625 0.9100397614314115 0.019791666666666666 0.03479125248508946
0 0.58359375 0.9070576540755467 0.0203125 0.02286282306163022
0 0.8513020833333333 0.9070576540755467 0.011979166666666667 0.020874751491053677
0 0.7453125 0.9095427435387674 0.007291666666666667 0.019880715705765408
0 0.6817708333333333 0.915506958250497 0.010416666666666666 0.009940357852882704
0 0.6005208333333333 0.9314115308151093 0.0375 0.039761431411530816
0 0.5322916666666667 0.9224652087475149 0.016666666666666666 0.015904572564612324
0 0.5494791666666666 0.9353876739562624 0.01875 0.0437375745526839
0 0.8020833333333334 0.9294234592445328 0.014583333333333334 0.015904572564612324
0 0.6541666666666667 0.9304174950298211 0.008333333333333333 0.013916500994035786
0 0.9533854166666667 0.9309145129224652 0.013020833333333334 0.010934393638170975
0 0.47994791666666664 0.9488071570576541 0.022395833333333334 0.032803180914512925
0 0.6263020833333334 0.9552683896620279 0.011979166666666667 0.03777335984095427
0 0.66328125 0.9552683896620279 0.0140625 0.009940357852882704
0 0.30078125 0.9647117296222664 0.016145833333333335 0.0268389662027833
0 0.5635416666666667 0.967196819085487 0.026041666666666668 0.027833001988071572
0 0.3182291666666667 0.967196819085487 0.013541666666666667 0.015904572564612324
0 0.6502604166666667 0.9746520874751491 0.011979166666666667 0.018886679920477135
0 0.6971354166666667 0.9826043737574552 0.005729166666666666 0.0268389662027833
0 0.8736979166666666 0.981610337972167 0.009895833333333333 0.02286282306163022
0 0.9653645833333333 0.9870775347912525 0.03177083333333333 0.02385685884691849
0 0.38776041666666666 0.9850894632206759 0.013020833333333334 0.015904572564612324
0 0.59296875 0.98558648111332 0.016145833333333335 0.016898608349900597
0 0.7325520833333333 0.9905566600397614 0.0171875 0.016898608349900597