0 0.8994791666666667 0.01341948310139165 0.022916666666666665 0.0268389662027833
0 0.17317708333333334 0.007952286282306162 0.0140625 0.015904572564612324
0 0.14453125 0.011928429423459244 0.0046875 0.019880715705765408
0 0.4635416666666667 0.033797216699801194 0.009375 0.04572564612326044
0 0.35703125 0.022365805168986085 0.0067708333333333336 0.016898608349900597
0 0.13125 0.037276341948310136 0.011458333333333333 0.03876739562624255
0 0.14739583333333334 0.03479125248508946 0.010416666666666666 0.027833001988071572
0 0.6700520833333333 0.02982107355864811 0.009895833333333333 0.013916500994035786
0 0.3338541666666667 0.053180914512922464 0.008333333333333333 0.03876739562624255
0 0.3611979166666667 0.07107355864811134 0.0234375 0.06858846918489066
0 0.43515625 0.06610337972166998 0.005729166666666666 0.02882703777335984
0 0.2734375 0.06759443339960239 0.017708333333333333 0.017892644135188866
0 0.7432291666666667 0.07952286282306163 0.027083333333333334 0.02982107355864811
0 0.24947916666666667 0.08648111332007952 0.022916666666666665 0.03578528827037773
0 0.45364583333333336 0.0889662027833002 0.017708333333333333 0.032803180914512925
0 0.4125 0.0889662027833002 0.009375 0.032803180914512925
0 0.2890625 0.08797216699801193 0.016666666666666666 0.02286282306163022
0 0.6510416666666666 0.0959244532803181 0.013541666666666667 0.0268389662027833
0 0.4713541666666667 0.1143141153081511 0.019791666666666666 0.03777335984095427
0 0.009635416666666667 0.1257455268389662 0.018229166666666668 0.06063618290258449
0 0.32265625 0.11083499005964215 0.0109375 0.012922465208747515
0 0.40729166666666666 0.1312127236580517 0.0125 0.033797216699801194
0 0.4953125 0.14165009940357853 0.011458333333333333 0.030815109343936383
0 0.0984375 0.14363817097415507 0.01875 0.02882703777335984
0 0.9315104166666667 0.1749502982107356 0.018229166666666668 0.033797216699801194
0 0.5359375 0.18687872763419483 0.023958333333333335 0.0437375745526839
0 0.6208333333333333 0.18538767395626243 0.005208333333333333 0.016898608349900597
0 0.5065104166666666 0.19980119284294234 0.0171875 0.0437375745526839
0 0.47421875 0.2077534791252485 0.0203125 0.04771371769383698
0 0.5528645833333333 0.21371769383697814 0.013020833333333334 0.03180914512922465
0 0.40911458333333334 0.20725646123260438 0.018229166666666668 0.016898608349900597
0 0.6268229166666667 0.22564612326043737 0.022395833333333334 0.039761431411530816
0 0.4421875 0.24502982107355864 0.029166666666666667 0.036779324055666
0 0.46848958333333335 0.24801192842942346 0.0109375 0.03479125248508946
0 0.4125 0.2554671968190855 0.023958333333333335 0.0437375745526839
0 0.6057291666666667 0.2753479125248509 0.009375 0.0437375745526839
0 0.008072916666666667 0.2668986083499006 0.015104166666666667 0.016898608349900597
0 0.6651041666666667 0.27435387673956263 0.008333333333333333 0.02982107355864811
0 0.23411458333333332 0.27087475149105367 0.015104166666666667 0.020874751491053677
0 0.09583333333333334 0.2798210735586481 0.017708333333333333 0.03479125248508946
0 0.4713541666666667 0.2962226640159046 0.008333333333333333 0.03777335984095427
0 0.6796875 0.2897614314115308 0.017708333333333333 0.010934393638170975
0 0.8005208333333333 0.30268389662027834 0.014583333333333334 0.02286282306163022
0 0.0953125 0.3071570576540755 0.01875 0.019880715705765408
0 0.29713541666666665 0.3101391650099404 0.0171875 0.017892644135188866
0 0.6390625 0.3359840954274354 0.014583333333333334 0.039761431411530816
0 0.3203125 0.3503976143141153 0.008333333333333333 0.048707753479125246
0 0.49661458333333336 0.3518886679920477 0.0067708333333333336 0.019880715705765408
0 0.4953125 0.38469184890656066 0.00625 0.03777335984095427
0 0.7078125 0.38966202783300197 0.009375 0.03180914512922465
0 0.42083333333333334 0.3866799204771372 0.0125 0.02186878727634195
0 0.5984375 0.39214711729622265 0.01875 0.018886679920477135
0 0.05911458333333333 0.4085487077534791 0.0171875 0.0437375745526839
0 0.38828125 0.3996023856858847 0.0203125 0.019880715705765408
0 0.76171875 0.4194831013916501 0.0109375 0.03578528827037773
0 0.23880208333333333 0.4274353876739563 0.0109375 0.03180914512922465
0 0.6981770833333333 0.4209741550695825 0.0109375 0.008946322067594433
0 0.37083333333333335 0.4383697813121272 0.021875 0.033797216699801194
0 0.42890625 0.43290258449304175 0.008854166666666666 0.016898608349900597
0 0.446875 0.44433399602385687 0.013541666666666667 0.02385685884691849
0 0.2755208333333333 0.4552683896620278 0.008333333333333333 0.03777335984095427
0 0.3567708333333333 0.4532803180914513 0.008333333333333333 0.027833001988071572
0 0.48151041666666666 0.4592445328031809 0.011979166666666667 0.019880715705765408
0 0.59921875 0.46520874751491054 0.0109375 0.02584493041749503
0 0.4317708333333333 0.4701789264413519 0.01875 0.033797216699801194
0 0.5348958333333333 0.46123260437375746 0.015625 0.013916500994035786
0 0.5783854166666667 0.4721669980119284 0.005729166666666666 0.027833001988071572
0 0.37890625 0.4701789264413519 0.011979166666666667 0.011928429423459244
0 0.53125 0.4850894632206759 0.022916666666666665 0.027833001988071572
0 0.9268229166666667 0.4970178926441352 0.0140625 0.013916500994035786
0 0.5596354166666667 0.5059642147117296 0.0067708333333333336 0.02982107355864811
0 0.35078125 0.5139165009940357 0.009895833333333333 0.02982107355864811
0 0.5080729166666667 0.5159045725646123 0.019270833333333334 0.027833001988071572
0 0.10755208333333334 0.5283300198807157 0.019270833333333334 0.02882703777335984
0 0.4484375 0.5323061630218688 0.014583333333333334 0.016898608349900597
0 0.42864583333333334 0.5432405566600398 0.010416666666666666 0.02286282306163022
0 0.39348958333333334 0.5457256461232605 0.018229166666666668 0.027833001988071572
0 0.4114583333333333 0.5511928429423459 0.017708333333333333 0.02882703777335984
0 0.33307291666666666 0.5611332007952287 0.013020833333333334 0.018886679920477135
0 0.6270833333333333 0.5616302186878728 0.015625 0.013916500994035786
0 0.7049479166666667 0.5720675944333996 0.016145833333333335 0.008946322067594433
0 0.5255208333333333 0.5914512922465208 0.008333333333333333 0.0437375745526839
0 0.35989583333333336 0.6033797216699801 0.008333333333333333 0.02584493041749503
0 0.46041666666666664 0.6083499005964215 0.005208333333333333 0.02385685884691849
0 0.60703125 0.6098409542743539 0.024479166666666666 0.018886679920477135
0 0.89140625 0.6416500994035785 0.008854166666666666 0.04473161033797217
0 0.2598958333333333 0.6421471172962226 0.021875 0.041749502982107355
0 0.6908854166666667 0.6436381709741551 0.027604166666666666 0.0268389662027833
0 0.46458333333333335 0.6461232604373758 0.010416666666666666 0.02186878727634195
0 0.4390625 0.665506958250497 0.009375 0.036779324055666
0 0.49114583333333334 0.6699801192842942 0.015625 0.019880715705765408
0 0.6770833333333334 0.6843936381709742 0.0125 0.036779324055666
0 0.5395833333333333 0.6824055666003976 0.009375 0.0268389662027833
0 0.83515625 0.6863817097415507 0.0140625 0.02286282306163022
0 0.5809895833333333 0.6833996023856859 0.0140625 0.014910536779324055
0 0.4479166666666667 0.7092445328031809 0.011458333333333333 0.02485089463220676
0 0.49661458333333336 0.7211729622266402 0.015104166666666667 0.008946322067594433
0 0.44505208333333335 0.7385685884691849 0.009895833333333333 0.019880715705765408
0 0.03958333333333333 0.7544731610337972 0.025 0.041749502982107355
0 0.703125 0.7480119284294234 0.015625 0.008946322067594433
0 0.7348958333333333 0.7778330019880716 0.023958333333333335 0.03479125248508946
0 0.4635416666666667 0.7738568588469185 0.015625 0.014910536779324055
0 0.5895833333333333 0.7823061630218688 0.021875 0.02385685884691849
0 0.14947916666666666 0.8285288270377733 0.028125 0.05864811133200795
0 0.6557291666666667 0.812624254473161 0.00625 0.02485089463220676
0 0.7838541666666666 0.8205765407554672 0.010416666666666666 0.03479125248508946
0 0.7294270833333333 0.8190854870775348 0.016145833333333335 0.02385685884691849
0 0.6768229166666667 0.8315109343936382 0.009895833333333333 0.012922465208747515
0 0.6942708333333333 0.8533797216699801 0.0125 0.030815109343936383
0 0.5583333333333333 0.8653081510934394 0.019791666666666666 0.0268389662027833
0 0.6236979166666666 0.8707753479125249 0.0067708333333333336 0.02584493041749503
0 0.15 0.9020874751491054 0.015625 0.03479125248508946
0 0.98359375 0.9219681908548708 0.015104166666666667 0.016898608349900597
0 0.13619791666666667 0.9507952286282306 0.021354166666666667 0.04473161033797217
0 0.49270833333333336 0.955765407554672 0.013541666666666667 0.04671968190854871
0 0.9622395833333334 0.9517892644135189 0.030729166666666665 0.02882703777335984
0 0.59453125 0.959741550695825 0.016145833333333335 0.02286282306163022
0 0.6630208333333333 0.9771371769383698 0.015625 0.03578528827037773
0 0.47161458333333334 0.9776341948310139 0.0046875 0.02485089463220676
0 0.6971354166666667 0.9850894632206759 0.0171875 0.027833001988071572
0 0.6145833333333334 0.9850894632206759 0.013541666666666667 0.027833001988071572
0 0.5234375 0.98558648111332 0.013541666666666667 0.008946322067594433
0 0.7703125 0.992544731610338 0.013541666666666667 0.012922465208747515