0 0.6645833333333333 0.0064612326043737576 0.014583333333333334 0.012922465208747515
0 0.29192708333333334 0.008946322067594433 0.011979166666666667 0.017892644135188866
0 0.4036458333333333 0.04771371769383698 0.017708333333333333 0.02186878727634195
0 0.23489583333333333 0.05715705765407555 0.01875 0.02286282306163022
0 0.04401041666666667 0.09791252485089463 0.019270833333333334 0.020874751491053677
0 0.5481770833333334 0.11282306163021869 0.018229166666666668 0.02882703777335984
0 0.56484375 0.1411530815109344 0.021354166666666667 0.017892644135188866
0 0.7153645833333333 0.15656063618290258 0.009895833333333333 0.040755467196819085
0 0.6880208333333333 0.1833996023856859 0.0125 0.03479125248508946
0 0.5013020833333334 0.18538767395626243 0.015104166666666667 0.03876739562624255
0 0.6364583333333333 0.18836978131212723 0.017708333333333333 0.02485089463220676
0 0.5705729166666667 0.18538767395626243 0.009895833333333333 0.016898608349900597
0 0.6716145833333333 0.20526838966202784 0.0203125 0.02485089463220676
0 0.71875 0.21421471172962225 0.01875 0.012922465208747515
0 0.59375 0.22664015904572565 0.030208333333333334 0.03180914512922465
0 0.28958333333333336 0.22415506958250497 0.020833333333333332 0.0268389662027833
0 0.43854166666666666 0.23409542743538767 0.019791666666666666 0.0268389662027833
0 0.696875 0.25 0.011458333333333333 0.03876739562624255
0 0.7794270833333333 0.268389662027833 0.0171875 0.02186878727634195
0 0.6330729166666667 0.2678926441351889 0.018229166666666668 0.020874751491053677
0 0.6 0.2659045725646123 0.00625 0.016898608349900597
0 0.6536458333333334 0.2738568588469185 0.015625 0.012922465208747515
0 0.675 0.2837972166998012 0.015625 0.014910536779324055
0 0.553125 0.297713717693837 0.03333333333333333 0.036779324055666
0 0.6106770833333334 0.3061630218687873 0.013020833333333334 0.017892644135188866
0 0.18854166666666666 0.3106361829025845 0.013541666666666667 0.012922465208747515
0 0.10442708333333334 0.31560636182902585 0.009895833333333333 0.018886679920477135
0 0.7651041666666667 0.3305168986083499 0.0125 0.02882703777335984
0 0.6815104166666667 0.32554671968190857 0.009895833333333333 0.018886679920477135
0 0.5450520833333333 0.33101391650099404 0.0140625 0.027833001988071572
0 0.56484375 0.33151093439363816 0.019270833333333334 0.014910536779324055
0 0.7028645833333333 0.3499005964214712 0.016145833333333335 0.027833001988071572
0 0.6700520833333333 0.3573558648111332 0.025520833333333333 0.03479125248508946
0 0.23515625 0.3648111332007952 0.0109375 0.03180914512922465
0 0.6380208333333334 0.37375745526838966 0.025 0.041749502982107355
0 0.27369791666666665 0.35984095427435386 0.018229166666666668 0.013916500994035786
0 0.5143229166666666 0.36381709741550694 0.0140625 0.015904572564612324
0 0.8455729166666667 0.3797216699801193 0.030729166666666665 0.02982107355864811
0 0.7596354166666667 0.3802186878727634 0.015104166666666667 0.030815109343936383
0 0.6815104166666667 0.3941351888667992 0.019270833333333334 0.030815109343936383
0 0.5973958333333333 0.3991053677932406 0.0125 0.036779324055666
0 0.5700520833333333 0.3996023856858847 0.013020833333333334 0.03180914512922465
0 0.47578125 0.4100397614314115 0.0203125 0.032803180914512925
0 0.6200520833333333 0.4383697813121272 0.0171875 0.0437375745526839
0 0.59140625 0.4438369781312127 0.0171875 0.048707753479125246
0 0.6494791666666667 0.4428429423459245 0.008333333333333333 0.032803180914512925
0 0.52265625 0.44980119284294234 0.008854166666666666 0.04473161033797217
0 0.44114583333333335 0.4721669980119284 0.009375 0.03180914512922465
0 0.5770833333333333 0.47365805168986086 0.007291666666666667 0.02286282306163022
0 0.76640625 0.47962226640159045 0.015104166666666667 0.02882703777335984
0 0.48411458333333335 0.47962226640159045 0.011979166666666667 0.02485089463220676
0 0.9567708333333333 0.4855864811133201 0.0125 0.030815109343936383
0 0.5921875 0.48807157057654077 0.010416666666666666 0.02186878727634195
0 0.55234375 0.49105367793240556 0.0171875 0.017892644135188866
0 0.4596354166666667 0.5014910536779325 0.022395833333333334 0.0268389662027833
0 0.6552083333333333 0.5084493041749503 0.007291666666666667 0.018886679920477135
0 0.7513020833333334 0.5253479125248509 0.011979166666666667 0.040755467196819085
0 0.7338541666666667 0.5347912524850894 0.014583333333333334 0.02982107355864811
0 0.6604166666666667 0.5482107355864811 0.030208333333333334 0.03479125248508946
0 0.5997395833333333 0.5566600397614314 0.0171875 0.041749502982107355
0 0.58671875 0.5457256461232605 0.0067708333333333336 0.013916500994035786
0 0.7947916666666667 0.5576540755467196 0.028125 0.027833001988071572
0 0.37057291666666664 0.5651093439363817 0.015104166666666667 0.042743538767395624
0 0.6377604166666667 0.5621272365805169 0.0140625 0.014910536779324055
0 0.66796875 0.5740556660039762 0.019270833333333334 0.020874751491053677
0 0.7393229166666667 0.5929423459244533 0.005729166666666666 0.030815109343936383
0 0.5419270833333333 0.6018886679920478 0.0140625 0.03479125248508946
0 0.903125 0.6048707753479126 0.01875 0.036779324055666
0 0.18645833333333334 0.5969184890656064 0.009375 0.02286282306163022
0 0.16197916666666667 0.6058648111332008 0.013541666666666667 0.036779324055666
0 0.621875 0.5964214711729622 0.009375 0.013916500994035786
0 0.5080729166666667 0.6217693836978131 0.0140625 0.0268389662027833
0 0.5705729166666667 0.6491053677932406 0.011979166666666667 0.05168986083499006
0 0.7572916666666667 0.6496023856858847 0.015625 0.030815109343936383
0 0.7265625 0.6590457256461233 0.020833333333333332 0.03578528827037773
0 0.678125 0.6719681908548708 0.011458333333333333 0.0536779324055666
0 0.23854166666666668 0.6570576540755467 0.014583333333333334 0.02385685884691849
0 0.9088541666666666 0.6625248508946322 0.022916666666666665 0.0268389662027833
0 0.36953125 0.6734592445328031 0.008854166666666666 0.0268389662027833
0 0.16953125 0.6779324055666004 0.018229166666666668 0.02584493041749503
0 0.09817708333333333 0.6843936381709742 0.0171875 0.016898608349900597
0 0.76484375 0.6968190854870775 0.0078125 0.03777335984095427
0 0.8 0.6958250497017893 0.014583333333333334 0.019880715705765408
0 0.24270833333333333 0.6973161033797217 0.016666666666666666 0.02485089463220676
0 0.51484375 0.7112326043737575 0.011979166666666667 0.04671968190854871
0 0.38359375 0.7186878727634195 0.009895833333333333 0.019880715705765408
0 0.6984375 0.7191848906560636 0.0125 0.006958250497017893
0 0.8106770833333333 0.7430417495029821 0.0203125 0.02286282306163022
0 0.6765625 0.7673956262425448 0.025 0.04970178926441352
0 0.7190104166666667 0.7723658051689861 0.0265625 0.04771371769383698
0 0.70859375 0.7594433399602386 0.009895833333333333 0.02186878727634195
0 0.6916666666666667 0.7673956262425448 0.007291666666666667 0.017892644135188866
0 0.8065104166666667 0.7743538767395626 0.0078125 0.02584493041749503
0 0.8591145833333333 0.7818091451292246 0.021354166666666667 0.030815109343936383
0 0.5841145833333333 0.782803180914513 0.030729166666666665 0.02286282306163022
0 0.6380208333333334 0.7877733598409543 0.014583333333333334 0.030815109343936383
0 0.4171875 0.8190854870775348 0.009375 0.04970178926441352
0 0.8604166666666667 0.8255467196819085 0.015625 0.02882703777335984
0 0.11380208333333333 0.8280318091451292 0.011979166666666667 0.033797216699801194
0 0.52578125 0.8315109343936382 0.0171875 0.0268389662027833
0 0.6388020833333333 0.8434393638170974 0.019270833333333334 0.016898608349900597
0 0.5427083333333333 0.8513916500994035 0.021875 0.02882703777335984
0 0.7359375 0.8687872763419483 0.013541666666666667 0.03777335984095427
0 0.13880208333333333 0.8777335984095428 0.009895833333333333 0.019880715705765408
0 0.7247395833333333 0.8802186878727635 0.0078125 0.016898608349900597
0 0.8861979166666667 0.8966202783300199 0.016145833333333335 0.02584493041749503
0 0.7502604166666667 0.9055666003976143 0.025520833333333333 0.041749502982107355
0 0.7140625 0.9040755467196819 0.013541666666666667 0.030815109343936383
0 0.13359375 0.9020874751491054 0.0109375 0.02485089463220676
0 0.41953125 0.9095427435387674 0.018229166666666668 0.013916500994035786
0 0.6703125 0.9259443339960238 0.011458333333333333 0.04473161033797217
0 0.5575520833333333 0.9234592445328031 0.0067708333333333336 0.039761431411530816
0 0.31328125 0.9309145129224652 0.016145833333333335 0.0268389662027833
0 0.7604166666666666 0.9443339960238568 0.025 0.027833001988071572
0 0.8453125 0.9527833001988072 0.025 0.032803180914512925
0 0.4356770833333333 0.9607355864811133 0.008854166666666666 0.010934393638170975
0 0.6494791666666667 0.9691848906560636 0.01875 0.02186878727634195
0 0.53359375 0.9811133200795229 0.013020833333333334 0.03578528827037773
0 0.4903645833333333 0.9771371769383698 0.0109375 0.02186878727634195
0 0.8520833333333333 0.9940357852882704 0.011458333333333333 0.009940357852882704