0 0.18828125 0.022365805168986085 0.025520833333333333 0.04473161033797217
0 0.34348958333333335 0.006958250497017893 0.008854166666666666 0.013916500994035786
0 0.11458333333333333 0.01143141153081511 0.008333333333333333 0.016898608349900597
0 0.13645833333333332 0.07554671968190854 0.034375 0.041749502982107355
0 0.696875 0.0705765407554672 0.014583333333333334 0.015904572564612324
0 0.8526041666666667 0.09294234592445327 0.011458333333333333 0.042743538767395624
0 0.3203125 0.11232604373757456 0.025 0.06958250497017893
0 0.61328125 0.09840954274353876 0.030729166666666665 0.039761431411530816
0 0.11510416666666666 0.10139165009940358 0.008333333333333333 0.009940357852882704
0 0.35885416666666664 0.1058648111332008 0.017708333333333333 0.016898608349900597
0 0.0796875 0.11630218687872763 0.009375 0.019880715705765408
0 0.43385416666666665 0.13220675944333996 0.0125 0.03180914512922465
0 0.60625 0.13021868787276342 0.025 0.02186878727634195
0 0.05755208333333333 0.16053677932405566 0.015104166666666667 0.042743538767395624
0 0.1078125 0.16302186878727634 0.0125 0.02186878727634195
0 0.14739583333333334 0.18041749502982107 0.017708333333333333 0.040755467196819085
0 0.23984375 0.18687872763419483 0.013020833333333334 0.02186878727634195
0 0.24973958333333332 0.19532803180914513 0.0078125 0.014910536779324055
0 0.42473958333333334 0.21073558648111332 0.0067708333333333336 0.03180914512922465
0 0.33828125 0.20874751491053678 0.027604166666666666 0.02385685884691849
0 0.29583333333333334 0.20974155069582506 0.007291666666666667 0.013916500994035786
0 0.98359375 0.2191848906560636 0.0265625 0.032803180914512925
0 0.2877604166666667 0.22514910536779323 0.009895833333333333 0.02286282306163022
0 0.15182291666666667 0.23658051689860835 0.0140625 0.039761431411530816
0 0.9552083333333333 0.2360834990059642 0.011458333333333333 0.03479125248508946
0 0.20755208333333333 0.24353876739562624 0.0140625 0.039761431411530816
0 0.38385416666666666 0.24801192842942346 0.020833333333333332 0.03876739562624255
0 0.2598958333333333 0.24502982107355864 0.01875 0.02485089463220676
0 0.8697916666666666 0.268389662027833 0.015625 0.03578528827037773
0 0.29401041666666666 0.2907554671968191 0.0078125 0.03876739562624255
0 0.37395833333333334 0.28777335984095426 0.007291666666666667 0.030815109343936383
0 0.26510416666666664 0.32952286282306165 0.017708333333333333 0.05069582504970179
0 0.8919270833333334 0.32007952286282304 0.016145833333333335 0.02584493041749503
0 0.153125 0.36033797216699803 0.013541666666666667 0.02485089463220676
0 0.29791666666666666 0.3682902584493042 0.013541666666666667 0.042743538767395624
0 0.91875 0.37226640159045726 0.017708333333333333 0.03479125248508946
0 0.18567708333333333 0.3797216699801193 0.024479166666666666 0.033797216699801194
0 0.3138020833333333 0.37773359840954274 0.013020833333333334 0.019880715705765408
0 0.9916666666666667 0.38966202783300197 0.015625 0.039761431411530816
0 0.83671875 0.3991053677932406 0.011979166666666667 0.042743538767395624
0 0.24661458333333333 0.39214711729622265 0.0171875 0.016898608349900597
0 0.4669270833333333 0.39214711729622265 0.009895833333333333 0.014910536779324055
0 0.3015625 0.4269383697813121 0.029166666666666667 0.06461232604373758
0 0.7783854166666667 0.4095427435387674 0.0140625 0.02982107355864811
0 0.3958333333333333 0.41451292246520877 0.00625 0.03180914512922465
0 0.3455729166666667 0.40904572564612324 0.015104166666666667 0.016898608349900597
0 0.32135416666666666 0.41699801192842945 0.007291666666666667 0.010934393638170975
0 0.18880208333333334 0.4294234592445328 0.0296875 0.03180914512922465
0 0.27369791666666665 0.4363817097415507 0.008854166666666666 0.02982107355864811
0 0.21822916666666667 0.4517892644135189 0.009375 0.036779324055666
0 0.24166666666666667 0.4517892644135189 0.007291666666666667 0.030815109343936383
0 0.4984375 0.46073558648111335 0.004166666666666667 0.0268389662027833
0 0.32421875 0.46123260437375746 0.0078125 0.02385685884691849
0 0.30390625 0.4831013916500994 0.011979166666666667 0.017892644135188866
0 0.3265625 0.5079522862823062 0.020833333333333332 0.041749502982107355
0 0.43854166666666666 0.5054671968190855 0.009375 0.032803180914512925
0 0.5940104166666667 0.5034791252485089 0.008854166666666666 0.008946322067594433
0 0.09557291666666666 0.536779324055666 0.013020833333333334 0.03777335984095427
0 0.3419270833333333 0.5323061630218688 0.009895833333333333 0.02286282306163022
0 0.375 0.5506958250497018 0.01875 0.0536779324055666
0 0.21302083333333333 0.5571570576540755 0.021875 0.018886679920477135
0 0.6104166666666667 0.5710735586481114 0.010416666666666666 0.04473161033797217
0 0.33958333333333335 0.5795228628230616 0.03333333333333333 0.055666003976143144
0 0.45 0.5651093439363817 0.007291666666666667 0.018886679920477135
0 0.4869791666666667 0.5994035785288271 0.011458333333333333 0.011928429423459244
0 0.13072916666666667 0.6386679920477137 0.016666666666666666 0.05268389662027833
0 0.43203125 0.6317097415506958 0.011979166666666667 0.02882703777335984
0 0.3338541666666667 0.6312127236580517 0.015625 0.02186878727634195
0 0.36770833333333336 0.6312127236580517 0.010416666666666666 0.02186878727634195
0 0.41692708333333334 0.6451292246520874 0.005729166666666666 0.027833001988071572
0 0.3182291666666667 0.6496023856858847 0.013541666666666667 0.030815109343936383
0 0.22161458333333334 0.6754473161033797 0.011979166666666667 0.036779324055666
0 0.1453125 0.6933399602385686 0.009375 0.042743538767395624
0 0.3885416666666667 0.6963220675944334 0.017708333333333333 0.03876739562624255
0 0.6096354166666667 0.6923459244532804 0.015104166666666667 0.02286282306163022
0 0.25442708333333336 0.7067594433399602 0.009895833333333333 0.0437375745526839
0 0.4127604166666667 0.6928429423459245 0.0067708333333333336 0.015904572564612324
0 0.3028645833333333 0.6963220675944334 0.0171875 0.010934393638170975
0 0.27369791666666665 0.7281312127236581 0.022395833333333334 0.04671968190854871
0 0.5263020833333333 0.717196819085487 0.0171875 0.018886679920477135
0 0.18932291666666667 0.7291252485089463 0.0109375 0.040755467196819085
0 0.36822916666666666 0.7365805168986084 0.010416666666666666 0.03578528827037773
0 0.3497395833333333 0.7395626242544732 0.022395833333333334 0.033797216699801194
0 0.42291666666666666 0.7335984095427436 0.010416666666666666 0.015904572564612324
0 0.5190104166666667 0.7768389662027833 0.0109375 0.048707753479125246
0 0.40234375 0.782803180914513 0.025520833333333333 0.02882703777335984
0 0.3645833333333333 0.7798210735586482 0.017708333333333333 0.018886679920477135
0 0.7760416666666666 0.7837972166998012 0.017708333333333333 0.020874751491053677
0 0.015364583333333333 0.7837972166998012 0.005729166666666666 0.016898608349900597
0 0.31302083333333336 0.8006958250497018 0.005208333333333333 0.018886679920477135
0 0.4981770833333333 0.8026838966202783 0.0140625 0.018886679920477135
0 0.8450520833333334 0.7987077534791253 0.013020833333333334 0.010934393638170975
0 0.5885416666666666 0.8036779324055666 0.005208333333333333 0.012922465208747515
0 0.56015625 0.8195825049701789 0.009895833333333333 0.018886679920477135
0 0.5921875 0.8379721669980119 0.020833333333333332 0.03180914512922465
0 0.4088541666666667 0.852882703777336 0.013541666666666667 0.019880715705765408
0 0.15104166666666666 0.8966202783300199 0.028125 0.0636182902584493
0 0.21484375 0.8836978131212724 0.019270833333333334 0.02186878727634195
0 0.44479166666666664 0.8876739562624254 0.020833333333333332 0.02385685884691849
0 0.9096354166666667 0.8961232604373758 0.009895833333333333 0.012922465208747515
0 0.7627604166666667 0.9562624254473161 0.025520833333333333 0.02982107355864811
0 0.2140625 0.9726640159045725 0.016666666666666666 0.040755467196819085
0 0.8153645833333333 0.9875745526838966 0.0140625 0.02286282306163022