0 0.9059895833333333 0.005964214711729622 0.03697916666666667 0.011928429423459244
0 0.8421875 0.0054671968190854875 0.01875 0.010934393638170975
0 0.803125 0.01441351888667992 0.021875 0.02882703777335984
0 0.6841145833333333 0.0034791252485089465 0.030729166666666665 0.006958250497017893
0 0.403125 0.0044731610337972166 0.015625 0.008946322067594433
0 0.36666666666666664 0.009443339960238568 0.021875 0.018886679920477135
0 0.34479166666666666 0.008946322067594433 0.016666666666666666 0.017892644135188866
0 0.30963541666666666 0.01143141153081511 0.0296875 0.02286282306163022
0 0.28151041666666665 0.003976143141153081 0.0203125 0.007952286282306162
0 0.25442708333333336 0.015904572564612324 0.027604166666666666 0.03180914512922465
0 0.4510416666666667 0.01341948310139165 0.010416666666666666 0.016898608349900597
0 0.2916666666666667 0.030815109343936383 0.030208333333333334 0.027833001988071572
0 0.8481770833333333 0.033797216699801194 0.009895833333333333 0.027833001988071572
0 0.81796875 0.039761431411530816 0.009895833333333333 0.03578528827037773
0 0.3578125 0.04224652087475149 0.019791666666666666 0.040755467196819085
0 0.93828125 0.04025844930417495 0.015104166666666667 0.030815109343936383
0 0.9171875 0.03578528827037773 0.007291666666666667 0.017892644135188866
0 0.21953125 0.05815109343936382 0.0203125 0.0268389662027833
0 0.7049479166666667 0.07604373757455268 0.021354166666666667 0.04671968190854871
0 0.6875 0.06958250497017893 0.014583333333333334 0.02385685884691849
0 0.40963541666666664 0.0705765407554672 0.013020833333333334 0.02385685884691849
0 0.8122395833333333 0.07554671968190854 0.008854166666666666 0.027833001988071572
0 0.2328125 0.07803180914512922 0.011458333333333333 0.02485089463220676
0 0.3020833333333333 0.091948310139165 0.009375 0.04473161033797217
0 0.7955729166666666 0.09095427435387674 0.0140625 0.018886679920477135
0 0.82421875 0.09940357852882704 0.016145833333333335 0.02982107355864811
0 0.9651041666666667 0.11928429423459244 0.019791666666666666 0.02982107355864811
0 0.19765625 0.1466202783300199 0.022395833333333334 0.0705765407554672
0 0.7333333333333333 0.12972166998011928 0.00625 0.020874751491053677
0 0.47890625 0.1242544731610338 0.008854166666666666 0.011928429423459244
0 0.9580729166666667 0.14612326043737575 0.009895833333333333 0.02385685884691849
0 0.8528645833333334 0.1481113320079523 0.013020833333333334 0.02584493041749503
0 0.971875 0.1441351888667992 0.0125 0.015904572564612324
0 0.9197916666666667 0.1555666003976143 0.040625 0.032803180914512925
0 0.8236979166666667 0.15208747514910537 0.009895833333333333 0.019880715705765408
0 0.17708333333333334 0.1610337972166998 0.011458333333333333 0.02385685884691849
0 0.16458333333333333 0.17196819085487078 0.009375 0.02584493041749503
0 0.9755208333333333 0.1779324055666004 0.017708333333333333 0.02584493041749503
0 0.8455729166666667 0.1848906560636183 0.030729166666666665 0.02982107355864811
0 0.18619791666666666 0.18190854870775347 0.0109375 0.02385685884691849
0 0.9526041666666667 0.19831013916500995 0.008333333333333333 0.016898608349900597
0 0.8807291666666667 0.20377733598409542 0.007291666666666667 0.011928429423459244
0 0.5958333333333333 0.21123260437375746 0.011458333333333333 0.016898608349900597
0 0.9671875 0.23757455268389663 0.010416666666666666 0.02385685884691849
0 0.10260416666666666 0.25347912524850896 0.009375 0.02385685884691849
0 0.14921875 0.25695825049701787 0.013020833333333334 0.016898608349900597
0 0.9921875 0.2778330019880716 0.015625 0.05467196819085487
0 0.9729166666666667 0.25646123260437376 0.0125 0.007952286282306162
0 0.9604166666666667 0.26043737574552683 0.0125 0.017892644135188866
0 0.9861979166666667 0.2624254473161034 0.009895833333333333 0.017892644135188866
0 0.96015625 0.2828031809145129 0.021354166666666667 0.02485089463220676
0 0.06640625 0.2957256461232604 0.011979166666666667 0.018886679920477135
0 0.946875 0.3076540755467197 0.00625 0.018886679920477135
0 0.9973958333333334 0.36182902584493043 0.005208333333333333 0.027833001988071572
0 0.99140625 0.378727634194831 0.011979166666666667 0.017892644135188866
0 0.9765625 0.3797216699801193 0.010416666666666666 0.015904572564612324
0 0.98046875 0.43489065606361826 0.009895833333333333 0.020874751491053677
0 0.9997395833333333 0.687375745526839 0.0005208333333333333 0.05467196819085487