0 0.7692708333333333 0.008449304174950299 0.021875 0.016898608349900597
0 0.8291666666666667 0.005964214711729622 0.019791666666666666 0.011928429423459244
0 0.92109375 0.010437375745526839 0.0140625 0.020874751491053677
0 0.9692708333333333 0.009443339960238568 0.009375 0.018886679920477135
0 0.9872395833333333 0.01739562624254473 0.024479166666666666 0.03479125248508946
0 0.0049479166666666664 0.021371769383697812 0.009895833333333333 0.032803180914512925
0 0.6708333333333333 0.02385685884691849 0.00625 0.011928429423459244
0 0.62109375 0.04473161033797217 0.0109375 0.019880715705765408
0 0.7143229166666667 0.04622266401590457 0.019270833333333334 0.02286282306163022
0 0.946875 0.08399602385685885 0.009375 0.030815109343936383
0 0.8671875 0.08797216699801193 0.014583333333333334 0.018886679920477135
0 0.050520833333333334 0.11878727634194831 0.013541666666666667 0.020874751491053677
0 0.3729166666666667 0.11679920477137178 0.010416666666666666 0.010934393638170975
0 0.9955729166666667 0.12872763419483102 0.0078125 0.0268389662027833
0 0.7135416666666666 0.1272365805168986 0.0125 0.019880715705765408
0 0.6067708333333334 0.15308151093439365 0.010416666666666666 0.02982107355864811
0 0.95078125 0.15357852882703776 0.025520833333333333 0.02286282306163022
0 0.3575520833333333 0.17147117296222664 0.016145833333333335 0.02882703777335984
0 0.9713541666666666 0.17246520874751492 0.016666666666666666 0.020874751491053677
0 0.7700520833333333 0.1709741550695825 0.013020833333333334 0.011928429423459244
0 0.10182291666666667 0.21968190854870775 0.0067708333333333336 0.011928429423459244
0 0.6260416666666667 0.2216699801192843 0.015625 0.015904572564612324
0 0.9591145833333333 0.22514910536779323 0.016145833333333335 0.018886679920477135
0 0.09635416666666667 0.24254473161033796 0.0125 0.013916500994035786
0 0.7098958333333333 0.2544731610337972 0.00625 0.015904572564612324
0 0.8177083333333334 0.2678926441351889 0.0125 0.012922465208747515
0 0.5986979166666667 0.2897614314115308 0.009895833333333333 0.012922465208747515
0 0.8333333333333334 0.2982107355864811 0.009375 0.02385685884691849
0 0.7661458333333333 0.3230616302186879 0.015625 0.015904572564612324
0 0.9354166666666667 0.33151093439363816 0.013541666666666667 0.02882703777335984
0 0.60078125 0.3518886679920477 0.019270833333333334 0.02186878727634195
0 0.8596354166666667 0.38817097415506957 0.021354166666666667 0.02485089463220676
0 0.8390625 0.3991053677932406 0.010416666666666666 0.016898608349900597
0 0.78671875 0.40407554671968193 0.0067708333333333336 0.02286282306163022
0 0.6606770833333333 0.4105367793240557 0.0067708333333333336 0.027833001988071572
0 0.9778645833333334 0.41600397614314116 0.0140625 0.032803180914512925
0 0.57734375 0.4125248508946322 0.009895833333333333 0.015904572564612324
0 0.9299479166666667 0.4433399602385686 0.013020833333333334 0.02385685884691849
0 0.8072916666666666 0.4537773359840954 0.007291666666666667 0.012922465208747515
0 0.8552083333333333 0.4587475149105368 0.008333333333333333 0.02485089463220676
0 0.7479166666666667 0.46421471172962225 0.007291666666666667 0.02186878727634195
0 0.9958333333333333 0.47365805168986086 0.007291666666666667 0.040755467196819085
0 0.9432291666666667 0.4691848906560636 0.009375 0.02982107355864811
0 0.7630208333333334 0.47564612326043737 0.007291666666666667 0.02882703777335984
0 0.88046875 0.4711729622266402 0.0140625 0.02186878727634195
0 0.8049479166666667 0.4870775347912525 0.03177083333333333 0.041749502982107355
0 0.7747395833333334 0.4845924453280318 0.0109375 0.02485089463220676
0 0.7375 0.49105367793240556 0.016666666666666666 0.03180914512922465
0 0.9338541666666667 0.4915506958250497 0.008333333333333333 0.02882703777335984
0 0.9635416666666666 0.4865805168986084 0.010416666666666666 0.020874751491053677
0 0.6385416666666667 0.5084493041749503 0.007291666666666667 0.0268389662027833
0 0.25416666666666665 0.5119284294234593 0.015625 0.011928429423459244
0 0.40286458333333336 0.5318091451292246 0.0067708333333333336 0.011928429423459244
0 0.9442708333333333 0.5561630218687873 0.013541666666666667 0.018886679920477135
0 0.9057291666666667 0.5651093439363817 0.009375 0.03479125248508946
0 0.734375 0.5571570576540755 0.0125 0.012922465208747515
0 0.8322916666666667 0.5641153081510935 0.010416666666666666 0.02485089463220676
0 0.5510416666666667 0.5805168986083499 0.011458333333333333 0.02982107355864811
0 0.6158854166666666 0.6033797216699801 0.009895833333333333 0.015904572564612324
0 0.71484375 0.6048707753479126 0.011979166666666667 0.018886679920477135
0 0.9885416666666667 0.6207753479125249 0.0125 0.042743538767395624
0 0.75703125 0.6118290258449304 0.008854166666666666 0.020874751491053677
0 0.9221354166666667 0.6202783300198808 0.008854166666666666 0.02982107355864811
0 0.78125 0.6774353876739563 0.016666666666666666 0.016898608349900597
0 0.9223958333333333 0.6824055666003976 0.008333333333333333 0.0268389662027833
0 0.703125 0.6824055666003976 0.008333333333333333 0.010934393638170975
0 0.81640625 0.68389662027833 0.0140625 0.009940357852882704
0 0.7716145833333333 0.7032803180914513 0.015104166666666667 0.040755467196819085
0 0.6169270833333333 0.7206759443339961 0.0067708333333333336 0.02982107355864811
0 0.9544270833333334 0.7211729622266402 0.015104166666666667 0.02485089463220676
0 0.6651041666666667 0.7286282306163022 0.015625 0.015904572564612324
0 0.7518229166666667 0.7465208747514911 0.0109375 0.017892644135188866
0 0.0984375 0.7668986083499006 0.016666666666666666 0.040755467196819085
0 0.6315104166666666 0.7763419483101391 0.0140625 0.013916500994035786
0 0.6734375 0.797713717693837 0.026041666666666668 0.042743538767395624
0 0.8044270833333333 0.8071570576540755 0.0203125 0.03180914512922465
0 0.3385416666666667 0.7997017892644135 0.0125 0.012922465208747515
0 0.5890625 0.8121272365805169 0.009375 0.027833001988071572
0 0.50859375 0.845427435387674 0.016145833333333335 0.04473161033797217
0 0.5640625 0.8404572564612326 0.005208333333333333 0.020874751491053677
0 0.7611979166666667 0.8563618290258449 0.011979166666666667 0.0268389662027833
0 0.5544270833333333 0.8742544731610338 0.005729166666666666 0.03479125248508946
0 0.2682291666666667 0.8692842942345924 0.010416666666666666 0.018886679920477135
0 0.8372395833333334 0.8742544731610338 0.011979166666666667 0.020874751491053677
0 0.1265625 0.8841948310139165 0.015625 0.0268389662027833
0 0.7921875 0.8916500994035785 0.010416666666666666 0.02982107355864811
0 0.0859375 0.8906560636182903 0.0125 0.013916500994035786
0 0.9328125 0.9100397614314115 0.0125 0.02485089463220676
0 0.6596354166666667 0.9165009940357853 0.022395833333333334 0.027833001988071572
0 0.7375 0.9085487077534792 0.013541666666666667 0.013916500994035786
0 0.5583333333333333 0.9274353876739563 0.004166666666666667 0.02584493041749503
0 0.78125 0.9214711729622267 0.013541666666666667 0.015904572564612324
0 0.5901041666666667 0.9428429423459245 0.021875 0.02485089463220676
0 0.9463541666666667 0.9507952286282306 0.009375 0.036779324055666
0 0.5520833333333334 0.9512922465208747 0.011458333333333333 0.03578528827037773
0 0.56484375 0.9562624254473161 0.005729166666666666 0.02186878727634195
0 0.6559895833333333 0.9607355864811133 0.0036458333333333334 0.02882703777335984
0 0.7263020833333333 0.9552683896620279 0.0109375 0.015904572564612324
0 0.6799479166666667 0.9627236580516899 0.009895833333333333 0.0268389662027833
0 0.7419270833333333 0.9731610337972167 0.011979166666666667 0.041749502982107355
0 0.7671875 0.9696819085487077 0.017708333333333333 0.02485089463220676
0 0.9924479166666667 0.9746520874751491 0.0140625 0.032803180914512925
0 0.465625 0.9701789264413518 0.0125 0.015904572564612324
0 0.5786458333333333 0.9691848906560636 0.00625 0.015904572564612324
0 0.71953125 0.974155069582505 0.018229166666666668 0.02584493041749503
0 0.6984375 0.9796222664015904 0.007291666666666667 0.030815109343936383
0 0.5252604166666667 0.9721669980119284 0.009895833333333333 0.011928429423459244
0 0.6682291666666667 0.9840954274353877 0.00625 0.02385685884691849
0 0.7791666666666667 0.9915506958250497 0.028125 0.014910536779324055
0 0.5455729166666666 0.9945328031809145 0.015104166666666667 0.008946322067594433
0 0.709375 0.9940357852882704 0.013541666666666667 0.009940357852882704