0 0.9671875 0.023359840954274354 0.008333333333333333 0.030815109343936383
0 0.7140625 0.020377733598409543 0.013541666666666667 0.016898608349900597
0 0.2513020833333333 0.08200795228628231 0.022395833333333334 0.018886679920477135
0 0.5145833333333333 0.10089463220675944 0.010416666666666666 0.02882703777335984
0 0.5817708333333333 0.1317097415506958 0.011458333333333333 0.02882703777335984
0 0.55703125 0.1540755467196819 0.013020833333333334 0.05168986083499006
0 0.7859375 0.1550695825049702 0.016666666666666666 0.033797216699801194
0 0.30859375 0.18886679920477137 0.0171875 0.019880715705765408
0 0.16354166666666667 0.2271371769383698 0.00625 0.02485089463220676
0 0.27005208333333336 0.2430417495029821 0.016145833333333335 0.042743538767395624
0 0.8924479166666667 0.33399602385685884 0.0078125 0.03777335984095427
0 0.8729166666666667 0.3334990059642147 0.017708333333333333 0.014910536779324055
0 0.39375 0.3503976143141153 0.016666666666666666 0.042743538767395624
0 0.19166666666666668 0.34642147117296224 0.011458333333333333 0.02286282306163022
0 0.22942708333333334 0.34840954274353875 0.009895833333333333 0.02286282306163022
0 0.6638020833333333 0.3687872763419483 0.0078125 0.02385685884691849
0 0.47265625 0.3658051689860835 0.0109375 0.011928429423459244
0 0.48984375 0.3757455268389662 0.015104166666666667 0.027833001988071572
0 0.7119791666666667 0.4125248508946322 0.014583333333333334 0.027833001988071572
0 0.5768229166666666 0.42047713717693835 0.019270833333333334 0.0437375745526839
0 0.6328125 0.40606361829025844 0.0125 0.006958250497017893
0 0.7505208333333333 0.4165009940357853 0.005208333333333333 0.02186878727634195
0 0.35494791666666664 0.4463220675944334 0.005729166666666666 0.02385685884691849
0 0.6046875 0.46322067594433397 0.017708333333333333 0.02385685884691849
0 0.8072916666666666 0.4716699801192843 0.009375 0.0268389662027833
0 0.44869791666666664 0.474155069582505 0.0046875 0.02982107355864811
0 0.5036458333333333 0.47514910536779326 0.016666666666666666 0.013916500994035786
0 0.7526041666666666 0.48807157057654077 0.013541666666666667 0.02982107355864811
0 0.9151041666666667 0.48807157057654077 0.013541666666666667 0.027833001988071572
0 0.5815104166666667 0.5004970178926441 0.016145833333333335 0.03876739562624255
0 0.81484375 0.5 0.008854166666666666 0.033797216699801194
0 0.9390625 0.5059642147117296 0.020833333333333332 0.017892644135188866
0 0.36223958333333334 0.5422465208747514 0.008854166666666666 0.02485089463220676
0 0.8200520833333333 0.558648111332008 0.013020833333333334 0.02186878727634195
0 0.7041666666666667 0.5760437375745527 0.008333333333333333 0.032803180914512925
0 0.3770833333333333 0.570079522862823 0.020833333333333332 0.016898608349900597
0 0.50859375 0.5790258449304175 0.015104166666666667 0.016898608349900597
0 0.71953125 0.5834990059642147 0.022395833333333334 0.02385685884691849
0 0.5265625 0.5989065606361829 0.00625 0.030815109343936383
0 0.36822916666666666 0.5969184890656064 0.015625 0.0268389662027833
0 0.5083333333333333 0.6013916500994035 0.014583333333333334 0.011928429423459244
0 0.8299479166666667 0.6123260437375746 0.0171875 0.009940357852882704
0 0.5627604166666667 0.6282306163021869 0.011979166666666667 0.033797216699801194
0 0.9627604166666667 0.6242544731610338 0.019270833333333334 0.019880715705765408
0 0.8020833333333334 0.6381709741550696 0.014583333333333334 0.02385685884691849
0 0.7192708333333333 0.6491053677932406 0.014583333333333334 0.0437375745526839
0 0.540625 0.647117296222664 0.011458333333333333 0.02186878727634195
0 0.4908854166666667 0.654572564612326 0.0140625 0.03479125248508946
0 0.5559895833333334 0.6585487077534792 0.018229166666666668 0.012922465208747515
0 0.5356770833333333 0.6669980119284294 0.0067708333333333336 0.027833001988071572
0 0.16432291666666668 0.6709741550695825 0.015104166666666667 0.033797216699801194
0 0.7028645833333333 0.6938369781312127 0.005729166666666666 0.02982107355864811
0 0.8791666666666667 0.6928429423459245 0.016666666666666666 0.013916500994035786
0 0.99140625 0.7216699801192843 0.0078125 0.017892644135188866
0 0.6515625 0.7191848906560636 0.015625 0.008946322067594433
0 0.6453125 0.7385685884691849 0.017708333333333333 0.011928429423459244
0 0.43984375 0.7718687872763419 0.011979166666666667 0.04473161033797217
0 0.6434895833333333 0.7723658051689861 0.013020833333333334 0.017892644135188866
0 0.8770833333333333 0.8061630218687873 0.016666666666666666 0.039761431411530816
0 0.5856770833333333 0.8136182902584493 0.0140625 0.032803180914512925
0 0.6739583333333333 0.8061630218687873 0.014583333333333334 0.015904572564612324
0 0.8096354166666667 0.8141153081510935 0.013020833333333334 0.027833001988071572
0 0.9927083333333333 0.8195825049701789 0.014583333333333334 0.02286282306163022
0 0.8260416666666667 0.8354870775347912 0.01875 0.030815109343936383
0 0.6674479166666667 0.8394632206759444 0.015104166666666667 0.03876739562624255
0 0.18463541666666666 0.838469184890656 0.013020833333333334 0.02882703777335984
0 0.6434895833333333 0.8538767395626242 0.0109375 0.039761431411530816
0 0.9807291666666667 0.8464214711729622 0.010416666666666666 0.018886679920477135
0 0.5875 0.8513916500994035 0.014583333333333334 0.014910536779324055
0 0.5216145833333333 0.8593439363817097 0.0078125 0.030815109343936383
0 0.5877604166666667 0.8876739562624254 0.008854166666666666 0.03777335984095427
0 0.8953125 0.8832007952286283 0.010416666666666666 0.014910536779324055
0 0.7244791666666667 0.8956262425447317 0.015625 0.027833001988071572
0 0.6450520833333333 0.9150099403578529 0.008854166666666666 0.048707753479125246
0 0.6502604166666667 0.9751491053677932 0.0265625 0.04771371769383698
0 0.037760416666666664 0.9940357852882704 0.009895833333333333 0.009940357852882704