0 0.012239583333333333 0.007952286282306162 0.008854166666666666 0.015904572564612324
0 0.24739583333333334 0.007952286282306162 0.007291666666666667 0.015904572564612324
0 0.27395833333333336 0.012922465208747515 0.01875 0.02584493041749503
0 0.2916666666666667 0.014910536779324055 0.009375 0.02982107355864811
0 0.3359375 0.007455268389662028 0.013541666666666667 0.014910536779324055
0 0.39348958333333334 0.01739562624254473 0.0265625 0.03479125248508946
0 0.53046875 0.02286282306163022 0.008854166666666666 0.04572564612326044
0 0.78828125 0.005964214711729622 0.013020833333333334 0.011928429423459244
0 0.8947916666666667 0.009443339960238568 0.03229166666666667 0.018886679920477135
0 0.9341145833333333 0.011928429423459244 0.022395833333333334 0.02385685884691849
0 0.7450520833333333 0.026341948310139165 0.015104166666666667 0.04671968190854871
0 0.6354166666666666 0.027335984095427434 0.014583333333333334 0.03479125248508946
0 0.48020833333333335 0.02882703777335984 0.016666666666666666 0.033797216699801194
0 0.3184895833333333 0.04125248508946322 0.015104166666666667 0.05467196819085487
0 0.60859375 0.02485089463220676 0.0171875 0.02385685884691849
0 0.3609375 0.031312127236580514 0.014583333333333334 0.030815109343936383
0 0.6541666666666667 0.028330019880715707 0.010416666666666666 0.02286282306163022
0 0.5109375 0.05467196819085487 0.01875 0.05964214711729622
0 0.39869791666666665 0.04572564612326044 0.0140625 0.015904572564612324
0 0.38359375 0.05616302186878728 0.005729166666666666 0.0268389662027833
0 0.6755208333333333 0.05168986083499006 0.005208333333333333 0.017892644135188866
0 0.8666666666666667 0.05964214711729622 0.014583333333333334 0.033797216699801194
0 0.5580729166666667 0.06411530815109344 0.008854166666666666 0.03876739562624255
0 0.884375 0.0720675944333996 0.021875 0.05069582504970179
0 0.9270833333333334 0.05417495029821073 0.009375 0.012922465208747515
0 0.30052083333333335 0.06411530815109344 0.009375 0.030815109343936383
0 0.5010416666666667 0.05864811133200795 0.015625 0.015904572564612324
0 0.57109375 0.06461232604373758 0.009895833333333333 0.027833001988071572
0 0.21067708333333332 0.07703777335984095 0.033854166666666664 0.048707753479125246
0 0.6192708333333333 0.06908548707753479 0.014583333333333334 0.020874751491053677
0 0.6947916666666667 0.08548707753479125 0.011458333333333333 0.039761431411530816
0 0.9559895833333333 0.07405566600397614 0.008854166666666666 0.016898608349900597
0 0.06770833333333333 0.09691848906560636 0.019791666666666666 0.04473161033797217
0 0.41432291666666665 0.08300198807157058 0.018229166666666668 0.014910536779324055
0 0.6401041666666667 0.08996023856858847 0.014583333333333334 0.02485089463220676
0 0.909375 0.09393638170974156 0.009375 0.03479125248508946
0 0.3770833333333333 0.09741550695825049 0.005208333333333333 0.03180914512922465
0 0.39010416666666664 0.10089463220675944 0.016666666666666666 0.036779324055666
0 0.7130208333333333 0.10387673956262425 0.017708333333333333 0.036779324055666
0 0.9557291666666666 0.10188866799204771 0.028125 0.030815109343936383
0 0.5794270833333334 0.10834990059642147 0.0203125 0.03777335984095427
0 0.27447916666666666 0.10437375745526839 0.016666666666666666 0.027833001988071572
0 0.47109375 0.09741550695825049 0.009895833333333333 0.013916500994035786
0 0.61640625 0.10487077534791253 0.0109375 0.02882703777335984
0 0.20833333333333334 0.10139165009940358 0.015625 0.017892644135188866
0 0.4075520833333333 0.10785288270377734 0.0078125 0.02485089463220676
0 0.6588541666666666 0.1143141153081511 0.017708333333333333 0.03180914512922465
0 0.7864583333333334 0.11878727634194831 0.014583333333333334 0.036779324055666
0 0.54296875 0.11679920477137178 0.0078125 0.020874751491053677
0 0.4234375 0.12823061630218688 0.0125 0.03777335984095427
0 0.45989583333333334 0.12276341948310139 0.0125 0.0268389662027833
0 0.63125 0.13320079522862824 0.014583333333333334 0.04970178926441352
0 0.3151041666666667 0.12375745526838966 0.015625 0.02286282306163022
0 0.17265625 0.12872763419483102 0.019270833333333334 0.020874751491053677
0 0.3768229166666667 0.14463220675944333 0.016145833333333335 0.05069582504970179
0 0.21197916666666666 0.13518886679920478 0.01875 0.015904572564612324
0 0.5463541666666667 0.147117296222664 0.016666666666666666 0.041749502982107355
0 0.08046875 0.15059642147117297 0.025520833333333333 0.03876739562624255
0 0.35963541666666665 0.14910536779324055 0.013020833333333334 0.03777335984095427
0 0.77265625 0.14463220675944333 0.0171875 0.02286282306163022
0 0.27291666666666664 0.1496023856858847 0.022916666666666665 0.030815109343936383
0 0.8940104166666667 0.14910536779324055 0.0296875 0.027833001988071572
0 0.32369791666666664 0.16650099403578528 0.0067708333333333336 0.0268389662027833
0 0.7059895833333333 0.1824055666003976 0.009895833333333333 0.03876739562624255
0 0.07760416666666667 0.1779324055666004 0.007291666666666667 0.02186878727634195
0 0.39453125 0.18041749502982107 0.016145833333333335 0.02882703777335984
0 0.46171875 0.19284294234592445 0.008854166666666666 0.03578528827037773
0 0.33932291666666664 0.1988071570576541 0.025520833333333333 0.0437375745526839
0 0.25885416666666666 0.21073558648111332 0.0125 0.03180914512922465
0 0.9044270833333333 0.22117296222664015 0.0140625 0.042743538767395624
0 0.84296875 0.22962226640159045 0.0265625 0.055666003976143144
0 0.19088541666666667 0.21520874751491054 0.018229166666666668 0.018886679920477135
0 0.38515625 0.21769383697813122 0.025520833333333333 0.02385685884691849
0 0.41848958333333336 0.21719681908548708 0.009895833333333333 0.018886679920477135
0 0.34088541666666666 0.22465208747514911 0.0046875 0.027833001988071572
0 0.8166666666666667 0.21819085487077536 0.007291666666666667 0.012922465208747515
0 0.05677083333333333 0.22216699801192843 0.010416666666666666 0.016898608349900597
0 0.21302083333333333 0.22912524850894633 0.019791666666666666 0.02286282306163022
0 0.31536458333333334 0.2345924453280318 0.019270833333333334 0.02982107355864811
0 0.24791666666666667 0.23409542743538767 0.007291666666666667 0.02485089463220676
0 0.82734375 0.2485089463220676 0.009895833333333333 0.041749502982107355
0 0.4513020833333333 0.25497017892644136 0.008854166666666666 0.05069582504970179
0 0.33307291666666666 0.24701789264413518 0.0067708333333333336 0.020874751491053677
0 0.06041666666666667 0.2629224652087475 0.022916666666666665 0.04671968190854871
0 0.7119791666666667 0.25596421471172964 0.022916666666666665 0.032803180914512925
0 0.5395833333333333 0.2544731610337972 0.01875 0.02584493041749503
0 0.31328125 0.2629224652087475 0.008854166666666666 0.012922465208747515
0 0.22083333333333333 0.27286282306163023 0.016666666666666666 0.02882703777335984
0 0.29192708333333334 0.27236580516898606 0.0234375 0.02982107355864811
0 0.71875 0.29174950298210733 0.009375 0.04473161033797217
0 0.3111979166666667 0.2803180914512923 0.016145833333333335 0.011928429423459244
0 0.008333333333333333 0.28677932405566603 0.016666666666666666 0.02286282306163022
0 0.9184895833333333 0.2947316103379722 0.0234375 0.03479125248508946
0 0.9932291666666667 0.297713717693837 0.0125 0.040755467196819085
0 0.02734375 0.28578528827037775 0.0140625 0.012922465208747515
0 0.34140625 0.30019880715705766 0.028645833333333332 0.02584493041749503
0 0.14583333333333334 0.3101391650099404 0.01875 0.027833001988071572
0 0.5765625 0.30417495029821073 0.015625 0.015904572564612324
0 0.246875 0.3136182902584493 0.019791666666666666 0.02485089463220676
0 0.37161458333333336 0.3215705765407555 0.011979166666666667 0.03876739562624255
0 0.13203125 0.32852882703777336 0.008854166666666666 0.036779324055666
0 0.29348958333333336 0.32952286282306165 0.0203125 0.03479125248508946
0 0.0020833333333333333 0.3245526838966203 0.004166666666666667 0.020874751491053677
0 0.7697916666666667 0.34343936381709744 0.015625 0.05268389662027833
0 0.18984375 0.3275347912524851 0.008854166666666666 0.016898608349900597
0 0.8526041666666667 0.32803180914512925 0.0125 0.015904572564612324
0 0.0484375 0.3320079522862823 0.0125 0.02186878727634195
0 0.17395833333333333 0.34642147117296224 0.0125 0.04473161033797217
0 0.9174479166666667 0.34691848906560635 0.0203125 0.04771371769383698
0 0.14661458333333333 0.3429423459244533 0.0140625 0.03578528827037773
0 0.3098958333333333 0.34642147117296224 0.011458333333333333 0.030815109343936383
0 0.19036458333333334 0.3573558648111332 0.0140625 0.0268389662027833
0 0.7760416666666666 0.37375745526838966 0.03229166666666667 0.055666003976143144
0 0.28046875 0.3717693836978131 0.025520833333333333 0.04771371769383698
0 0.334375 0.36779324055666 0.008333333333333333 0.03777335984095427
0 0.3723958333333333 0.3667992047713718 0.005208333333333333 0.033797216699801194
0 0.6877604166666667 0.3667992047713718 0.0067708333333333336 0.03578528827037773
0 0.5463541666666667 0.3717693836978131 0.0125 0.041749502982107355
0 0.2109375 0.36530815109343934 0.020833333333333332 0.02485089463220676
0 0.0109375 0.3697813121272366 0.015625 0.019880715705765408
0 0.415625 0.37077534791252487 0.007291666666666667 0.011928429423459244
0 0.6057291666666667 0.3717693836978131 0.00625 0.011928429423459244
0 0.61875 0.37773359840954274 0.0125 0.015904572564612324
0 0.8822916666666667 0.38220675944334 0.014583333333333334 0.016898608349900597
0 0.93828125 0.38817097415506957 0.0140625 0.02882703777335984
0 0.25807291666666665 0.38767395626242546 0.011979166666666667 0.017892644135188866
0 0.43802083333333336 0.38767395626242546 0.00625 0.013916500994035786
0 0.50703125 0.397117296222664 0.0203125 0.018886679920477135
0 0.8630208333333333 0.40904572564612324 0.014583333333333334 0.042743538767395624
0 0.24479166666666666 0.3976143141153082 0.008333333333333333 0.017892644135188866
0 0.82890625 0.40904572564612324 0.011979166666666667 0.040755467196819085
0 0.47578125 0.40556660039761433 0.0078125 0.019880715705765408
0 0.6734375 0.4070576540755467 0.019791666666666666 0.018886679920477135
0 0.17942708333333332 0.41302186878727637 0.0109375 0.02882703777335984
0 0.53125 0.408051689860835 0.008333333333333333 0.014910536779324055
0 0.12552083333333333 0.4135188866799205 0.019791666666666666 0.02186878727634195
0 0.265625 0.4095427435387674 0.0125 0.009940357852882704
0 0.3455729166666667 0.4179920477137177 0.0171875 0.02485089463220676
0 0.75546875 0.4304174950298211 0.021354166666666667 0.05168986083499006
0 0.6046875 0.4234592445328032 0.010416666666666666 0.011928429423459244
0 0.10911458333333333 0.4304174950298211 0.0109375 0.02186878727634195
0 0.928125 0.4403578528827038 0.016666666666666666 0.041749502982107355
0 0.24192708333333332 0.4254473161033797 0.013020833333333334 0.009940357852882704
0 0.7721354166666666 0.44731610337972166 0.0203125 0.05168986083499006
0 0.7286458333333333 0.44930417495029823 0.015625 0.05168986083499006
0 0.27265625 0.43240556660039764 0.021354166666666667 0.013916500994035786
0 0.8026041666666667 0.43141153081510936 0.016666666666666666 0.013916500994035786
0 0.59140625 0.43538767395626243 0.0109375 0.015904572564612324
0 0.7049479166666667 0.4517892644135189 0.0109375 0.04473161033797217
0 0.68359375 0.43737574552683894 0.018229166666666668 0.013916500994035786
0 0.03125 0.4507952286282306 0.016666666666666666 0.02882703777335984
0 0.953125 0.4532803180914513 0.016666666666666666 0.027833001988071572
0 0.24505208333333334 0.4567594433399602 0.019270833333333334 0.032803180914512925
0 0.4671875 0.4592445328031809 0.010416666666666666 0.02982107355864811
0 0.28125 0.4567594433399602 0.007291666666666667 0.020874751491053677
0 0.5536458333333333 0.4801192842942346 0.008333333333333333 0.0437375745526839
0 0.27630208333333334 0.47912524850894633 0.005729166666666666 0.013916500994035786
0 0.31197916666666664 0.48111332007952284 0.017708333333333333 0.017892644135188866
0 0.9403645833333333 0.4960238568588469 0.018229166666666668 0.0437375745526839
0 0.7981770833333334 0.49652087475149104 0.016145833333333335 0.03876739562624255
0 0.5005208333333333 0.4865805168986084 0.007291666666666667 0.014910536779324055
0 0.7541666666666667 0.5069582504970179 0.020833333333333332 0.039761431411530816
0 0.30052083333333335 0.510934393638171 0.020833333333333332 0.02385685884691849
0 0.35963541666666665 0.5159045725646123 0.013020833333333334 0.033797216699801194
0 0.6958333333333333 0.5119284294234593 0.026041666666666668 0.02584493041749503
0 0.9005208333333333 0.518389662027833 0.010416666666666666 0.036779324055666
0 0.010677083333333334 0.5119284294234593 0.021354166666666667 0.013916500994035786
0 0.3796875 0.5323061630218688 0.020833333333333332 0.03479125248508946
0 0.18098958333333334 0.5372763419483101 0.0078125 0.02485089463220676
0 0.40911458333333334 0.5352882703777336 0.011979166666666667 0.020874751491053677
0 0.005989583333333334 0.5417495029821073 0.011979166666666667 0.027833001988071572
0 0.26484375 0.5437375745526839 0.0265625 0.03180914512922465
0 0.85625 0.558648111332008 0.023958333333333335 0.055666003976143144
0 0.08385416666666666 0.5422465208747514 0.010416666666666666 0.014910536779324055
0 0.09869791666666666 0.5437375745526839 0.0109375 0.013916500994035786
0 0.14791666666666667 0.555168986083499 0.0125 0.02882703777335984
0 0.74609375 0.5506958250497018 0.021354166666666667 0.015904572564612324
0 0.94765625 0.5596421471172962 0.016145833333333335 0.033797216699801194
0 0.021875 0.5730616302186878 0.030208333333333334 0.03876739562624255
0 0.09817708333333333 0.5740556660039762 0.018229166666666668 0.03479125248508946
0 0.44036458333333334 0.5735586481113321 0.0067708333333333336 0.02982107355864811
0 0.9315104166666667 0.5825049701789264 0.015104166666666667 0.04970178926441352
0 0.5171875 0.5685884691848907 0.005208333333333333 0.017892644135188866
0 0.11015625 0.5795228628230616 0.0171875 0.02982107355864811
0 0.38619791666666664 0.5879721669980119 0.021354166666666667 0.04473161033797217
0 0.24791666666666667 0.577037773359841 0.015625 0.016898608349900597
0 0.63515625 0.591948310139165 0.0140625 0.040755467196819085
0 0.81796875 0.5879721669980119 0.0067708333333333336 0.032803180914512925
0 0.41822916666666665 0.5864811133200796 0.008333333333333333 0.02584493041749503
0 0.559375 0.5934393638170974 0.019791666666666666 0.02584493041749503
0 0.8447916666666667 0.5969184890656064 0.007291666666666667 0.030815109343936383
0 0.27890625 0.5979125248508946 0.0421875 0.02485089463220676
0 0.49270833333333336 0.6088469184890656 0.019791666666666666 0.02485089463220676
0 0.9591145833333333 0.6257455268389662 0.019270833333333334 0.05864811133200795
0 0.8010416666666667 0.621272365805169 0.009375 0.0437375745526839
0 0.7778645833333333 0.6267395626242545 0.013020833333333334 0.040755467196819085
0 0.665625 0.6282306163021869 0.00625 0.041749502982107355
0 0.35703125 0.6202783300198808 0.0078125 0.019880715705765408
0 0.2786458333333333 0.6302186878727635 0.00625 0.03578528827037773
0 0.43854166666666666 0.6346918489065606 0.014583333333333334 0.042743538767395624
0 0.19557291666666668 0.6222664015904572 0.0067708333333333336 0.013916500994035786
0 0.41692708333333334 0.632703777335984 0.0203125 0.03479125248508946
0 0.06015625 0.6366799204771372 0.013020833333333334 0.02882703777335984
0 0.6427083333333333 0.6376739562624254 0.013541666666666667 0.02485089463220676
0 0.9197916666666667 0.6476143141153081 0.023958333333333335 0.04473161033797217
0 0.14322916666666666 0.6376739562624254 0.009375 0.018886679920477135
0 0.3424479166666667 0.6486083499005965 0.0265625 0.03876739562624255
0 0.5825520833333333 0.6456262425447317 0.008854166666666666 0.032803180914512925
0 0.20416666666666666 0.6376739562624254 0.00625 0.012922465208747515
0 0.23072916666666668 0.6421471172962226 0.023958333333333335 0.013916500994035786
0 0.3015625 0.6486083499005965 0.013541666666666667 0.02485089463220676
0 0.015625 0.6610337972166997 0.01875 0.039761431411530816
0 0.853125 0.6570576540755467 0.023958333333333335 0.02186878727634195
0 0.5432291666666667 0.668986083499006 0.008333333333333333 0.03578528827037773
0 0.4401041666666667 0.6669980119284294 0.0125 0.019880715705765408
0 0.7291666666666666 0.6868787276341949 0.016666666666666666 0.039761431411530816
0 0.1953125 0.6774353876739563 0.013541666666666667 0.016898608349900597
0 0.7841145833333333 0.6903578528827038 0.013020833333333334 0.03876739562624255
0 0.4015625 0.6819085487077535 0.017708333333333333 0.015904572564612324
0 0.6041666666666666 0.6789264413518886 0.011458333333333333 0.009940357852882704
0 0.8299479166666667 0.6923459244532804 0.0109375 0.036779324055666
0 0.4596354166666667 0.6858846918489065 0.0067708333333333336 0.02186878727634195
0 0.9315104166666667 0.6888667992047713 0.019270833333333334 0.027833001988071572
0 0.3697916666666667 0.691351888667992 0.011458333333333333 0.0268389662027833
0 0.3848958333333333 0.6898608349900597 0.0125 0.02584493041749503
0 0.4479166666666667 0.6943339960238568 0.0125 0.02882703777335984
0 0.9940104166666667 0.6883697813121272 0.0109375 0.018886679920477135
0 0.29244791666666664 0.69831013916501 0.0203125 0.032803180914512925
0 0.7044270833333334 0.7017892644135189 0.022395833333333334 0.02385685884691849
0 0.5276041666666667 0.7261431411530815 0.010416666666666666 0.04671968190854871
0 0.31666666666666665 0.7191848906560636 0.0125 0.02882703777335984
0 0.22395833333333334 0.7261431411530815 0.013541666666666667 0.03876739562624255
0 0.18776041666666668 0.7162027833001988 0.0234375 0.014910536779324055
0 0.3763020833333333 0.7186878727634195 0.0109375 0.017892644135188866
0 0.6807291666666667 0.7201789264413518 0.01875 0.020874751491053677
0 0.11796875 0.7306163021868787 0.0109375 0.033797216699801194
0 0.71796875 0.7360834990059643 0.009895833333333333 0.040755467196819085
0 0.865625 0.731610337972167 0.017708333333333333 0.027833001988071572
0 0.97734375 0.7455268389662028 0.0140625 0.0437375745526839
0 0.8450520833333334 0.7430417495029821 0.008854166666666666 0.036779324055666
0 0.2565104166666667 0.73558648111332 0.018229166666666668 0.015904572564612324
0 0.3338541666666667 0.7475149105367793 0.005208333333333333 0.03777335984095427
0 0.24244791666666668 0.7375745526838966 0.0078125 0.013916500994035786
0 0.005989583333333334 0.7509940357852882 0.011979166666666667 0.02485089463220676
0 0.27369791666666665 0.7504970178926441 0.015104166666666667 0.017892644135188866
0 0.5091145833333334 0.7639165009940357 0.015104166666666667 0.04473161033797217
0 0.68359375 0.7534791252485089 0.024479166666666666 0.02584493041749503
0 0.66015625 0.7549701789264414 0.0067708333333333336 0.02286282306163022
0 0.9309895833333334 0.7693836978131213 0.021354166666666667 0.0536779324055666
0 0.5903645833333333 0.7619284294234593 0.016145833333333335 0.02882703777335984
0 0.8927083333333333 0.7584493041749503 0.019791666666666666 0.02385685884691849
0 0.19895833333333332 0.768389662027833 0.01875 0.033797216699801194
0 0.22682291666666668 0.760934393638171 0.0171875 0.014910536779324055
0 0.6145833333333334 0.7723658051689861 0.016666666666666666 0.03180914512922465
0 0.54140625 0.7649105367793241 0.018229166666666668 0.008946322067594433
0 0.44947916666666665 0.7698807157057654 0.015625 0.014910536779324055
0 0.52109375 0.8061630218687873 0.021354166666666667 0.08151093439363817
0 0.65234375 0.7718687872763419 0.005729166666666666 0.014910536779324055
0 0.9078125 0.7813121272365805 0.0125 0.033797216699801194
0 0.26796875 0.7743538767395626 0.019270833333333334 0.013916500994035786
0 0.86484375 0.782803180914513 0.030729166666666665 0.030815109343936383
0 0.734375 0.7803180914512923 0.009375 0.02186878727634195
0 0.47421875 0.7897614314115308 0.008854166666666666 0.0268389662027833
0 0.33619791666666665 0.8101391650099403 0.0234375 0.0636182902584493
0 0.14791666666666667 0.7922465208747514 0.025 0.02186878727634195
0 0.6942708333333333 0.7952286282306164 0.019791666666666666 0.02186878727634195
0 0.22552083333333334 0.7967196819085487 0.022916666666666665 0.016898608349900597
0 0.79765625 0.8101391650099403 0.0203125 0.041749502982107355
0 0.6528645833333333 0.80168986083499 0.018229166666666668 0.02286282306163022
0 0.19114583333333332 0.8031809145129225 0.025 0.02186878727634195
0 0.4296875 0.808648111332008 0.011458333333333333 0.02485089463220676
0 0.2638020833333333 0.812624254473161 0.016145833333333335 0.018886679920477135
0 0.2421875 0.8240556660039762 0.011458333333333333 0.03777335984095427
0 0.19895833333333332 0.831013916500994 0.017708333333333333 0.02982107355864811
0 0.2765625 0.8315109343936382 0.01875 0.020874751491053677
0 0.9973958333333334 0.8389662027833003 0.004166666666666667 0.02584493041749503
0 0.9869791666666666 0.8349900596421471 0.011458333333333333 0.013916500994035786
0 0.26015625 0.8479125248508946 0.0140625 0.033797216699801194
0 0.4395833333333333 0.8503976143141153 0.01875 0.03876739562624255
0 0.35703125 0.8563618290258449 0.008854166666666666 0.04473161033797217
0 0.42083333333333334 0.8484095427435387 0.0125 0.02485089463220676
0 0.5778645833333333 0.8474155069582505 0.018229166666666668 0.02286282306163022
0 0.8986979166666667 0.8424453280318092 0.005729166666666666 0.012922465208747515
0 0.2903645833333333 0.8489065606361829 0.019270833333333334 0.013916500994035786
0 0.49921875 0.8538767395626242 0.005729166666666666 0.02385685884691849
0 0.3265625 0.8727634194831014 0.013541666666666667 0.03777335984095427
0 0.47369791666666666 0.8707753479125249 0.008854166666666666 0.033797216699801194
0 0.46328125 0.8702783300198808 0.005729166666666666 0.0268389662027833
0 0.8182291666666667 0.8817097415506958 0.03333333333333333 0.03578528827037773
0 0.9341145833333333 0.8966202783300199 0.0203125 0.03777335984095427
0 0.09817708333333333 0.9025844930417495 0.025520833333333333 0.02186878727634195
0 0.5166666666666667 0.897117296222664 0.009375 0.010934393638170975
0 0.32369791666666664 0.9065606361829026 0.0067708333333333336 0.02584493041749503
0 0.33567708333333335 0.9085487077534792 0.011979166666666667 0.02982107355864811
0 0.36744791666666665 0.904572564612326 0.024479166666666666 0.02186878727634195
0 0.8541666666666666 0.9324055666003976 0.01875 0.055666003976143144
0 0.9658854166666667 0.9130218687872763 0.008854166666666666 0.018886679920477135
0 0.27447916666666666 0.918986083499006 0.019791666666666666 0.02485089463220676
0 0.509375 0.9199801192842942 0.009375 0.012922465208747515
0 0.37734375 0.9353876739562624 0.0203125 0.033797216699801194
0 0.0578125 0.9358846918489065 0.03125 0.02882703777335984
0 0.8106770833333333 0.9403578528827038 0.022395833333333334 0.03578528827037773
0 0.7479166666666667 0.9502982107355865 0.016666666666666666 0.03578528827037773
0 0.9221354166666667 0.9602385685884692 0.0203125 0.04970178926441352
0 0.6200520833333333 0.9517892644135189 0.013020833333333334 0.02286282306163022
0 0.24765625 0.952286282306163 0.0203125 0.019880715705765408
0 0.13463541666666667 0.9602385685884692 0.0203125 0.02584493041749503
0 0.7200520833333334 0.9746520874751491 0.016145833333333335 0.048707753479125246
0 0.16614583333333333 0.9657057654075547 0.020833333333333332 0.02485089463220676
0 0.8169270833333333 0.9711729622266402 0.027604166666666666 0.03578528827037773
0 0.7921875 0.9716699801192843 0.007291666666666667 0.018886679920477135
0 0.265625 0.9721669980119284 0.017708333333333333 0.013916500994035786
0 0.6020833333333333 0.9736580516898609 0.0125 0.008946322067594433
0 0.5598958333333334 0.98558648111332 0.005208333333333333 0.0268389662027833
0 0.2947916666666667 0.9870775347912525 0.021875 0.02385685884691849
0 0.4348958333333333 0.9875745526838966 0.00625 0.02286282306163022
0 0.9088541666666666 0.9895626242544732 0.01875 0.018886679920477135
0 0.27057291666666666 0.992544731610338 0.0140625 0.012922465208747515
0 0.014583333333333334 0.9940357852882704 0.011458333333333333 0.009940357852882704
0 0.159375 0.9950298210735586 0.009375 0.007952286282306162