0 0.26927083333333335 0.0064612326043737576 0.013541666666666667 0.012922465208747515
0 0.22708333333333333 0.0054671968190854875 0.011458333333333333 0.010934393638170975
0 0.20338541666666668 0.017892644135188866 0.0067708333333333336 0.02385685884691849
0 0.48125 0.03479125248508946 0.011458333333333333 0.027833001988071572
0 0.009635416666666667 0.053180914512922464 0.008854166666666666 0.018886679920477135
0 0.4630208333333333 0.06510934393638171 0.00625 0.020874751491053677
0 0.2921875 0.06660039761431412 0.016666666666666666 0.013916500994035786
0 0.00625 0.09045725646123261 0.011458333333333333 0.015904572564612324
0 0.40208333333333335 0.110337972166998 0.00625 0.017892644135188866
0 0.023697916666666666 0.1143141153081511 0.013020833333333334 0.02385685884691849
0 0.3854166666666667 0.13320079522862824 0.017708333333333333 0.017892644135188866
0 0.20416666666666666 0.16302186878727634 0.0125 0.02982107355864811
0 0.09114583333333333 0.16003976143141152 0.008333333333333333 0.019880715705765408
0 0.37395833333333334 0.1595427435387674 0.007291666666666667 0.014910536779324055
0 0.17578125 0.1610337972166998 0.0078125 0.015904572564612324
0 0.3098958333333333 0.1754473161033797 0.017708333333333333 0.016898608349900597
0 0.01171875 0.1833996023856859 0.0140625 0.018886679920477135
0 0.17786458333333333 0.18687872763419483 0.011979166666666667 0.009940357852882704
0 0.5098958333333333 0.1978131212723658 0.00625 0.013916500994035786
0 0.29713541666666665 0.213220675944334 0.015104166666666667 0.012922465208747515
0 0.21145833333333333 0.22664015904572565 0.022916666666666665 0.019880715705765408
0 0.296875 0.26093439363817095 0.019791666666666666 0.05069582504970179
0 0.3575520833333333 0.2514910536779324 0.009895833333333333 0.02385685884691849
0 0.15729166666666666 0.2524850894632207 0.016666666666666666 0.019880715705765408
0 0.21848958333333332 0.2659045725646123 0.008854166666666666 0.03479125248508946
0 0.044270833333333336 0.27087475149105367 0.008333333333333333 0.02485089463220676
0 0.09635416666666667 0.2803180914512923 0.0125 0.03777335984095427
0 0.025 0.2808151093439364 0.007291666666666667 0.030815109343936383
0 0.1484375 0.2808151093439364 0.010416666666666666 0.020874751491053677
0 0.25885416666666666 0.2852882703777336 0.011458333333333333 0.02385685884691849
0 0.31875 0.29025844930417494 0.011458333333333333 0.02186878727634195
0 0.17005208333333333 0.3106361829025845 0.009895833333333333 0.02485089463220676
0 0.20494791666666667 0.32703777335984097 0.018229166666666668 0.03180914512922465
0 0.026041666666666668 0.3389662027833002 0.010416666666666666 0.019880715705765408
0 0.42135416666666664 0.3538767395626243 0.014583333333333334 0.011928429423459244
0 0.5526041666666667 0.35785288270377735 0.008333333333333333 0.011928429423459244
0 0.37604166666666666 0.3682902584493042 0.011458333333333333 0.0268389662027833
0 0.13828125 0.38966202783300197 0.016145833333333335 0.013916500994035786
0 0.11015625 0.3951292246520875 0.021354166666666667 0.02286282306163022
0 0.3497395833333333 0.42147117296222664 0.0046875 0.02385685884691849
0 0.2760416666666667 0.43538767395626243 0.00625 0.017892644135188866
0 0.48046875 0.43489065606361826 0.0109375 0.012922465208747515
0 0.16432291666666668 0.452286282306163 0.008854166666666666 0.02186878727634195
0 0.32421875 0.46421471172962225 0.008854166666666666 0.03180914512922465
0 0.06770833333333333 0.47862823061630216 0.0125 0.036779324055666
0 0.08385416666666666 0.48061630218687873 0.015625 0.020874751491053677
0 0.4544270833333333 0.5561630218687873 0.009895833333333333 0.042743538767395624
0 0.7130208333333333 0.5601391650099403 0.01875 0.04473161033797217
0 0.26953125 0.5889662027833003 0.013020833333333334 0.020874751491053677
0 0.77578125 0.5939363817097415 0.019270833333333334 0.016898608349900597
0 0.26614583333333336 0.6163021868787276 0.009375 0.02584493041749503
0 0.17942708333333332 0.6158051689860835 0.0046875 0.02286282306163022
0 0.16276041666666666 0.6167992047713717 0.0046875 0.0268389662027833
0 0.10078125 0.6207753479125249 0.013020833333333334 0.030815109343936383
0 0.5651041666666666 0.6163021868787276 0.011458333333333333 0.013916500994035786
0 0.3184895833333333 0.6436381709741551 0.005729166666666666 0.0268389662027833
0 0.16380208333333332 0.6550695825049702 0.005729166666666666 0.02186878727634195
0 0.012760416666666666 0.679920477137177 0.016145833333333335 0.05168986083499006
0 0.478125 0.668986083499006 0.008333333333333333 0.02584493041749503
0 0.11484375 0.6669980119284294 0.019270833333333334 0.02385685884691849
0 0.3575520833333333 0.6719681908548708 0.019270833333333334 0.027833001988071572
0 0.26927083333333335 0.6635188866799204 0.019791666666666666 0.012922465208747515
0 0.21901041666666668 0.6679920477137177 0.009895833333333333 0.009940357852882704
0 0.16432291666666668 0.6883697813121272 0.0234375 0.040755467196819085
0 0.2609375 0.6898608349900597 0.014583333333333334 0.027833001988071572
0 0.35911458333333335 0.7037773359840954 0.03177083333333333 0.02982107355864811
0 0.10182291666666667 0.6998011928429424 0.008854166666666666 0.011928429423459244
0 0.2953125 0.7052683896620279 0.011458333333333333 0.018886679920477135
0 0.325 0.705765407554672 0.015625 0.013916500994035786
0 0.09947916666666666 0.724155069582505 0.016666666666666666 0.036779324055666
0 0.16901041666666666 0.7291252485089463 0.025520833333333333 0.036779324055666
0 0.29348958333333336 0.7420477137176938 0.008854166666666666 0.02485089463220676
0 0.13046875 0.7445328031809145 0.019270833333333334 0.02982107355864811
0 0.06510416666666667 0.7370775347912525 0.009375 0.016898608349900597
0 0.4940104166666667 0.7490059642147118 0.0078125 0.030815109343936383
0 0.3059895833333333 0.7450298210735586 0.013020833333333334 0.02286282306163022
0 0.2765625 0.7470178926441352 0.010416666666666666 0.02485089463220676
0 0.18802083333333333 0.7718687872763419 0.023958333333333335 0.04671968190854871
0 0.3658854166666667 0.7882703777335984 0.027604166666666666 0.06759443339960239
0 0.26640625 0.7619284294234593 0.0140625 0.012922465208747515
0 0.00703125 0.7624254473161034 0.013020833333333334 0.015904572564612324
0 0.44114583333333335 0.7678926441351889 0.017708333333333333 0.018886679920477135
0 0.21848958333333332 0.7793240556660039 0.0140625 0.02982107355864811
0 0.14244791666666667 0.7783300198807157 0.0067708333333333336 0.02385685884691849
0 0.5513020833333333 0.7862823061630219 0.011979166666666667 0.027833001988071572
0 0.24088541666666666 0.7847912524850894 0.015104166666666667 0.02485089463220676
0 0.3177083333333333 0.7872763419483101 0.0125 0.02385685884691849
0 0.4265625 0.8195825049701789 0.040625 0.08648111332007952
0 0.30416666666666664 0.7887673956262425 0.005208333333333333 0.02485089463220676
0 0.25026041666666665 0.794234592445328 0.0078125 0.027833001988071572
0 0.27317708333333335 0.7947316103379721 0.0067708333333333336 0.02286282306163022
0 0.40182291666666664 0.7957256461232605 0.0078125 0.018886679920477135
0 0.2921875 0.805168986083499 0.019791666666666666 0.03578528827037773
0 0.3140625 0.8136182902584493 0.008333333333333333 0.030815109343936383
0 0.13645833333333332 0.8175944333996024 0.010416666666666666 0.02485089463220676
0 0.32708333333333334 0.8190854870775348 0.011458333333333333 0.02186878727634195
0 0.3796875 0.8330019880715706 0.010416666666666666 0.027833001988071572
0 0.07291666666666667 0.8285288270377733 0.014583333333333334 0.018886679920477135
0 0.3151041666666667 0.8499005964214712 0.01875 0.03777335984095427
0 0.284375 0.8474155069582505 0.011458333333333333 0.02882703777335984
0 0.72109375 0.8508946322067594 0.0140625 0.027833001988071572
0 0.03671875 0.8474155069582505 0.0140625 0.020874751491053677
0 0.2598958333333333 0.8563618290258449 0.016666666666666666 0.030815109343936383
0 0.39036458333333335 0.8489065606361829 0.0140625 0.007952286282306162
0 0.17265625 0.8682902584493042 0.0078125 0.03479125248508946
0 0.21041666666666667 0.8777335984095428 0.017708333333333333 0.05168986083499006
0 0.01796875 0.8817097415506958 0.0171875 0.0536779324055666
0 0.1 0.8772365805168986 0.027083333333333334 0.032803180914512925
0 0.35651041666666666 0.8737574552683897 0.008854166666666666 0.015904572564612324
0 0.37942708333333336 0.8866799204771372 0.0171875 0.03777335984095427
0 0.33932291666666664 0.8836978131212724 0.015104166666666667 0.02385685884691849
0 0.29375 0.8956262425447317 0.023958333333333335 0.041749502982107355
0 0.4278645833333333 0.8906560636182903 0.005729166666666666 0.027833001988071572
0 0.40078125 0.8886679920477137 0.013020833333333334 0.007952286282306162
0 0.26484375 0.9035785288270378 0.008854166666666666 0.03578528827037773
0 0.5377604166666666 0.9105367793240556 0.009895833333333333 0.03578528827037773
0 0.35989583333333336 0.8981113320079522 0.014583333333333334 0.012922465208747515
0 0.15885416666666666 0.9130218687872763 0.009375 0.03876739562624255
0 0.4484375 0.9035785288270378 0.008333333333333333 0.009940357852882704
0 0.8908854166666667 0.9085487077534792 0.005729166666666666 0.011928429423459244
0 0.3109375 0.918986083499006 0.008333333333333333 0.02286282306163022
0 0.35885416666666664 0.9304174950298211 0.0125 0.027833001988071572
0 0.24947916666666667 0.9408548707753479 0.011458333333333333 0.032803180914512925
0 0.4875 0.9433399602385686 0.00625 0.02982107355864811
0 0.45651041666666664 0.9428429423459245 0.011979166666666667 0.020874751491053677
0 0.44375 0.9468190854870775 0.010416666666666666 0.02286282306163022
0 0.39765625 0.9438369781312127 0.016145833333333335 0.010934393638170975
0 0.027864583333333335 0.9458250497017893 0.0140625 0.016898608349900597
0 0.16302083333333334 0.9498011928429424 0.007291666666666667 0.018886679920477135
0 0.18255208333333334 0.9662027833001988 0.019270833333333334 0.04771371769383698
0 0.33125 0.9498011928429424 0.009375 0.012922465208747515
0 0.40963541666666664 0.9666998011928429 0.009895833333333333 0.036779324055666
0 0.3921875 0.9761431411530815 0.014583333333333334 0.04572564612326044
0 0.28463541666666664 0.9716699801192843 0.009895833333333333 0.02286282306163022
0 0.4708333333333333 0.9826043737574552 0.014583333333333334 0.032803180914512925
0 0.06953125 0.9801192842942346 0.008854166666666666 0.02982107355864811
0 0.10911458333333333 0.9840954274353877 0.011979166666666667 0.02982107355864811
0 0.42239583333333336 0.9806163021868787 0.009375 0.014910536779324055
0 0.3380208333333333 0.9865805168986084 0.007291666666666667 0.02485089463220676
0 0.2559895833333333 0.9865805168986084 0.022395833333333334 0.02485089463220676
0 0.4466145833333333 0.9850894632206759 0.009895833333333333 0.017892644135188866
0 0.19895833333333332 0.992544731610338 0.00625 0.012922465208747515