0 0.140625 0.020874751491053677 0.010416666666666666 0.041749502982107355
0 0.30520833333333336 0.0054671968190854875 0.014583333333333334 0.010934393638170975
0 0.7049479166666667 0.009443339960238568 0.0140625 0.018886679920477135
0 0.8815104166666666 0.012922465208747515 0.0171875 0.02584493041749503
0 0.6888020833333334 0.016401590457256462 0.011979166666666667 0.02882703777335984
0 0.7450520833333333 0.02286282306163022 0.0140625 0.039761431411530816
0 0.057291666666666664 0.029324055666003976 0.0375 0.04671968190854871
0 0.32421875 0.04025844930417495 0.011979166666666667 0.020874751491053677
0 0.7877604166666666 0.0636182902584493 0.018229166666666668 0.02186878727634195
0 0.8572916666666667 0.073558648111332 0.011458333333333333 0.041749502982107355
0 0.22473958333333333 0.07654075546719682 0.021354166666666667 0.039761431411530816
0 0.33697916666666666 0.08996023856858847 0.015625 0.0268389662027833
0 0.0890625 0.09791252485089463 0.016666666666666666 0.03876739562624255
0 0.8143229166666667 0.09840954274353876 0.0171875 0.03578528827037773
0 0.10208333333333333 0.08996023856858847 0.008333333333333333 0.010934393638170975
0 0.51015625 0.11928429423459244 0.021354166666666667 0.02584493041749503
0 0.315625 0.12475149105367793 0.021875 0.02485089463220676
0 0.8390625 0.14761431411530815 0.0125 0.036779324055666
0 0.9205729166666666 0.15009940357852883 0.018229166666666668 0.039761431411530816
0 0.43203125 0.14910536779324055 0.018229166666666668 0.033797216699801194
0 0.26614583333333336 0.16848906560636182 0.016666666666666666 0.05268389662027833
0 0.3489583333333333 0.18091451292246521 0.019791666666666666 0.02982107355864811
0 0.8856770833333333 0.19980119284294234 0.0203125 0.027833001988071572
0 0.30442708333333335 0.20825049701789264 0.0171875 0.036779324055666
0 0.32005208333333335 0.22216699801192843 0.0140625 0.032803180914512925
0 0.12682291666666667 0.23260437375745527 0.008854166666666666 0.03777335984095427
0 0.27109375 0.2415506958250497 0.022395833333333334 0.05168986083499006
0 0.20026041666666666 0.2301192842942346 0.019270833333333334 0.02485089463220676
0 0.4078125 0.23359840954274355 0.015625 0.02584493041749503
0 0.38645833333333335 0.23260437375745527 0.020833333333333332 0.02186878727634195
0 0.325 0.2529821073558648 0.03333333333333333 0.048707753479125246
0 0.7067708333333333 0.2544731610337972 0.010416666666666666 0.033797216699801194
0 0.3697916666666667 0.2664015904572565 0.022916666666666665 0.04970178926441352
0 0.5143229166666666 0.2644135188866799 0.008854166666666666 0.03578528827037773
0 0.6809895833333334 0.27485089463220674 0.0078125 0.036779324055666
0 0.4953125 0.27087475149105367 0.01875 0.0268389662027833
0 0.34791666666666665 0.30417495029821073 0.009375 0.027833001988071572
0 0.41067708333333336 0.30069582504970177 0.0078125 0.02286282306163022
0 0.9291666666666667 0.31610337972166996 0.022916666666666665 0.033797216699801194
0 0.4796875 0.3245526838966203 0.01875 0.036779324055666
0 0.41171875 0.3474155069582505 0.016145833333333335 0.02485089463220676
0 0.9713541666666666 0.35934393638170975 0.027083333333333334 0.036779324055666
0 0.3296875 0.3672962226640159 0.036458333333333336 0.042743538767395624
0 0.29375 0.3558648111332008 0.008333333333333333 0.013916500994035786
0 0.4583333333333333 0.37624254473161034 0.014583333333333334 0.04671968190854871
0 0.4088541666666667 0.38071570576540753 0.008333333333333333 0.027833001988071572
0 0.27239583333333334 0.3782306163021869 0.009375 0.014910536779324055
0 0.5598958333333334 0.3991053677932406 0.010416666666666666 0.030815109343936383
0 0.246875 0.40357852882703776 0.019791666666666666 0.03578528827037773
0 0.615625 0.4000994035785288 0.016666666666666666 0.02485089463220676
0 0.3385416666666667 0.40407554671968193 0.015625 0.02286282306163022
0 0.40182291666666664 0.4070576540755467 0.008854166666666666 0.02485089463220676
0 0.43359375 0.426441351888668 0.0171875 0.0536779324055666
0 0.2791666666666667 0.4115308151093439 0.022916666666666665 0.02186878727634195
0 0.465625 0.4418489065606362 0.017708333333333333 0.048707753479125246
0 0.5307291666666667 0.43687872763419483 0.007291666666666667 0.03876739562624255
0 0.32083333333333336 0.4567594433399602 0.009375 0.016898608349900597
0 0.26119791666666664 0.4711729622266402 0.013020833333333334 0.039761431411530816
0 0.49453125 0.46669980119284293 0.0046875 0.0268389662027833
0 0.28046875 0.4826043737574553 0.0078125 0.03876739562624255
0 0.35130208333333335 0.4875745526838966 0.0078125 0.012922465208747515
0 0.3625 0.5233598409542743 0.015625 0.07455268389662027
0 0.0640625 0.5034791252485089 0.016666666666666666 0.030815109343936383
0 0.4046875 0.5139165009940357 0.009375 0.03180914512922465
0 0.38125 0.5094433399602386 0.013541666666666667 0.018886679920477135
0 0.6044270833333333 0.5084493041749503 0.018229166666666668 0.012922465208747515
0 0.2638020833333333 0.5253479125248509 0.018229166666666668 0.018886679920477135
0 0.5174479166666667 0.5462226640159046 0.016145833333333335 0.0268389662027833
0 0.5963541666666666 0.5636182902584493 0.008333333333333333 0.033797216699801194
0 0.43723958333333335 0.5685884691848907 0.011979166666666667 0.02584493041749503
0 0.56875 0.5720675944333996 0.014583333333333334 0.0268389662027833
0 0.38828125 0.5765407554671969 0.0109375 0.03180914512922465
0 0.028645833333333332 0.581013916500994 0.016666666666666666 0.018886679920477135
0 0.3640625 0.588469184890656 0.0125 0.027833001988071572
0 0.41692708333333334 0.5974155069582505 0.015104166666666667 0.03578528827037773
0 0.5119791666666667 0.5934393638170974 0.016666666666666666 0.02584493041749503
0 0.9619791666666667 0.5914512922465208 0.019791666666666666 0.017892644135188866
0 0.6723958333333333 0.5929423459244533 0.025 0.018886679920477135
0 0.6138020833333333 0.6108349900596421 0.018229166666666668 0.0268389662027833
0 0.2872395833333333 0.6187872763419483 0.005729166666666666 0.032803180914512925
0 0.3377604166666667 0.6202783300198808 0.0140625 0.02982107355864811
0 0.3890625 0.6312127236580517 0.030208333333333334 0.03777335984095427
0 0.45364583333333336 0.632703777335984 0.008333333333333333 0.040755467196819085
0 0.14973958333333334 0.628727634194831 0.0109375 0.030815109343936383
0 0.7299479166666667 0.628727634194831 0.013020833333333334 0.02882703777335984
0 0.55859375 0.6406560636182903 0.0109375 0.03479125248508946
0 0.9830729166666666 0.639662027833002 0.0328125 0.032803180914512925
0 0.22552083333333334 0.6376739562624254 0.029166666666666667 0.02286282306163022
0 0.3671875 0.6640159045725647 0.013541666666666667 0.04771371769383698
0 0.6153645833333333 0.6684890656063618 0.0203125 0.048707753479125246
0 0.20364583333333333 0.6600397614314115 0.009375 0.02385685884691849
0 0.14609375 0.6650099403578529 0.0203125 0.02385685884691849
0 0.5958333333333333 0.668986083499006 0.014583333333333334 0.027833001988071572
0 0.42552083333333335 0.6724652087475149 0.015625 0.016898608349900597
0 0.38333333333333336 0.6824055666003976 0.009375 0.032803180914512925
0 0.2833333333333333 0.6754473161033797 0.008333333333333333 0.014910536779324055
0 0.013020833333333334 0.6923459244532804 0.014583333333333334 0.03876739562624255
0 0.16953125 0.6918489065606361 0.021354166666666667 0.03578528827037773
0 0.24895833333333334 0.6953280318091452 0.015625 0.032803180914512925
0 0.4205729166666667 0.6898608349900597 0.011979166666666667 0.017892644135188866
0 0.46536458333333336 0.7077534791252486 0.008854166666666666 0.02982107355864811
0 0.4348958333333333 0.7216699801192843 0.011458333333333333 0.041749502982107355
0 0.5700520833333333 0.7201789264413518 0.021354166666666667 0.012922465208747515
0 0.44375 0.7445328031809145 0.011458333333333333 0.039761431411530816
0 0.3177083333333333 0.7445328031809145 0.015625 0.011928429423459244
0 0.47552083333333334 0.7559642147117296 0.0125 0.02882703777335984
0 0.615625 0.7634194831013916 0.010416666666666666 0.04572564612326044
0 0.41770833333333335 0.7833001988071571 0.0375 0.06958250497017893
0 0.5770833333333333 0.7634194831013916 0.020833333333333332 0.017892644135188866
0 0.23854166666666668 0.7768389662027833 0.021875 0.012922465208747515
0 0.1953125 0.790258449304175 0.03125 0.02385685884691849
0 0.1171875 0.8146123260437376 0.025 0.05069582504970179
0 0.80546875 0.8131212723658051 0.021354166666666667 0.039761431411530816
0 0.9833333333333333 0.8046719681908548 0.023958333333333335 0.020874751491053677
0 0.4940104166666667 0.8230616302186878 0.0067708333333333336 0.019880715705765408
0 0.37109375 0.8320079522862823 0.0067708333333333336 0.03578528827037773
0 0.296875 0.8444333996023857 0.011458333333333333 0.04473161033797217
0 0.31666666666666665 0.8325049701789264 0.0125 0.016898608349900597
0 0.2674479166666667 0.8449304174950298 0.0265625 0.03777335984095427
0 0.56484375 0.8484095427435387 0.016145833333333335 0.016898608349900597
0 0.5515625 0.8583499005964215 0.011458333333333333 0.032803180914512925
0 0.4778645833333333 0.8747514910536779 0.009895833333333333 0.02982107355864811
0 0.18776041666666668 0.8792246520874751 0.011979166666666667 0.032803180914512925
0 0.4197916666666667 0.8732604373757455 0.019791666666666666 0.020874751491053677
0 0.5192708333333333 0.8901590457256461 0.010416666666666666 0.020874751491053677
0 0.9869791666666666 0.9000994035785288 0.025 0.032803180914512925
0 0.26953125 0.8921471172962226 0.0067708333333333336 0.012922465208747515
0 0.403125 0.918986083499006 0.011458333333333333 0.02882703777335984
0 0.5080729166666667 0.941351888667992 0.013020833333333334 0.02186878727634195
0 0.15651041666666668 0.9423459244532804 0.0203125 0.013916500994035786
0 0.12005208333333334 0.974155069582505 0.0109375 0.041749502982107355
0 0.14010416666666667 0.9831013916500994 0.020833333333333332 0.03180914512922465
0 0.16614583333333333 0.9900596421471173 0.007291666666666667 0.017892644135188866
0 0.26171875 0.9920477137176938 0.0078125 0.013916500994035786