0 0.6682291666666667 0.0044731610337972166 0.022916666666666665 0.004970178926441352
0 0.6299479166666667 0.0044731610337972166 0.027604166666666666 0.004970178926441352
0 0.5971354166666667 0.004970178926441352 0.03177083333333333 0.005964214711729622
0 0.5674479166666667 0.0044731610337972166 0.021354166666666667 0.004970178926441352
0 0.5325520833333334 0.003976143141153081 0.019270833333333334 0.003976143141153081
0 0.5044270833333333 0.003976143141153081 0.025520833333333333 0.003976143141153081
0 0.4505208333333333 0.003976143141153081 0.034375 0.003976143141153081
0 0.41067708333333336 0.003976143141153081 0.0296875 0.003976143141153081
0 0.35885416666666664 0.0044731610337972166 0.026041666666666668 0.004970178926441352
0 0.3341145833333333 0.004970178926441352 0.0171875 0.005964214711729622
0 0.2921875 0.003976143141153081 0.01875 0.003976143141153081
0 0.21536458333333333 0.004970178926441352 0.06927083333333334 0.005964214711729622
0 0.0015625 0.5680914512922465 0.0020833333333333333 0.25745526838966204
0 0.0018229166666666667 0.8682902584493042 0.0026041666666666665 0.030815109343936383
0 0.0018229166666666667 0.9423459244532804 0.0026041666666666665 0.1073558648111332