0 0.0125 0.045228628230616304 0.007291666666666667 0.018886679920477135
0 0.53515625 0.13817097415506957 0.0067708333333333336 0.019880715705765408
0 0.4796875 0.1625248508946322 0.0125 0.020874751491053677
0 0.54296875 0.2360834990059642 0.0078125 0.02485089463220676
0 0.5427083333333333 0.2644135188866799 0.017708333333333333 0.03180914512922465
0 0.5536458333333333 0.30467196819085485 0.00625 0.020874751491053677
0 0.5682291666666667 0.36033797216699803 0.010416666666666666 0.02882703777335984
0 0.40208333333333335 0.3966202783300199 0.009375 0.015904572564612324
0 0.6002604166666666 0.40904572564612324 0.025520833333333333 0.02882703777335984
0 0.5375 0.45129224652087474 0.011458333333333333 0.017892644135188866
0 0.5736979166666667 0.47514910536779326 0.019270833333333334 0.03777335984095427
0 0.6002604166666666 0.5268389662027833 0.011979166666666667 0.033797216699801194
0 0.54296875 0.5859840954274353 0.018229166666666668 0.04473161033797217
0 0.5703125 0.5914512922465208 0.015625 0.0437375745526839
0 0.5786458333333333 0.6113320079522863 0.005208333333333333 0.02982107355864811
0 0.590625 0.6177932405566601 0.017708333333333333 0.036779324055666
0 0.43020833333333336 0.6083499005964215 0.00625 0.013916500994035786
0 0.5546875 0.639662027833002 0.025 0.0268389662027833
0 0.4322916666666667 0.6660039761431411 0.010416666666666666 0.013916500994035786
0 0.8921875 0.8489065606361829 0.010416666666666666 0.02584493041749503
0 0.93125 0.9035785288270378 0.016666666666666666 0.02186878727634195