0 0.6692708333333334 0.013916500994035786 0.014583333333333334 0.027833001988071572
0 0.43854166666666666 0.024353876739562623 0.014583333333333334 0.03876739562624255
0 0.8333333333333334 0.060139165009940355 0.015625 0.040755467196819085
0 0.72890625 0.05715705765407555 0.009895833333333333 0.032803180914512925
0 0.46458333333333335 0.07405566600397614 0.010416666666666666 0.020874751491053677
0 0.6309895833333333 0.08797216699801193 0.0036458333333333334 0.0268389662027833
0 0.35651041666666666 0.12922465208747516 0.0140625 0.02982107355864811
0 0.75859375 0.15059642147117297 0.015104166666666667 0.016898608349900597
0 0.35052083333333334 0.15805168986083498 0.0125 0.03180914512922465
0 0.6286458333333333 0.15606361829025844 0.00625 0.02385685884691849
0 0.13932291666666666 0.20825049701789264 0.009895833333333333 0.020874751491053677
0 0.43307291666666664 0.22564612326043737 0.0234375 0.04970178926441352
0 0.1453125 0.23359840954274355 0.014583333333333334 0.019880715705765408
0 0.16197916666666667 0.2673956262425447 0.007291666666666667 0.03578528827037773
0 0.34817708333333336 0.2813121272365805 0.0078125 0.03180914512922465
0 0.9153645833333334 0.28677932405566603 0.008854166666666666 0.030815109343936383
0 0.56796875 0.28876739562624254 0.013020833333333334 0.0268389662027833
0 0.5838541666666667 0.305168986083499 0.0125 0.02584493041749503
0 0.059375 0.31560636182902585 0.0125 0.02882703777335984
0 0.3619791666666667 0.3290258449304175 0.00625 0.041749502982107355
0 0.1890625 0.3414512922465209 0.017708333333333333 0.02485089463220676
0 0.88984375 0.3489065606361829 0.019270833333333334 0.02584493041749503
0 0.5700520833333333 0.3702783300198807 0.008854166666666666 0.030815109343936383
0 0.24244791666666668 0.3702783300198807 0.0067708333333333336 0.030815109343936383
0 0.7869791666666667 0.3827037773359841 0.014583333333333334 0.02385685884691849
0 0.91640625 0.40208747514910537 0.024479166666666666 0.042743538767395624
0 0.59921875 0.4125248508946322 0.016145833333333335 0.02186878727634195
0 0.84765625 0.42147117296222664 0.0067708333333333336 0.02982107355864811
0 0.6388020833333333 0.426441351888668 0.0067708333333333336 0.02982107355864811
0 0.13411458333333334 0.4294234592445328 0.008854166666666666 0.02982107355864811
0 0.6611979166666667 0.43141153081510936 0.005729166666666666 0.027833001988071572
0 0.15104166666666666 0.4294234592445328 0.007291666666666667 0.02584493041749503
0 0.5856770833333333 0.44980119284294234 0.0140625 0.03876739562624255
0 0.5145833333333333 0.4562624254473161 0.011458333333333333 0.02385685884691849
0 0.6458333333333334 0.46073558648111335 0.013541666666666667 0.0268389662027833
0 0.16197916666666667 0.4592445328031809 0.013541666666666667 0.013916500994035786
0 0.8799479166666667 0.48111332007952284 0.009895833333333333 0.041749502982107355
0 0.6895833333333333 0.47813121272365805 0.010416666666666666 0.02186878727634195
0 0.4973958333333333 0.5019880715705766 0.010416666666666666 0.05168986083499006
0 0.22760416666666666 0.4985089463220676 0.007291666666666667 0.03876739562624255
0 0.5401041666666667 0.49105367793240556 0.009375 0.019880715705765408
0 0.8408854166666667 0.4985089463220676 0.0109375 0.016898608349900597
0 0.271875 0.51441351888668 0.008333333333333333 0.042743538767395624
0 0.5505208333333333 0.5059642147117296 0.014583333333333334 0.02186878727634195
0 0.9302083333333333 0.5159045725646123 0.014583333333333334 0.02584493041749503
0 0.6325520833333333 0.518389662027833 0.009895833333333333 0.02286282306163022
0 0.8044270833333333 0.5193836978131213 0.008854166666666666 0.02286282306163022
0 0.5708333333333333 0.5168986083499006 0.007291666666666667 0.015904572564612324
0 0.5114583333333333 0.5273359840954275 0.007291666666666667 0.03479125248508946
0 0.6171875 0.5268389662027833 0.005208333333333333 0.019880715705765408
0 0.9393229166666667 0.5357852882703777 0.021354166666666667 0.033797216699801194
0 0.8328125 0.5437375745526839 0.013541666666666667 0.03777335984095427
0 0.5786458333333333 0.5333001988071571 0.007291666666666667 0.012922465208747515
0 0.69765625 0.5452286282306164 0.018229166666666668 0.020874751491053677
0 0.6 0.5526838966202783 0.014583333333333334 0.033797216699801194
0 0.7807291666666667 0.5591451292246521 0.010416666666666666 0.03876739562624255
0 0.4158854166666667 0.55168986083499 0.015104166666666667 0.007952286282306162
0 0.38255208333333335 0.5606361829025845 0.0140625 0.019880715705765408
0 0.9161458333333333 0.5695825049701789 0.008333333333333333 0.027833001988071572
0 0.43984375 0.5735586481113321 0.015104166666666667 0.027833001988071572
0 0.5236979166666667 0.5705765407554672 0.005729166666666666 0.017892644135188866
0 0.3359375 0.5760437375745527 0.0125 0.0268389662027833
0 0.9291666666666667 0.5785288270377733 0.007291666666666667 0.027833001988071572
0 0.7333333333333333 0.5785288270377733 0.010416666666666666 0.02982107355864811
0 0.35520833333333335 0.5740556660039762 0.013541666666666667 0.020874751491053677
0 0.65859375 0.5805168986083499 0.0078125 0.019880715705765408
0 0.49895833333333334 0.5780318091451292 0.007291666666666667 0.014910536779324055
0 0.5794270833333334 0.614314115308151 0.021354166666666667 0.039761431411530816
0 0.5158854166666667 0.614314115308151 0.0234375 0.03578528827037773
0 0.41302083333333334 0.602882703777336 0.015625 0.012922465208747515
0 0.42630208333333336 0.6098409542743539 0.0078125 0.014910536779324055
0 0.9205729166666666 0.6336978131212724 0.021354166666666667 0.0268389662027833
0 0.6825520833333333 0.6366799204771372 0.011979166666666667 0.020874751491053677
0 0.49609375 0.6361829025844931 0.013020833333333334 0.017892644135188866
0 0.5567708333333333 0.6476143141153081 0.010416666666666666 0.020874751491053677
0 0.5315104166666667 0.6520874751491054 0.008854166666666666 0.02186878727634195
0 0.46640625 0.6585487077534792 0.011979166666666667 0.032803180914512925
0 0.7479166666666667 0.6515904572564613 0.009375 0.010934393638170975
0 0.48020833333333335 0.6595427435387674 0.007291666666666667 0.0268389662027833
0 0.5002604166666667 0.6679920477137177 0.024479166666666666 0.03180914512922465
0 0.7705729166666667 0.6665009940357853 0.015104166666666667 0.008946322067594433
0 0.5427083333333333 0.6809145129224652 0.017708333333333333 0.033797216699801194
0 0.6559895833333333 0.6784294234592445 0.016145833333333335 0.02286282306163022
0 0.6013020833333333 0.6789264413518886 0.0046875 0.02385685884691849
0 0.058854166666666666 0.6858846918489065 0.0125 0.03180914512922465
0 0.4518229166666667 0.6829025844930418 0.0140625 0.02385685884691849
0 0.5875 0.68389662027833 0.011458333333333333 0.017892644135188866
0 0.6958333333333333 0.7032803180914513 0.004166666666666667 0.02286282306163022
0 0.6338541666666667 0.7002982107355865 0.016666666666666666 0.012922465208747515
0 0.5622395833333333 0.7092445328031809 0.005729166666666666 0.02286282306163022
0 0.38776041666666666 0.7181908548707754 0.009895833333333333 0.02286282306163022
0 0.54765625 0.7216699801192843 0.0109375 0.019880715705765408
0 0.63671875 0.7251491053677932 0.024479166666666666 0.018886679920477135
0 0.2671875 0.7445328031809145 0.008333333333333333 0.02385685884691849
0 0.29192708333333334 0.7460238568588469 0.015104166666666667 0.016898608349900597
0 0.4622395833333333 0.7594433399602386 0.008854166666666666 0.02385685884691849
0 0.48333333333333334 0.7594433399602386 0.011458333333333333 0.02186878727634195
0 0.6739583333333333 0.757455268389662 0.020833333333333332 0.013916500994035786
0 0.6341145833333334 0.7673956262425448 0.008854166666666666 0.019880715705765408
0 0.44973958333333336 0.76441351888668 0.008854166666666666 0.013916500994035786
0 0.54375 0.7703777335984096 0.005208333333333333 0.02186878727634195
0 0.79140625 0.7788270377733598 0.0140625 0.03479125248508946
0 0.5953125 0.7773359840954275 0.009375 0.033797216699801194
0 0.81328125 0.7693836978131213 0.0140625 0.013916500994035786
0 0.21197916666666666 0.8046719681908548 0.008333333333333333 0.0268389662027833
0 0.60859375 0.8061630218687873 0.011979166666666667 0.019880715705765408
0 0.7911458333333333 0.8190854870775348 0.015625 0.027833001988071572
0 0.7294270833333333 0.8210735586481114 0.0171875 0.009940357852882704
0 0.5942708333333333 0.8250497017892644 0.0125 0.017892644135188866
0 0.8604166666666667 0.8364811133200796 0.010416666666666666 0.030815109343936383
0 0.5411458333333333 0.8334990059642147 0.014583333333333334 0.018886679920477135
0 0.18229166666666666 0.8484095427435387 0.008333333333333333 0.03479125248508946
0 0.7669270833333334 0.8518886679920478 0.009895833333333333 0.039761431411530816
0 0.79609375 0.8548707753479126 0.009895833333333333 0.03180914512922465
0 0.7348958333333333 0.8613320079522863 0.009375 0.036779324055666
0 0.6203125 0.8628230616302187 0.008333333333333333 0.011928429423459244
0 0.5674479166666667 0.8762425447316103 0.018229166666666668 0.020874751491053677
0 0.2546875 0.8851888667992047 0.008333333333333333 0.0268389662027833
0 0.75703125 0.8851888667992047 0.0109375 0.02286282306163022
0 0.18229166666666666 0.8961232604373758 0.014583333333333334 0.03479125248508946
0 0.11744791666666667 0.8916500994035785 0.0067708333333333336 0.02385685884691849
0 0.45651041666666664 0.9060636182902585 0.005729166666666666 0.02882703777335984
0 0.70390625 0.9070576540755467 0.008854166666666666 0.02485089463220676
0 0.4796875 0.9070576540755467 0.013541666666666667 0.02286282306163022
0 0.19609375 0.9010934393638171 0.011979166666666667 0.006958250497017893
0 0.5864583333333333 0.9085487077534792 0.01875 0.009940357852882704
0 0.5221354166666666 0.9169980119284294 0.0067708333333333336 0.0268389662027833
0 0.8859375 0.9304174950298211 0.021875 0.04572564612326044
0 0.509375 0.9219681908548708 0.008333333333333333 0.02286282306163022
0 0.04010416666666667 0.9209741550695825 0.020833333333333332 0.02286282306163022
0 0.7026041666666667 0.9329025844930418 0.013541666666666667 0.016898608349900597
0 0.55703125 0.9333996023856859 0.018229166666666668 0.011928429423459244
0 0.5432291666666667 0.9423459244532804 0.004166666666666667 0.02584493041749503
0 0.49973958333333335 0.9463220675944334 0.015104166666666667 0.02982107355864811
0 0.41458333333333336 0.9617296222664016 0.007291666666666667 0.04671968190854871
0 0.6700520833333333 0.9473161033797217 0.015104166666666667 0.009940357852882704
0 0.7239583333333334 0.9716699801192843 0.011458333333333333 0.018886679920477135
0 0.6692708333333334 0.9761431411530815 0.013541666666666667 0.011928429423459244
0 0.47109375 0.9875745526838966 0.0109375 0.02286282306163022
0 0.6559895833333333 0.9920477137176938 0.0067708333333333336 0.013916500994035786