0 0.016927083333333332 0.008449304174950299 0.033854166666666664 0.016898608349900597
0 0.06171875 0.005964214711729622 0.0171875 0.011928429423459244
0 0.22708333333333333 0.009443339960238568 0.013541666666666667 0.018886679920477135
0 0.48880208333333336 0.004970178926441352 0.008854166666666666 0.009940357852882704
0 0.7252604166666666 0.009940357852882704 0.015104166666666667 0.011928429423459244
0 0.9963541666666667 0.017892644135188866 0.00625 0.019880715705765408
0 0.34010416666666665 0.06858846918489066 0.015625 0.013916500994035786
0 0.23307291666666666 0.09343936381709742 0.015104166666666667 0.02385685884691849
0 0.25390625 0.10139165009940358 0.008854166666666666 0.03180914512922465
0 0.35130208333333335 0.091948310139165 0.013020833333333334 0.012922465208747515
0 0.49375 0.09393638170974156 0.011458333333333333 0.010934393638170975
0 0.303125 0.11332007952286283 0.008333333333333333 0.019880715705765408
0 0.46067708333333335 0.11182902584493042 0.005729166666666666 0.018886679920477135
0 0.84296875 0.11878727634194831 0.011979166666666667 0.012922465208747515
0 0.7661458333333333 0.12375745526838966 0.008333333333333333 0.016898608349900597
0 0.9432291666666667 0.13021868787276342 0.010416666666666666 0.02385685884691849
0 0.008072916666666667 0.1317097415506958 0.016145833333333335 0.02286282306163022
0 0.23307291666666666 0.13369781312127235 0.015104166666666667 0.0268389662027833
0 0.9153645833333334 0.1327037773359841 0.008854166666666666 0.02286282306163022
0 0.57734375 0.13220675944333996 0.0109375 0.007952286282306162
0 0.6536458333333334 0.13767395626242546 0.00625 0.018886679920477135
0 0.06692708333333333 0.14910536779324055 0.015104166666666667 0.02584493041749503
0 0.5890625 0.15357852882703776 0.00625 0.018886679920477135
0 0.8091145833333333 0.15357852882703776 0.013020833333333334 0.018886679920477135
0 0.35911458333333335 0.15606361829025844 0.008854166666666666 0.019880715705765408
0 0.45078125 0.15854870775347912 0.016145833333333335 0.02286282306163022
0 0.9799479166666667 0.16998011928429424 0.0296875 0.04572564612326044
0 0.41510416666666666 0.16749502982107356 0.013541666666666667 0.014910536779324055
0 0.27734375 0.16848906560636182 0.0140625 0.010934393638170975
0 0.61171875 0.17345924453280318 0.0171875 0.020874751491053677
0 0.81953125 0.17892644135188868 0.0140625 0.033797216699801194
0 0.9205729166666666 0.1893638170974155 0.013020833333333334 0.0268389662027833
0 0.10651041666666666 0.19980119284294234 0.011979166666666667 0.03777335984095427
0 0.2833333333333333 0.19731610337972166 0.015625 0.030815109343936383
0 0.5927083333333333 0.1988071570576541 0.021875 0.019880715705765408
0 0.8442708333333333 0.20029821073558648 0.00625 0.02286282306163022
0 0.38307291666666665 0.19980119284294234 0.0078125 0.019880715705765408
0 0.5075520833333333 0.20178926441351888 0.011979166666666667 0.02186878727634195
0 0.82109375 0.21073558648111332 0.0078125 0.02186878727634195
0 0.5213541666666667 0.213220675944334 0.009375 0.012922465208747515
0 0.7359375 0.21669980119284293 0.008333333333333333 0.017892644135188866
0 0.7885416666666667 0.21719681908548708 0.015625 0.012922465208747515
0 0.5822916666666667 0.23409542743538767 0.008333333333333333 0.036779324055666
0 0.11744791666666667 0.2360834990059642 0.013020833333333334 0.02882703777335984
0 0.6075520833333333 0.2360834990059642 0.015104166666666667 0.02882703777335984
0 0.6859375 0.23807157057654074 0.017708333333333333 0.018886679920477135
0 0.7046875 0.2400596421471173 0.00625 0.020874751491053677
0 0.98125 0.24353876739562624 0.0125 0.02584493041749503
0 0.81328125 0.25347912524850896 0.009895833333333333 0.03180914512922465
0 0.10208333333333333 0.25646123260437376 0.015625 0.02385685884691849
0 0.8479166666666667 0.2524850894632207 0.009375 0.009940357852882704
0 0.6484375 0.25795228628230615 0.008333333333333333 0.014910536779324055
0 0.221875 0.2668986083499006 0.019791666666666666 0.014910536779324055
0 0.5046875 0.275844930417495 0.014583333333333334 0.02882703777335984
0 0.61171875 0.2673956262425447 0.0203125 0.011928429423459244
0 0.7940104166666667 0.275844930417495 0.009895833333333333 0.02485089463220676
0 0.8231770833333333 0.2813121272365805 0.0140625 0.033797216699801194
0 0.4421875 0.2768389662027833 0.019791666666666666 0.018886679920477135
0 0.2630208333333333 0.2823061630218688 0.011458333333333333 0.015904572564612324
0 0.2526041666666667 0.28727634194831014 0.008333333333333333 0.013916500994035786
0 0.2830729166666667 0.29174950298210733 0.0067708333333333336 0.02286282306163022
0 0.096875 0.30467196819085485 0.0125 0.042743538767395624
0 0.9239583333333333 0.3101391650099404 0.011458333333333333 0.02584493041749503
0 0.24479166666666666 0.3116302186878728 0.013541666666666667 0.018886679920477135
0 0.45416666666666666 0.3106361829025845 0.020833333333333332 0.016898608349900597
0 0.49661458333333336 0.323558648111332 0.0067708333333333336 0.0268389662027833
0 0.19765625 0.3205765407554672 0.009895833333333333 0.014910536779324055
0 0.3546875 0.3364811133200795 0.015625 0.012922465208747515
0 0.5494791666666666 0.34393638170974156 0.011458333333333333 0.015904572564612324
0 0.07083333333333333 0.352882703777336 0.01875 0.03180914512922465
0 0.775 0.3533797216699801 0.008333333333333333 0.020874751491053677
0 0.8645833333333334 0.3508946322067594 0.0125 0.013916500994035786
0 0.91171875 0.3658051689860835 0.009895833333333333 0.011928429423459244
0 0.11328125 0.37375745526838966 0.0171875 0.017892644135188866
0 0.33567708333333335 0.371272365805169 0.0171875 0.012922465208747515
0 0.8630208333333333 0.378727634194831 0.015625 0.02584493041749503
0 0.01484375 0.3866799204771372 0.0203125 0.027833001988071572
0 0.7442708333333333 0.3841948310139165 0.010416666666666666 0.016898608349900597
0 0.34921875 0.38966202783300197 0.016145833333333335 0.02385685884691849
0 0.17005208333333333 0.3946322067594433 0.008854166666666666 0.02584493041749503
0 0.57265625 0.38916500994035785 0.019270833333333334 0.016898608349900597
0 0.7994791666666666 0.397117296222664 0.007291666666666667 0.012922465208747515
0 0.9049479166666666 0.40457256461232605 0.0046875 0.02186878727634195
0 0.8104166666666667 0.40904572564612324 0.0125 0.016898608349900597
0 0.31015625 0.4135188866799205 0.018229166666666668 0.019880715705765408
0 0.5908854166666667 0.41998011928429424 0.022395833333333334 0.02286282306163022
0 0.86875 0.4289264413518887 0.009375 0.02485089463220676
0 0.8875 0.4284294234592445 0.016666666666666666 0.02385685884691849
0 0.7981770833333334 0.441351888667992 0.008854166666666666 0.02186878727634195
0 0.09244791666666667 0.46322067594433397 0.0171875 0.019880715705765408
0 0.9111979166666667 0.4671968190854871 0.005729166666666666 0.02385685884691849
0 0.6971354166666667 0.47564612326043737 0.008854166666666666 0.030815109343936383
0 0.5567708333333333 0.48111332007952284 0.0125 0.03180914512922465
0 0.9950520833333333 0.48807157057654077 0.008854166666666666 0.033797216699801194
0 0.5979166666666667 0.4826043737574553 0.011458333333333333 0.018886679920477135
0 0.7588541666666667 0.49105367793240556 0.007291666666666667 0.02186878727634195
0 0.7822916666666667 0.4875745526838966 0.011458333333333333 0.008946322067594433
0 0.53125 0.5019880715705766 0.007291666666666667 0.02982107355864811
0 0.2955729166666667 0.51441351888668 0.013020833333333334 0.032803180914512925
0 0.5658854166666667 0.5387673956262425 0.021354166666666667 0.05168986083499006
0 0.9450520833333333 0.5407554671968191 0.0203125 0.019880715705765408
0 0.375 0.544234592445328 0.01875 0.014910536779324055
0 0.42682291666666666 0.5621272365805169 0.0140625 0.016898608349900597
0 0.6966145833333334 0.558648111332008 0.0109375 0.009940357852882704
0 0.9533854166666667 0.5725646123260437 0.0140625 0.02385685884691849
0 0.6536458333333334 0.5675944333996024 0.009375 0.007952286282306162
0 0.07005208333333333 0.5710735586481114 0.0067708333333333336 0.010934393638170975
0 0.8333333333333334 0.5755467196819085 0.007291666666666667 0.019880715705765408
0 0.5388020833333333 0.5834990059642147 0.0140625 0.03180914512922465
0 0.7002604166666667 0.5805168986083499 0.011979166666666667 0.013916500994035786
0 0.971875 0.5904572564612326 0.008333333333333333 0.03180914512922465
0 0.596875 0.5974155069582505 0.013541666666666667 0.03180914512922465
0 0.8536458333333333 0.6078528827037774 0.017708333333333333 0.03479125248508946
0 0.8768229166666667 0.6033797216699801 0.008854166666666666 0.019880715705765408
0 0.8375 0.614314115308151 0.020833333333333332 0.02982107355864811
0 0.77421875 0.6192842942345924 0.016145833333333335 0.02982107355864811
0 0.3177083333333333 0.6237574552683897 0.017708333333333333 0.030815109343936383
0 0.92265625 0.6192842942345924 0.016145833333333335 0.015904572564612324
0 0.6528645833333333 0.6197813121272365 0.009895833333333333 0.010934393638170975
0 0.8916666666666667 0.6312127236580517 0.007291666666666667 0.02982107355864811
0 0.5765625 0.6242544731610338 0.011458333333333333 0.011928429423459244
0 0.68046875 0.6247514910536779 0.0171875 0.012922465208747515
0 0.12526041666666668 0.6620278330019881 0.0203125 0.06759443339960239
0 0.60078125 0.6421471172962226 0.013020833333333334 0.02584493041749503
0 0.9908854166666666 0.661530815109344 0.0171875 0.05864811133200795
0 0.9104166666666667 0.6466202783300199 0.008333333333333333 0.0268389662027833
0 0.5885416666666666 0.6496023856858847 0.005208333333333333 0.020874751491053677
0 0.3734375 0.6565606361829026 0.017708333333333333 0.0268389662027833
0 0.353125 0.661530815109344 0.011458333333333333 0.030815109343936383
0 0.8809895833333333 0.6570576540755467 0.013020833333333334 0.017892644135188866
0 0.5635416666666667 0.6645129224652088 0.013541666666666667 0.02485089463220676
0 0.45026041666666666 0.6719681908548708 0.013020833333333334 0.03578528827037773
0 0.9552083333333333 0.6640159045725647 0.015625 0.019880715705765408
0 0.675 0.6704771371769384 0.011458333333333333 0.0268389662027833
0 0.74765625 0.6829025844930418 0.016145833333333335 0.009940357852882704
0 0.11276041666666667 0.6933399602385686 0.015104166666666667 0.0268389662027833
0 0.92578125 0.6943339960238568 0.0140625 0.018886679920477135
0 0.6505208333333333 0.7007952286282306 0.008333333333333333 0.02584493041749503
0 0.7130208333333333 0.7052683896620279 0.008333333333333333 0.02882703777335984
0 0.49661458333333336 0.7042743538767395 0.024479166666666666 0.014910536779324055
0 0.6885416666666667 0.709741550695825 0.011458333333333333 0.02186878727634195
0 0.6763020833333333 0.7092445328031809 0.0067708333333333336 0.012922465208747515
0 0.5609375 0.7306163021868787 0.007291666666666667 0.039761431411530816
0 0.92421875 0.724155069582505 0.013020833333333334 0.020874751491053677
0 0.8809895833333333 0.7226640159045725 0.011979166666666667 0.015904572564612324
0 0.9479166666666666 0.7296222664015904 0.013541666666666667 0.02186878727634195
0 0.659375 0.7360834990059643 0.00625 0.02882703777335984
0 0.6703125 0.7345924453280318 0.008333333333333333 0.02385685884691849
0 0.5786458333333333 0.731610337972167 0.016666666666666666 0.013916500994035786
0 0.5307291666666667 0.73558648111332 0.00625 0.017892644135188866
0 0.10234375 0.7405566600397614 0.021354166666666667 0.017892644135188866
0 0.4921875 0.7345924453280318 0.013541666666666667 0.007952286282306162
0 0.646875 0.7539761431411531 0.03125 0.02485089463220676
0 0.7755208333333333 0.7514910536779325 0.016666666666666666 0.017892644135188866
0 0.73046875 0.7619284294234593 0.0109375 0.02286282306163022
0 0.31640625 0.7678926441351889 0.018229166666666668 0.030815109343936383
0 0.878125 0.7713717693836978 0.011458333333333333 0.03180914512922465
0 0.9934895833333334 0.7713717693836978 0.011979166666666667 0.03180914512922465
0 0.009375 0.7698807157057654 0.01875 0.0268389662027833
0 0.7604166666666666 0.7693836978131213 0.009375 0.009940357852882704
0 0.8640625 0.7882703777335984 0.010416666666666666 0.041749502982107355
0 0.9731770833333333 0.7813121272365805 0.0109375 0.027833001988071572
0 0.7794270833333333 0.7808151093439364 0.008854166666666666 0.02286282306163022
0 0.49713541666666666 0.7833001988071571 0.0140625 0.02584493041749503
0 0.5411458333333333 0.7803180914512923 0.0125 0.017892644135188866
0 0.51796875 0.786779324055666 0.013020833333333334 0.020874751491053677
0 0.6510416666666666 0.7897614314115308 0.013541666666666667 0.016898608349900597
0 0.6296875 0.8036779324055666 0.029166666666666667 0.042743538767395624
0 0.6802083333333333 0.7912524850894632 0.010416666666666666 0.007952286282306162
0 0.5963541666666666 0.8031809145129225 0.010416666666666666 0.011928429423459244
0 0.23958333333333334 0.8205765407554672 0.0125 0.042743538767395624
0 0.9908854166666666 0.8175944333996024 0.0171875 0.02882703777335984
0 0.49713541666666666 0.8235586481113321 0.0203125 0.03479125248508946
0 0.7122395833333334 0.8190854870775348 0.025520833333333333 0.02584493041749503
0 0.6690104166666667 0.8166003976143141 0.0171875 0.012922465208747515
0 0.5682291666666667 0.8185884691848907 0.011458333333333333 0.012922465208747515
0 0.8802083333333334 0.8275347912524851 0.0125 0.02485089463220676
0 0.64453125 0.8469184890656064 0.0234375 0.05765407554671968
0 0.4270833333333333 0.8434393638170974 0.0125 0.03876739562624255
0 0.7283854166666667 0.841948310139165 0.0067708333333333336 0.019880715705765408
0 0.60234375 0.8474155069582505 0.0078125 0.02485089463220676
0 0.8630208333333333 0.8414512922465208 0.00625 0.012922465208747515
0 0.6640625 0.8469184890656064 0.009375 0.02186878727634195
0 0.4739583333333333 0.8414512922465208 0.013541666666666667 0.006958250497017893
0 0.4552083333333333 0.8613320079522863 0.014583333333333334 0.030815109343936383
0 0.5708333333333333 0.8553677932405567 0.01875 0.014910536779324055
0 0.6807291666666667 0.8737574552683897 0.034375 0.039761431411530816
0 0.31302083333333336 0.8687872763419483 0.016666666666666666 0.02584493041749503
0 0.37213541666666666 0.8762425447316103 0.008854166666666666 0.0268389662027833
0 0.7486979166666666 0.8762425447316103 0.0171875 0.02882703777335984
0 0.5822916666666667 0.9000994035785288 0.028125 0.05268389662027833
0 0.55390625 0.8936381709741551 0.008854166666666666 0.019880715705765408
0 0.45338541666666665 0.9010934393638171 0.0067708333333333336 0.02882703777335984
0 0.6609375 0.9055666003976143 0.011458333333333333 0.03180914512922465
0 0.41380208333333335 0.9145129224652088 0.0067708333333333336 0.039761431411530816
0 0.228125 0.9194831013916501 0.005208333333333333 0.03777335984095427
0 0.6385416666666667 0.9209741550695825 0.020833333333333332 0.042743538767395624
0 0.9763020833333333 0.9169980119284294 0.0171875 0.02485089463220676
0 0.7348958333333333 0.9244532803180915 0.011458333333333333 0.017892644135188866
0 0.52734375 0.9368787276341949 0.0078125 0.02485089463220676
0 0.8583333333333333 0.9353876739562624 0.011458333333333333 0.02186878727634195
0 0.5145833333333333 0.9458250497017893 0.0125 0.02286282306163022
0 0.6229166666666667 0.9403578528827038 0.013541666666666667 0.011928429423459244
0 0.6609375 0.941351888667992 0.016666666666666666 0.011928429423459244
0 0.56640625 0.9607355864811133 0.024479166666666666 0.04671968190854871
0 0.48828125 0.9627236580516899 0.0140625 0.032803180914512925
0 0.41380208333333335 0.9582504970178927 0.0067708333333333336 0.017892644135188866
0 0.5401041666666667 0.9572564612326043 0.011458333333333333 0.007952286282306162
0 0.68515625 0.9681908548707754 0.008854166666666666 0.02385685884691849
0 0.5888020833333333 0.967196819085487 0.022395833333333334 0.017892644135188866
0 0.6567708333333333 0.9642147117296223 0.010416666666666666 0.011928429423459244
0 0.6734375 0.9831013916500994 0.0125 0.03180914512922465
0 0.321875 0.989065606361829 0.013541666666666667 0.019880715705765408
0 0.009635416666666667 0.9910536779324056 0.0109375 0.015904572564612324
0 0.80859375 0.9910536779324056 0.016145833333333335 0.015904572564612324
0 0.7643229166666666 0.992544731610338 0.0203125 0.012922465208747515
0 0.55703125 0.9935387673956262 0.0078125 0.010934393638170975