0 0.6197916666666666 0.0268389662027833 0.010416666666666666 0.039761431411530816
0 0.14427083333333332 0.051192842942345926 0.01875 0.048707753479125246
0 0.5794270833333334 0.04473161033797217 0.0265625 0.02385685884691849
0 0.0421875 0.04771371769383698 0.008333333333333333 0.02385685884691849
0 0.3536458333333333 0.09840954274353876 0.010416666666666666 0.02186878727634195
0 0.5630208333333333 0.09691848906560636 0.01875 0.020874751491053677
0 0.008333333333333333 0.17594433399602386 0.016666666666666666 0.04771371769383698
0 0.103125 0.17892644135188868 0.01875 0.027833001988071572
0 0.01015625 0.24055666003976142 0.0203125 0.05765407554671968
0 0.05416666666666667 0.3911530815109344 0.013541666666666667 0.030815109343936383
0 0.10390625 0.44532803180914515 0.0203125 0.027833001988071572
0 0.13802083333333334 0.5024850894632207 0.008333333333333333 0.016898608349900597
0 0.20052083333333334 0.5308151093439364 0.010416666666666666 0.041749502982107355
0 0.0328125 0.532803180914513 0.013541666666666667 0.02982107355864811
0 0.027083333333333334 0.6570576540755467 0.011458333333333333 0.015904572564612324
0 0.0328125 0.8255467196819085 0.016666666666666666 0.036779324055666