0 0.35052083333333334 0.01341948310139165 0.025 0.0268389662027833
0 0.6934895833333333 0.018389662027833 0.013020833333333334 0.036779324055666
0 0.7283854166666667 0.01242544731610338 0.0078125 0.02485089463220676
0 0.4791666666666667 0.02385685884691849 0.00625 0.033797216699801194
0 0.3 0.060139165009940355 0.021875 0.02882703777335984
0 0.2359375 0.07852882703777336 0.014583333333333334 0.041749502982107355
0 0.3966145833333333 0.10487077534791253 0.013020833333333334 0.0268389662027833
0 0.1734375 0.10984095427435388 0.009375 0.02882703777335984
0 0.6072916666666667 0.11928429423459244 0.011458333333333333 0.02186878727634195
0 0.29375 0.1525844930417495 0.011458333333333333 0.03479125248508946
0 0.13515625 0.16500994035785288 0.0203125 0.03777335984095427
0 0.3078125 0.1918489065606362 0.0125 0.017892644135188866
0 0.34401041666666665 0.22962226640159045 0.024479166666666666 0.0536779324055666
0 0.15963541666666667 0.22664015904572565 0.022395833333333334 0.02982107355864811
0 0.3765625 0.25198807157057657 0.011458333333333333 0.03876739562624255
0 0.26510416666666664 0.2644135188866799 0.014583333333333334 0.019880715705765408
0 0.3072916666666667 0.2678926441351889 0.009375 0.014910536779324055
0 0.1375 0.28677932405566603 0.007291666666666667 0.042743538767395624
0 0.31692708333333336 0.2783300198807157 0.005729166666666666 0.02186878727634195
0 0.35234375 0.2837972166998012 0.005729166666666666 0.016898608349900597
0 0.3372395833333333 0.3036779324055666 0.019270833333333334 0.018886679920477135
0 0.9190104166666667 0.3215705765407555 0.019270833333333334 0.02882703777335984
0 0.18802083333333333 0.34343936381709744 0.021875 0.020874751491053677
0 0.39739583333333334 0.3643141153081511 0.0125 0.012922465208747515
0 0.32317708333333334 0.3871769383697813 0.011979166666666667 0.05069582504970179
0 0.30494791666666665 0.3727634194831014 0.005729166666666666 0.013916500994035786
0 0.11614583333333334 0.37475149105367794 0.009375 0.007952286282306162
0 0.1859375 0.4378727634194831 0.016666666666666666 0.040755467196819085
0 0.3802083333333333 0.4269383697813121 0.011458333333333333 0.020874751491053677
0 0.29348958333333336 0.4418489065606362 0.0109375 0.02286282306163022
0 0.39947916666666666 0.4517892644135189 0.008333333333333333 0.030815109343936383
0 0.5192708333333333 0.44532803180914515 0.015625 0.015904572564612324
0 0.9989583333333333 0.4721669980119284 0.0010416666666666667 0.061630218687872766
0 0.4390625 0.470675944333996 0.010416666666666666 0.030815109343936383
0 0.25494791666666666 0.4761431411530815 0.008854166666666666 0.03180914512922465
0 0.30078125 0.47664015904572565 0.016145833333333335 0.014910536779324055
0 0.24166666666666667 0.5149105367793241 0.023958333333333335 0.04572564612326044
0 0.37421875 0.5492047713717694 0.0140625 0.042743538767395624
0 0.7463541666666667 0.5357852882703777 0.016666666666666666 0.011928429423459244
0 0.51328125 0.55168986083499 0.016145833333333335 0.013916500994035786
0 0.017447916666666667 0.5616302186878728 0.009895833333333333 0.011928429423459244
0 0.3502604166666667 0.5715705765407555 0.008854166666666666 0.02982107355864811
0 0.30026041666666664 0.5859840954274353 0.033854166666666664 0.036779324055666
0 0.33177083333333335 0.6073558648111332 0.0125 0.013916500994035786
0 0.38984375 0.617296222664016 0.009895833333333333 0.027833001988071572
0 0.3328125 0.6366799204771372 0.008333333333333333 0.008946322067594433
0 0.48151041666666666 0.6744532803180915 0.034895833333333334 0.048707753479125246
0 0.43020833333333336 0.6744532803180915 0.013541666666666667 0.018886679920477135
0 0.35 0.6739562624254473 0.014583333333333334 0.013916500994035786
0 0.41796875 0.6754473161033797 0.008854166666666666 0.014910536779324055
0 0.3515625 0.7137176938369781 0.008333333333333333 0.011928429423459244
0 0.22213541666666667 0.7306163021868787 0.005729166666666666 0.02584493041749503
0 0.37421875 0.7415506958250497 0.009895833333333333 0.02584493041749503
0 0.3515625 0.7410536779324056 0.010416666666666666 0.020874751491053677
0 0.39817708333333335 0.7569582504970179 0.034895833333333334 0.05268389662027833
0 0.33515625 0.7455268389662028 0.013020833333333334 0.015904572564612324
0 0.43203125 0.7599403578528827 0.008854166666666666 0.03479125248508946
0 0.48020833333333335 0.76441351888668 0.01875 0.02584493041749503
0 0.3458333333333333 0.7793240556660039 0.040625 0.02584493041749503
0 0.26458333333333334 0.8081510934393639 0.019791666666666666 0.0437375745526839
0 0.4421875 0.8071570576540755 0.034375 0.039761431411530816
0 0.240625 0.8066600397614314 0.011458333333333333 0.030815109343936383
0 0.39010416666666664 0.8141153081510935 0.016666666666666666 0.03578528827037773
0 0.47708333333333336 0.8166003976143141 0.016666666666666666 0.016898608349900597
0 0.87734375 0.8230616302186878 0.021354166666666667 0.017892644135188866
0 0.4513020833333333 0.8533797216699801 0.0171875 0.05467196819085487
0 0.2609375 0.8533797216699801 0.028125 0.036779324055666
0 0.50078125 0.8608349900596421 0.015104166666666667 0.013916500994035786
0 0.16614583333333333 0.8871769383697813 0.014583333333333334 0.030815109343936383
0 0.25078125 0.9075546719681908 0.018229166666666668 0.04771371769383698
0 0.17760416666666667 0.9259443339960238 0.022916666666666665 0.05666003976143141
0 0.14192708333333334 0.9160039761431411 0.022395833333333334 0.020874751491053677
0 0.29453125 0.9169980119284294 0.015104166666666667 0.020874751491053677
0 0.23489583333333333 0.9343936381709742 0.00625 0.03777335984095427
0 0.5875 0.9259443339960238 0.019791666666666666 0.016898608349900597
0 0.4296875 0.9423459244532804 0.013541666666666667 0.027833001988071572
0 0.284375 0.959741550695825 0.023958333333333335 0.016898608349900597
0 0.7549479166666667 0.9662027833001988 0.0046875 0.017892644135188866
0 0.2421875 0.9801192842942346 0.0375 0.03777335984095427
0 0.5684895833333333 0.9786282306163022 0.0140625 0.02286282306163022
0 0.628125 0.9761431411530815 0.017708333333333333 0.015904572564612324