0 0.9828125 0.0044731610337972166 0.03333333333333333 0.008946322067594433
0 0.16171875 0.09741550695825049 0.0078125 0.02186878727634195
0 0.73671875 0.12226640159045726 0.0109375 0.011928429423459244
0 0.29401041666666666 0.16401590457256462 0.009895833333333333 0.02186878727634195
0 0.6026041666666667 0.2629224652087475 0.00625 0.012922465208747515
0 0.31744791666666666 0.32007952286282304 0.008854166666666666 0.02186878727634195
0 0.24296875 0.3996023856858847 0.0109375 0.02584493041749503
0 0.97421875 0.46222664015904574 0.016145833333333335 0.03578528827037773
0 0.9200520833333333 0.4731610337972167 0.008854166666666666 0.011928429423459244
0 0.012760416666666666 0.49105367793240556 0.022395833333333334 0.02982107355864811
0 0.7356770833333334 0.5039761431411531 0.009895833333333333 0.013916500994035786
0 0.6244791666666667 0.5765407554671969 0.014583333333333334 0.017892644135188866
0 0.7028645833333333 0.6406560636182903 0.011979166666666667 0.010934393638170975
0 0.85703125 0.647117296222664 0.011979166666666667 0.013916500994035786
0 0.27578125 0.6610337972166997 0.009895833333333333 0.017892644135188866
0 0.334375 0.679920477137177 0.011458333333333333 0.02385685884691849
0 0.30182291666666666 0.6883697813121272 0.009895833333333333 0.016898608349900597
0 0.23489583333333333 0.7137176938369781 0.0125 0.009940357852882704
0 0.3770833333333333 0.7186878727634195 0.00625 0.015904572564612324
0 0.48333333333333334 0.7465208747514911 0.007291666666666667 0.02385685884691849
0 0.971875 0.7778330019880716 0.009375 0.014910536779324055
0 0.7828125 0.7877733598409543 0.00625 0.010934393638170975
0 0.32005208333333335 0.8041749502982107 0.0078125 0.011928429423459244
0 0.6979166666666666 0.8394632206759444 0.021875 0.014910536779324055
0 0.15364583333333334 0.893141153081511 0.009375 0.02882703777335984
0 0.31015625 0.8832007952286283 0.0140625 0.010934393638170975
0 0.34765625 0.9015904572564613 0.0078125 0.013916500994035786
0 0.4161458333333333 0.9219681908548708 0.008333333333333333 0.012922465208747515
0 0.2375 0.9766401590457257 0.007291666666666667 0.018886679920477135
0 0.4830729166666667 0.9781312127236581 0.0067708333333333336 0.017892644135188866
0 0.4640625 0.9905566600397614 0.008333333333333333 0.016898608349900597