0 0.17916666666666667 0.01341948310139165 0.010416666666666666 0.0268389662027833
0 0.2838541666666667 0.008946322067594433 0.013541666666666667 0.017892644135188866
0 0.61640625 0.0054671968190854875 0.008854166666666666 0.010934393638170975
0 0.7768229166666667 0.004970178926441352 0.013020833333333334 0.009940357852882704
0 0.83046875 0.01242544731610338 0.018229166666666668 0.02485089463220676
0 0.9119791666666667 0.025347912524850896 0.008333333333333333 0.014910536779324055
0 0.834375 0.053180914512922464 0.017708333333333333 0.032803180914512925
0 0.87421875 0.052186878727634195 0.013020833333333334 0.02882703777335984
0 0.29192708333333334 0.05616302186878728 0.0109375 0.02882703777335984
0 0.78671875 0.05417495029821073 0.0140625 0.02286282306163022
0 0.8075520833333333 0.05815109343936382 0.011979166666666667 0.02485089463220676
0 0.9338541666666667 0.07256461232604373 0.016666666666666666 0.03180914512922465
0 0.74921875 0.06709741550695825 0.013020833333333334 0.016898608349900597
0 0.14427083333333332 0.08399602385685885 0.00625 0.02485089463220676
0 0.4161458333333333 0.08200795228628231 0.009375 0.020874751491053677
0 0.6010416666666667 0.09045725646123261 0.01875 0.033797216699801194
0 0.6763020833333333 0.08598409542743539 0.011979166666666667 0.0268389662027833
0 0.4869791666666667 0.09045725646123261 0.008333333333333333 0.019880715705765408
0 0.6575520833333334 0.09940357852882704 0.0140625 0.011928429423459244
0 0.9260416666666667 0.10387673956262425 0.008333333333333333 0.020874751491053677
0 0.14505208333333333 0.12326043737574553 0.0067708333333333336 0.03777335984095427
0 0.35885416666666664 0.11580516898608349 0.011458333333333333 0.020874751491053677
0 0.8703125 0.11580516898608349 0.022916666666666665 0.020874751491053677
0 0.18463541666666666 0.12922465208747516 0.019270833333333334 0.041749502982107355
0 0.1328125 0.12972166998011928 0.010416666666666666 0.032803180914512925
0 0.515625 0.13817097415506957 0.015625 0.02186878727634195
0 0.7705729166666667 0.13916500994035785 0.0140625 0.011928429423459244
0 0.6669270833333333 0.14463220675944333 0.0078125 0.020874751491053677
0 0.8872395833333333 0.14165009940357853 0.011979166666666667 0.012922465208747515
0 0.37395833333333334 0.1540755467196819 0.005208333333333333 0.02186878727634195
0 0.39036458333333335 0.1625248508946322 0.016145833333333335 0.02882703777335984
0 0.73984375 0.15656063618290258 0.015104166666666667 0.016898608349900597
0 0.9416666666666667 0.16053677932405566 0.007291666666666667 0.018886679920477135
0 0.9934895833333334 0.1709741550695825 0.011979166666666667 0.02385685884691849
0 0.6515625 0.16650099403578528 0.011458333333333333 0.012922465208747515
0 0.6752604166666667 0.17693836978131214 0.008854166666666666 0.02385685884691849
0 0.9684895833333333 0.1833996023856859 0.028645833333333332 0.030815109343936383
0 0.7065104166666667 0.19234592445328033 0.0109375 0.02882703777335984
0 0.9450520833333333 0.19383697813121273 0.009895833333333333 0.019880715705765408
0 0.4552083333333333 0.20576540755467196 0.013541666666666667 0.027833001988071572
0 0.5666666666666667 0.20924453280318092 0.009375 0.016898608349900597
0 0.5979166666666667 0.2147117296222664 0.008333333333333333 0.02584493041749503
0 0.6739583333333333 0.21570576540755468 0.005208333333333333 0.02186878727634195
0 0.528125 0.26093439363817095 0.016666666666666666 0.02286282306163022
0 0.596875 0.2664015904572565 0.019791666666666666 0.027833001988071572
0 0.6807291666666667 0.2614314115308151 0.014583333333333334 0.015904572564612324
0 0.3809895833333333 0.2698807157057654 0.0109375 0.02485089463220676
0 0.6484375 0.28876739562624254 0.00625 0.012922465208747515
0 0.7403645833333333 0.29870775347912526 0.021354166666666667 0.030815109343936383
0 0.9934895833333334 0.2932405566600398 0.011979166666666667 0.015904572564612324
0 0.62890625 0.297713717693837 0.0140625 0.018886679920477135
0 0.8286458333333333 0.2957256461232604 0.0125 0.010934393638170975
0 0.67421875 0.30268389662027834 0.013020833333333334 0.012922465208747515
0 0.24765625 0.3305168986083499 0.008854166666666666 0.030815109343936383
0 0.5333333333333333 0.32852882703777336 0.007291666666666667 0.0268389662027833
0 0.8510416666666667 0.34592445328031807 0.013541666666666667 0.05765407554671968
0 0.575 0.33001988071570576 0.009375 0.017892644135188866
0 0.9286458333333333 0.36232604373757454 0.011458333333333333 0.02882703777335984
0 0.19166666666666668 0.3672962226640159 0.00625 0.02882703777335984
0 0.7807291666666667 0.3802186878727634 0.010416666666666666 0.014910536779324055
0 0.91015625 0.3832007952286282 0.013020833333333334 0.020874751491053677
0 0.74921875 0.3817097415506958 0.016145833333333335 0.011928429423459244
0 0.5229166666666667 0.3956262425447316 0.015625 0.03180914512922465
0 0.7408854166666666 0.40656063618290256 0.0109375 0.019880715705765408
0 0.9747395833333333 0.42296222664015903 0.013020833333333334 0.018886679920477135
0 0.85703125 0.44731610337972166 0.008854166666666666 0.019880715705765408
0 0.4309895833333333 0.4676938369781312 0.009895833333333333 0.0268389662027833
0 0.60078125 0.46669980119284293 0.0067708333333333336 0.02286282306163022
0 0.41796875 0.4647117296222664 0.015104166666666667 0.016898608349900597
0 0.7736979166666667 0.46421471172962225 0.0109375 0.009940357852882704
0 0.9111979166666667 0.47713717693836977 0.0067708333333333336 0.027833001988071572
0 0.96015625 0.4761431411530815 0.0140625 0.02186878727634195
0 0.49270833333333336 0.4860834990059642 0.035416666666666666 0.039761431411530816
0 0.3229166666666667 0.48111332007952284 0.007291666666666667 0.013916500994035786
0 0.6296875 0.48906560636182905 0.008333333333333333 0.027833001988071572
0 0.73203125 0.49304174950298213 0.0046875 0.02186878727634195
0 0.5682291666666667 0.5 0.014583333333333334 0.03180914512922465
0 0.23463541666666668 0.5293240556660039 0.008854166666666666 0.040755467196819085
0 0.9841145833333333 0.5208747514910537 0.0067708333333333336 0.02186878727634195
0 0.66015625 0.5263419483101391 0.005729166666666666 0.020874751491053677
0 0.81015625 0.5427435387673957 0.008854166666666666 0.027833001988071572
0 0.7541666666666667 0.5631212723658051 0.007291666666666667 0.03876739562624255
0 0.7947916666666667 0.5566600397614314 0.008333333333333333 0.02385685884691849
0 0.65234375 0.5755467196819085 0.0109375 0.02982107355864811
0 0.9315104166666667 0.5815109343936382 0.009895833333333333 0.02385685884691849
0 0.6502604166666667 0.6013916500994035 0.009895833333333333 0.02584493041749503
0 0.81484375 0.5989065606361829 0.0140625 0.020874751491053677
0 0.7401041666666667 0.6113320079522863 0.008333333333333333 0.027833001988071572
0 0.41953125 0.6167992047713717 0.008854166666666666 0.032803180914512925
0 0.6145833333333334 0.6083499005964215 0.007291666666666667 0.015904572564612324
0 0.76484375 0.6138170974155069 0.0171875 0.014910536779324055
0 0.7098958333333333 0.628727634194831 0.010416666666666666 0.032803180914512925
0 0.91015625 0.6381709741550696 0.021354166666666667 0.0437375745526839
0 0.8388020833333333 0.6496023856858847 0.0171875 0.05666003976143141
0 0.23645833333333333 0.6416500994035785 0.010416666666666666 0.020874751491053677
0 0.9447916666666667 0.6560636182902585 0.015625 0.04771371769383698
0 0.7908854166666667 0.6510934393638171 0.0067708333333333336 0.027833001988071572
0 0.803125 0.6496023856858847 0.015625 0.02485089463220676
0 0.8497395833333333 0.6665009940357853 0.015104166666666667 0.040755467196819085
0 0.34791666666666665 0.6669980119284294 0.019791666666666666 0.02982107355864811
0 0.70546875 0.6774353876739563 0.013020833333333334 0.03876739562624255
0 0.7375 0.6704771371769384 0.011458333333333333 0.016898608349900597
0 0.1640625 0.6734592445328031 0.015625 0.014910536779324055
0 0.8010416666666667 0.6888667992047713 0.013541666666666667 0.039761431411530816
0 0.628125 0.6943339960238568 0.00625 0.02485089463220676
0 0.7114583333333333 0.702286282306163 0.009375 0.02485089463220676
0 0.7255208333333333 0.7196819085487077 0.023958333333333335 0.061630218687872766
0 0.35703125 0.7251491053677932 0.013020833333333334 0.030815109343936383
0 0.8885416666666667 0.7251491053677932 0.015625 0.02485089463220676
0 0.4674479166666667 0.7226640159045725 0.013020833333333334 0.015904572564612324
0 0.6567708333333333 0.7271371769383698 0.011458333333333333 0.018886679920477135
0 0.7950520833333333 0.73558648111332 0.011979166666666667 0.02982107355864811
0 0.7481770833333333 0.7385685884691849 0.0171875 0.027833001988071572
0 0.18125 0.7430417495029821 0.014583333333333334 0.0268389662027833
0 0.77890625 0.7420477137176938 0.013020833333333334 0.010934393638170975
0 0.9075520833333334 0.7460238568588469 0.0078125 0.012922465208747515
0 0.74921875 0.7639165009940357 0.025520833333333333 0.040755467196819085
0 0.5880208333333333 0.7614314115308151 0.010416666666666666 0.02186878727634195
0 0.70390625 0.7569582504970179 0.013020833333333334 0.008946322067594433
0 0.7734375 0.768389662027833 0.00625 0.027833001988071572
0 0.7888020833333333 0.782803180914513 0.008854166666666666 0.036779324055666
0 0.8010416666666667 0.7703777335984096 0.009375 0.011928429423459244
0 0.4505208333333333 0.7768389662027833 0.013541666666666667 0.018886679920477135
0 0.19166666666666668 0.790258449304175 0.009375 0.041749502982107355
0 0.56484375 0.7842942345924453 0.0140625 0.027833001988071572
0 0.8880208333333334 0.797713717693837 0.023958333333333335 0.03479125248508946
0 0.7447916666666666 0.7912524850894632 0.016666666666666666 0.011928429423459244
0 0.22005208333333334 0.8121272365805169 0.011979166666666667 0.05168986083499006
0 0.5846354166666666 0.7927435387673957 0.0140625 0.012922465208747515
0 0.2830729166666667 0.7932405566600398 0.015104166666666667 0.009940357852882704
0 0.7625 0.8061630218687873 0.00625 0.02584493041749503
0 0.7236979166666667 0.8041749502982107 0.015104166666666667 0.019880715705765408
0 0.48203125 0.8081510934393639 0.008854166666666666 0.009940357852882704
0 0.6994791666666667 0.8116302186878728 0.0125 0.016898608349900597
0 0.74765625 0.808648111332008 0.0171875 0.012922465208747515
0 0.5776041666666667 0.8220675944333996 0.010416666666666666 0.02982107355864811
0 0.421875 0.8315109343936382 0.015625 0.04473161033797217
0 0.6791666666666667 0.8151093439363817 0.015625 0.013916500994035786
0 0.54921875 0.8290258449304175 0.0109375 0.02584493041749503
0 0.6018229166666667 0.8290258449304175 0.008854166666666666 0.02186878727634195
0 0.49973958333333335 0.8379721669980119 0.022395833333333334 0.015904572564612324
0 0.353125 0.8628230616302187 0.019791666666666666 0.05168986083499006
0 0.63984375 0.8424453280318092 0.018229166666666668 0.012922465208747515
0 0.8078125 0.8533797216699801 0.005208333333333333 0.02485089463220676
0 0.865625 0.8523856858846919 0.008333333333333333 0.02485089463220676
0 0.8911458333333333 0.8499005964214712 0.017708333333333333 0.015904572564612324
0 0.6080729166666666 0.8608349900596421 0.011979166666666667 0.03180914512922465
0 0.5700520833333333 0.864314115308151 0.013020833333333334 0.036779324055666
0 0.5877604166666667 0.8663021868787276 0.0078125 0.030815109343936383
0 0.6192708333333333 0.8807157057654076 0.027083333333333334 0.041749502982107355
0 0.29609375 0.8802186878727635 0.015104166666666667 0.032803180914512925
0 0.48880208333333336 0.8841948310139165 0.009895833333333333 0.03876739562624255
0 0.6815104166666667 0.8911530815109344 0.0078125 0.0268389662027833
0 0.27682291666666664 0.8981113320079522 0.016145833333333335 0.03479125248508946
0 0.7307291666666667 0.8926441351888668 0.008333333333333333 0.02385685884691849
0 0.5205729166666667 0.8906560636182903 0.021354166666666667 0.015904572564612324
0 0.7111979166666667 0.8871769383697813 0.011979166666666667 0.008946322067594433
0 0.4484375 0.9025844930417495 0.009375 0.03180914512922465
0 0.6479166666666667 0.8956262425447317 0.015625 0.011928429423459244
0 0.66171875 0.9145129224652088 0.019270833333333334 0.041749502982107355
0 0.7794270833333333 0.9075546719681908 0.0109375 0.015904572564612324
0 0.69765625 0.9085487077534792 0.0109375 0.013916500994035786
0 0.3703125 0.9274353876739563 0.007291666666666667 0.033797216699801194
0 0.58515625 0.9179920477137177 0.021354166666666667 0.016898608349900597
0 0.7270833333333333 0.929920477137177 0.019791666666666666 0.0268389662027833
0 0.91875 0.9274353876739563 0.016666666666666666 0.02186878727634195
0 0.6434895833333333 0.9304174950298211 0.0078125 0.02584493041749503
0 0.6192708333333333 0.929920477137177 0.03333333333333333 0.016898608349900597
0 0.6942708333333333 0.9269383697813122 0.010416666666666666 0.010934393638170975
0 0.9927083333333333 0.9428429423459245 0.013541666666666667 0.030815109343936383
0 0.5489583333333333 0.9378727634194831 0.011458333333333333 0.008946322067594433
0 0.44088541666666664 0.9542743538767395 0.013020833333333334 0.03578528827037773
0 0.6986979166666667 0.94831013916501 0.019270833333333334 0.02584493041749503
0 0.6255208333333333 0.9517892644135189 0.010416666666666666 0.02485089463220676
0 0.6080729166666666 0.952286282306163 0.009895833333333333 0.017892644135188866
0 0.09270833333333334 0.9642147117296223 0.022916666666666665 0.03777335984095427
0 0.9354166666666667 0.9577534791252486 0.008333333333333333 0.014910536779324055
0 0.8046875 0.963220675944334 0.008333333333333333 0.02186878727634195
0 0.8791666666666667 0.9642147117296223 0.011458333333333333 0.02186878727634195
0 0.6955729166666667 0.9776341948310139 0.018229166666666668 0.042743538767395624
0 0.5140625 0.9786282306163022 0.007291666666666667 0.02882703777335984
0 0.6231770833333333 0.9806163021868787 0.009895833333333333 0.02485089463220676
0 0.5552083333333333 0.9821073558648111 0.005208333333333333 0.017892644135188866
0 0.6369791666666667 0.9865805168986084 0.0125 0.02485089463220676
0 0.5369791666666667 0.9875745526838966 0.005208333333333333 0.02286282306163022
0 0.9046875 0.989065606361829 0.014583333333333334 0.019880715705765408