0 0.9919270833333333 0.19284294234592445 0.0067708333333333336 0.013916500994035786
0 0.146875 0.213220675944334 0.0125 0.0268389662027833
0 0.20494791666666667 0.22564612326043737 0.018229166666666668 0.02584493041749503
0 0.9645833333333333 0.220675944333996 0.009375 0.017892644135188866
0 0.759375 0.2345924453280318 0.013541666666666667 0.013916500994035786
0 0.008333333333333333 0.24602385685884692 0.016666666666666666 0.012922465208747515
0 0.29270833333333335 0.25944333996023855 0.007291666666666667 0.02584493041749503
0 0.5291666666666667 0.2624254473161034 0.014583333333333334 0.013916500994035786
0 0.5513020833333333 0.2828031809145129 0.0046875 0.02485089463220676
0 0.05703125 0.29025844930417494 0.0067708333333333336 0.03180914512922465
0 0.5268229166666667 0.28479125248508946 0.022395833333333334 0.02286282306163022
0 0.6859375 0.3275347912524851 0.011458333333333333 0.036779324055666
0 0.32578125 0.34095427435387676 0.013020833333333334 0.033797216699801194
0 0.08359375 0.35984095427435386 0.0078125 0.013916500994035786
0 0.4557291666666667 0.4135188866799205 0.0125 0.02186878727634195
0 0.3375 0.4249502982107356 0.015625 0.02286282306163022
0 0.36354166666666665 0.4363817097415507 0.011458333333333333 0.017892644135188866
0 0.42604166666666665 0.4433399602385686 0.015625 0.019880715705765408
0 0.35390625 0.44980119284294234 0.005729166666666666 0.010934393638170975
0 0.425 0.4691848906560636 0.016666666666666666 0.02186878727634195
0 0.5901041666666667 0.4865805168986084 0.00625 0.042743538767395624
0 0.03333333333333333 0.49204771371769385 0.015625 0.027833001988071572
0 0.4979166666666667 0.5029821073558648 0.007291666666666667 0.02584493041749503
0 0.3143229166666667 0.5198807157057654 0.0078125 0.03180914512922465
0 0.51875 0.540258449304175 0.009375 0.048707753479125246
0 0.4705729166666667 0.5497017892644135 0.0067708333333333336 0.02584493041749503
0 0.3815104166666667 0.5536779324055666 0.009895833333333333 0.015904572564612324
0 0.45364583333333336 0.5710735586481114 0.009375 0.04473161033797217
0 0.6440104166666667 0.581013916500994 0.013020833333333334 0.014910536779324055
0 0.38567708333333334 0.6003976143141153 0.008854166666666666 0.017892644135188866
0 0.19791666666666666 0.6192842942345924 0.030208333333333334 0.033797216699801194
0 0.34479166666666666 0.6083499005964215 0.017708333333333333 0.011928429423459244
0 0.28151041666666665 0.6302186878727635 0.021354166666666667 0.02186878727634195
0 0.5440104166666667 0.6550695825049702 0.011979166666666667 0.03777335984095427
0 0.4783854166666667 0.6540755467196819 0.021354166666666667 0.02186878727634195
0 0.565625 0.6625248508946322 0.009375 0.03479125248508946
0 0.390625 0.665506958250497 0.016666666666666666 0.02882703777335984
0 0.06640625 0.679920477137177 0.016145833333333335 0.02584493041749503
0 0.6721354166666667 0.6779324055666004 0.013020833333333334 0.019880715705765408
0 0.2203125 0.6779324055666004 0.007291666666666667 0.009940357852882704
0 0.24010416666666667 0.6858846918489065 0.019791666666666666 0.02385685884691849
0 0.43072916666666666 0.68389662027833 0.008333333333333333 0.019880715705765408
0 0.6044270833333333 0.6829025844930418 0.0078125 0.017892644135188866
0 0.4830729166666667 0.691351888667992 0.008854166666666666 0.032803180914512925
0 0.6283854166666667 0.7102385685884692 0.04114583333333333 0.04473161033797217
0 0.22526041666666666 0.7072564612326043 0.009895833333333333 0.016898608349900597
0 0.4075520833333333 0.7052683896620279 0.0140625 0.008946322067594433
0 0.5744791666666667 0.7216699801192843 0.007291666666666667 0.017892644135188866
0 0.3182291666666667 0.7281312127236581 0.007291666666666667 0.02286282306163022
0 0.3341145833333333 0.7534791252485089 0.015104166666666667 0.017892644135188866
0 0.4669270833333333 0.8136182902584493 0.011979166666666667 0.0268389662027833
0 0.38958333333333334 0.8190854870775348 0.008333333333333333 0.02186878727634195
0 0.5291666666666667 0.8334990059642147 0.022916666666666665 0.04671968190854871
0 0.55625 0.8230616302186878 0.0125 0.019880715705765408
0 0.59296875 0.8265407554671969 0.016145833333333335 0.016898608349900597
0 0.30546875 0.8444333996023857 0.0203125 0.036779324055666
0 0.45078125 0.8702783300198808 0.018229166666666668 0.030815109343936383
0 0.34401041666666665 0.8762425447316103 0.011979166666666667 0.016898608349900597
0 0.05677083333333333 0.8777335984095428 0.010416666666666666 0.011928429423459244
0 0.2872395833333333 0.8871769383697813 0.018229166666666668 0.020874751491053677
0 0.5385416666666667 0.8921471172962226 0.019791666666666666 0.02882703777335984
0 0.5169270833333334 0.9035785288270378 0.016145833333333335 0.02584493041749503
0 0.7505208333333333 0.9025844930417495 0.00625 0.02186878727634195
0 0.603125 0.9120278330019881 0.007291666666666667 0.030815109343936383
0 0.04609375 0.9100397614314115 0.0140625 0.016898608349900597
0 0.25416666666666665 0.9110337972166997 0.011458333333333333 0.012922465208747515
0 0.48671875 0.9194831013916501 0.009895833333333333 0.02186878727634195
0 0.5072916666666667 0.929920477137177 0.019791666666666666 0.032803180914512925
0 0.46197916666666666 0.9398608349900597 0.009375 0.040755467196819085
0 0.0296875 0.9458250497017893 0.020833333333333332 0.040755467196819085
0 0.6229166666666667 0.9388667992047713 0.013541666666666667 0.020874751491053677
0 0.19088541666666667 0.9547713717693836 0.009895833333333333 0.03876739562624255
0 0.60703125 0.9527833001988072 0.0046875 0.0268389662027833
0 0.1765625 0.9587475149105368 0.014583333333333334 0.02286282306163022
0 0.3546875 0.9691848906560636 0.010416666666666666 0.02385685884691849
0 0.48203125 0.9796222664015904 0.0296875 0.03876739562624255
0 0.33567708333333335 0.98558648111332 0.0067708333333333336 0.016898608349900597
0 0.36666666666666664 0.9930417495029821 0.007291666666666667 0.011928429423459244