0 0.14114583333333333 0.010437375745526839 0.013541666666666667 0.020874751491053677
0 0.9375 0.0044731610337972166 0.008333333333333333 0.008946322067594433
0 0.3875 0.02186878727634195 0.022916666666666665 0.017892644135188866
0 0.8197916666666667 0.03479125248508946 0.010416666666666666 0.02982107355864811
0 0.41692708333333334 0.06660039761431412 0.0140625 0.03777335984095427
0 0.9940104166666667 0.0720675944333996 0.0109375 0.040755467196819085
0 0.09921875 0.07405566600397614 0.0203125 0.032803180914512925
0 0.8119791666666667 0.08250497017892644 0.020833333333333332 0.02385685884691849
0 0.3377604166666667 0.08499005964214712 0.0078125 0.020874751491053677
0 0.4752604166666667 0.09343936381709742 0.005729166666666666 0.02982107355864811
0 0.11276041666666667 0.08946322067594434 0.009895833333333333 0.013916500994035786
0 0.030208333333333334 0.10934393638170974 0.009375 0.009940357852882704
0 0.51640625 0.11779324055666004 0.022395833333333334 0.02485089463220676
0 0.20703125 0.12524850894632206 0.018229166666666668 0.017892644135188866
0 0.03411458333333333 0.17594433399602386 0.0203125 0.03180914512922465
0 0.017447916666666667 0.21222664015904572 0.0171875 0.05268389662027833
0 0.39427083333333335 0.20924453280318092 0.008333333333333333 0.03876739562624255
0 0.47630208333333335 0.19483101391650098 0.016145833333333335 0.009940357852882704
0 0.72734375 0.1993041749502982 0.0140625 0.014910536779324055
0 0.41640625 0.21272365805168986 0.024479166666666666 0.03180914512922465
0 0.26796875 0.2191848906560636 0.011979166666666667 0.040755467196819085
0 0.33828125 0.23359840954274355 0.021354166666666667 0.033797216699801194
0 0.27890625 0.24652087475149106 0.008854166666666666 0.027833001988071572
0 0.3921875 0.2629224652087475 0.011458333333333333 0.03876739562624255
0 0.5346354166666667 0.2539761431411531 0.011979166666666667 0.018886679920477135
0 0.3734375 0.27037773359840955 0.008333333333333333 0.04572564612326044
0 0.3125 0.27037773359840955 0.014583333333333334 0.02584493041749503
0 0.40208333333333335 0.29025844930417494 0.013541666666666667 0.039761431411530816
0 0.0671875 0.28677932405566603 0.009375 0.02485089463220676
0 0.19036458333333334 0.297713717693837 0.016145833333333335 0.03876739562624255
0 0.45729166666666665 0.29970178926441354 0.0125 0.018886679920477135
0 0.34453125 0.3061630218687873 0.0046875 0.017892644135188866
0 0.6098958333333333 0.3106361829025845 0.009375 0.016898608349900597
0 0.59453125 0.31560636182902585 0.0140625 0.02286282306163022
0 0.15182291666666667 0.3245526838966203 0.0109375 0.02286282306163022
0 0.125 0.334493041749503 0.015625 0.02882703777335984
0 0.534375 0.32852882703777336 0.011458333333333333 0.012922465208747515
0 0.54609375 0.32952286282306165 0.0078125 0.014910536779324055
0 0.10182291666666667 0.334493041749503 0.021354166666666667 0.020874751491053677
0 0.18723958333333332 0.34691848906560635 0.015104166666666667 0.0437375745526839
0 0.34010416666666665 0.3394632206759443 0.008333333333333333 0.014910536779324055
0 0.5078125 0.34443339960238567 0.007291666666666667 0.012922465208747515
0 0.49609375 0.34691848906560635 0.011979166666666667 0.013916500994035786
0 0.5611979166666666 0.3538767395626243 0.0078125 0.027833001988071572
0 0.4591145833333333 0.3538767395626243 0.018229166666666668 0.013916500994035786
0 0.69921875 0.3757455268389662 0.018229166666666668 0.04771371769383698
0 0.5216145833333333 0.36083499005964215 0.016145833333333335 0.009940357852882704
0 0.27786458333333336 0.3841948310139165 0.027604166666666666 0.02485089463220676
0 0.4388020833333333 0.37922465208747513 0.019270833333333334 0.016898608349900597
0 0.9432291666666667 0.38866799204771374 0.008333333333333333 0.03180914512922465
0 0.24140625 0.40308151093439365 0.0203125 0.04473161033797217
0 0.16458333333333333 0.40506958250497016 0.011458333333333333 0.042743538767395624
0 0.58046875 0.39314115308151093 0.011979166666666667 0.012922465208747515
0 0.48333333333333334 0.40556660039761433 0.021875 0.02385685884691849
0 0.04375 0.4095427435387674 0.01875 0.02186878727634195
0 0.44427083333333334 0.41699801192842945 0.028125 0.020874751491053677
0 0.21822916666666667 0.42296222664015903 0.017708333333333333 0.02882703777335984
0 0.19479166666666667 0.42296222664015903 0.020833333333333332 0.016898608349900597
0 0.7934895833333333 0.4259443339960239 0.016145833333333335 0.014910536779324055
0 0.04114583333333333 0.43489065606361826 0.00625 0.02286282306163022
0 0.8333333333333334 0.46371769383697814 0.034375 0.07455268389662027
0 0.12890625 0.44880715705765406 0.021354166666666667 0.02882703777335984
0 0.41744791666666664 0.4517892644135189 0.0078125 0.0268389662027833
0 0.47161458333333334 0.44532803180914515 0.0067708333333333336 0.011928429423459244
0 0.49557291666666664 0.44681908548707755 0.008854166666666666 0.012922465208747515
0 0.08020833333333334 0.4532803180914513 0.019791666666666666 0.02186878727634195
0 0.5692708333333333 0.4507952286282306 0.014583333333333334 0.012922465208747515
0 0.46041666666666664 0.4552683896620278 0.0125 0.013916500994035786
0 0.2171875 0.4567594433399602 0.007291666666666667 0.012922465208747515
0 0.2859375 0.4701789264413519 0.0125 0.033797216699801194
0 0.5098958333333333 0.47912524850894633 0.022916666666666665 0.033797216699801194
0 0.94453125 0.48111332007952284 0.011979166666666667 0.033797216699801194
0 0.23697916666666666 0.47962226640159045 0.016666666666666666 0.018886679920477135
0 0.32734375 0.4850894632206759 0.019270833333333334 0.027833001988071572
0 0.55390625 0.4860834990059642 0.0203125 0.02584493041749503
0 0.3614583333333333 0.4840954274353877 0.01875 0.015904572564612324
0 0.5765625 0.49105367793240556 0.015625 0.02186878727634195
0 0.4109375 0.5014910536779325 0.0125 0.036779324055666
0 0.48932291666666666 0.49304174950298213 0.0234375 0.013916500994035786
0 0.44635416666666666 0.5054671968190855 0.013541666666666667 0.018886679920477135
0 0.23776041666666667 0.507455268389662 0.018229166666666668 0.016898608349900597
0 0.5830729166666667 0.51441351888668 0.0109375 0.02286282306163022
0 0.7567708333333333 0.5129224652087475 0.007291666666666667 0.02186878727634195
0 0.12942708333333333 0.5218687872763419 0.009895833333333333 0.033797216699801194
0 0.19427083333333334 0.5168986083499006 0.015625 0.019880715705765408
0 0.055989583333333336 0.5357852882703777 0.03177083333333333 0.055666003976143144
0 0.39791666666666664 0.5323061630218688 0.015625 0.04671968190854871
0 0.11354166666666667 0.5283300198807157 0.0125 0.036779324055666
0 0.5583333333333333 0.5248508946322068 0.007291666666666667 0.02584493041749503
0 0.45703125 0.5243538767395626 0.0078125 0.014910536779324055
0 0.3796875 0.5412524850894632 0.013541666666666667 0.042743538767395624
0 0.32838541666666665 0.5452286282306164 0.008854166666666666 0.03479125248508946
0 0.2015625 0.5447316103379721 0.009375 0.02385685884691849
0 0.41796875 0.5631212723658051 0.0171875 0.06262425447316103
0 0.15416666666666667 0.5457256461232605 0.007291666666666667 0.019880715705765408
0 0.44557291666666665 0.5521868787276342 0.0140625 0.018886679920477135
0 0.7260416666666667 0.56610337972167 0.010416666666666666 0.03479125248508946
0 0.08411458333333334 0.5695825049701789 0.011979166666666667 0.03578528827037773
0 0.7651041666666667 0.5820079522862823 0.007291666666666667 0.030815109343936383
0 0.042708333333333334 0.5775347912524851 0.009375 0.013916500994035786
0 0.021354166666666667 0.5775347912524851 0.010416666666666666 0.009940357852882704
0 0.58046875 0.5795228628230616 0.009895833333333333 0.013916500994035786
0 0.4010416666666667 0.5899602385685885 0.008333333333333333 0.030815109343936383
0 0.32083333333333336 0.5849900596421471 0.009375 0.016898608349900597
0 0.5880208333333333 0.5944333996023857 0.011458333333333333 0.03777335984095427
0 0.6552083333333333 0.5864811133200796 0.008333333333333333 0.017892644135188866
0 0.46953125 0.6023856858846919 0.022395833333333334 0.04572564612326044
0 0.16953125 0.5959244532803181 0.0234375 0.020874751491053677
0 0.296875 0.6098409542743539 0.011458333333333333 0.03479125248508946
0 0.5239583333333333 0.6242544731610338 0.013541666666666667 0.03578528827037773
0 0.328125 0.6247514910536779 0.021875 0.0268389662027833
0 0.38567708333333334 0.6307157057654076 0.0140625 0.02882703777335984
0 0.4127604166666667 0.6421471172962226 0.0109375 0.03180914512922465
0 0.6567708333333333 0.6366799204771372 0.022916666666666665 0.020874751491053677
0 0.36302083333333335 0.6391650099403579 0.007291666666666667 0.02186878727634195
0 0.7010416666666667 0.6366799204771372 0.017708333333333333 0.012922465208747515
0 0.13411458333333334 0.6535785288270378 0.022395833333333334 0.042743538767395624
0 0.7419270833333333 0.6535785288270378 0.0067708333333333336 0.02485089463220676
0 0.7653645833333333 0.6505964214711729 0.015104166666666667 0.018886679920477135
0 0.61640625 0.6635188866799204 0.021354166666666667 0.036779324055666
0 0.6513020833333333 0.6759443339960238 0.018229166666666668 0.02385685884691849
0 0.6361979166666667 0.6779324055666004 0.0078125 0.011928429423459244
0 0.09375 0.6819085487077535 0.00625 0.017892644135188866
0 0.2875 0.6923459244532804 0.00625 0.032803180914512925
0 0.7359375 0.6863817097415507 0.022916666666666665 0.02286282306163022
0 0.33828125 0.6928429423459245 0.021354166666666667 0.013916500994035786
0 0.7041666666666667 0.7157057654075547 0.017708333333333333 0.013916500994035786
0 0.7234375 0.7340954274353877 0.010416666666666666 0.048707753479125246
0 0.07265625 0.7286282306163022 0.011979166666666667 0.03578528827037773
0 0.6838541666666667 0.7261431411530815 0.010416666666666666 0.020874751491053677
0 0.27708333333333335 0.724155069582505 0.016666666666666666 0.014910536779324055
0 0.39505208333333336 0.7450298210735586 0.0109375 0.042743538767395624
0 0.5481770833333334 0.7435387673956262 0.0078125 0.033797216699801194
0 0.18932291666666667 0.7509940357852882 0.028645833333333332 0.03876739562624255
0 0.6739583333333333 0.757455268389662 0.007291666666666667 0.041749502982107355
0 0.05078125 0.7738568588469185 0.028645833333333332 0.048707753479125246
0 0.4166666666666667 0.7713717693836978 0.023958333333333335 0.02385685884691849
0 0.37578125 0.7818091451292246 0.013020833333333334 0.042743538767395624
0 0.6325520833333333 0.7673956262425448 0.011979166666666667 0.011928429423459244
0 0.3580729166666667 0.7842942345924453 0.009895833333333333 0.039761431411530816
0 0.6481770833333333 0.775844930417495 0.0171875 0.014910536779324055
0 0.203125 0.8011928429423459 0.013541666666666667 0.0536779324055666
0 0.7604166666666666 0.794234592445328 0.020833333333333332 0.02186878727634195
0 0.6966145833333334 0.8091451292246521 0.005729166666666666 0.027833001988071572
0 0.09453125 0.8166003976143141 0.0171875 0.040755467196819085
0 0.5674479166666667 0.8036779324055666 0.0067708333333333336 0.012922465208747515
0 0.5388020833333333 0.812624254473161 0.016145833333333335 0.014910536779324055
0 0.615625 0.8240556660039762 0.014583333333333334 0.027833001988071572
0 0.49140625 0.8320079522862823 0.013020833333333334 0.013916500994035786
0 0.675 0.8394632206759444 0.016666666666666666 0.02882703777335984
0 0.55 0.8359840954274353 0.009375 0.015904572564612324
0 0.5234375 0.8548707753479126 0.017708333333333333 0.02186878727634195
0 0.13072916666666667 0.8598409542743539 0.014583333333333334 0.017892644135188866
0 0.5877604166666667 0.8817097415506958 0.009895833333333333 0.03578528827037773
0 0.35260416666666666 0.8807157057654076 0.015625 0.019880715705765408
0 0.5734375 0.8777335984095428 0.010416666666666666 0.011928429423459244
0 0.5106770833333333 0.8961232604373758 0.0078125 0.0268389662027833
0 0.5591145833333333 0.9090457256461233 0.019270833333333334 0.0268389662027833
0 0.90703125 0.9150099403578529 0.013020833333333334 0.032803180914512925
0 0.009375 0.9319085487077535 0.01875 0.06461232604373758
0 0.11119791666666666 0.9239562624254473 0.009895833333333333 0.03479125248508946
0 0.85546875 0.922962226640159 0.018229166666666668 0.030815109343936383
0 0.6604166666666667 0.9259443339960238 0.022916666666666665 0.032803180914512925
0 0.359375 0.9274353876739563 0.015625 0.02982107355864811
0 0.7752604166666667 0.9239562624254473 0.0203125 0.020874751491053677
0 0.9770833333333333 0.9348906560636183 0.019791666666666666 0.040755467196819085
0 0.40078125 0.9289264413518886 0.0078125 0.018886679920477135
0 0.25729166666666664 0.9428429423459245 0.013541666666666667 0.042743538767395624
0 0.6440104166666667 0.9443339960238568 0.0140625 0.03578528827037773
0 0.69140625 0.9662027833001988 0.008854166666666666 0.015904572564612324
0 0.4700520833333333 0.9811133200795229 0.008854166666666666 0.03578528827037773
0 0.3614583333333333 0.9840954274353877 0.008333333333333333 0.02982107355864811
0 0.28802083333333334 0.9865805168986084 0.010416666666666666 0.02485089463220676
0 0.7611979166666667 0.9821073558648111 0.016145833333333335 0.009940357852882704
0 0.27421875 0.9930417495029821 0.0109375 0.011928429423459244