0 0.4036458333333333 0.010934393638170975 0.008333333333333333 0.02186878727634195
0 0.35859375 0.017892644135188866 0.019270833333333334 0.03578528827037773
0 0.5442708333333334 0.01441351888667992 0.009375 0.020874751491053677
0 0.6966145833333334 0.02584493041749503 0.019270833333333334 0.02982107355864811
0 0.13541666666666666 0.02584493041749503 0.016666666666666666 0.02584493041749503
0 0.51328125 0.044234592445328035 0.0171875 0.05666003976143141
0 0.5283854166666667 0.033797216699801194 0.0109375 0.013916500994035786
0 0.42604166666666665 0.041749502982107355 0.011458333333333333 0.02385685884691849
0 0.5666666666666667 0.11679920477137178 0.01875 0.0268389662027833
0 0.39895833333333336 0.14860834990059643 0.022916666666666665 0.0705765407554672
0 0.9559895833333333 0.13071570576540756 0.005729166666666666 0.014910536779324055
0 0.9919270833333333 0.1679920477137177 0.016145833333333335 0.0874751491053678
0 0.33984375 0.1496023856858847 0.018229166666666668 0.03479125248508946
0 0.37552083333333336 0.14612326043737575 0.016666666666666666 0.019880715705765408
0 0.4908854166666667 0.15457256461232605 0.011979166666666667 0.02485089463220676
0 0.44192708333333336 0.1709741550695825 0.021354166666666667 0.027833001988071572
0 0.9723958333333333 0.18190854870775347 0.0125 0.039761431411530816
0 0.29739583333333336 0.19433399602385687 0.013541666666666667 0.040755467196819085
0 0.9104166666666667 0.19433399602385687 0.016666666666666666 0.02485089463220676
0 0.00703125 0.21570576540755468 0.013020833333333334 0.04970178926441352
0 0.38203125 0.21222664015904572 0.018229166666666668 0.02882703777335984
0 0.5572916666666666 0.21123260437375746 0.019791666666666666 0.02286282306163022
0 0.5447916666666667 0.23409542743538767 0.016666666666666666 0.02485089463220676
0 0.41458333333333336 0.23260437375745527 0.01875 0.011928429423459244
0 0.4591145833333333 0.2415506958250497 0.015104166666666667 0.013916500994035786
0 0.3893229166666667 0.24701789264413518 0.0078125 0.02286282306163022
0 0.0859375 0.2529821073558648 0.019791666666666666 0.02485089463220676
0 0.9231770833333334 0.2957256461232604 0.009895833333333333 0.010934393638170975
0 0.38671875 0.30168986083499005 0.0046875 0.02286282306163022
0 0.31666666666666665 0.3061630218687873 0.008333333333333333 0.027833001988071572
0 0.3958333333333333 0.32554671968190857 0.011458333333333333 0.03479125248508946
0 0.7661458333333333 0.32703777335984097 0.016666666666666666 0.017892644135188866
0 0.47421875 0.3663021868787276 0.0109375 0.040755467196819085
0 0.26328125 0.3667992047713718 0.0109375 0.03578528827037773
0 0.3854166666666667 0.3757455268389662 0.011458333333333333 0.02186878727634195
0 0.33828125 0.3961232604373757 0.0078125 0.04671968190854871
0 0.5296875 0.38767395626242546 0.010416666666666666 0.019880715705765408
0 0.6247395833333333 0.4259443339960239 0.009895833333333333 0.04473161033797217
0 0.25677083333333334 0.42992047713717696 0.020833333333333332 0.012922465208747515
0 0.9546875 0.4403578528827038 0.01875 0.027833001988071572
0 0.3651041666666667 0.44731610337972166 0.007291666666666667 0.02385685884691849
0 0.5682291666666667 0.481610337972167 0.014583333333333334 0.0268389662027833
0 0.3984375 0.4995029821073559 0.016666666666666666 0.036779324055666
0 0.5791666666666667 0.5054671968190855 0.010416666666666666 0.020874751491053677
0 0.6161458333333333 0.5059642147117296 0.014583333333333334 0.011928429423459244
0 0.23567708333333334 0.536779324055666 0.0203125 0.03180914512922465
0 0.4703125 0.540258449304175 0.009375 0.02882703777335984
0 0.4114583333333333 0.55168986083499 0.004166666666666667 0.027833001988071572
0 0.85859375 0.5591451292246521 0.0109375 0.030815109343936383
0 0.12005208333333334 0.5581510934393639 0.0067708333333333336 0.016898608349900597
0 0.5973958333333333 0.5889662027833003 0.019791666666666666 0.05069582504970179
0 0.4510416666666667 0.5830019880715706 0.007291666666666667 0.018886679920477135
0 0.28541666666666665 0.5859840954274353 0.009375 0.016898608349900597
0 0.4635416666666667 0.6038767395626242 0.008333333333333333 0.018886679920477135
0 0.45390625 0.6297216699801192 0.018229166666666668 0.05864811133200795
0 0.2669270833333333 0.6242544731610338 0.0140625 0.033797216699801194
0 0.40234375 0.6267395626242545 0.0109375 0.03479125248508946
0 0.26848958333333334 0.6510934393638171 0.018229166666666668 0.013916500994035786
0 0.45625 0.6709741550695825 0.009375 0.013916500994035786
0 0.34479166666666666 0.6794234592445328 0.01875 0.018886679920477135
0 0.37135416666666665 0.6843936381709742 0.013541666666666667 0.02485089463220676
0 0.290625 0.6858846918489065 0.0125 0.015904572564612324
0 0.16770833333333332 0.7191848906560636 0.007291666666666667 0.03876739562624255
0 0.228125 0.7226640159045725 0.019791666666666666 0.015904572564612324
0 0.47994791666666664 0.7335984095427436 0.009895833333333333 0.027833001988071572
0 0.39791666666666664 0.76441351888668 0.010416666666666666 0.02385685884691849
0 0.44140625 0.7688866799204771 0.018229166666666668 0.02485089463220676
0 0.32578125 0.7892644135188867 0.022395833333333334 0.013916500994035786
0 0.56328125 0.7967196819085487 0.021354166666666667 0.02286282306163022
0 0.6520833333333333 0.8334990059642147 0.019791666666666666 0.0805168986083499
0 0.6255208333333333 0.8146123260437376 0.010416666666666666 0.036779324055666
0 0.49661458333333336 0.8061630218687873 0.016145833333333335 0.017892644135188866
0 0.33541666666666664 0.8071570576540755 0.015625 0.02186878727634195
0 0.26015625 0.8215705765407555 0.0067708333333333336 0.036779324055666
0 0.5341145833333333 0.8275347912524851 0.018229166666666668 0.036779324055666
0 0.5059895833333333 0.8325049701789264 0.013020833333333334 0.014910536779324055
0 0.63515625 0.8429423459244533 0.0109375 0.027833001988071572
0 0.2755208333333333 0.8558648111332008 0.029166666666666667 0.033797216699801194
0 0.5783854166666667 0.867296222664016 0.0109375 0.036779324055666
0 0.434375 0.856858846918489 0.016666666666666666 0.011928429423459244
0 0.37916666666666665 0.8598409542743539 0.011458333333333333 0.017892644135188866
0 0.5546875 0.8697813121272365 0.0125 0.033797216699801194
0 0.30520833333333336 0.882703777335984 0.009375 0.04572564612326044
0 0.16067708333333333 0.8841948310139165 0.0203125 0.032803180914512925
0 0.39427083333333335 0.8817097415506958 0.01875 0.011928429423459244
0 0.6841145833333333 0.9035785288270378 0.0140625 0.027833001988071572
0 0.36354166666666665 0.9676938369781312 0.015625 0.042743538767395624
0 0.2359375 0.9662027833001988 0.011458333333333333 0.02584493041749503
0 0.2864583333333333 0.9751491053677932 0.011458333333333333 0.03578528827037773
0 0.5317708333333333 0.989065606361829 0.008333333333333333 0.019880715705765408