0 0.0875 0.015407554671968192 0.013541666666666667 0.030815109343936383
0 0.7958333333333333 0.007455268389662028 0.007291666666666667 0.014910536779324055
0 0.5263020833333333 0.01739562624254473 0.0067708333333333336 0.014910536779324055
0 0.6416666666666667 0.017892644135188866 0.01875 0.013916500994035786
0 0.40234375 0.028330019880715707 0.0067708333333333336 0.016898608349900597
0 0.9859375 0.03429423459244533 0.011458333333333333 0.018886679920477135
0 0.5984375 0.036779324055666 0.011458333333333333 0.019880715705765408
0 0.96875 0.05666003976143141 0.015625 0.03180914512922465
0 0.9091145833333333 0.05467196819085487 0.013020833333333334 0.02186878727634195
0 0.8981770833333333 0.09045725646123261 0.0140625 0.011928429423459244
0 0.8028645833333333 0.10884691848906561 0.013020833333333334 0.012922465208747515
0 0.6200520833333333 0.12624254473161034 0.0171875 0.03180914512922465
0 0.64921875 0.1411530815109344 0.011979166666666667 0.019880715705765408
0 0.9109375 0.15109343936381708 0.013541666666666667 0.011928429423459244
0 0.9776041666666667 0.1610337972166998 0.019791666666666666 0.02584493041749503
0 0.6807291666666667 0.18986083499005965 0.00625 0.017892644135188866
0 0.6080729166666666 0.19284294234592445 0.0067708333333333336 0.02186878727634195
0 0.9864583333333333 0.24502982107355864 0.015625 0.030815109343936383
0 0.5963541666666666 0.2803180914512923 0.009375 0.03578528827037773
0 0.42265625 0.2912524850894632 0.0078125 0.011928429423459244
0 0.8598958333333333 0.30019880715705766 0.010416666666666666 0.015904572564612324
0 0.6822916666666666 0.30318091451292245 0.007291666666666667 0.019880715705765408
0 0.7963541666666667 0.31461232604373757 0.00625 0.020874751491053677
0 0.50703125 0.323558648111332 0.008854166666666666 0.02286282306163022
0 0.41640625 0.32852882703777336 0.008854166666666666 0.014910536779324055
0 0.72578125 0.3474155069582505 0.005729166666666666 0.02485089463220676
0 0.7869791666666667 0.34393638170974156 0.011458333333333333 0.015904572564612324
0 0.94375 0.3856858846918489 0.020833333333333332 0.041749502982107355
0 0.4421875 0.3851888667992048 0.007291666666666667 0.02485089463220676
0 0.9161458333333333 0.3841948310139165 0.013541666666666667 0.016898608349900597
0 0.7278645833333334 0.3961232604373757 0.0140625 0.02485089463220676
0 0.93984375 0.4140159045725646 0.015104166666666667 0.016898608349900597
0 0.5997395833333333 0.4383697813121272 0.0140625 0.019880715705765408
0 0.83984375 0.45029821073558646 0.009895833333333333 0.02385685884691849
0 0.8442708333333333 0.4746520874751491 0.009375 0.012922465208747515
0 0.7192708333333333 0.47713717693836977 0.0125 0.013916500994035786
0 0.90390625 0.4970178926441352 0.0078125 0.03180914512922465
0 0.6052083333333333 0.49204771371769385 0.017708333333333333 0.011928429423459244
0 0.6880208333333333 0.5004970178926441 0.005208333333333333 0.02286282306163022
0 0.8385416666666666 0.4955268389662028 0.008333333333333333 0.010934393638170975
0 0.5734375 0.5208747514910537 0.020833333333333332 0.041749502982107355
0 0.13541666666666666 0.540258449304175 0.014583333333333334 0.0268389662027833
0 0.5885416666666666 0.536779324055666 0.00625 0.019880715705765408
0 0.8026041666666667 0.5472166998011928 0.009375 0.012922465208747515
0 0.84453125 0.5601391650099403 0.0140625 0.014910536779324055
0 0.76484375 0.5616302186878728 0.011979166666666667 0.015904572564612324
0 0.5825520833333333 0.6158051689860835 0.0078125 0.02882703777335984
0 0.95078125 0.6292246520874751 0.0140625 0.02186878727634195
0 0.7955729166666666 0.6476143141153081 0.0078125 0.02882703777335984
0 0.6364583333333333 0.6759443339960238 0.013541666666666667 0.009940357852882704
0 0.69921875 0.6878727634194831 0.0046875 0.02982107355864811
0 0.64375 0.7002982107355865 0.011458333333333333 0.02485089463220676
0 0.5018229166666667 0.7186878727634195 0.0109375 0.02982107355864811
0 0.17994791666666668 0.7529821073558648 0.0203125 0.04473161033797217
0 0.6796875 0.7529821073558648 0.010416666666666666 0.03479125248508946
0 0.5364583333333334 0.757455268389662 0.009375 0.02982107355864811
0 0.7002604166666667 0.7584493041749503 0.0046875 0.019880715705765408
0 0.29609375 0.76441351888668 0.0078125 0.02584493041749503
0 0.9747395833333333 0.7768389662027833 0.0140625 0.03876739562624255
0 0.3651041666666667 0.775844930417495 0.0125 0.02882703777335984
0 0.8619791666666666 0.7753479125248509 0.005208333333333333 0.02584493041749503
0 0.5479166666666667 0.797713717693837 0.016666666666666666 0.05069582504970179
0 0.96328125 0.7897614314115308 0.018229166666666668 0.032803180914512925
0 0.190625 0.7882703777335984 0.021875 0.017892644135188866
0 0.6783854166666666 0.7892644135188867 0.0109375 0.019880715705765408
0 0.6966145833333334 0.7952286282306164 0.0036458333333333334 0.02584493041749503
0 0.85078125 0.7982107355864811 0.0067708333333333336 0.03180914512922465
0 0.17135416666666667 0.8235586481113321 0.0125 0.02882703777335984
0 0.32838541666666665 0.827037773359841 0.0067708333333333336 0.027833001988071572
0 0.36640625 0.8250497017892644 0.0171875 0.017892644135188866
0 0.6955729166666667 0.827037773359841 0.024479166666666666 0.015904572564612324
0 0.7239583333333334 0.8394632206759444 0.017708333333333333 0.02286282306163022
0 0.7486979166666666 0.8424453280318092 0.0067708333333333336 0.0268389662027833
0 0.9403645833333333 0.8429423459244533 0.009895833333333333 0.027833001988071572
0 0.3497395833333333 0.8429423459244533 0.005729166666666666 0.02584493041749503
0 0.5856770833333333 0.8449304174950298 0.0067708333333333336 0.02982107355864811
0 0.4791666666666667 0.8379721669980119 0.0125 0.009940357852882704
0 0.8575520833333333 0.8459244532803181 0.018229166666666668 0.019880715705765408
0 0.36380208333333336 0.8518886679920478 0.0171875 0.017892644135188866
0 0.57265625 0.8553677932405567 0.0046875 0.0268389662027833
0 0.9231770833333334 0.8777335984095428 0.019270833333333334 0.039761431411530816
0 0.71015625 0.8772365805168986 0.016145833333333335 0.020874751491053677
0 0.6895833333333333 0.8901590457256461 0.011458333333333333 0.02485089463220676
0 0.7669270833333334 0.8961232604373758 0.0171875 0.03479125248508946
0 0.022395833333333334 0.9040755467196819 0.023958333333333335 0.04473161033797217
0 0.44114583333333335 0.9060636182902585 0.013541666666666667 0.0268389662027833
0 0.5885416666666666 0.9020874751491054 0.008333333333333333 0.012922465208747515
0 0.5221354166666666 0.9070576540755467 0.009895833333333333 0.018886679920477135
0 0.7885416666666667 0.9130218687872763 0.005208333333333333 0.02286282306163022
0 0.6723958333333333 0.9110337972166997 0.009375 0.012922465208747515
0 0.6052083333333333 0.922962226640159 0.022916666666666665 0.020874751491053677
0 0.6515625 0.9289264413518886 0.004166666666666667 0.02485089463220676
0 0.4859375 0.9403578528827038 0.017708333333333333 0.02982107355864811
0 0.7614583333333333 0.9473161033797217 0.009375 0.02385685884691849
0 0.65625 0.9622266401590457 0.0125 0.027833001988071572
0 0.7161458333333334 0.9587475149105368 0.0125 0.012922465208747515
0 0.6783854166666666 0.9811133200795229 0.013020833333333334 0.03578528827037773
0 0.5346354166666667 0.9885685884691849 0.0078125 0.020874751491053677
0 0.48489583333333336 0.9900596421471173 0.009375 0.017892644135188866