0 0.2984375 0.007455268389662028 0.009375 0.014910536779324055
0 0.78046875 0.012922465208747515 0.015104166666666667 0.02584493041749503
0 0.8950520833333333 0.01341948310139165 0.011979166666666667 0.0268389662027833
0 0.95859375 0.004970178926441352 0.013020833333333334 0.009940357852882704
0 0.15807291666666667 0.020874751491053677 0.015104166666666667 0.019880715705765408
0 0.96796875 0.030318091451292245 0.013020833333333334 0.036779324055666
0 0.30130208333333336 0.03578528827037773 0.021354166666666667 0.017892644135188866
0 0.19947916666666668 0.045228628230616304 0.007291666666666667 0.032803180914512925
0 0.8395833333333333 0.04622266401590457 0.016666666666666666 0.02286282306163022
0 0.17083333333333334 0.05964214711729622 0.011458333333333333 0.015904572564612324
0 0.0109375 0.08648111332007952 0.016666666666666666 0.04572564612326044
0 0.5770833333333333 0.08797216699801193 0.009375 0.040755467196819085
0 0.196875 0.07554671968190854 0.013541666666666667 0.013916500994035786
0 0.228125 0.10139165009940358 0.015625 0.009940357852882704
0 0.6333333333333333 0.1242544731610338 0.017708333333333333 0.02584493041749503
0 0.5018229166666667 0.14612326043737575 0.011979166666666667 0.02385685884691849
0 0.7106770833333333 0.15059642147117297 0.005729166666666666 0.02882703777335984
0 0.2674479166666667 0.16500994035785288 0.0140625 0.0437375745526839
0 0.3033854166666667 0.1555666003976143 0.0140625 0.02485089463220676
0 0.8403645833333333 0.19284294234592445 0.022395833333333334 0.039761431411530816
0 0.9721354166666667 0.19433399602385687 0.019270833333333334 0.014910536779324055
0 0.73671875 0.2191848906560636 0.016145833333333335 0.010934393638170975
0 0.9497395833333333 0.23757455268389663 0.015104166666666667 0.033797216699801194
0 0.8614583333333333 0.2430417495029821 0.008333333333333333 0.0268389662027833
0 0.4278645833333333 0.2654075546719682 0.009895833333333333 0.0437375745526839
0 0.6364583333333333 0.26093439363817095 0.013541666666666667 0.032803180914512925
0 0.6856770833333333 0.25596421471172964 0.0109375 0.020874751491053677
0 0.15104166666666666 0.25944333996023855 0.011458333333333333 0.019880715705765408
0 0.7903645833333334 0.26938369781312127 0.009895833333333333 0.019880715705765408
0 0.48098958333333336 0.2937375745526839 0.011979166666666667 0.02882703777335984
0 0.171875 0.2957256461232604 0.025 0.018886679920477135
0 0.3997395833333333 0.3240556660039761 0.016145833333333335 0.0636182902584493
0 0.8666666666666667 0.3404572564612326 0.009375 0.02485089463220676
0 0.11796875 0.3394632206759443 0.019270833333333334 0.012922465208747515
0 0.065625 0.36530815109343934 0.007291666666666667 0.036779324055666
0 0.15677083333333333 0.3802186878727634 0.015625 0.036779324055666
0 0.25416666666666665 0.37773359840954274 0.008333333333333333 0.033797216699801194
0 0.12760416666666666 0.37773359840954274 0.015625 0.02186878727634195
0 0.6901041666666666 0.397117296222664 0.005208333333333333 0.030815109343936383
0 0.9067708333333333 0.39015904572564614 0.010416666666666666 0.016898608349900597
0 0.15677083333333333 0.43439363817097415 0.011458333333333333 0.02584493041749503
0 0.4356770833333333 0.43538767395626243 0.0046875 0.02584493041749503
0 0.53828125 0.4393638170974155 0.011979166666666667 0.03180914512922465
0 0.05755208333333333 0.46073558648111335 0.0171875 0.02882703777335984
0 0.3880208333333333 0.45278330019880714 0.014583333333333334 0.012922465208747515
0 0.9424479166666667 0.46421471172962225 0.0296875 0.033797216699801194
0 0.4986979166666667 0.46222664015904574 0.008854166666666666 0.027833001988071572
0 0.48098958333333336 0.47365805168986086 0.0067708333333333336 0.02485089463220676
0 0.10625 0.481610337972167 0.009375 0.02286282306163022
0 0.2625 0.47564612326043737 0.0125 0.010934393638170975
0 0.8270833333333333 0.4915506958250497 0.013541666666666667 0.018886679920477135
0 0.10833333333333334 0.5243538767395626 0.011458333333333333 0.032803180914512925
0 0.7489583333333333 0.5218687872763419 0.016666666666666666 0.027833001988071572
0 0.08776041666666666 0.5531809145129225 0.025520833333333333 0.06858846918489066
0 0.9119791666666667 0.5387673956262425 0.01875 0.02982107355864811
0 0.49296875 0.5397614314115308 0.0171875 0.027833001988071572
0 0.4552083333333333 0.5397614314115308 0.015625 0.009940357852882704
0 0.5921875 0.5526838966202783 0.00625 0.02385685884691849
0 0.40703125 0.5576540755467196 0.016145833333333335 0.02584493041749503
0 0.43072916666666666 0.558648111332008 0.014583333333333334 0.02186878727634195
0 0.20026041666666666 0.5745526838966203 0.0109375 0.03777335984095427
0 0.5432291666666667 0.5725646123260437 0.017708333333333333 0.02385685884691849
0 0.3640625 0.5815109343936382 0.004166666666666667 0.027833001988071572
0 0.6486979166666667 0.5805168986083499 0.0171875 0.019880715705765408
0 0.43385416666666665 0.5854870775347912 0.020833333333333332 0.02385685884691849
0 0.3026041666666667 0.5934393638170974 0.004166666666666667 0.02385685884691849
0 0.49166666666666664 0.5964214711729622 0.0125 0.02982107355864811
0 0.10130208333333333 0.6063618290258449 0.011979166666666667 0.0437375745526839
0 0.38776041666666666 0.5904572564612326 0.015104166666666667 0.013916500994035786
0 0.7252604166666666 0.595427435387674 0.009895833333333333 0.017892644135188866
0 0.4557291666666667 0.595427435387674 0.00625 0.015904572564612324
0 0.0453125 0.6093439363817097 0.01875 0.02982107355864811
0 0.6463541666666667 0.6158051689860835 0.00625 0.032803180914512925
0 0.5096354166666667 0.6058648111332008 0.013020833333333334 0.006958250497017893
0 0.012760416666666666 0.6133200795228628 0.025520833333333333 0.019880715705765408
0 0.39557291666666666 0.6187872763419483 0.0067708333333333336 0.014910536779324055
0 0.41484375 0.6307157057654076 0.008854166666666666 0.032803180914512925
0 0.4953125 0.6242544731610338 0.019791666666666666 0.019880715705765408
0 0.44817708333333334 0.632703777335984 0.008854166666666666 0.02286282306163022
0 0.03723958333333333 0.6436381709741551 0.0171875 0.040755467196819085
0 0.46380208333333334 0.6341948310139165 0.015104166666666667 0.013916500994035786
0 0.43671875 0.6486083499005965 0.013020833333333334 0.03479125248508946
0 0.08671875 0.6660039761431411 0.011979166666666667 0.027833001988071572
0 0.45625 0.6585487077534792 0.015625 0.012922465208747515
0 0.4234375 0.6684890656063618 0.011458333333333333 0.0268389662027833
0 0.39010416666666664 0.6853876739562624 0.009375 0.04671968190854871
0 0.36796875 0.702286282306163 0.0109375 0.040755467196819085
0 0.271875 0.7032803180914513 0.008333333333333333 0.040755467196819085
0 0.8984375 0.6958250497017893 0.013541666666666667 0.02584493041749503
0 0.022916666666666665 0.7072564612326043 0.013541666666666667 0.03876739562624255
0 0.6424479166666667 0.7007952286282306 0.015104166666666667 0.02584493041749503
0 0.50078125 0.705765407554672 0.0078125 0.02584493041749503
0 0.46510416666666665 0.7142147117296223 0.023958333333333335 0.03479125248508946
0 0.3463541666666667 0.7137176938369781 0.009375 0.013916500994035786
0 0.29140625 0.7251491053677932 0.0109375 0.018886679920477135
0 0.49921875 0.731610337972167 0.016145833333333335 0.013916500994035786
0 0.32864583333333336 0.7455268389662028 0.00625 0.02982107355864811
0 0.24583333333333332 0.7450298210735586 0.011458333333333333 0.02485089463220676
0 0.26796875 0.7564612326043738 0.011979166666666667 0.019880715705765408
0 0.7622395833333333 0.7728628230616302 0.018229166666666668 0.02286282306163022
0 0.3528645833333333 0.7788270377733598 0.008854166666666666 0.030815109343936383
0 0.48984375 0.7723658051689861 0.013020833333333334 0.019880715705765408
0 0.54296875 0.7733598409542743 0.011979166666666667 0.015904572564612324
0 0.8153645833333333 0.7718687872763419 0.0067708333333333336 0.012922465208747515
0 0.63203125 0.7897614314115308 0.013020833333333334 0.04473161033797217
0 0.017447916666666667 0.7768389662027833 0.019270833333333334 0.014910536779324055
0 0.12317708333333334 0.7847912524850894 0.0078125 0.030815109343936383
0 0.4122395833333333 0.7967196819085487 0.0078125 0.030815109343936383
0 0.04401041666666667 0.7962226640159046 0.022395833333333334 0.027833001988071572
0 0.20520833333333333 0.8031809145129225 0.0125 0.033797216699801194
0 0.36302083333333335 0.8036779324055666 0.013541666666666667 0.018886679920477135
0 0.07708333333333334 0.8220675944333996 0.015625 0.04970178926441352
0 0.48125 0.8185884691848907 0.03958333333333333 0.036779324055666
0 0.33046875 0.8210735586481114 0.005729166666666666 0.033797216699801194
0 0.38255208333333335 0.8225646123260437 0.0171875 0.03479125248508946
0 0.2942708333333333 0.8320079522862823 0.009375 0.027833001988071572
0 0.7799479166666666 0.831013916500994 0.022395833333333334 0.019880715705765408
0 0.5763020833333333 0.8374751491053678 0.011979166666666667 0.02882703777335984
0 0.18828125 0.8553677932405567 0.025520833333333333 0.06262425447316103
0 0.7078125 0.8320079522862823 0.009375 0.015904572564612324
0 0.12265625 0.8330019880715706 0.0171875 0.013916500994035786
0 0.012760416666666666 0.8404572564612326 0.008854166666666666 0.016898608349900597
0 0.55078125 0.841948310139165 0.016145833333333335 0.011928429423459244
0 0.45208333333333334 0.8523856858846919 0.010416666666666666 0.020874751491053677
0 0.10703125 0.8663021868787276 0.013020833333333334 0.03876739562624255
0 0.08489583333333334 0.8782306163021869 0.01875 0.06063618290258449
0 0.36822916666666666 0.8638170974155069 0.005208333333333333 0.027833001988071572
0 0.34140625 0.8727634194831014 0.024479166666666666 0.027833001988071572
0 0.7341145833333333 0.8747514910536779 0.022395833333333334 0.02584493041749503
0 0.9955729166666667 0.8762425447316103 0.0078125 0.020874751491053677
0 0.03359375 0.8866799204771372 0.028645833333333332 0.03578528827037773
0 0.80078125 0.8916500994035785 0.0171875 0.033797216699801194
0 0.29973958333333334 0.9005964214711729 0.011979166666666667 0.02186878727634195
0 0.7588541666666667 0.8996023856858847 0.01875 0.013916500994035786
0 0.10598958333333333 0.9234592445328031 0.019270833333333334 0.05168986083499006
0 0.26067708333333334 0.9140159045725647 0.0171875 0.02882703777335984
0 0.7208333333333333 0.9055666003976143 0.007291666666666667 0.009940357852882704
0 0.28619791666666666 0.9174950298210736 0.009895833333333333 0.02385685884691849
0 0.17395833333333333 0.9234592445328031 0.008333333333333333 0.027833001988071572
0 0.6885416666666667 0.9294234592445328 0.009375 0.03578528827037773
0 0.06458333333333334 0.9274353876739563 0.014583333333333334 0.02584493041749503
0 0.50625 0.9294234592445328 0.014583333333333334 0.015904572564612324
0 0.6239583333333333 0.9348906560636183 0.009375 0.0268389662027833
0 0.528125 0.937375745526839 0.005208333333333333 0.019880715705765408
0 0.36770833333333336 0.9617296222664016 0.013541666666666667 0.0268389662027833
0 0.6716145833333333 0.959741550695825 0.015104166666666667 0.020874751491053677
0 0.5463541666666667 0.9821073558648111 0.020833333333333332 0.033797216699801194
0 0.21015625 0.9850894632206759 0.0109375 0.027833001988071572
0 0.49296875 0.98558648111332 0.0036458333333333334 0.0268389662027833
0 0.46067708333333335 0.9875745526838966 0.019270833333333334 0.02286282306163022
0 0.6869791666666667 0.9885685884691849 0.013541666666666667 0.020874751491053677
0 0.5598958333333334 0.9960238568588469 0.017708333333333333 0.005964214711729622