0 0.15755208333333334 0.007455268389662028 0.013020833333333334 0.014910536779324055
0 0.7447916666666666 0.022365805168986085 0.023958333333333335 0.018886679920477135
0 0.4239583333333333 0.03429423459244533 0.023958333333333335 0.02485089463220676
0 0.9927083333333333 0.061630218687872766 0.013541666666666667 0.02584493041749503
0 0.40078125 0.08300198807157058 0.016145833333333335 0.03479125248508946
0 0.7041666666666667 0.08996023856858847 0.017708333333333333 0.020874751491053677
0 0.3963541666666667 0.11829025844930417 0.015625 0.017892644135188866
0 0.55078125 0.1317097415506958 0.0171875 0.032803180914512925
0 0.8450520833333334 0.15357852882703776 0.0171875 0.020874751491053677
0 0.9958333333333333 0.16650099403578528 0.007291666666666667 0.02485089463220676
0 0.7911458333333333 0.1754473161033797 0.016666666666666666 0.020874751491053677
0 0.7705729166666667 0.1848906560636183 0.0109375 0.02584493041749503
0 0.19270833333333334 0.27236580516898606 0.0125 0.015904572564612324
0 0.4908854166666667 0.27137176938369784 0.016145833333333335 0.015904572564612324
0 0.4122395833333333 0.28628230616302186 0.0067708333333333336 0.03180914512922465
0 0.5104166666666666 0.2907554671968191 0.016666666666666666 0.030815109343936383
0 0.15651041666666668 0.29174950298210733 0.015104166666666667 0.016898608349900597
0 0.008854166666666666 0.3205765407554672 0.017708333333333333 0.02485089463220676
0 0.3768229166666667 0.32007952286282304 0.005729166666666666 0.019880715705765408
0 0.15520833333333334 0.37922465208747513 0.021875 0.016898608349900597
0 0.42291666666666666 0.37922465208747513 0.010416666666666666 0.014910536779324055
0 0.3171875 0.38618290258449306 0.01875 0.018886679920477135
0 0.19375 0.3996023856858847 0.01875 0.03578528827037773
0 0.7497395833333333 0.3996023856858847 0.011979166666666667 0.02982107355864811
0 0.8635416666666667 0.3941351888667992 0.010416666666666666 0.014910536779324055
0 0.9859375 0.3941351888667992 0.027083333333333334 0.012922465208747515
0 0.5013020833333334 0.4025844930417495 0.011979166666666667 0.007952286282306162
0 0.8893229166666666 0.4125248508946322 0.011979166666666667 0.011928429423459244
0 0.8549479166666667 0.4194831013916501 0.015104166666666667 0.015904572564612324
0 0.8721354166666667 0.42296222664015903 0.0078125 0.02286282306163022
0 0.3046875 0.42047713717693835 0.016666666666666666 0.009940357852882704
0 0.8369791666666667 0.43141153081510936 0.026041666666666668 0.02982107355864811
0 0.18307291666666667 0.4438369781312127 0.015104166666666667 0.0268389662027833
0 0.8572916666666667 0.4383697813121272 0.007291666666666667 0.011928429423459244
0 0.40234375 0.44532803180914515 0.0067708333333333336 0.02186878727634195
0 0.3606770833333333 0.44433399602385687 0.0203125 0.015904572564612324
0 0.6986979166666667 0.44930417495029823 0.0140625 0.02385685884691849
0 0.4239583333333333 0.4577534791252485 0.013541666666666667 0.02485089463220676
0 0.28880208333333335 0.45974155069582506 0.0046875 0.0268389662027833
0 0.6645833333333333 0.4517892644135189 0.011458333333333333 0.010934393638170975
0 0.3333333333333333 0.4855864811133201 0.010416666666666666 0.04671968190854871
0 0.4078125 0.47862823061630216 0.015625 0.02286282306163022
0 0.91875 0.4865805168986084 0.015625 0.036779324055666
0 0.5390625 0.481610337972167 0.0125 0.02286282306163022
0 0.5111979166666667 0.5044731610337972 0.0078125 0.016898608349900597
0 0.49453125 0.5024850894632207 0.0140625 0.008946322067594433
0 0.1609375 0.5084493041749503 0.015625 0.010934393638170975
0 0.4903645833333333 0.5288270377733598 0.013020833333333334 0.019880715705765408
0 0.054947916666666666 0.5417495029821073 0.0328125 0.0437375745526839
0 0.00390625 0.5382703777335984 0.0078125 0.02485089463220676
0 0.34921875 0.544234592445328 0.019270833333333334 0.018886679920477135
0 0.4359375 0.5472166998011928 0.011458333333333333 0.020874751491053677
0 0.27265625 0.5646123260437376 0.0203125 0.02385685884691849
0 0.2921875 0.5596421471172962 0.0125 0.015904572564612324
0 0.4635416666666667 0.5616302186878728 0.015625 0.019880715705765408
0 0.008072916666666667 0.5725646123260437 0.0078125 0.011928429423459244
0 0.39401041666666664 0.5854870775347912 0.009895833333333333 0.03180914512922465
0 0.2171875 0.5994035785288271 0.010416666666666666 0.03777335984095427
0 0.11015625 0.6133200795228628 0.021354166666666667 0.0536779324055666
0 0.6846354166666667 0.5959244532803181 0.008854166666666666 0.020874751491053677
0 0.7065104166666667 0.5909542743538767 0.011979166666666667 0.008946322067594433
0 0.571875 0.6053677932405567 0.010416666666666666 0.02385685884691849
0 0.22864583333333333 0.6123260437375746 0.00625 0.027833001988071572
0 0.34036458333333336 0.6192842942345924 0.011979166666666667 0.033797216699801194
0 0.14713541666666666 0.6163021868787276 0.0078125 0.02385685884691849
0 0.32421875 0.6108349900596421 0.011979166666666667 0.012922465208747515
0 0.0049479166666666664 0.6222664015904572 0.009895833333333333 0.033797216699801194
0 0.19921875 0.6158051689860835 0.015104166666666667 0.020874751491053677
0 0.36015625 0.6123260437375746 0.0067708333333333336 0.013916500994035786
0 0.3671875 0.6217693836978131 0.009375 0.016898608349900597
0 0.3966145833333333 0.6242544731610338 0.0109375 0.019880715705765408
0 0.26510416666666664 0.6371769383697813 0.019791666666666666 0.03777335984095427
0 0.4942708333333333 0.6292246520874751 0.015625 0.013916500994035786
0 0.5408854166666667 0.6466202783300199 0.009895833333333333 0.040755467196819085
0 0.3255208333333333 0.6496023856858847 0.027083333333333334 0.042743538767395624
0 0.40598958333333335 0.6451292246520874 0.0067708333333333336 0.033797216699801194
0 0.51484375 0.6466202783300199 0.0067708333333333336 0.03479125248508946
0 0.29453125 0.6535785288270378 0.021354166666666667 0.03479125248508946
0 0.4166666666666667 0.643141153081511 0.00625 0.013916500994035786
0 0.21067708333333332 0.6510934393638171 0.0140625 0.02385685884691849
0 0.4265625 0.6555666003976143 0.010416666666666666 0.010934393638170975
0 0.4895833333333333 0.6610337972166997 0.008333333333333333 0.02186878727634195
0 0.35546875 0.6665009940357853 0.015104166666666667 0.02882703777335984
0 0.44895833333333335 0.665506958250497 0.013541666666666667 0.008946322067594433
0 0.7994791666666666 0.6764413518886679 0.013541666666666667 0.02882703777335984
0 0.7388020833333333 0.6774353876739563 0.0109375 0.0268389662027833
0 0.43203125 0.6789264413518886 0.0109375 0.027833001988071572
0 0.47161458333333334 0.6774353876739563 0.0109375 0.016898608349900597
0 0.459375 0.6853876739562624 0.00625 0.02882703777335984
0 0.68671875 0.6968190854870775 0.011979166666666667 0.03777335984095427
0 0.34140625 0.687375745526839 0.016145833333333335 0.012922465208747515
0 0.7453125 0.6968190854870775 0.014583333333333334 0.019880715705765408
0 0.31484375 0.6998011928429424 0.018229166666666668 0.019880715705765408
0 0.26979166666666665 0.705765407554672 0.014583333333333334 0.02186878727634195
0 0.9731770833333333 0.705765407554672 0.0078125 0.011928429423459244
0 0.48541666666666666 0.7162027833001988 0.014583333333333334 0.02485089463220676
0 0.5375 0.7142147117296223 0.016666666666666666 0.016898608349900597
0 0.39479166666666665 0.7162027833001988 0.007291666666666667 0.018886679920477135
0 0.4315104166666667 0.7176938369781312 0.025520833333333333 0.019880715705765408
0 0.19791666666666666 0.7231610337972167 0.015625 0.016898608349900597
0 0.6294270833333333 0.7231610337972167 0.015104166666666667 0.012922465208747515
0 0.5028645833333333 0.731610337972167 0.013020833333333334 0.017892644135188866
0 0.5359375 0.7340954274353877 0.013541666666666667 0.016898608349900597
0 0.15104166666666666 0.7420477137176938 0.010416666666666666 0.030815109343936383
0 0.05182291666666667 0.760934393638171 0.025520833333333333 0.06262425447316103
0 0.428125 0.7435387673956262 0.005208333333333333 0.027833001988071572
0 0.46197916666666666 0.73558648111332 0.014583333333333334 0.009940357852882704
0 0.38203125 0.7524850894632207 0.013020833333333334 0.007952286282306162
0 0.44973958333333336 0.7579522862823062 0.0140625 0.016898608349900597
0 0.7971354166666667 0.7708747514910537 0.016145833333333335 0.030815109343936383
0 0.7408854166666666 0.7763419483101391 0.011979166666666667 0.02982107355864811
0 0.11458333333333333 0.7783300198807157 0.023958333333333335 0.03180914512922465
0 0.44817708333333334 0.7862823061630219 0.027604166666666666 0.033797216699801194
0 0.4747395833333333 0.7788270377733598 0.013020833333333334 0.012922465208747515
0 0.9911458333333333 0.7937375745526839 0.016666666666666666 0.032803180914512925
0 0.3997395833333333 0.8101391650099403 0.015104166666666667 0.02982107355864811
0 0.53828125 0.8106361829025845 0.015104166666666667 0.012922465208747515
0 0.75 0.8369781312127237 0.016666666666666666 0.039761431411530816
0 0.371875 0.8334990059642147 0.005208333333333333 0.0268389662027833
0 0.40651041666666665 0.8394632206759444 0.013020833333333334 0.012922465208747515
0 0.5057291666666667 0.841948310139165 0.009375 0.015904572564612324
0 0.15208333333333332 0.8459244532803181 0.014583333333333334 0.017892644135188866
0 0.35598958333333336 0.8444333996023857 0.0046875 0.016898608349900597
0 0.43723958333333335 0.8484095427435387 0.016145833333333335 0.02485089463220676
0 0.9752604166666666 0.8523856858846919 0.019270833333333334 0.02485089463220676
0 0.5015625 0.8682902584493042 0.010416666666666666 0.0268389662027833
0 0.40729166666666666 0.8638170974155069 0.0125 0.015904572564612324
0 0.10052083333333334 0.8921471172962226 0.015625 0.040755467196819085
0 0.33880208333333334 0.9030815109343936 0.0171875 0.05268389662027833
0 0.29973958333333334 0.9030815109343936 0.013020833333333334 0.04671968190854871
0 0.6736979166666667 0.8866799204771372 0.018229166666666668 0.011928429423459244
0 0.21510416666666668 0.9224652087475149 0.017708333333333333 0.02584493041749503
0 0.2598958333333333 0.937375745526839 0.023958333333333335 0.039761431411530816
0 0.36302083333333335 0.9657057654075547 0.016666666666666666 0.06660039761431412
0 0.8174479166666667 0.9423459244532804 0.015104166666666667 0.019880715705765408
0 0.46171875 0.9657057654075547 0.0067708333333333336 0.020874751491053677
0 0.8151041666666666 0.9771371769383698 0.03125 0.0437375745526839
0 0.22421875 0.9716699801192843 0.016145833333333335 0.02286282306163022
0 0.53828125 0.9686878727634195 0.016145833333333335 0.016898608349900597
0 0.6408854166666667 0.9786282306163022 0.0203125 0.018886679920477135
0 0.5885416666666666 0.9870775347912525 0.007291666666666667 0.02385685884691849
0 0.6169270833333333 0.9875745526838966 0.0140625 0.02286282306163022
0 0.04505208333333333 0.9915506958250497 0.0140625 0.014910536779324055
0 0.5619791666666667 0.9920477137176938 0.009375 0.013916500994035786
0 0.6760416666666667 0.9935387673956262 0.009375 0.010934393638170975