0 0.7328125 0.0064612326043737576 0.007291666666666667 0.012922465208747515
0 0.6713541666666667 0.0044731610337972166 0.007291666666666667 0.008946322067594433
0 0.37161458333333336 0.015407554671968192 0.028645833333333332 0.030815109343936383
0 0.19739583333333333 0.011928429423459244 0.020833333333333332 0.02385685884691849
0 0.6190104166666667 0.022365805168986085 0.005729166666666666 0.036779324055666
0 0.71328125 0.03230616302186879 0.0140625 0.05268389662027833
0 0.2903645833333333 0.019383697813121274 0.015104166666666667 0.02485089463220676
0 0.8111979166666666 0.04671968190854871 0.0078125 0.02186878727634195
0 0.8200520833333333 0.06610337972166998 0.005729166666666666 0.048707753479125246
0 0.48984375 0.0621272365805169 0.008854166666666666 0.03479125248508946
0 0.61171875 0.06312127236580517 0.021354166666666667 0.02882703777335984
0 0.9255208333333333 0.05964214711729622 0.011458333333333333 0.013916500994035786
0 0.9971354166666667 0.10288270377733598 0.005729166666666666 0.014910536779324055
0 0.4942708333333333 0.11679920477137178 0.015625 0.03479125248508946
0 0.5494791666666666 0.12276341948310139 0.016666666666666666 0.032803180914512925
0 0.4783854166666667 0.1386679920477137 0.0078125 0.03479125248508946
0 0.7424479166666667 0.1496023856858847 0.022395833333333334 0.05467196819085487
0 0.8453125 0.14363817097415507 0.014583333333333334 0.036779324055666
0 0.43046875 0.14214711729622267 0.0171875 0.033797216699801194
0 0.05182291666666667 0.13717693836978131 0.021354166666666667 0.02584493041749503
0 0.3729166666666667 0.16003976143141152 0.013541666666666667 0.015904572564612324
0 0.2716145833333333 0.19383697813121273 0.005729166666666666 0.03180914512922465
0 0.5794270833333334 0.20377733598409542 0.018229166666666668 0.0437375745526839
0 0.4981770833333333 0.19234592445328033 0.005729166666666666 0.020874751491053677
0 0.4739583333333333 0.20427435387673956 0.013541666666666667 0.040755467196819085
0 0.36354166666666665 0.20427435387673956 0.01875 0.03479125248508946
0 0.6440104166666667 0.21819085487077536 0.0140625 0.05069582504970179
0 0.5385416666666667 0.23757455268389663 0.017708333333333333 0.02186878727634195
0 0.44036458333333334 0.23658051689860835 0.0078125 0.013916500994035786
0 0.9786458333333333 0.28926441351888665 0.021875 0.039761431411530816
0 0.5130208333333334 0.28677932405566603 0.008333333333333333 0.03479125248508946
0 0.0033854166666666668 0.28876739562624254 0.005729166666666666 0.03876739562624255
0 0.6854166666666667 0.29025844930417494 0.013541666666666667 0.02584493041749503
0 0.44505208333333335 0.28628230616302186 0.0067708333333333336 0.013916500994035786
0 0.8419270833333333 0.2947316103379722 0.028645833333333332 0.018886679920477135
0 0.45703125 0.31461232604373757 0.019270833333333334 0.030815109343936383
0 0.9786458333333333 0.3429423459244533 0.026041666666666668 0.0536779324055666
0 0.3528645833333333 0.33151093439363816 0.0109375 0.02485089463220676
0 0.521875 0.34691848906560635 0.019791666666666666 0.04572564612326044
0 0.5026041666666666 0.34244532803180916 0.011458333333333333 0.02485089463220676
0 0.9481770833333333 0.3533797216699801 0.0140625 0.03876739562624255
0 0.7796875 0.37922465208747513 0.023958333333333335 0.036779324055666
0 0.9919270833333333 0.3836978131212724 0.016145833333333335 0.041749502982107355
0 0.61640625 0.3956262425447316 0.0078125 0.039761431411530816
0 0.5182291666666666 0.39314115308151093 0.008333333333333333 0.02485089463220676
0 0.4393229166666667 0.40308151093439365 0.0067708333333333336 0.032803180914512925
0 0.5921875 0.4095427435387674 0.019791666666666666 0.027833001988071572
0 0.4700520833333333 0.4120278330019881 0.0171875 0.016898608349900597
0 0.5364583333333334 0.43489065606361826 0.016666666666666666 0.030815109343936383
0 0.8216145833333334 0.4577534791252485 0.0140625 0.036779324055666
0 0.5861979166666667 0.45825049701789267 0.0171875 0.015904572564612324
0 0.5138020833333333 0.49204771371769385 0.0109375 0.06759443339960239
0 0.5677083333333334 0.4985089463220676 0.015625 0.02882703777335984
0 0.5200520833333333 0.5079522862823062 0.0067708333333333336 0.02584493041749503
0 0.16979166666666667 0.5134194831013916 0.01875 0.03479125248508946
0 0.4127604166666667 0.5149105367793241 0.0067708333333333336 0.02584493041749503
0 0.44192708333333336 0.5173956262425448 0.0067708333333333336 0.02286282306163022
0 0.3375 0.5273359840954275 0.0125 0.02286282306163022
0 0.9895833333333334 0.5427435387673957 0.020833333333333332 0.04572564612326044
0 0.42994791666666665 0.5511928429423459 0.013020833333333334 0.02882703777335984
0 0.7822916666666667 0.558648111332008 0.007291666666666667 0.03180914512922465
0 0.44895833333333335 0.5601391650099403 0.01875 0.030815109343936383
0 0.50546875 0.5690854870775348 0.013020833333333334 0.018886679920477135
0 0.4783854166666667 0.5914512922465208 0.0140625 0.015904572564612324
0 0.49192708333333335 0.6043737574552683 0.0078125 0.027833001988071572
0 0.44895833333333335 0.6048707753479126 0.013541666666666667 0.020874751491053677
0 0.6598958333333333 0.621272365805169 0.005208333333333333 0.033797216699801194
0 0.3299479166666667 0.6187872763419483 0.025520833333333333 0.030815109343936383
0 0.4765625 0.6247514910536779 0.015625 0.018886679920477135
0 0.3536458333333333 0.6217693836978131 0.014583333333333334 0.012922465208747515
0 0.51015625 0.647117296222664 0.0265625 0.04572564612326044
0 0.41848958333333336 0.6436381709741551 0.0067708333333333336 0.030815109343936383
0 0.059375 0.643141153081511 0.017708333333333333 0.02982107355864811
0 0.9424479166666667 0.6376739562624254 0.0078125 0.016898608349900597
0 0.4895833333333333 0.6595427435387674 0.009375 0.016898608349900597
0 0.8247395833333333 0.6709741550695825 0.0296875 0.03578528827037773
0 0.6419270833333334 0.6704771371769384 0.021354166666666667 0.02882703777335984
0 0.4083333333333333 0.6853876739562624 0.013541666666666667 0.048707753479125246
0 0.6869791666666667 0.6848906560636183 0.010416666666666666 0.027833001988071572
0 0.6299479166666667 0.6829025844930418 0.013020833333333334 0.02186878727634195
0 0.31197916666666664 0.6998011928429424 0.019791666666666666 0.033797216699801194
0 0.4747395833333333 0.7112326043737575 0.0203125 0.02286282306163022
0 0.7372395833333333 0.7206759443339961 0.021354166666666667 0.039761431411530816
0 0.17239583333333333 0.7266401590457257 0.01875 0.027833001988071572
0 0.38385416666666666 0.7296222664015904 0.00625 0.02584493041749503
0 0.6640625 0.7470178926441352 0.020833333333333332 0.05467196819085487
0 0.5609375 0.7251491053677932 0.011458333333333333 0.010934393638170975
0 0.365625 0.7440357852882704 0.022916666666666665 0.036779324055666
0 0.39921875 0.7465208747514911 0.0078125 0.03578528827037773
0 0.48723958333333334 0.7400596421471173 0.015104166666666667 0.012922465208747515
0 0.6325520833333333 0.7559642147117296 0.021354166666666667 0.032803180914512925
0 0.5216145833333333 0.7544731610337972 0.015104166666666667 0.013916500994035786
0 0.5078125 0.7793240556660039 0.011458333333333333 0.027833001988071572
0 0.6466145833333333 0.7967196819085487 0.018229166666666668 0.040755467196819085
0 0.11875 0.7872763419483101 0.016666666666666666 0.02186878727634195
0 0.48046875 0.790258449304175 0.0109375 0.02385685884691849
0 0.48151041666666666 0.8190854870775348 0.015104166666666667 0.03180914512922465
0 0.9997395833333333 0.8389662027833003 0.0005208333333333333 0.05964214711729622
0 0.6338541666666667 0.8225646123260437 0.01875 0.010934393638170975
0 0.23046875 0.8494035785288271 0.0296875 0.042743538767395624
0 0.5778645833333333 0.8459244532803181 0.021354166666666667 0.015904572564612324
0 0.6002604166666666 0.8792246520874751 0.0140625 0.0705765407554672
0 0.1421875 0.8752485089463221 0.0125 0.02286282306163022
0 0.65859375 0.8841948310139165 0.016145833333333335 0.02882703777335984
0 0.13098958333333333 0.8822067594433399 0.009895833333333333 0.016898608349900597
0 0.46848958333333335 0.8836978131212724 0.019270833333333334 0.011928429423459244
0 0.5059895833333333 0.908051689860835 0.016145833333333335 0.0268389662027833
0 0.99140625 0.9165009940357853 0.0171875 0.041749502982107355
0 0.8091145833333333 0.9169980119284294 0.009895833333333333 0.010934393638170975
0 0.3203125 0.9219681908548708 0.027083333333333334 0.020874751491053677
0 0.37994791666666666 0.9378727634194831 0.0078125 0.02882703777335984
0 0.4244791666666667 0.9358846918489065 0.022916666666666665 0.016898608349900597
0 0.8033854166666666 0.9458250497017893 0.011979166666666667 0.032803180914512925
0 0.22057291666666667 0.952286282306163 0.013020833333333334 0.019880715705765408
0 0.8651041666666667 0.9662027833001988 0.025 0.03578528827037773
0 0.5833333333333334 0.9751491053677932 0.009375 0.03180914512922465
0 0.6111979166666667 0.9776341948310139 0.0203125 0.032803180914512925
0 0.3640625 0.9860834990059643 0.022916666666666665 0.02584493041749503