0 0.31171875 0.0054671968190854875 0.0140625 0.010934393638170975
0 0.40078125 0.014910536779324055 0.022395833333333334 0.02982107355864811
0 0.70546875 0.02186878727634195 0.013020833333333334 0.039761431411530816
0 0.31875 0.03628230616302187 0.013541666666666667 0.030815109343936383
0 0.33567708333333335 0.03230616302186879 0.0140625 0.018886679920477135
0 0.58359375 0.04125248508946322 0.015104166666666667 0.010934393638170975
0 0.7450520833333333 0.05964214711729622 0.016145833333333335 0.03777335984095427
0 0.19192708333333333 0.05467196819085487 0.0067708333333333336 0.015904572564612324
0 0.271875 0.10834990059642147 0.009375 0.033797216699801194
0 0.41901041666666666 0.1242544731610338 0.018229166666666668 0.02982107355864811
0 0.9953125 0.1242544731610338 0.008333333333333333 0.027833001988071572
0 0.46171875 0.13667992047713717 0.009895833333333333 0.02485089463220676
0 0.546875 0.13767395626242546 0.013541666666666667 0.010934393638170975
0 0.06041666666666667 0.14910536779324055 0.0125 0.027833001988071572
0 0.2984375 0.147117296222664 0.01875 0.013916500994035786
0 0.4114583333333333 0.16302186878727634 0.005208333333333333 0.02385685884691849
0 0.5859375 0.16500994035785288 0.016666666666666666 0.027833001988071572
0 0.72265625 0.18091451292246521 0.027604166666666666 0.04970178926441352
0 0.6177083333333333 0.17693836978131214 0.007291666666666667 0.02186878727634195
0 0.10520833333333333 0.19433399602385687 0.017708333333333333 0.03479125248508946
0 0.8580729166666666 0.19483101391650098 0.011979166666666667 0.03777335984095427
0 0.49166666666666664 0.19383697813121273 0.010416666666666666 0.02186878727634195
0 0.4317708333333333 0.19234592445328033 0.017708333333333333 0.016898608349900597
0 0.7625 0.19980119284294234 0.015625 0.02186878727634195
0 0.5684895833333333 0.20526838966202784 0.016145833333333335 0.016898608349900597
0 0.7278645833333334 0.20576540755467196 0.0078125 0.017892644135188866
0 0.33541666666666664 0.23508946322067595 0.015625 0.048707753479125246
0 0.7158854166666667 0.2276341948310139 0.0067708333333333336 0.03180914512922465
0 0.30494791666666665 0.2301192842942346 0.018229166666666668 0.030815109343936383
0 0.7786458333333334 0.22465208747514911 0.008333333333333333 0.02186878727634195
0 0.5033854166666667 0.2331013916500994 0.016145833333333335 0.02882703777335984
0 0.39947916666666666 0.22813121272365805 0.011458333333333333 0.014910536779324055
0 0.7575520833333333 0.24502982107355864 0.015104166666666667 0.010934393638170975
0 0.9247395833333333 0.25 0.011979166666666667 0.020874751491053677
0 0.02109375 0.2673956262425447 0.018229166666666668 0.04572564612326044
0 0.31640625 0.2654075546719682 0.021354166666666667 0.017892644135188866
0 0.9315104166666667 0.27634194831013914 0.0078125 0.033797216699801194
0 0.30052083333333335 0.2788270377733598 0.009375 0.02882703777335984
0 0.42161458333333335 0.2828031809145129 0.0109375 0.02882703777335984
0 0.31536458333333334 0.2952286282306163 0.022395833333333334 0.02982107355864811
0 0.38515625 0.30168986083499005 0.009895833333333333 0.040755467196819085
0 0.67578125 0.3091451292246521 0.0140625 0.015904572564612324
0 0.10859375 0.34493041749502984 0.015104166666666667 0.03777335984095427
0 0.28515625 0.35785288270377735 0.0234375 0.0536779324055666
0 0.42916666666666664 0.34244532803180916 0.019791666666666666 0.012922465208747515
0 0.0453125 0.3518886679920477 0.011458333333333333 0.015904572564612324
0 0.5778645833333333 0.3588469184890656 0.005729166666666666 0.02982107355864811
0 0.6296875 0.3489065606361829 0.014583333333333334 0.011928429423459244
0 0.7197916666666667 0.3508946322067594 0.016666666666666666 0.015904572564612324
0 0.33359375 0.36083499005964215 0.009895833333333333 0.02584493041749503
0 0.19609375 0.37226640159045726 0.0078125 0.02882703777335984
0 0.4205729166666667 0.371272365805169 0.011979166666666667 0.02286282306163022
0 0.05 0.3812127236580517 0.026041666666666668 0.036779324055666
0 0.23854166666666668 0.3702783300198807 0.010416666666666666 0.014910536779324055
0 0.4388020833333333 0.3996023856858847 0.008854166666666666 0.039761431411530816
0 0.603125 0.3951292246520875 0.016666666666666666 0.02485089463220676
0 0.46328125 0.4125248508946322 0.0359375 0.0536779324055666
0 0.58671875 0.40159045725646125 0.008854166666666666 0.033797216699801194
0 0.31145833333333334 0.42147117296222664 0.009375 0.039761431411530816
0 0.6278645833333333 0.4234592445328032 0.013020833333333334 0.02982107355864811
0 0.44583333333333336 0.4532803180914513 0.016666666666666666 0.03578528827037773
0 0.5908854166666667 0.4418489065606362 0.0078125 0.012922465208747515
0 0.578125 0.44582504970178927 0.0125 0.016898608349900597
0 0.27421875 0.4537773359840954 0.0078125 0.016898608349900597
0 0.30130208333333336 0.4676938369781312 0.0078125 0.042743538767395624
0 0.25364583333333335 0.47514910536779326 0.028125 0.039761431411530816
0 0.41848958333333336 0.4711729622266402 0.0067708333333333336 0.02385685884691849
0 0.6065104166666667 0.4647117296222664 0.0067708333333333336 0.012922465208747515
0 0.18072916666666666 0.47813121272365805 0.008333333333333333 0.03180914512922465
0 0.9421875 0.48061630218687873 0.011458333333333333 0.030815109343936383
0 0.39869791666666665 0.4840954274353877 0.008854166666666666 0.03578528827037773
0 0.15208333333333332 0.4875745526838966 0.007291666666666667 0.02882703777335984
0 0.59765625 0.4845924453280318 0.0109375 0.02485089463220676
0 0.5223958333333333 0.481610337972167 0.007291666666666667 0.014910536779324055
0 0.6208333333333333 0.4915506958250497 0.0125 0.02286282306163022
0 0.41848958333333336 0.5079522862823062 0.011979166666666667 0.03578528827037773
0 0.7546875 0.5069582504970179 0.014583333333333334 0.02385685884691849
0 0.3223958333333333 0.5079522862823062 0.019791666666666666 0.02186878727634195
0 0.4390625 0.5134194831013916 0.019791666666666666 0.02485089463220676
0 0.6328125 0.5119284294234593 0.011458333333333333 0.019880715705765408
0 0.12291666666666666 0.5238568588469185 0.016666666666666666 0.02584493041749503
0 0.38229166666666664 0.5208747514910537 0.0125 0.019880715705765408
0 0.5703125 0.5333001988071571 0.005208333333333333 0.030815109343936383
0 0.32109375 0.5511928429423459 0.030729166666666665 0.05268389662027833
0 0.06354166666666666 0.5377733598409543 0.011458333333333333 0.013916500994035786
0 0.08697916666666666 0.5675944333996024 0.014583333333333334 0.041749502982107355
0 0.77265625 0.5675944333996024 0.0171875 0.041749502982107355
0 0.058854166666666666 0.588469184890656 0.022916666666666665 0.0775347912524851
0 0.50625 0.5636182902584493 0.013541666666666667 0.02385685884691849
0 0.45260416666666664 0.5894632206759444 0.008333333333333333 0.02982107355864811
0 0.7106770833333333 0.5839960238568589 0.0171875 0.016898608349900597
0 0.28958333333333336 0.5889662027833003 0.019791666666666666 0.016898608349900597
0 0.47369791666666666 0.5864811133200796 0.0140625 0.009940357852882704
0 0.6763020833333333 0.5959244532803181 0.0203125 0.020874751491053677
0 0.49557291666666664 0.6063618290258449 0.008854166666666666 0.02982107355864811
0 0.3375 0.6078528827037774 0.011458333333333333 0.02882703777335984
0 0.08645833333333333 0.6302186878727635 0.029166666666666667 0.039761431411530816
0 0.26458333333333334 0.628727634194831 0.023958333333333335 0.02286282306163022
0 0.6736979166666667 0.632703777335984 0.008854166666666666 0.014910536779324055
0 0.36770833333333336 0.6481113320079522 0.008333333333333333 0.033797216699801194
0 0.3455729166666667 0.6590457256461233 0.019270833333333334 0.04572564612326044
0 0.6682291666666667 0.6550695825049702 0.008333333333333333 0.02584493041749503
0 0.6401041666666667 0.6709741550695825 0.007291666666666667 0.015904572564612324
0 0.12317708333333334 0.6829025844930418 0.022395833333333334 0.02982107355864811
0 0.4973958333333333 0.6833996023856859 0.010416666666666666 0.0268389662027833
0 0.2643229166666667 0.691351888667992 0.015104166666666667 0.014910536779324055
0 0.30572916666666666 0.694831013916501 0.019791666666666666 0.015904572564612324
0 0.6546875 0.7092445328031809 0.016666666666666666 0.036779324055666
0 0.020052083333333335 0.7117296222664016 0.0171875 0.02385685884691849
0 0.03671875 0.7127236580516899 0.009895833333333333 0.013916500994035786
0 0.5059895833333333 0.7321073558648111 0.015104166666666667 0.02882703777335984
0 0.6861979166666666 0.7311133200795229 0.013020833333333334 0.0268389662027833
0 0.49270833333333336 0.7465208747514911 0.010416666666666666 0.02385685884691849
0 0.7223958333333333 0.7529821073558648 0.011458333333333333 0.030815109343936383
0 0.9955729166666667 0.7519880715705766 0.0078125 0.02882703777335984
0 0.8177083333333334 0.7589463220675944 0.015625 0.03876739562624255
0 0.66796875 0.7589463220675944 0.016145833333333335 0.02286282306163022
0 0.37447916666666664 0.775844930417495 0.019791666666666666 0.02485089463220676
0 0.3026041666666667 0.7862823061630219 0.010416666666666666 0.03180914512922465
0 0.5796875 0.790258449304175 0.015625 0.033797216699801194
0 0.896875 0.8096421471172962 0.016666666666666666 0.030815109343936383
0 0.7174479166666666 0.8166003976143141 0.0234375 0.018886679920477135
0 0.3489583333333333 0.827037773359841 0.017708333333333333 0.017892644135188866
0 0.15729166666666666 0.8658051689860835 0.014583333333333334 0.02584493041749503
0 0.42864583333333334 0.8752485089463221 0.011458333333333333 0.0268389662027833
0 0.04114583333333333 0.882703777335984 0.025 0.027833001988071572
0 0.3151041666666667 0.8772365805168986 0.017708333333333333 0.012922465208747515
0 0.6838541666666667 0.8812127236580517 0.017708333333333333 0.012922465208747515
0 0.7830729166666667 0.8891650099403579 0.018229166666666668 0.02882703777335984
0 0.26015625 0.9040755467196819 0.015104166666666667 0.02485089463220676
0 0.7088541666666667 0.9234592445328031 0.014583333333333334 0.02186878727634195
0 0.7432291666666667 0.9324055666003976 0.0125 0.033797216699801194
0 0.01953125 0.9428429423459245 0.021354166666666667 0.03479125248508946
0 0.015625 0.9870775347912525 0.013541666666666667 0.02385685884691849
0 0.14375 0.9875745526838966 0.009375 0.02286282306163022