0 0.7932291666666667 0.01242544731610338 0.008333333333333333 0.020874751491053677
0 0.8625 0.013916500994035786 0.016666666666666666 0.02385685884691849
0 0.5098958333333333 0.01143141153081511 0.009375 0.016898608349900597
0 0.90703125 0.02584493041749503 0.0265625 0.04572564612326044
0 0.6911458333333333 0.01441351888667992 0.010416666666666666 0.018886679920477135
0 0.49583333333333335 0.02186878727634195 0.008333333333333333 0.02186878727634195
0 0.996875 0.03628230616302187 0.005208333333333333 0.042743538767395624
0 0.33619791666666665 0.03429423459244533 0.009895833333333333 0.02882703777335984
0 0.146875 0.029324055666003976 0.005208333333333333 0.014910536779324055
0 0.61640625 0.04572564612326044 0.0078125 0.017892644135188866
0 0.9463541666666667 0.06709741550695825 0.010416666666666666 0.02286282306163022
0 0.88828125 0.0889662027833002 0.015104166666666667 0.02286282306163022
0 0.7091145833333333 0.12077534791252485 0.009895833333333333 0.02286282306163022
0 0.8947916666666667 0.1595427435387674 0.007291666666666667 0.02286282306163022
0 0.82734375 0.17892644135188868 0.0109375 0.015904572564612324
0 0.6942708333333333 0.18687872763419483 0.008333333333333333 0.02385685884691849
0 0.634375 0.2047713717693837 0.008333333333333333 0.015904572564612324
0 0.7450520833333333 0.24652087475149106 0.013020833333333334 0.015904572564612324
0 0.5057291666666667 0.25695825049701787 0.025 0.030815109343936383
0 0.88984375 0.25745526838966204 0.015104166666666667 0.02186878727634195
0 0.8549479166666667 0.2753479125248509 0.0109375 0.02584493041749503
0 0.7265625 0.2788270377733598 0.005208333333333333 0.02882703777335984
0 0.484375 0.2753479125248509 0.008333333333333333 0.013916500994035786
0 0.7494791666666667 0.28628230616302186 0.005208333333333333 0.02584493041749503
0 0.6932291666666667 0.30218687872763417 0.014583333333333334 0.015904572564612324
0 0.25026041666666665 0.3066600397614314 0.011979166666666667 0.012922465208747515
0 0.8520833333333333 0.3106361829025845 0.009375 0.018886679920477135
0 0.9606770833333333 0.3116302186878728 0.0171875 0.016898608349900597
0 0.94921875 0.3190854870775348 0.011979166666666667 0.013916500994035786
0 0.990625 0.3374751491053678 0.017708333333333333 0.0268389662027833
0 0.5440104166666667 0.341948310139165 0.0078125 0.02385685884691849
0 0.7671875 0.36133200795228626 0.005208333333333333 0.0268389662027833
0 0.7927083333333333 0.36133200795228626 0.013541666666666667 0.012922465208747515
0 0.42890625 0.37077534791252487 0.0078125 0.017892644135188866
0 0.86640625 0.3782306163021869 0.0067708333333333336 0.02286282306163022
0 0.5424479166666667 0.40457256461232605 0.009895833333333333 0.017892644135188866
0 0.49765625 0.4423459244532803 0.008854166666666666 0.019880715705765408
0 0.7565104166666666 0.43687872763419483 0.0140625 0.008946322067594433
0 0.92734375 0.4537773359840954 0.015104166666666667 0.016898608349900597
0 0.81875 0.4721669980119284 0.020833333333333332 0.04572564612326044
0 0.734375 0.48061630218687873 0.00625 0.030815109343936383
0 0.39453125 0.48906560636182905 0.009895833333333333 0.02584493041749503
0 0.7528645833333333 0.5019880715705766 0.0067708333333333336 0.02584493041749503
0 0.534375 0.5447316103379721 0.00625 0.02584493041749503
0 0.5127604166666667 0.547713717693837 0.011979166666666667 0.02385685884691849
0 0.7403645833333333 0.5467196819085487 0.0046875 0.02186878727634195
0 0.8861979166666667 0.562624254473161 0.016145833333333335 0.033797216699801194
0 0.9848958333333333 0.5680914512922465 0.009375 0.02882703777335984
0 0.46901041666666665 0.5670974155069582 0.005729166666666666 0.016898608349900597
0 0.5166666666666667 0.577037773359841 0.010416666666666666 0.012922465208747515
0 0.46119791666666665 0.581013916500994 0.0067708333333333336 0.014910536779324055
0 0.8328125 0.5964214711729622 0.009375 0.02584493041749503
0 0.8924479166666667 0.5924453280318092 0.008854166666666666 0.017892644135188866
0 0.7822916666666667 0.5944333996023857 0.0125 0.013916500994035786
0 0.5966145833333333 0.5984095427435387 0.016145833333333335 0.013916500994035786
0 0.30703125 0.5999005964214712 0.0109375 0.012922465208747515
0 0.90625 0.6023856858846919 0.014583333333333334 0.015904572564612324
0 0.24505208333333334 0.614314115308151 0.0078125 0.027833001988071572
0 0.8026041666666667 0.6202783300198808 0.008333333333333333 0.02385685884691849
0 0.8432291666666667 0.6187872763419483 0.0125 0.014910536779324055
0 0.6388020833333333 0.6247514910536779 0.0140625 0.016898608349900597
0 0.7388020833333333 0.6336978131212724 0.0140625 0.014910536779324055
0 0.5859375 0.6461232604373758 0.008333333333333333 0.017892644135188866
0 0.6606770833333333 0.6525844930417495 0.024479166666666666 0.02286282306163022
0 0.7674479166666667 0.665506958250497 0.0109375 0.016898608349900597
0 0.796875 0.6665009940357853 0.013541666666666667 0.016898608349900597
0 0.6934895833333333 0.6719681908548708 0.0036458333333333334 0.02584493041749503
0 0.8768229166666667 0.6739562624254473 0.0078125 0.027833001988071572
0 0.5705729166666667 0.6744532803180915 0.008854166666666666 0.02485089463220676
0 0.9151041666666667 0.6779324055666004 0.014583333333333334 0.033797216699801194
0 0.9286458333333333 0.694831013916501 0.015625 0.04572564612326044
0 0.9567708333333333 0.6848906560636183 0.014583333333333334 0.02584493041749503
0 0.7705729166666667 0.6923459244532804 0.008854166666666666 0.016898608349900597
0 0.8557291666666667 0.6938369781312127 0.011458333333333333 0.02186878727634195
0 0.9966145833333333 0.694831013916501 0.005729166666666666 0.015904572564612324
0 0.628125 0.6998011928429424 0.005208333333333333 0.02186878727634195
0 0.7533854166666667 0.7112326043737575 0.013020833333333334 0.040755467196819085
0 0.7838541666666666 0.7007952286282306 0.0125 0.013916500994035786
0 0.896875 0.7166998011928429 0.008333333333333333 0.02982107355864811
0 0.40989583333333335 0.7166998011928429 0.008333333333333333 0.027833001988071572
0 0.81171875 0.7122266401590457 0.015104166666666667 0.016898608349900597
0 0.7005208333333334 0.7276341948310139 0.020833333333333332 0.03777335984095427
0 0.5294270833333333 0.7395626242544732 0.0203125 0.03578528827037773
0 0.5651041666666666 0.7395626242544732 0.016666666666666666 0.03777335984095427
0 0.7236979166666667 0.7405566600397614 0.0109375 0.027833001988071572
0 0.7721354166666666 0.7340954274353877 0.0109375 0.012922465208747515
0 0.9140625 0.7460238568588469 0.010416666666666666 0.030815109343936383
0 0.6893229166666667 0.7514910536779325 0.013020833333333334 0.02385685884691849
0 0.6380208333333334 0.7589463220675944 0.00625 0.030815109343936383
0 0.7484375 0.7629224652087475 0.010416666666666666 0.03876739562624255
0 0.37161458333333336 0.7723658051689861 0.0109375 0.04771371769383698
0 0.7794270833333333 0.7673956262425448 0.0078125 0.027833001988071572
0 0.80703125 0.7753479125248509 0.0140625 0.015904572564612324
0 0.91640625 0.7753479125248509 0.009895833333333333 0.017892644135188866
0 0.8380208333333333 0.790258449304175 0.01875 0.0437375745526839
0 0.8611979166666667 0.7927435387673957 0.0109375 0.018886679920477135
0 0.6963541666666667 0.7967196819085487 0.015625 0.018886679920477135
0 0.7588541666666667 0.797713717693837 0.0125 0.020874751491053677
0 0.5291666666666667 0.8111332007952287 0.01875 0.041749502982107355
0 0.7716145833333333 0.8091451292246521 0.009895833333333333 0.03180914512922465
0 0.9658854166666667 0.8116302186878728 0.015104166666666667 0.03479125248508946
0 0.43802083333333336 0.8106361829025845 0.016666666666666666 0.020874751491053677
0 0.7526041666666666 0.8156063618290258 0.015625 0.014910536779324055
0 0.9346354166666667 0.8290258449304175 0.0203125 0.033797216699801194
0 0.7057291666666666 0.831013916500994 0.010416666666666666 0.02385685884691849
0 0.7942708333333334 0.8508946322067594 0.017708333333333333 0.03578528827037773
0 0.5473958333333333 0.8538767395626242 0.013541666666666667 0.02982107355864811
0 0.7520833333333333 0.8543737574552683 0.021875 0.0268389662027833
0 0.0328125 0.8841948310139165 0.025 0.04671968190854871
0 0.6567708333333333 0.8866799204771372 0.013541666666666667 0.011928429423459244
0 0.67734375 0.9095427435387674 0.019270833333333334 0.02982107355864811
0 0.48880208333333336 0.9065606361829026 0.0078125 0.019880715705765408
0 0.5705729166666667 0.9060636182902585 0.008854166666666666 0.018886679920477135
0 0.5794270833333334 0.9135188866799204 0.0109375 0.02982107355864811
0 0.6140625 0.9150099403578529 0.025 0.0268389662027833
0 0.9671875 0.9169980119284294 0.010416666666666666 0.030815109343936383
0 0.4002604166666667 0.9244532803180915 0.008854166666666666 0.033797216699801194
0 0.8770833333333333 0.9324055666003976 0.008333333333333333 0.03777335984095427
0 0.7708333333333334 0.922962226640159 0.010416666666666666 0.008946322067594433
0 0.5901041666666667 0.9408548707753479 0.007291666666666667 0.032803180914512925
0 0.6830729166666667 0.9333996023856859 0.0067708333333333336 0.013916500994035786
0 0.43333333333333335 0.9393638170974155 0.016666666666666666 0.019880715705765408
0 0.8091145833333333 0.9493041749502982 0.022395833333333334 0.03180914512922465
0 0.75625 0.9428429423459245 0.011458333333333333 0.012922465208747515
0 0.9130208333333333 0.959741550695825 0.022916666666666665 0.048707753479125246
0 0.6651041666666667 0.9587475149105368 0.007291666666666667 0.02882703777335984
0 0.5622395833333333 0.9642147117296223 0.011979166666666667 0.02385685884691849
0 0.734375 0.9587475149105368 0.015625 0.010934393638170975
0 0.85390625 0.9726640159045725 0.0078125 0.02882703777335984
0 0.0046875 0.9791252485089463 0.009375 0.039761431411530816
0 0.7598958333333333 0.9746520874751491 0.016666666666666666 0.030815109343936383
0 0.8143229166666667 0.9711729622266402 0.011979166666666667 0.019880715705765408
0 0.83828125 0.9806163021868787 0.016145833333333335 0.036779324055666
0 0.52734375 0.9811133200795229 0.005729166666666666 0.02982107355864811
0 0.6489583333333333 0.9781312127236581 0.016666666666666666 0.02584493041749503
0 0.70625 0.9831013916500994 0.016666666666666666 0.03180914512922465
0 0.6083333333333333 0.9786282306163022 0.00625 0.010934393638170975
0 0.6661458333333333 0.9875745526838966 0.017708333333333333 0.02286282306163022
0 0.8140625 0.9920477137176938 0.011458333333333333 0.013916500994035786