0 0.9869791666666666 0.018886679920477135 0.021875 0.02385685884691849
0 0.3963541666666667 0.03628230616302187 0.005208333333333333 0.0268389662027833
0 0.9546875 0.048707753479125246 0.01875 0.05168986083499006
0 0.384375 0.03777335984095427 0.010416666666666666 0.015904572564612324
0 0.6768229166666667 0.04224652087475149 0.005729166666666666 0.012922465208747515
0 0.9856770833333334 0.05964214711729622 0.0140625 0.033797216699801194
0 0.7947916666666667 0.0536779324055666 0.015625 0.015904572564612324
0 0.6838541666666667 0.05616302186878728 0.00625 0.014910536779324055
0 0.8234375 0.061630218687872766 0.017708333333333333 0.015904572564612324
0 0.85390625 0.08250497017892644 0.0171875 0.03180914512922465
0 0.6705729166666666 0.08250497017892644 0.0078125 0.02385685884691849
0 0.39765625 0.08648111332007952 0.011979166666666667 0.017892644135188866
0 0.8919270833333334 0.09542743538767395 0.016145833333333335 0.033797216699801194
0 0.8252604166666667 0.09343936381709742 0.0067708333333333336 0.02584493041749503
0 0.26640625 0.10934393638170974 0.013020833333333334 0.015904572564612324
0 0.325 0.11978131212723658 0.005208333333333333 0.02882703777335984
0 0.63515625 0.12624254473161034 0.0140625 0.027833001988071572
0 0.7966145833333333 0.14065606361829025 0.016145833333333335 0.036779324055666
0 0.87421875 0.13220675944333996 0.0067708333333333336 0.019880715705765408
0 0.1703125 0.16749502982107356 0.013541666666666667 0.03876739562624255
0 0.9572916666666667 0.1679920477137177 0.011458333333333333 0.03578528827037773
0 0.6861979166666666 0.18290258449304175 0.0140625 0.041749502982107355
0 0.565625 0.1988071570576541 0.011458333333333333 0.03578528827037773
0 0.5388020833333333 0.19433399602385687 0.011979166666666667 0.02485089463220676
0 0.011979166666666667 0.20526838966202784 0.0125 0.030815109343936383
0 0.07083333333333333 0.2117296222664016 0.011458333333333333 0.027833001988071572
0 0.8260416666666667 0.22912524850894633 0.009375 0.02485089463220676
0 0.005989583333333334 0.2504970178926441 0.011979166666666667 0.02186878727634195
0 0.049479166666666664 0.2584493041749503 0.010416666666666666 0.03180914512922465
0 0.43203125 0.24701789264413518 0.0140625 0.010934393638170975
0 0.5559895833333334 0.2644135188866799 0.008854166666666666 0.015904572564612324
0 0.63828125 0.2654075546719682 0.005729166666666666 0.019880715705765408
0 0.56484375 0.2813121272365805 0.005729166666666666 0.013916500994035786
0 0.08776041666666666 0.2882703777335984 0.015104166666666667 0.017892644135188866
0 0.2015625 0.28876739562624254 0.015625 0.016898608349900597
0 0.80859375 0.2897614314115308 0.0109375 0.012922465208747515
0 0.24427083333333333 0.3111332007952286 0.007291666666666667 0.0437375745526839
0 0.3841145833333333 0.308648111332008 0.008854166666666666 0.030815109343936383
0 0.45755208333333336 0.323558648111332 0.0067708333333333336 0.0268389662027833
0 0.9692708333333333 0.3230616302186879 0.010416666666666666 0.02584493041749503
0 0.3111979166666667 0.3334990059642147 0.008854166666666666 0.018886679920477135
0 0.8721354166666667 0.3389662027833002 0.015104166666666667 0.019880715705765408
0 0.08932291666666667 0.3503976143141153 0.0109375 0.03479125248508946
0 0.36354166666666665 0.37624254473161034 0.00625 0.030815109343936383
0 0.7114583333333333 0.37773359840954274 0.016666666666666666 0.011928429423459244
0 0.4934895833333333 0.3961232604373757 0.008854166666666666 0.0268389662027833
0 0.5997395833333333 0.4000994035785288 0.009895833333333333 0.03479125248508946
0 0.7091145833333333 0.4025844930417495 0.0067708333333333336 0.03180914512922465
0 0.9859375 0.40357852882703776 0.027083333333333334 0.013916500994035786
0 0.2552083333333333 0.415506958250497 0.013541666666666667 0.013916500994035786
0 0.38307291666666665 0.4279324055666004 0.0171875 0.012922465208747515
0 0.35234375 0.43489065606361826 0.0140625 0.018886679920477135
0 0.14140625 0.4647117296222664 0.0109375 0.048707753479125246
0 0.45208333333333334 0.4547713717693837 0.004166666666666667 0.018886679920477135
0 0.5174479166666667 0.4537773359840954 0.0067708333333333336 0.014910536779324055
0 0.6330729166666667 0.4537773359840954 0.011979166666666667 0.014910536779324055
0 0.43359375 0.4647117296222664 0.0046875 0.02286282306163022
0 0.061197916666666664 0.4671968190854871 0.013020833333333334 0.011928429423459244
0 0.0703125 0.49055666003976145 0.008333333333333333 0.02485089463220676
0 0.4078125 0.4865805168986084 0.016666666666666666 0.014910536779324055
0 0.010416666666666666 0.5064612326043738 0.020833333333333332 0.05069582504970179
0 0.42291666666666666 0.49801192842942343 0.00625 0.02186878727634195
0 0.6770833333333334 0.49304174950298213 0.010416666666666666 0.011928429423459244
0 0.44765625 0.5059642147117296 0.016145833333333335 0.009940357852882704
0 0.48880208333333336 0.5173956262425448 0.0036458333333333334 0.030815109343936383
0 0.13307291666666668 0.5164015904572564 0.009895833333333333 0.020874751491053677
0 0.36041666666666666 0.5243538767395626 0.008333333333333333 0.036779324055666
0 0.33046875 0.5168986083499006 0.0140625 0.013916500994035786
0 0.6145833333333334 0.5173956262425448 0.009375 0.012922465208747515
0 0.8557291666666667 0.518389662027833 0.01875 0.016898608349900597
0 0.2703125 0.5323061630218688 0.014583333333333334 0.036779324055666
0 0.73359375 0.5208747514910537 0.0140625 0.007952286282306162
0 0.39739583333333334 0.5467196819085487 0.0125 0.04771371769383698
0 0.032552083333333336 0.5422465208747514 0.022395833333333334 0.02882703777335984
0 0.3072916666666667 0.5427435387673957 0.014583333333333334 0.019880715705765408
0 0.9216145833333333 0.5387673956262425 0.008854166666666666 0.011928429423459244
0 0.09114583333333333 0.5606361829025845 0.010416666666666666 0.02982107355864811
0 0.3416666666666667 0.5800198807157058 0.023958333333333335 0.06660039761431412
0 0.44947916666666665 0.5521868787276342 0.014583333333333334 0.010934393638170975
0 0.3731770833333333 0.5536779324055666 0.0109375 0.011928429423459244
0 0.43411458333333336 0.5631212723658051 0.0046875 0.02882703777335984
0 0.5265625 0.5616302186878728 0.009375 0.019880715705765408
0 0.9200520833333333 0.5680914512922465 0.0109375 0.0268389662027833
0 0.35651041666666666 0.5725646123260437 0.018229166666666668 0.02186878727634195
0 0.12916666666666668 0.5795228628230616 0.026041666666666668 0.02186878727634195
0 0.8283854166666667 0.5750497017892644 0.021354166666666667 0.014910536779324055
0 0.16666666666666666 0.5820079522862823 0.01875 0.02485089463220676
0 0.7205729166666667 0.5869781312127237 0.009895833333333333 0.02286282306163022
0 0.31640625 0.5864811133200796 0.018229166666666668 0.013916500994035786
0 0.94375 0.5904572564612326 0.017708333333333333 0.02186878727634195
0 0.23802083333333332 0.5944333996023857 0.017708333333333333 0.02584493041749503
0 0.3692708333333333 0.6123260437375746 0.021875 0.02385685884691849
0 0.9934895833333334 0.6158051689860835 0.011979166666666667 0.030815109343936383
0 0.2713541666666667 0.6277335984095428 0.017708333333333333 0.04473161033797217
0 0.5518229166666667 0.6123260437375746 0.0171875 0.011928429423459244
0 0.471875 0.6242544731610338 0.014583333333333334 0.033797216699801194
0 0.7455729166666667 0.6167992047713717 0.013020833333333334 0.018886679920477135
0 0.2520833333333333 0.6247514910536779 0.015625 0.02485089463220676
0 0.41901041666666666 0.6416500994035785 0.018229166666666668 0.05467196819085487
0 0.7096354166666666 0.6322067594433399 0.021354166666666667 0.02982107355864811
0 0.35963541666666665 0.6317097415506958 0.0067708333333333336 0.02485089463220676
0 0.38567708333333334 0.6302186878727635 0.0078125 0.011928429423459244
0 0.8356770833333333 0.6351888667992047 0.0067708333333333336 0.017892644135188866
0 0.16979166666666667 0.6381709741550696 0.00625 0.02186878727634195
0 0.5338541666666666 0.6361829025844931 0.017708333333333333 0.015904572564612324
0 0.8143229166666667 0.6361829025844931 0.009895833333333333 0.015904572564612324
0 0.4864583333333333 0.6361829025844931 0.011458333333333333 0.011928429423459244
0 0.28177083333333336 0.6381709741550696 0.0125 0.009940357852882704
0 0.9963541666666667 0.6540755467196819 0.00625 0.03180914512922465
0 0.40234375 0.6515904572564613 0.009895833333333333 0.016898608349900597
0 0.44114583333333335 0.6595427435387674 0.00625 0.02286282306163022
0 0.75546875 0.6565606361829026 0.011979166666666667 0.018886679920477135
0 0.2953125 0.6560636182902585 0.0125 0.011928429423459244
0 0.565625 0.6590457256461233 0.009375 0.015904572564612324
0 0.47890625 0.6575546719681908 0.015104166666666667 0.008946322067594433
0 0.86484375 0.6660039761431411 0.0078125 0.02584493041749503
0 0.7231770833333333 0.6635188866799204 0.0046875 0.014910536779324055
0 0.2752604166666667 0.6660039761431411 0.019270833333333334 0.015904572564612324
0 0.41041666666666665 0.6754473161033797 0.015625 0.018886679920477135
0 0.5989583333333334 0.6724652087475149 0.009375 0.008946322067594433
0 0.7138020833333333 0.6784294234592445 0.009895833333333333 0.016898608349900597
0 0.3567708333333333 0.6978131212723658 0.014583333333333334 0.02584493041749503
0 0.49166666666666664 0.6998011928429424 0.005208333333333333 0.02584493041749503
0 0.31276041666666665 0.7266401590457257 0.03697916666666667 0.06759443339960239
0 0.44947916666666665 0.7052683896620279 0.008333333333333333 0.018886679920477135
0 0.43020833333333336 0.7147117296222664 0.008333333333333333 0.03180914512922465
0 0.6895833333333333 0.7102385685884692 0.017708333333333333 0.016898608349900597
0 0.740625 0.7067594433399602 0.014583333333333334 0.009940357852882704
0 0.5544270833333333 0.7127236580516899 0.022395833333333334 0.019880715705765408
0 0.28411458333333334 0.7191848906560636 0.0109375 0.02882703777335984
0 0.8908854166666667 0.7246520874751491 0.016145833333333335 0.02186878727634195
0 0.21432291666666667 0.7306163021868787 0.019270833333333334 0.013916500994035786
0 0.75625 0.7380715705765407 0.009375 0.030815109343936383
0 0.37994791666666666 0.7440357852882704 0.0109375 0.032803180914512925
0 0.26536458333333335 0.7475149105367793 0.022395833333333334 0.03777335984095427
0 0.33984375 0.7365805168986084 0.009895833333333333 0.015904572564612324
0 0.35390625 0.7495029821073559 0.0171875 0.033797216699801194
0 0.39791666666666664 0.7504970178926441 0.007291666666666667 0.02584493041749503
0 0.5794270833333334 0.7460238568588469 0.0171875 0.010934393638170975
0 0.7872395833333333 0.7624254473161034 0.0171875 0.033797216699801194
0 0.24583333333333332 0.7519880715705766 0.011458333333333333 0.010934393638170975
0 0.515625 0.7619284294234593 0.020833333333333332 0.016898608349900597
0 0.29973958333333334 0.7688866799204771 0.009895833333333333 0.02882703777335984
0 0.46901041666666665 0.7659045725646123 0.011979166666666667 0.010934393638170975
0 0.5721354166666667 0.7698807157057654 0.011979166666666667 0.016898608349900597
0 0.1203125 0.7813121272365805 0.009375 0.033797216699801194
0 0.26171875 0.7753479125248509 0.011979166666666667 0.02186878727634195
0 0.3609375 0.7773359840954275 0.015625 0.011928429423459244
0 0.34453125 0.7882703777335984 0.0296875 0.027833001988071572
0 0.5606770833333333 0.7818091451292246 0.0109375 0.010934393638170975
0 0.19244791666666666 0.8116302186878728 0.021354166666666667 0.05467196819085487
0 0.38229166666666664 0.7897614314115308 0.015625 0.008946322067594433
0 0.27239583333333334 0.8021868787276342 0.017708333333333333 0.03180914512922465
0 0.7825520833333334 0.8046719681908548 0.008854166666666666 0.036779324055666
0 0.45859375 0.8036779324055666 0.0067708333333333336 0.02485089463220676
0 0.44088541666666664 0.805168986083499 0.008854166666666666 0.02186878727634195
0 0.4890625 0.8036779324055666 0.010416666666666666 0.014910536779324055
0 0.40130208333333334 0.8106361829025845 0.0109375 0.020874751491053677
0 0.8651041666666667 0.8116302186878728 0.011458333333333333 0.016898608349900597
0 0.13411458333333334 0.8136182902584493 0.009895833333333333 0.018886679920477135
0 0.47578125 0.812624254473161 0.009895833333333333 0.016898608349900597
0 0.16901041666666666 0.81610337972167 0.011979166666666667 0.019880715705765408
0 0.66796875 0.820079522862823 0.015104166666666667 0.02584493041749503
0 0.8359375 0.8280318091451292 0.009375 0.03578528827037773
0 0.35052083333333334 0.8250497017892644 0.00625 0.02186878727634195
0 0.4192708333333333 0.8215705765407555 0.010416666666666666 0.010934393638170975
0 0.9479166666666666 0.8290258449304175 0.013541666666666667 0.02584493041749503
0 0.9799479166666667 0.8250497017892644 0.0109375 0.017892644135188866
0 0.50703125 0.8300198807157058 0.0067708333333333336 0.02385685884691849
0 0.3067708333333333 0.8414512922465208 0.027083333333333334 0.02882703777335984
0 0.55234375 0.831013916500994 0.0109375 0.009940357852882704
0 0.5223958333333333 0.8359840954274353 0.014583333333333334 0.009940357852882704
0 0.3919270833333333 0.8374751491053678 0.018229166666666668 0.008946322067594433
0 0.4739583333333333 0.864314115308151 0.019791666666666666 0.05069582504970179
0 0.5276041666666667 0.8558648111332008 0.008333333333333333 0.02584493041749503
0 0.19088541666666667 0.8653081510934394 0.0078125 0.03876739562624255
0 0.4015625 0.8553677932405567 0.014583333333333334 0.016898608349900597
0 0.42890625 0.867296222664016 0.013020833333333334 0.02485089463220676
0 0.6552083333333333 0.8638170974155069 0.011458333333333333 0.019880715705765408
0 0.4903645833333333 0.8638170974155069 0.011979166666666667 0.015904572564612324
0 0.30442708333333335 0.8752485089463221 0.0046875 0.016898608349900597
0 0.9932291666666667 0.8757455268389662 0.0125 0.017892644135188866
0 0.5174479166666667 0.8742544731610338 0.0067708333333333336 0.012922465208747515
0 0.02421875 0.8817097415506958 0.021354166666666667 0.019880715705765408
0 0.68203125 0.8846918489065606 0.0036458333333333334 0.02186878727634195
0 0.33489583333333334 0.8841948310139165 0.0125 0.014910536779324055
0 0.31666666666666665 0.8926441351888668 0.015625 0.009940357852882704
0 0.43359375 0.8966202783300199 0.013020833333333334 0.013916500994035786
0 0.5619791666666667 0.8986083499005965 0.00625 0.015904572564612324
0 0.165625 0.8991053677932406 0.0125 0.014910536779324055
0 0.40286458333333336 0.9025844930417495 0.005729166666666666 0.02186878727634195
0 0.9690104166666667 0.9020874751491054 0.0067708333333333336 0.014910536779324055
0 0.4270833333333333 0.9160039761431411 0.019791666666666666 0.030815109343936383
0 0.34713541666666664 0.9125248508946322 0.008854166666666666 0.02186878727634195
0 0.31328125 0.9294234592445328 0.0171875 0.03578528827037773
0 0.159375 0.9264413518886679 0.017708333333333333 0.013916500994035786
0 0.4596354166666667 0.9388667992047713 0.0109375 0.02485089463220676
0 0.3533854166666667 0.9547713717693836 0.015104166666666667 0.040755467196819085
0 0.27734375 0.9498011928429424 0.0171875 0.010934393638170975
0 0.7916666666666666 0.9592445328031809 0.015625 0.017892644135188866
0 0.45364583333333336 0.9652087475149106 0.009375 0.02584493041749503
0 0.8122395833333333 0.967196819085487 0.0067708333333333336 0.02982107355864811
0 0.19088541666666667 0.9686878727634195 0.0109375 0.02286282306163022
0 0.1390625 0.9771371769383698 0.017708333333333333 0.019880715705765408
0 0.36744791666666665 0.9835984095427436 0.005729166666666666 0.030815109343936383
0 0.033854166666666664 0.9811133200795229 0.016666666666666666 0.015904572564612324
0 0.08723958333333333 0.9860834990059643 0.009895833333333333 0.02584493041749503
0 0.4328125 0.9875745526838966 0.013541666666666667 0.02286282306163022
0 0.9958333333333333 0.9880715705765407 0.007291666666666667 0.02186878727634195
0 0.8682291666666667 0.992544731610338 0.007291666666666667 0.012922465208747515