0 0.8919270833333334 0.007455268389662028 0.009895833333333333 0.014910536779324055
0 0.7033854166666667 0.0054671968190854875 0.0203125 0.010934393638170975
0 0.29192708333333334 0.053180914512922464 0.016145833333333335 0.0268389662027833
0 0.6486979166666667 0.05864811133200795 0.0140625 0.02982107355864811
0 0.8390625 0.0536779324055666 0.011458333333333333 0.013916500994035786
0 0.4830729166666667 0.0621272365805169 0.008854166666666666 0.02286282306163022
0 0.4466145833333333 0.061630218687872766 0.0171875 0.017892644135188866
0 0.12291666666666666 0.08200795228628231 0.011458333333333333 0.02485089463220676
0 0.7010416666666667 0.09145129224652088 0.008333333333333333 0.039761431411530816
0 0.6674479166666667 0.09940357852882704 0.0140625 0.033797216699801194
0 0.59296875 0.09940357852882704 0.008854166666666666 0.027833001988071572
0 0.7106770833333333 0.11779324055666004 0.013020833333333334 0.030815109343936383
0 0.04609375 0.1272365805168986 0.0140625 0.04970178926441352
0 0.8856770833333333 0.1257455268389662 0.019270833333333334 0.02485089463220676
0 0.08828125 0.12872763419483102 0.013020833333333334 0.018886679920477135
0 0.24166666666666667 0.14463220675944333 0.013541666666666667 0.02286282306163022
0 0.72109375 0.1456262425447316 0.0203125 0.012922465208747515
0 0.41041666666666665 0.15109343936381708 0.00625 0.013916500994035786
0 0.13802083333333334 0.15904572564612326 0.0125 0.017892644135188866
0 0.6997395833333333 0.1824055666003976 0.019270833333333334 0.036779324055666
0 0.58671875 0.19035785288270377 0.0109375 0.030815109343936383
0 0.9872395833333333 0.1978131212723658 0.015104166666666667 0.041749502982107355
0 0.03854166666666667 0.1878727634194831 0.013541666666666667 0.02385685884691849
0 0.15130208333333334 0.20278330019880716 0.015104166666666667 0.02385685884691849
0 0.023958333333333335 0.20526838966202784 0.014583333333333334 0.02286282306163022
0 0.5440104166666667 0.20675944333996024 0.015104166666666667 0.015904572564612324
0 0.42109375 0.2271371769383698 0.0067708333333333336 0.03479125248508946
0 0.8489583333333334 0.26192842942345923 0.017708333333333333 0.014910536779324055
0 0.696875 0.268389662027833 0.0125 0.02186878727634195
0 0.2942708333333333 0.27186878727634195 0.020833333333333332 0.012922465208747515
0 0.8010416666666667 0.2912524850894632 0.01875 0.039761431411530816
0 0.5328125 0.2912524850894632 0.005208333333333333 0.019880715705765408
0 0.03515625 0.3091451292246521 0.0140625 0.033797216699801194
0 0.76328125 0.31411530815109345 0.008854166666666666 0.02584493041749503
0 0.853125 0.3225646123260437 0.015625 0.018886679920477135
0 0.20104166666666667 0.3374751491053678 0.019791666666666666 0.030815109343936383
0 0.08020833333333334 0.3429423459244533 0.0125 0.033797216699801194
0 0.6276041666666666 0.34443339960238567 0.013541666666666667 0.02882703777335984
0 0.38671875 0.3389662027833002 0.011979166666666667 0.007952286282306162
0 0.15130208333333334 0.36133200795228626 0.009895833333333333 0.02286282306163022
0 0.9760416666666667 0.38071570576540753 0.007291666666666667 0.02584493041749503
0 0.49322916666666666 0.3772365805168986 0.008333333333333333 0.016898608349900597
0 0.5434895833333333 0.40656063618290256 0.0109375 0.041749502982107355
0 0.7260416666666667 0.3956262425447316 0.011458333333333333 0.011928429423459244
0 0.1875 0.4209741550695825 0.0125 0.008946322067594433
0 0.4934895833333333 0.4259443339960239 0.008854166666666666 0.012922465208747515
0 0.8859375 0.43240556660039764 0.014583333333333334 0.015904572564612324
0 0.009375 0.4537773359840954 0.014583333333333334 0.05069582504970179
0 0.1734375 0.44930417495029823 0.017708333333333333 0.02186878727634195
0 0.6020833333333333 0.4647117296222664 0.013541666666666667 0.018886679920477135
0 0.5419270833333333 0.470675944333996 0.0078125 0.0268389662027833
0 0.07942708333333333 0.4731610337972167 0.011979166666666667 0.02584493041749503
0 0.8739583333333333 0.4835984095427435 0.013541666666666667 0.02485089463220676
0 0.12083333333333333 0.4900596421471173 0.016666666666666666 0.03180914512922465
0 0.8583333333333333 0.5009940357852882 0.008333333333333333 0.02385685884691849
0 0.6669270833333333 0.5019880715705766 0.011979166666666667 0.009940357852882704
0 0.565625 0.507455268389662 0.014583333333333334 0.012922465208747515
0 0.8302083333333333 0.5233598409542743 0.020833333333333332 0.02485089463220676
0 0.35703125 0.5387673956262425 0.0078125 0.027833001988071572
0 0.6565104166666667 0.5407554671968191 0.011979166666666667 0.02385685884691849
0 0.4708333333333333 0.5362823061630219 0.020833333333333332 0.016898608349900597
0 0.42916666666666664 0.5457256461232605 0.016666666666666666 0.02982107355864811
0 0.6036458333333333 0.5511928429423459 0.013541666666666667 0.008946322067594433
0 0.75625 0.5656063618290258 0.021875 0.027833001988071572
0 0.6158854166666666 0.5621272365805169 0.0140625 0.014910536779324055
0 0.19635416666666666 0.5616302186878728 0.007291666666666667 0.011928429423459244
0 0.6388020833333333 0.5715705765407555 0.011979166666666667 0.02584493041749503
0 0.6565104166666667 0.5740556660039762 0.0171875 0.0268389662027833
0 0.54453125 0.5795228628230616 0.005729166666666666 0.03180914512922465
0 0.625 0.5750497017892644 0.008333333333333333 0.018886679920477135
0 0.5575520833333333 0.5864811133200796 0.008854166666666666 0.03180914512922465
0 0.4322916666666667 0.602882703777336 0.0125 0.048707753479125246
0 0.08541666666666667 0.5894632206759444 0.0125 0.013916500994035786
0 0.5723958333333333 0.5994035785288271 0.010416666666666666 0.02385685884691849
0 0.49505208333333334 0.5994035785288271 0.0067708333333333336 0.011928429423459244
0 0.3572916666666667 0.606858846918489 0.007291666666666667 0.020874751491053677
0 0.9966145833333333 0.614314115308151 0.0067708333333333336 0.033797216699801194
0 0.653125 0.6093439363817097 0.013541666666666667 0.019880715705765408
0 0.5966145833333333 0.6148111332007953 0.008854166666666666 0.016898608349900597
0 0.6075520833333333 0.6202783300198808 0.0067708333333333336 0.019880715705765408
0 0.9057291666666667 0.6307157057654076 0.008333333333333333 0.03479125248508946
0 0.8625 0.6197813121272365 0.013541666666666667 0.012922465208747515
0 0.58984375 0.6232604373757455 0.011979166666666667 0.019880715705765408
0 0.51953125 0.632703777335984 0.009895833333333333 0.0268389662027833
0 0.27630208333333334 0.6282306163021869 0.0067708333333333336 0.017892644135188866
0 0.44635416666666666 0.6361829025844931 0.022916666666666665 0.027833001988071572
0 0.6395833333333333 0.6332007952286283 0.020833333333333332 0.017892644135188866
0 0.16276041666666666 0.6381709741550696 0.0140625 0.02584493041749503
0 0.6200520833333333 0.6451292246520874 0.013020833333333334 0.02186878727634195
0 0.5458333333333333 0.6421471172962226 0.007291666666666667 0.017892644135188866
0 0.5333333333333333 0.6416500994035785 0.007291666666666667 0.012922465208747515
0 0.5825520833333333 0.6451292246520874 0.013020833333333334 0.013916500994035786
0 0.22838541666666667 0.6500994035785288 0.0109375 0.02186878727634195
0 0.09375 0.6530815109343936 0.008333333333333333 0.02186878727634195
0 0.6 0.6540755467196819 0.00625 0.017892644135188866
0 0.5572916666666666 0.6684890656063618 0.03229166666666667 0.040755467196819085
0 0.48463541666666665 0.6620278330019881 0.018229166666666668 0.017892644135188866
0 0.9536458333333333 0.6759443339960238 0.021875 0.027833001988071572
0 0.9075520833333334 0.6794234592445328 0.008854166666666666 0.03479125248508946
0 0.7466145833333333 0.6739562624254473 0.008854166666666666 0.02186878727634195
0 0.6130208333333333 0.6774353876739563 0.00625 0.020874751491053677
0 0.475 0.6853876739562624 0.013541666666666667 0.030815109343936383
0 0.596875 0.6774353876739563 0.011458333333333333 0.012922465208747515
0 0.8486979166666667 0.6853876739562624 0.016145833333333335 0.016898608349900597
0 0.50546875 0.691351888667992 0.022395833333333334 0.02485089463220676
0 0.44635416666666666 0.6893638170974155 0.016666666666666666 0.016898608349900597
0 0.5963541666666666 0.6998011928429424 0.022916666666666665 0.019880715705765408
0 0.15885416666666666 0.6978131212723658 0.005208333333333333 0.017892644135188866
0 0.7713541666666667 0.702286282306163 0.00625 0.02286282306163022
0 0.5513020833333333 0.7072564612326043 0.0109375 0.0268389662027833
0 0.6989583333333333 0.6998011928429424 0.0125 0.009940357852882704
0 0.5388020833333333 0.717196819085487 0.016145833333333335 0.032803180914512925
0 0.6559895833333333 0.7226640159045725 0.018229166666666668 0.039761431411530816
0 0.60859375 0.7226640159045725 0.0078125 0.02584493041749503
0 0.5294270833333333 0.7306163021868787 0.009895833333333333 0.03578528827037773
0 0.7135416666666666 0.7256461232604374 0.019791666666666666 0.015904572564612324
0 0.61953125 0.7231610337972167 0.009895833333333333 0.010934393638170975
0 0.28802083333333334 0.7271371769383698 0.016666666666666666 0.018886679920477135
0 0.21380208333333334 0.7321073558648111 0.009895833333333333 0.030815109343936383
0 0.5171875 0.7395626242544732 0.008333333333333333 0.041749502982107355
0 0.09375 0.7415506958250497 0.019791666666666666 0.041749502982107355
0 0.7817708333333333 0.7370775347912525 0.019791666666666666 0.018886679920477135
0 0.48854166666666665 0.7326043737574552 0.013541666666666667 0.011928429423459244
0 0.9052083333333333 0.7440357852882704 0.022916666666666665 0.016898608349900597
0 0.49895833333333334 0.7460238568588469 0.013541666666666667 0.02286282306163022
0 0.57265625 0.757455268389662 0.0067708333333333336 0.039761431411530816
0 0.3658854166666667 0.7569582504970179 0.008854166666666666 0.03479125248508946
0 0.2421875 0.7639165009940357 0.015625 0.02882703777335984
0 0.74453125 0.76441351888668 0.0046875 0.027833001988071572
0 0.3958333333333333 0.7584493041749503 0.00625 0.013916500994035786
0 0.6859375 0.7693836978131213 0.008333333333333333 0.02982107355864811
0 0.4669270833333333 0.7733598409542743 0.008854166666666666 0.019880715705765408
0 0.5091145833333334 0.7723658051689861 0.018229166666666668 0.013916500994035786
0 0.3890625 0.7778330019880716 0.008333333333333333 0.0268389662027833
0 0.16927083333333334 0.7823061630218688 0.011458333333333333 0.02584493041749503
0 0.73671875 0.8061630218687873 0.0203125 0.0636182902584493
0 0.6520833333333333 0.7877733598409543 0.007291666666666667 0.0268389662027833
0 0.7643229166666666 0.7957256461232605 0.0046875 0.02882703777335984
0 0.9109375 0.8006958250497018 0.013541666666666667 0.02286282306163022
0 0.5984375 0.8141153081510935 0.010416666666666666 0.03777335984095427
0 0.5442708333333334 0.8011928429423459 0.013541666666666667 0.013916500994035786
0 0.4830729166666667 0.8121272365805169 0.0046875 0.02982107355864811
0 0.5578125 0.8240556660039762 0.020833333333333332 0.03578528827037773
0 0.6677083333333333 0.8195825049701789 0.009375 0.020874751491053677
0 0.5229166666666667 0.8225646123260437 0.00625 0.020874751491053677
0 0.20182291666666666 0.8230616302186878 0.015104166666666667 0.019880715705765408
0 0.26276041666666666 0.8280318091451292 0.008854166666666666 0.027833001988071572
0 0.53515625 0.8503976143141153 0.0109375 0.042743538767395624
0 0.9143229166666667 0.8449304174950298 0.015104166666666667 0.019880715705765408
0 0.6502604166666667 0.8494035785288271 0.0171875 0.020874751491053677
0 0.72109375 0.8633200795228628 0.016145833333333335 0.014910536779324055
0 0.18255208333333334 0.8812127236580517 0.019270833333333334 0.036779324055666
0 0.59453125 0.882703777335984 0.008854166666666666 0.019880715705765408
0 0.19895833333333332 0.8946322067594433 0.017708333333333333 0.02186878727634195
0 0.9109375 0.9025844930417495 0.013541666666666667 0.02186878727634195
0 0.5864583333333333 0.9199801192842942 0.011458333333333333 0.03876739562624255
0 0.046614583333333334 0.9085487077534792 0.011979166666666667 0.017892644135188866
0 0.8609375 0.9184890656063618 0.005208333333333333 0.02982107355864811
0 0.303125 0.9140159045725647 0.015625 0.020874751491053677
0 0.9888020833333333 0.9244532803180915 0.022395833333333334 0.02385685884691849
0 0.3690104166666667 0.9319085487077535 0.0109375 0.0268389662027833
0 0.153125 0.9418489065606361 0.017708333333333333 0.02485089463220676
0 0.4934895833333333 0.9498011928429424 0.0140625 0.030815109343936383
0 0.5908854166666667 0.9547713717693836 0.034895833333333334 0.03479125248508946
0 0.71953125 0.955765407554672 0.0078125 0.020874751491053677
0 0.16302083333333334 0.9642147117296223 0.0125 0.027833001988071572
0 0.6661458333333333 0.9612326043737575 0.013541666666666667 0.015904572564612324
0 0.5161458333333333 0.9676938369781312 0.011458333333333333 0.0268389662027833
0 0.4552083333333333 0.9666998011928429 0.00625 0.02286282306163022
0 0.7356770833333334 0.9711729622266402 0.011979166666666667 0.015904572564612324
0 0.8145833333333333 0.9826043737574552 0.010416666666666666 0.02485089463220676
0 0.60703125 0.9781312127236581 0.016145833333333335 0.013916500994035786
0 0.72265625 0.9900596421471173 0.016145833333333335 0.007952286282306162