0 0.7026041666666667 0.01242544731610338 0.029166666666666667 0.02485089463220676
0 0.6734375 0.007952286282306162 0.009375 0.015904572564612324
0 0.5158854166666667 0.01242544731610338 0.016145833333333335 0.016898608349900597
0 0.559375 0.027833001988071572 0.009375 0.033797216699801194
0 0.7625 0.03180914512922465 0.010416666666666666 0.03180914512922465
0 0.7385416666666667 0.03330019880715706 0.010416666666666666 0.010934393638170975
0 0.8200520833333333 0.040755467196819085 0.013020833333333334 0.02385685884691849
0 0.5325520833333334 0.04671968190854871 0.0067708333333333336 0.03180914512922465
0 0.7958333333333333 0.051192842942345926 0.01875 0.02286282306163022
0 0.8997395833333334 0.06908548707753479 0.013020833333333334 0.036779324055666
0 0.73046875 0.06063618290258449 0.0203125 0.019880715705765408
0 0.5989583333333334 0.06858846918489066 0.013541666666666667 0.03180914512922465
0 0.2734375 0.06063618290258449 0.014583333333333334 0.011928429423459244
0 0.9341145833333333 0.08250497017892644 0.011979166666666667 0.027833001988071572
0 0.684375 0.0959244532803181 0.007291666666666667 0.042743538767395624
0 0.27057291666666666 0.08797216699801193 0.013020833333333334 0.0268389662027833
0 0.7010416666666667 0.08946322067594434 0.016666666666666666 0.019880715705765408
0 0.9192708333333334 0.10139165009940358 0.007291666666666667 0.033797216699801194
0 0.6450520833333333 0.09741550695825049 0.015104166666666667 0.02186878727634195
0 0.5869791666666667 0.11083499005964215 0.0125 0.030815109343936383
0 0.3919270833333333 0.10089463220675944 0.0109375 0.010934393638170975
0 0.34296875 0.1058648111332008 0.0171875 0.020874751491053677
0 0.8104166666666667 0.11282306163021869 0.015625 0.018886679920477135
0 0.9953125 0.11332007952286283 0.009375 0.015904572564612324
0 0.053125 0.12922465208747516 0.027083333333333334 0.03578528827037773
0 0.21171875 0.1610337972166998 0.0109375 0.041749502982107355
0 0.8216145833333334 0.16003976143141152 0.011979166666666667 0.02584493041749503
0 0.5770833333333333 0.17842942345924453 0.0125 0.02882703777335984
0 0.6861979166666666 0.17892644135188868 0.008854166666666666 0.013916500994035786
0 0.3645833333333333 0.18190854870775347 0.019791666666666666 0.017892644135188866
0 0.2950520833333333 0.19284294234592445 0.011979166666666667 0.039761431411530816
0 0.47109375 0.1878727634194831 0.005729166666666666 0.02385685884691849
0 0.6682291666666667 0.1893638170974155 0.016666666666666666 0.012922465208747515
0 0.42421875 0.1908548707753479 0.0109375 0.017892644135188866
0 0.5546875 0.2147117296222664 0.015625 0.041749502982107355
0 0.9705729166666667 0.21222664015904572 0.015104166666666667 0.02286282306163022
0 0.5341145833333333 0.2147117296222664 0.008854166666666666 0.02584493041749503
0 0.68359375 0.2216699801192843 0.021354166666666667 0.02186878727634195
0 0.8359375 0.23061630218687873 0.013541666666666667 0.027833001988071572
0 0.63125 0.24900596421471172 0.029166666666666667 0.05666003976143141
0 0.5890625 0.24602385685884692 0.015625 0.020874751491053677
0 0.26276041666666666 0.24701789264413518 0.015104166666666667 0.02286282306163022
0 0.9791666666666666 0.26093439363817095 0.013541666666666667 0.032803180914512925
0 0.7143229166666667 0.26093439363817095 0.008854166666666666 0.02882703777335984
0 0.6979166666666666 0.25695825049701787 0.023958333333333335 0.02286282306163022
0 0.6611979166666667 0.26192842942345923 0.0109375 0.032803180914512925
0 0.5705729166666667 0.268389662027833 0.008854166666666666 0.02982107355864811
0 0.5182291666666666 0.27236580516898606 0.0125 0.03578528827037773
0 0.396875 0.2753479125248509 0.011458333333333333 0.02982107355864811
0 0.8200520833333333 0.27485089463220674 0.021354166666666667 0.020874751491053677
0 0.3109375 0.28180914512922467 0.016666666666666666 0.032803180914512925
0 0.5619791666666667 0.2947316103379722 0.01875 0.04671968190854871
0 0.609375 0.2788270377733598 0.016666666666666666 0.010934393638170975
0 0.26640625 0.2922465208747515 0.011979166666666667 0.017892644135188866
0 0.4197916666666667 0.2962226640159046 0.00625 0.02186878727634195
0 0.5940104166666667 0.30019880715705766 0.0359375 0.02385685884691849
0 0.06588541666666667 0.31262425447316106 0.0234375 0.040755467196819085
0 0.84453125 0.30218687872763417 0.0109375 0.013916500994035786
0 0.75078125 0.31809145129224653 0.021354166666666667 0.04572564612326044
0 0.14505208333333333 0.31709741550695825 0.0109375 0.02982107355864811
0 0.64375 0.31709741550695825 0.015625 0.027833001988071572
0 0.8669270833333333 0.3240556660039761 0.015104166666666667 0.02186878727634195
0 0.5729166666666666 0.3364811133200795 0.016666666666666666 0.040755467196819085
0 0.55078125 0.32952286282306165 0.03177083333333333 0.0268389662027833
0 0.8244791666666667 0.3399602385685885 0.026041666666666668 0.04572564612326044
0 0.6044270833333333 0.3290258449304175 0.0140625 0.017892644135188866
0 0.7903645833333334 0.3379721669980119 0.0140625 0.019880715705765408
0 0.5903645833333333 0.3687872763419483 0.008854166666666666 0.04771371769383698
0 0.5268229166666667 0.36182902584493043 0.0109375 0.027833001988071572
0 0.6455729166666667 0.36182902584493043 0.015104166666666667 0.02584493041749503
0 0.284375 0.3697813121272366 0.016666666666666666 0.02186878727634195
0 0.24479166666666666 0.38767395626242546 0.0125 0.039761431411530816
0 0.9875 0.38618290258449306 0.025 0.02286282306163022
0 0.7486979166666666 0.3981113320079523 0.0109375 0.040755467196819085
0 0.8877604166666667 0.41302186878727637 0.009895833333333333 0.030815109343936383
0 0.54296875 0.42445328031809143 0.009895833333333333 0.039761431411530816
0 0.8416666666666667 0.42047713717693835 0.011458333333333333 0.027833001988071572
0 0.63359375 0.4224652087475149 0.0078125 0.03180914512922465
0 0.7856770833333333 0.4194831013916501 0.009895833333333333 0.019880715705765408
0 0.46015625 0.4194831013916501 0.0234375 0.017892644135188866
0 0.033854166666666664 0.41998011928429424 0.017708333333333333 0.012922465208747515
0 0.59453125 0.4294234592445328 0.015104166666666667 0.02982107355864811
0 0.9244791666666666 0.43439363817097415 0.007291666666666667 0.027833001988071572
0 0.7958333333333333 0.44681908548707755 0.01875 0.03876739562624255
0 0.22838541666666667 0.4408548707753479 0.016145833333333335 0.014910536779324055
0 0.7002604166666667 0.4418489065606362 0.0140625 0.014910536779324055
0 0.6223958333333334 0.4562624254473161 0.007291666666666667 0.02982107355864811
0 0.49661458333333336 0.4721669980119284 0.0171875 0.04970178926441352
0 0.7315104166666667 0.46669980119284293 0.005729166666666666 0.02882703777335984
0 0.5669270833333333 0.4731610337972167 0.008854166666666666 0.03777335984095427
0 0.5375 0.47813121272365805 0.015625 0.033797216699801194
0 0.7083333333333334 0.5059642147117296 0.007291666666666667 0.02982107355864811
0 0.75546875 0.5119284294234593 0.008854166666666666 0.03578528827037773
0 0.3692708333333333 0.5044731610337972 0.019791666666666666 0.018886679920477135
0 0.9627604166666667 0.5059642147117296 0.0109375 0.013916500994035786
0 0.8127604166666667 0.5104373757455268 0.0140625 0.02485089463220676
0 0.6302083333333334 0.5193836978131213 0.020833333333333332 0.032803180914512925
0 0.66015625 0.5173956262425448 0.025520833333333333 0.0268389662027833
0 0.4479166666666667 0.5248508946322068 0.017708333333333333 0.027833001988071572
0 0.153125 0.5168986083499006 0.008333333333333333 0.011928429423459244
0 0.53203125 0.5323061630218688 0.019270833333333334 0.03876739562624255
0 0.9479166666666666 0.5238568588469185 0.015625 0.017892644135188866
0 0.8403645833333333 0.5273359840954275 0.024479166666666666 0.020874751491053677
0 0.9638020833333333 0.5352882703777336 0.0109375 0.0268389662027833
0 0.8049479166666667 0.5407554671968191 0.011979166666666667 0.03777335984095427
0 0.609375 0.5546719681908548 0.016666666666666666 0.05964214711729622
0 0.5911458333333334 0.5462226640159046 0.008333333333333333 0.02286282306163022
0 0.4515625 0.5526838966202783 0.015625 0.03180914512922465
0 0.26901041666666664 0.5536779324055666 0.009895833333333333 0.03180914512922465
0 0.91484375 0.562624254473161 0.0140625 0.03777335984095427
0 0.48463541666666665 0.5621272365805169 0.005729166666666666 0.03479125248508946
0 0.4661458333333333 0.5611332007952287 0.014583333333333334 0.02882703777335984
0 0.62265625 0.5641153081510935 0.019270833333333334 0.030815109343936383
0 0.70546875 0.56610337972167 0.0203125 0.02485089463220676
0 0.6533854166666667 0.5656063618290258 0.009895833333333333 0.013916500994035786
0 0.9627604166666667 0.5730616302186878 0.0140625 0.02485089463220676
0 0.41432291666666665 0.5775347912524851 0.016145833333333335 0.02584493041749503
0 0.8809895833333333 0.581013916500994 0.0140625 0.0268389662027833
0 0.7325520833333333 0.5859840954274353 0.019270833333333334 0.030815109343936383
0 0.4328125 0.5904572564612326 0.0125 0.039761431411530816
0 0.64375 0.588469184890656 0.011458333333333333 0.019880715705765408
0 0.565625 0.6023856858846919 0.007291666666666667 0.03578528827037773
0 0.3458333333333333 0.5904572564612326 0.011458333333333333 0.013916500994035786
0 0.83828125 0.6167992047713717 0.0171875 0.05864811133200795
0 0.65625 0.6048707753479126 0.013541666666666667 0.020874751491053677
0 0.5984375 0.6033797216699801 0.014583333333333334 0.019880715705765408
0 0.44869791666666664 0.6048707753479126 0.0046875 0.018886679920477135
0 0.08177083333333333 0.6177932405566601 0.007291666666666667 0.02882703777335984
0 0.16458333333333333 0.6148111332007953 0.021875 0.018886679920477135
0 0.46432291666666664 0.6187872763419483 0.009895833333333333 0.018886679920477135
0 0.60546875 0.6466202783300199 0.0265625 0.04473161033797217
0 0.7010416666666667 0.6401590457256461 0.013541666666666667 0.02982107355864811
0 0.3963541666666667 0.6366799204771372 0.011458333333333333 0.016898608349900597
0 0.6114583333333333 0.6366799204771372 0.0125 0.010934393638170975
0 0.29244791666666664 0.6555666003976143 0.0203125 0.04671968190854871
0 0.32109375 0.6446322067594433 0.0067708333333333336 0.02286282306163022
0 0.8791666666666667 0.6550695825049702 0.017708333333333333 0.02982107355864811
0 0.7591145833333334 0.6605367793240556 0.019270833333333334 0.030815109343936383
0 0.8611979166666667 0.6794234592445328 0.009895833333333333 0.042743538767395624
0 0.49713541666666666 0.6694831013916501 0.021354166666666667 0.016898608349900597
0 0.45078125 0.6978131212723658 0.0234375 0.03777335984095427
0 0.9828125 0.7012922465208747 0.009375 0.018886679920477135
0 0.7364583333333333 0.7002982107355865 0.017708333333333333 0.014910536779324055
0 0.87421875 0.713220675944334 0.009895833333333333 0.03479125248508946
0 0.4046875 0.709741550695825 0.011458333333333333 0.02385685884691849
0 0.8434895833333333 0.717196819085487 0.021354166666666667 0.036779324055666
0 0.4864583333333333 0.7112326043737575 0.019791666666666666 0.012922465208747515
0 0.31276041666666665 0.7176938369781312 0.015104166666666667 0.013916500994035786
0 0.8981770833333333 0.7256461232604374 0.008854166666666666 0.017892644135188866
0 0.4114583333333333 0.7340954274353877 0.005208333333333333 0.0268389662027833
0 0.10833333333333334 0.7420477137176938 0.017708333333333333 0.042743538767395624
0 0.67109375 0.7475149105367793 0.0109375 0.039761431411530816
0 0.49713541666666666 0.757455268389662 0.016145833333333335 0.041749502982107355
0 0.9067708333333333 0.7678926441351889 0.017708333333333333 0.03876739562624255
0 0.05625 0.7629224652087475 0.011458333333333333 0.02882703777335984
0 0.5763020833333333 0.7569582504970179 0.016145833333333335 0.010934393638170975
0 0.029166666666666667 0.7743538767395626 0.021875 0.039761431411530816
0 0.85390625 0.7708747514910537 0.008854166666666666 0.016898608349900597
0 0.5145833333333333 0.7872763419483101 0.0125 0.04572564612326044
0 0.8747395833333333 0.7962226640159046 0.03177083333333333 0.04771371769383698
0 0.7481770833333333 0.7922465208747514 0.019270833333333334 0.02982107355864811
0 0.9111979166666667 0.8046719681908548 0.0265625 0.032803180914512925
0 0.596875 0.7982107355864811 0.022916666666666665 0.017892644135188866
0 0.84453125 0.8315109343936382 0.025520833333333333 0.05268389662027833
0 0.9348958333333334 0.8290258449304175 0.016666666666666666 0.041749502982107355
0 0.42890625 0.8225646123260437 0.0078125 0.014910536779324055
0 0.71953125 0.8280318091451292 0.016145833333333335 0.009940357852882704
0 0.61796875 0.8494035785288271 0.008854166666666666 0.05268389662027833
0 0.2640625 0.8543737574552683 0.022916666666666665 0.06063618290258449
0 0.5059895833333333 0.8374751491053678 0.027604166666666666 0.02286282306163022
0 0.8890625 0.8409542743538767 0.00625 0.015904572564612324
0 0.98671875 0.8434393638170974 0.009895833333333333 0.018886679920477135
0 0.6286458333333333 0.8513916500994035 0.0125 0.02882703777335984
0 0.46432291666666664 0.8538767395626242 0.011979166666666667 0.02584493041749503
0 0.9690104166666667 0.8767395626242545 0.016145833333333335 0.03180914512922465
0 0.8515625 0.8757455268389662 0.00625 0.019880715705765408
0 0.9518229166666666 0.8876739562624254 0.013020833333333334 0.03777335984095427
0 0.84296875 0.8772365805168986 0.0109375 0.018886679920477135
0 0.5578125 0.8822067594433399 0.028125 0.02485089463220676
0 0.9192708333333334 0.8966202783300199 0.028125 0.04771371769383698
0 0.5270833333333333 0.8836978131212724 0.015625 0.011928429423459244
0 0.65390625 0.8966202783300199 0.016145833333333335 0.02186878727634195
0 0.6192708333333333 0.9095427435387674 0.017708333333333333 0.04572564612326044
0 0.8125 0.9184890656063618 0.021875 0.04771371769383698
0 0.4973958333333333 0.9224652087475149 0.010416666666666666 0.033797216699801194
0 0.9286458333333333 0.9279324055666004 0.014583333333333334 0.03876739562624255
0 0.9026041666666667 0.9289264413518886 0.019791666666666666 0.03479125248508946
0 0.6661458333333333 0.9209741550695825 0.017708333333333333 0.012922465208747515
0 0.53203125 0.9304174950298211 0.008854166666666666 0.02584493041749503
0 0.6450520833333333 0.9289264413518886 0.0109375 0.014910536779324055
0 0.7283854166666667 0.9418489065606361 0.015104166666666667 0.02286282306163022
0 0.52265625 0.9527833001988072 0.005729166666666666 0.030815109343936383
0 0.5596354166666667 0.9716699801192843 0.0296875 0.05467196819085487
0 0.6768229166666667 0.9721669980119284 0.016145833333333335 0.041749502982107355
0 0.76015625 0.9831013916500994 0.0109375 0.03180914512922465
0 0.6927083333333334 0.9781312127236581 0.010416666666666666 0.013916500994035786
0 0.5921875 0.9860834990059643 0.014583333333333334 0.02584493041749503
0 0.52734375 0.9875745526838966 0.0140625 0.02286282306163022
0 0.23671875 0.9845924453280318 0.0203125 0.016898608349900597
0 0.44453125 0.9920477137176938 0.015104166666666667 0.013916500994035786