0 0.8359375 0.009443339960238568 0.013541666666666667 0.018886679920477135
0 0.621875 0.010934393638170975 0.029166666666666667 0.02186878727634195
0 0.35703125 0.012922465208747515 0.015104166666666667 0.017892644135188866
0 0.5856770833333333 0.023359840954274354 0.019270833333333334 0.032803180914512925
0 0.46328125 0.03330019880715706 0.0078125 0.02882703777335984
0 0.8403645833333333 0.040755467196819085 0.013020833333333334 0.02982107355864811
0 0.6557291666666667 0.04572564612326044 0.010416666666666666 0.02982107355864811
0 0.6278645833333333 0.0437375745526839 0.009895833333333333 0.013916500994035786
0 0.9169270833333333 0.05765407554671968 0.0171875 0.02186878727634195
0 0.85390625 0.06262425447316103 0.013020833333333334 0.027833001988071572
0 0.28567708333333336 0.07157057654075547 0.0078125 0.0437375745526839
0 0.5763020833333333 0.08846918489065607 0.009895833333333333 0.03578528827037773
0 0.63046875 0.0889662027833002 0.015104166666666667 0.02485089463220676
0 0.39348958333333334 0.0959244532803181 0.008854166666666666 0.02882703777335984
0 0.371875 0.0989065606361829 0.017708333333333333 0.030815109343936383
0 0.75625 0.10089463220675944 0.008333333333333333 0.032803180914512925
0 0.24817708333333333 0.10536779324055666 0.008854166666666666 0.013916500994035786
0 0.2921875 0.11332007952286283 0.015625 0.015904572564612324
0 0.43645833333333334 0.13667992047713717 0.0125 0.020874751491053677
0 0.6171875 0.15357852882703776 0.016666666666666666 0.030815109343936383
0 0.5630208333333333 0.18190854870775347 0.007291666666666667 0.02982107355864811
0 0.9557291666666666 0.1794234592445328 0.022916666666666665 0.02286282306163022
0 0.54765625 0.19433399602385687 0.016145833333333335 0.032803180914512925
0 0.7427083333333333 0.19135188866799205 0.00625 0.018886679920477135
0 0.9135416666666667 0.22564612326043737 0.010416666666666666 0.02982107355864811
0 0.7888020833333333 0.2415506958250497 0.011979166666666667 0.039761431411530816
0 0.6895833333333333 0.22962226640159045 0.010416666666666666 0.011928429423459244
0 0.64296875 0.2360834990059642 0.0109375 0.020874751491053677
0 0.7322916666666667 0.2345924453280318 0.014583333333333334 0.011928429423459244
0 0.58984375 0.2624254473161034 0.009895833333333333 0.033797216699801194
0 0.64765625 0.2624254473161034 0.0067708333333333336 0.02186878727634195
0 0.61015625 0.2678926441351889 0.008854166666666666 0.018886679920477135
0 0.5955729166666667 0.30566600397614313 0.0171875 0.05666003976143141
0 0.7184895833333333 0.2967196819085487 0.021354166666666667 0.02485089463220676
0 0.99609375 0.32852882703777336 0.0078125 0.0268389662027833
0 0.3763020833333333 0.3364811133200795 0.011979166666666667 0.032803180914512925
0 0.28567708333333336 0.3414512922465209 0.011979166666666667 0.040755467196819085
0 0.6455729166666667 0.34393638170974156 0.018229166666666668 0.02186878727634195
0 0.8341145833333333 0.371272365805169 0.0109375 0.032803180914512925
0 0.803125 0.36928429423459247 0.010416666666666666 0.02485089463220676
0 0.5716145833333334 0.36530815109343934 0.008854166666666666 0.016898608349900597
0 0.9466145833333334 0.3812127236580517 0.028645833333333332 0.04473161033797217
0 0.66640625 0.3702783300198807 0.018229166666666668 0.02286282306163022
0 0.528125 0.371272365805169 0.011458333333333333 0.02286282306163022
0 0.37786458333333334 0.3871769383697813 0.015104166666666667 0.0268389662027833
0 0.5674479166666667 0.3851888667992048 0.009895833333333333 0.018886679920477135
0 0.8533854166666667 0.40059642147117297 0.021354166666666667 0.033797216699801194
0 0.5286458333333334 0.4085487077534791 0.016666666666666666 0.03180914512922465
0 0.018229166666666668 0.4120278330019881 0.017708333333333333 0.018886679920477135
0 0.46458333333333335 0.4135188866799205 0.013541666666666667 0.013916500994035786
0 0.7895833333333333 0.4224652087475149 0.03229166666666667 0.02584493041749503
0 0.7377604166666667 0.441351888667992 0.022395833333333334 0.05765407554671968
0 0.8747395833333333 0.4378727634194831 0.0234375 0.03479125248508946
0 0.81171875 0.4309145129224652 0.0078125 0.012922465208747515
0 0.8458333333333333 0.4403578528827038 0.016666666666666666 0.02584493041749503
0 0.9421875 0.455765407554672 0.026041666666666668 0.048707753479125246
0 0.6018229166666667 0.441351888667992 0.016145833333333335 0.02186878727634195
0 0.0515625 0.46123260437375746 0.013541666666666667 0.02982107355864811
0 0.62109375 0.47962226640159045 0.009895833333333333 0.040755467196819085
0 0.5427083333333333 0.47713717693836977 0.035416666666666666 0.027833001988071572
0 0.5822916666666667 0.48906560636182905 0.013541666666666667 0.0437375745526839
0 0.7380208333333333 0.4831013916500994 0.014583333333333334 0.02584493041749503
0 0.33958333333333335 0.4840954274353877 0.010416666666666666 0.015904572564612324
0 0.7122395833333334 0.4970178926441352 0.016145833333333335 0.017892644135188866
0 0.5182291666666666 0.4985089463220676 0.016666666666666666 0.018886679920477135
0 0.5690104166666666 0.5094433399602386 0.015104166666666667 0.03479125248508946
0 0.8713541666666667 0.5099403578528827 0.010416666666666666 0.02982107355864811
0 0.5466145833333333 0.5154075546719682 0.025520833333333333 0.030815109343936383
0 0.6583333333333333 0.510934393638171 0.010416666666666666 0.017892644135188866
0 0.8403645833333333 0.5173956262425448 0.015104166666666667 0.0268389662027833
0 0.34088541666666666 0.5293240556660039 0.0140625 0.02882703777335984
0 0.67421875 0.5342942345924453 0.018229166666666668 0.03479125248508946
0 0.6041666666666666 0.5422465208747514 0.007291666666666667 0.032803180914512925
0 0.8130208333333333 0.5482107355864811 0.014583333333333334 0.032803180914512925
0 0.5583333333333333 0.5422465208747514 0.011458333333333333 0.020874751491053677
0 0.5427083333333333 0.5561630218687873 0.005208333333333333 0.032803180914512925
0 0.51484375 0.562624254473161 0.0171875 0.03180914512922465
0 0.76796875 0.5566600397614314 0.019270833333333334 0.017892644135188866
0 0.7166666666666667 0.5695825049701789 0.015625 0.017892644135188866
0 0.6419270833333334 0.5775347912524851 0.009895833333333333 0.03180914512922465
0 0.8799479166666667 0.5790258449304175 0.008854166666666666 0.02882703777335984
0 0.5302083333333333 0.5815109343936382 0.009375 0.02982107355864811
0 0.9864583333333333 0.581013916500994 0.00625 0.0268389662027833
0 0.57421875 0.5854870775347912 0.0171875 0.02584493041749503
0 0.4088541666666667 0.5834990059642147 0.019791666666666666 0.015904572564612324
0 0.6645833333333333 0.5959244532803181 0.008333333333333333 0.032803180914512925
0 0.7880208333333333 0.5889662027833003 0.014583333333333334 0.010934393638170975
0 0.8408854166666667 0.6038767395626242 0.011979166666666667 0.030815109343936383
0 0.9533854166666667 0.617296222664016 0.025520833333333333 0.04970178926441352
0 0.8104166666666667 0.602882703777336 0.007291666666666667 0.02286282306163022
0 0.6080729166666666 0.6078528827037774 0.022395833333333334 0.030815109343936383
0 0.98125 0.6073558648111332 0.008333333333333333 0.015904572564612324
0 0.696875 0.6222664015904572 0.009375 0.03578528827037773
0 0.8575520833333333 0.6177932405566601 0.008854166666666666 0.018886679920477135
0 0.6229166666666667 0.6272365805168986 0.008333333333333333 0.03180914512922465
0 0.88515625 0.6262425447316103 0.022395833333333334 0.019880715705765408
0 0.7231770833333333 0.6297216699801192 0.019270833333333334 0.02882703777335984
0 0.975 0.6376739562624254 0.01875 0.032803180914512925
0 0.80625 0.6371769383697813 0.030208333333333334 0.019880715705765408
0 0.5919270833333333 0.6446322067594433 0.0109375 0.02485089463220676
0 0.56171875 0.6426441351888668 0.009895833333333333 0.018886679920477135
0 0.018229166666666668 0.6421471172962226 0.011458333333333333 0.013916500994035786
0 0.5221354166666666 0.6645129224652088 0.0067708333333333336 0.036779324055666
0 0.39817708333333335 0.6595427435387674 0.0140625 0.02882703777335984
0 0.8359375 0.6610337972166997 0.020833333333333332 0.02186878727634195
0 0.7799479166666666 0.6630218687872763 0.015104166666666667 0.02385685884691849
0 0.68984375 0.6739562624254473 0.008854166666666666 0.039761431411530816
0 0.75859375 0.6714711729622267 0.0140625 0.0268389662027833
0 0.5921875 0.6933399602385686 0.010416666666666666 0.04671968190854871
0 0.9705729166666667 0.6928429423459245 0.0234375 0.0437375745526839
0 0.5080729166666667 0.6843936381709742 0.011979166666666667 0.0268389662027833
0 0.3106770833333333 0.6943339960238568 0.0067708333333333336 0.040755467196819085
0 0.6955729166666667 0.713220675944334 0.015104166666666667 0.03479125248508946
0 0.078125 0.7147117296222664 0.017708333333333333 0.03180914512922465
0 0.8940104166666667 0.7142147117296223 0.008854166666666666 0.016898608349900597
0 0.9234375 0.7559642147117296 0.01875 0.0268389662027833
0 0.8609375 0.7544731610337972 0.020833333333333332 0.02385685884691849
0 0.4747395833333333 0.7718687872763419 0.013020833333333334 0.036779324055666
0 0.9653645833333333 0.7738568588469185 0.013020833333333334 0.03479125248508946
0 0.9065104166666667 0.7907554671968191 0.019270833333333334 0.014910536779324055
0 0.6947916666666667 0.80168986083499 0.017708333333333333 0.010934393638170975
0 0.9421875 0.8156063618290258 0.010416666666666666 0.016898608349900597
0 0.23828125 0.8379721669980119 0.018229166666666668 0.017892644135188866
0 0.06458333333333334 0.8444333996023857 0.023958333333333335 0.02286282306163022
0 0.8510416666666667 0.8663021868787276 0.021875 0.020874751491053677
0 0.9440104166666666 0.9135188866799204 0.011979166666666667 0.03578528827037773
0 0.7752604166666667 0.9259443339960238 0.011979166666666667 0.042743538767395624
0 0.38958333333333334 0.9711729622266402 0.008333333333333333 0.0437375745526839
0 0.2716145833333333 0.9652087475149106 0.018229166666666668 0.02186878727634195
0 0.80078125 0.9657057654075547 0.0234375 0.020874751491053677
0 0.77265625 0.9766401590457257 0.0140625 0.02286282306163022
0 0.6627604166666666 0.9756461232604374 0.019270833333333334 0.020874751491053677
0 0.5583333333333333 0.9865805168986084 0.008333333333333333 0.02485089463220676
0 0.34869791666666666 0.9915506958250497 0.0046875 0.014910536779324055