0 0.5674479166666667 0.0009940357852882703 0.050520833333333334 0.0019880715705765406
0 0.45807291666666666 0.0009940357852882703 0.050520833333333334 0.0019880715705765406
0 0.4083333333333333 0.0009940357852882703 0.040625 0.0019880715705765406
0 0.35989583333333336 0.0009940357852882703 0.034375 0.0019880715705765406
0 0.29661458333333335 0.0009940357852882703 0.04739583333333333 0.0019880715705765406
0 0.24713541666666666 0.010934393638170975 0.0453125 0.02186878727634195
0 0.12265625 0.0009940357852882703 0.059895833333333336 0.0019880715705765406
0 0.03229166666666667 0.0009940357852882703 0.041666666666666664 0.0019880715705765406
0 0.24791666666666667 0.20079522862823063 0.013541666666666667 0.011928429423459244
0 0.7598958333333333 0.4577534791252485 0.00625 0.030815109343936383
0 0.77578125 0.48807157057654077 0.025520833333333333 0.02982107355864811
0 0.834375 0.6645129224652088 0.013541666666666667 0.020874751491053677
0 0.5565104166666667 0.7077534791252486 0.011979166666666667 0.017892644135188866
0 0.2703125 0.768389662027833 0.0125 0.015904572564612324
0 0.3140625 0.8578528827037774 0.010416666666666666 0.02584493041749503
0 0.6760416666666667 0.856858846918489 0.013541666666666667 0.017892644135188866
0 0.540625 0.8608349900596421 0.009375 0.017892644135188866
0 0.29713541666666665 0.8593439363817097 0.0067708333333333336 0.014910536779324055
0 0.62890625 0.8936381709741551 0.016145833333333335 0.03578528827037773
0 0.3375 0.8916500994035785 0.007291666666666667 0.03180914512922465
0 0.64140625 0.9174950298210736 0.016145833333333335 0.02385685884691849
0 0.4627604166666667 0.9204771371769384 0.0067708333333333336 0.017892644135188866
0 0.3541666666666667 0.922962226640159 0.009375 0.016898608349900597
0 0.4578125 0.9532803180914513 0.010416666666666666 0.015904572564612324