0 0.06197916666666667 0.002485089463220676 0.04375 0.004970178926441352
0 0.5864583333333333 0.022365805168986085 0.017708333333333333 0.0268389662027833
0 0.05286458333333333 0.03180914512922465 0.016145833333333335 0.017892644135188866
0 0.4557291666666667 0.04025844930417495 0.013541666666666667 0.02882703777335984
0 0.38359375 0.0437375745526839 0.022395833333333334 0.033797216699801194
0 0.5630208333333333 0.05467196819085487 0.010416666666666666 0.02385685884691849
0 0.49947916666666664 0.10039761431411531 0.0125 0.04572564612326044
0 0.21640625 0.10437375745526839 0.025520833333333333 0.02186878727634195
0 0.15598958333333332 0.11282306163021869 0.021354166666666667 0.02286282306163022
0 0.43385416666666665 0.11282306163021869 0.009375 0.016898608349900597
0 0.19609375 0.12326043737574553 0.009895833333333333 0.02982107355864811
0 0.6572916666666667 0.14363817097415507 0.0125 0.040755467196819085
0 0.546875 0.1456262425447316 0.016666666666666666 0.030815109343936383
0 0.5822916666666667 0.15208747514910537 0.0125 0.03777335984095427
0 0.3536458333333333 0.15208747514910537 0.008333333333333333 0.03578528827037773
0 0.3731770833333333 0.15606361829025844 0.0140625 0.027833001988071572
0 0.5138020833333333 0.16898608349900596 0.0067708333333333336 0.017892644135188866
0 0.46588541666666666 0.17992047713717693 0.018229166666666668 0.027833001988071572
0 0.5690104166666666 0.1933399602385686 0.016145833333333335 0.030815109343936383
0 0.7026041666666667 0.18439363817097415 0.011458333333333333 0.010934393638170975
0 0.5786458333333333 0.23956262425447317 0.005208333333333333 0.015904572564612324
0 0.5239583333333333 0.25695825049701787 0.009375 0.03876739562624255
0 0.38828125 0.26093439363817095 0.018229166666666668 0.03876739562624255
0 0.284375 0.30119284294234594 0.015625 0.02982107355864811
0 0.5158854166666667 0.2957256461232604 0.009895833333333333 0.018886679920477135
0 0.37395833333333334 0.31461232604373757 0.020833333333333332 0.05069582504970179
0 0.5033854166666667 0.30119284294234594 0.0078125 0.015904572564612324
0 0.43307291666666664 0.3136182902584493 0.009895833333333333 0.030815109343936383
0 0.6114583333333333 0.31610337972166996 0.020833333333333332 0.02186878727634195
0 0.35963541666666665 0.323558648111332 0.0109375 0.018886679920477135
0 0.5421875 0.33697813121272363 0.008333333333333333 0.015904572564612324
0 0.5221354166666666 0.34493041749502984 0.008854166666666666 0.015904572564612324
0 0.3377604166666667 0.3648111332007952 0.0140625 0.027833001988071572
0 0.4981770833333333 0.3667992047713718 0.008854166666666666 0.013916500994035786
0 0.4119791666666667 0.40506958250497016 0.025 0.06262425447316103
0 0.5322916666666667 0.3841948310139165 0.00625 0.016898608349900597
0 0.3533854166666667 0.44433399602385687 0.009895833333333333 0.019880715705765408
0 0.42864583333333334 0.45278330019880714 0.010416666666666666 0.014910536779324055
0 0.30182291666666666 0.46669980119284293 0.0171875 0.014910536779324055
0 0.165625 0.49652087475149104 0.008333333333333333 0.020874751491053677
0 0.22421875 0.5427435387673957 0.0171875 0.03578528827037773
0 0.5135416666666667 0.540258449304175 0.0125 0.030815109343936383
0 0.42135416666666664 0.5556660039761432 0.019791666666666666 0.02584493041749503
0 0.38515625 0.5591451292246521 0.015104166666666667 0.020874751491053677
0 0.5752604166666667 0.5790258449304175 0.018229166666666668 0.05467196819085487
0 0.18932291666666667 0.5939363817097415 0.025520833333333333 0.02882703777335984
0 0.38619791666666664 0.6292246520874751 0.0234375 0.017892644135188866
0 0.4640625 0.6307157057654076 0.010416666666666666 0.020874751491053677
0 0.62578125 0.6272365805168986 0.011979166666666667 0.013916500994035786
0 0.34453125 0.6441351888667992 0.0203125 0.02982107355864811
0 0.5401041666666667 0.6466202783300199 0.013541666666666667 0.02882703777335984
0 0.46979166666666666 0.6674950298210736 0.009375 0.040755467196819085
0 0.7166666666666667 0.6774353876739563 0.03125 0.020874751491053677
0 0.696875 0.6883697813121272 0.017708333333333333 0.030815109343936383
0 0.5020833333333333 0.6923459244532804 0.017708333333333333 0.03479125248508946
0 0.5638020833333334 0.6868787276341949 0.018229166666666668 0.019880715705765408
0 0.3450520833333333 0.713220675944334 0.019270833333333334 0.018886679920477135
0 0.6059895833333333 0.7311133200795229 0.016145833333333335 0.030815109343936383
0 0.44244791666666666 0.7440357852882704 0.009895833333333333 0.032803180914512925
0 0.5067708333333333 0.7420477137176938 0.028125 0.030815109343936383
0 0.3307291666666667 0.7465208747514911 0.017708333333333333 0.013916500994035786
0 0.5447916666666667 0.7664015904572564 0.014583333333333334 0.02385685884691849
0 0.5221354166666666 0.8146123260437376 0.008854166666666666 0.008946322067594433
0 0.565625 0.9567594433399602 0.016666666666666666 0.02286282306163022
0 0.26223958333333336 0.9791252485089463 0.03697916666666667 0.039761431411530816