0 0.08463541666666667 0.019383697813121274 0.0171875 0.03876739562624255
0 0.1046875 0.009443339960238568 0.015625 0.018886679920477135
0 0.18619791666666666 0.01441351888667992 0.016145833333333335 0.02882703777335984
0 0.3020833333333333 0.01143141153081511 0.009375 0.02286282306163022
0 0.31927083333333334 0.006958250497017893 0.007291666666666667 0.013916500994035786
0 0.36432291666666666 0.007952286282306162 0.0078125 0.015904572564612324
0 0.05911458333333333 0.014910536779324055 0.008854166666666666 0.015904572564612324
0 0.49895833333333334 0.0536779324055666 0.023958333333333335 0.061630218687872766
0 0.2869791666666667 0.040755467196819085 0.013541666666666667 0.02982107355864811
0 0.39869791666666665 0.04125248508946322 0.009895833333333333 0.0268389662027833
0 0.23958333333333334 0.04224652087475149 0.029166666666666667 0.0268389662027833
0 0.5684895833333333 0.03876739562624255 0.03697916666666667 0.017892644135188866
0 0.08645833333333333 0.05815109343936382 0.016666666666666666 0.02485089463220676
0 0.34661458333333334 0.08499005964214712 0.03177083333333333 0.07852882703777336
0 0.86015625 0.06461232604373758 0.018229166666666668 0.03777335984095427
0 0.6010416666666667 0.05715705765407555 0.009375 0.010934393638170975
0 0.9143229166666667 0.0636182902584493 0.015104166666666667 0.02385685884691849
0 0.72109375 0.07455268389662027 0.011979166666666667 0.03578528827037773
0 0.23411458333333332 0.06660039761431412 0.0234375 0.015904572564612324
0 0.6221354166666667 0.07803180914512922 0.0296875 0.032803180914512925
0 0.78046875 0.08250497017892644 0.0140625 0.027833001988071572
0 0.6575520833333334 0.0805168986083499 0.0078125 0.011928429423459244
0 0.6979166666666666 0.08996023856858847 0.008333333333333333 0.02485089463220676
0 0.1625 0.08946322067594434 0.020833333333333332 0.02186878727634195
0 0.43515625 0.09840954274353876 0.009895833333333333 0.039761431411530816
0 0.5348958333333333 0.10139165009940358 0.007291666666666667 0.03578528827037773
0 0.5005208333333333 0.10636182902584493 0.029166666666666667 0.041749502982107355
0 0.2520833333333333 0.0989065606361829 0.03125 0.02286282306163022
0 0.06145833333333333 0.1073558648111332 0.019791666666666666 0.02982107355864811
0 0.9 0.10387673956262425 0.013541666666666667 0.012922465208747515
0 0.7752604166666667 0.11232604373757456 0.015104166666666667 0.02385685884691849
0 0.19973958333333333 0.12027833001988071 0.030729166666666665 0.02982107355864811
0 0.29244791666666664 0.12375745526838966 0.0140625 0.032803180914512925
0 0.628125 0.12077534791252485 0.013541666666666667 0.02882703777335984
0 0.46484375 0.13071570576540756 0.0234375 0.03876739562624255
0 0.8471354166666667 0.12226640159045726 0.022395833333333334 0.02385685884691849
0 0.39505208333333336 0.12624254473161034 0.0109375 0.02186878727634195
0 0.5411458333333333 0.147117296222664 0.04791666666666667 0.0636182902584493
0 0.5208333333333334 0.1242544731610338 0.00625 0.015904572564612324
0 0.8640625 0.1327037773359841 0.009375 0.032803180914512925
0 0.7315104166666667 0.1257455268389662 0.015104166666666667 0.010934393638170975
0 0.35546875 0.13667992047713717 0.009895833333333333 0.0268389662027833
0 0.3046875 0.14761431411530815 0.011458333333333333 0.040755467196819085
0 0.6151041666666667 0.1426441351888668 0.013541666666666667 0.030815109343936383
0 0.23411458333333332 0.14910536779324055 0.030729166666666665 0.02385685884691849
0 0.4046875 0.15755467196819087 0.028125 0.040755467196819085
0 0.4354166666666667 0.1610337972166998 0.019791666666666666 0.02982107355864811
0 0.6466145833333333 0.16451292246520874 0.0067708333333333336 0.032803180914512925
0 0.93359375 0.16351888667992048 0.0078125 0.020874751491053677
0 0.47161458333333334 0.16998011928429424 0.0067708333333333336 0.02982107355864811
0 0.5716145833333334 0.1679920477137177 0.013020833333333334 0.027833001988071572
0 0.17760416666666667 0.1709741550695825 0.03125 0.027833001988071572
0 0.04010416666666667 0.18141153081510936 0.017708333333333333 0.04671968190854871
0 0.7708333333333334 0.16749502982107356 0.007291666666666667 0.018886679920477135
0 0.26119791666666664 0.1779324055666004 0.0265625 0.02385685884691849
0 0.23203125 0.176441351888668 0.0140625 0.014910536779324055
0 0.8763020833333334 0.20178926441351888 0.027604166666666666 0.061630218687872766
0 0.6908854166666667 0.17992047713717693 0.016145833333333335 0.015904572564612324
0 0.84140625 0.18687872763419483 0.015104166666666667 0.02584493041749503
0 0.7440104166666667 0.21123260437375746 0.0453125 0.040755467196819085
0 0.39375 0.20427435387673956 0.040625 0.02286282306163022
0 0.24348958333333334 0.2201789264413519 0.028645833333333332 0.04671968190854871
0 0.34088541666666666 0.21719681908548708 0.009895833333333333 0.02882703777335984
0 0.5252604166666667 0.2360834990059642 0.0359375 0.06858846918489066
0 0.7 0.20874751491053678 0.019791666666666666 0.013916500994035786
0 0.6614583333333334 0.22365805168986083 0.015625 0.02186878727634195
0 0.9002604166666667 0.2276341948310139 0.0109375 0.02982107355864811
0 0.8377604166666667 0.2276341948310139 0.0078125 0.02385685884691849
0 0.91484375 0.220675944333996 0.008854166666666666 0.009940357852882704
0 0.13854166666666667 0.23111332007952287 0.025 0.02286282306163022
0 0.3776041666666667 0.24353876739562624 0.03854166666666667 0.04572564612326044
0 0.4552083333333333 0.2286282306163022 0.021875 0.013916500994035786
0 0.4309895833333333 0.23956262425447317 0.0140625 0.027833001988071572
0 0.8653645833333333 0.24552683896620278 0.0203125 0.03777335984095427
0 0.18125 0.25695825049701787 0.026041666666666668 0.048707753479125246
0 0.5125 0.25894632206759444 0.016666666666666666 0.04671968190854871
0 0.44557291666666665 0.2639165009940358 0.021354166666666667 0.03876739562624255
0 0.61328125 0.2738568588469185 0.011979166666666667 0.04671968190854871
0 0.8268229166666666 0.25944333996023855 0.019270833333333334 0.017892644135188866
0 0.20598958333333334 0.2823061630218688 0.0171875 0.04572564612326044
0 0.7361979166666667 0.27186878727634195 0.0171875 0.02286282306163022
0 0.48671875 0.2778330019880716 0.018229166666666668 0.030815109343936383
0 0.32317708333333334 0.28578528827037775 0.013020833333333334 0.030815109343936383
0 0.3411458333333333 0.27634194831013914 0.011458333333333333 0.013916500994035786
0 0.41328125 0.2768389662027833 0.0078125 0.014910536779324055
0 0.3796875 0.2967196819085487 0.016666666666666666 0.05069582504970179
0 0.22447916666666667 0.28876739562624254 0.01875 0.02882703777335984
0 0.56484375 0.28677932405566603 0.0171875 0.02286282306163022
0 0.81953125 0.29721669980119286 0.0328125 0.03777335984095427
0 0.4270833333333333 0.3101391650099404 0.016666666666666666 0.0536779324055666
0 0.6369791666666667 0.30218687872763417 0.013541666666666667 0.02584493041749503
0 0.8791666666666667 0.31262425447316106 0.019791666666666666 0.042743538767395624
0 0.3111979166666667 0.30168986083499005 0.008854166666666666 0.016898608349900597
0 0.48880208333333336 0.3136182902584493 0.0078125 0.032803180914512925
0 0.15885416666666666 0.32007952286282304 0.028125 0.03777335984095427
0 0.24973958333333332 0.3121272365805169 0.0109375 0.02186878727634195
0 0.53671875 0.3230616302186879 0.0140625 0.033797216699801194
0 0.5731770833333333 0.323558648111332 0.016145833333333335 0.032803180914512925
0 0.9158854166666667 0.31660039761431413 0.005729166666666666 0.018886679920477135
0 0.7890625 0.3305168986083499 0.00625 0.03479125248508946
0 0.89375 0.32803180914512925 0.009375 0.009940357852882704
0 0.3489583333333333 0.3399602385685885 0.00625 0.019880715705765408
0 0.47552083333333334 0.34493041749502984 0.025 0.02186878727634195
0 0.7333333333333333 0.34840954274353875 0.013541666666666667 0.030815109343936383
0 0.8622395833333333 0.36182902584493043 0.024479166666666666 0.04771371769383698
0 0.7723958333333333 0.371272365805169 0.017708333333333333 0.05069582504970179
0 0.36223958333333334 0.3702783300198807 0.011979166666666667 0.016898608349900597
0 0.07369791666666667 0.37524850894632206 0.0109375 0.020874751491053677
0 0.11822916666666666 0.37922465208747513 0.008333333333333333 0.02286282306163022
0 0.146875 0.40059642147117297 0.020833333333333332 0.061630218687872766
0 0.34713541666666664 0.37673956262425445 0.008854166666666666 0.015904572564612324
0 0.23802083333333332 0.39065606361829025 0.017708333333333333 0.02186878727634195
0 0.20807291666666666 0.3946322067594433 0.024479166666666666 0.011928429423459244
0 0.37864583333333335 0.40606361829025844 0.013541666666666667 0.016898608349900597
0 0.7731770833333333 0.43190854870775347 0.024479166666666666 0.05268389662027833
0 0.6432291666666666 0.42147117296222664 0.016666666666666666 0.02385685884691849
0 0.9377604166666667 0.42992047713717696 0.0171875 0.040755467196819085
0 0.36432291666666666 0.41848906560636184 0.015104166666666667 0.013916500994035786
0 0.7278645833333334 0.41998011928429424 0.009895833333333333 0.016898608349900597
0 0.5515625 0.4274353876739563 0.0125 0.027833001988071572
0 0.7153645833333333 0.41998011928429424 0.009895833333333333 0.012922465208747515
0 0.3859375 0.43389662027833004 0.020833333333333332 0.032803180914512925
0 0.43802083333333336 0.4552683896620278 0.019791666666666666 0.0775347912524851
0 0.16770833333333332 0.42445328031809143 0.008333333333333333 0.011928429423459244
0 0.23854166666666668 0.43588469184890655 0.028125 0.030815109343936383
0 0.92421875 0.43339960238568587 0.011979166666666667 0.02385685884691849
0 0.17864583333333334 0.43190854870775347 0.0125 0.012922465208747515
0 0.9083333333333333 0.44980119284294234 0.025 0.0268389662027833
0 0.054427083333333334 0.4542743538767396 0.034895833333333334 0.02982107355864811
0 0.4127604166666667 0.48061630218687873 0.011979166666666667 0.07852882703777336
0 0.8197916666666667 0.4567594433399602 0.020833333333333332 0.032803180914512925
0 0.6104166666666667 0.4617296222664016 0.01875 0.02485089463220676
0 0.22682291666666668 0.4671968190854871 0.0296875 0.017892644135188866
0 0.38567708333333334 0.4691848906560636 0.016145833333333335 0.02186878727634195
0 0.14375 0.4711729622266402 0.023958333333333335 0.02186878727634195
0 0.5716145833333334 0.4831013916500994 0.0265625 0.041749502982107355
0 0.7520833333333333 0.48807157057654077 0.020833333333333332 0.033797216699801194
0 0.0140625 0.4845924453280318 0.028125 0.02485089463220676
0 0.3489583333333333 0.4855864811133201 0.00625 0.016898608349900597
0 0.6286458333333333 0.5049701789264414 0.017708333333333333 0.011928429423459244
0 0.8427083333333333 0.5104373757455268 0.009375 0.014910536779324055
0 0.8671875 0.5188866799204771 0.009375 0.033797216699801194
0 0.19296875 0.5233598409542743 0.034895833333333334 0.030815109343936383
0 0.39557291666666666 0.5273359840954275 0.016145833333333335 0.03479125248508946
0 0.7643229166666666 0.540258449304175 0.015104166666666667 0.05467196819085487
0 0.2453125 0.5387673956262425 0.007291666666666667 0.04970178926441352
0 0.7440104166666667 0.5323061630218688 0.0171875 0.036779324055666
0 0.4203125 0.5278330019880716 0.015625 0.02186878727634195
0 0.85390625 0.5298210735586482 0.013020833333333334 0.02385685884691849
0 0.446875 0.5407554671968191 0.021875 0.039761431411530816
0 0.6908854166666667 0.5457256461232605 0.0203125 0.05168986083499006
0 0.3377604166666667 0.5392644135188867 0.011979166666666667 0.032803180914512925
0 0.5783854166666667 0.5467196819085487 0.015104166666666667 0.02982107355864811
0 0.5161458333333333 0.5412524850894632 0.01875 0.012922465208747515
0 0.6104166666666667 0.5561630218687873 0.009375 0.04473161033797217
0 0.07395833333333333 0.5581510934393639 0.025 0.04473161033797217
0 0.6296875 0.5521868787276342 0.009375 0.032803180914512925
0 0.4986979166666667 0.5526838966202783 0.019270833333333334 0.02385685884691849
0 0.86484375 0.5601391650099403 0.030729166666666665 0.03876739562624255
0 0.023177083333333334 0.5755467196819085 0.0359375 0.0536779324055666
0 0.27395833333333336 0.5641153081510935 0.013541666666666667 0.0268389662027833
0 0.36875 0.5675944333996024 0.014583333333333334 0.02186878727634195
0 0.428125 0.5685884691848907 0.005208333333333333 0.017892644135188866
0 0.44583333333333336 0.5760437375745527 0.009375 0.02286282306163022
0 0.38671875 0.6008946322067594 0.0234375 0.06461232604373758
0 0.5565104166666667 0.5800198807157058 0.011979166666666667 0.02485089463220676
0 0.33489583333333334 0.5984095427435387 0.03333333333333333 0.04970178926441352
0 0.7192708333333333 0.5834990059642147 0.00625 0.017892644135188866
0 0.8333333333333334 0.5909542743538767 0.00625 0.03479125248508946
0 0.30364583333333334 0.5914512922465208 0.01875 0.03180914512922465
0 0.44244791666666666 0.5949304174950298 0.0234375 0.03876739562624255
0 0.15755208333333334 0.6083499005964215 0.0265625 0.05765407554671968
0 0.6033854166666667 0.5944333996023857 0.008854166666666666 0.02385685884691849
0 0.98203125 0.5934393638170974 0.0078125 0.019880715705765408
0 0.096875 0.6048707753479126 0.011458333333333333 0.03876739562624255
0 0.06848958333333334 0.6227634194831014 0.03697916666666667 0.06858846918489066
0 0.6359375 0.6098409542743539 0.020833333333333332 0.014910536779324055
0 0.9520833333333333 0.6138170974155069 0.007291666666666667 0.02286282306163022
0 0.81875 0.6202783300198808 0.021875 0.027833001988071572
0 0.16223958333333333 0.6242544731610338 0.0109375 0.03180914512922465
0 0.48671875 0.6361829025844931 0.0140625 0.04771371769383698
0 0.58671875 0.6237574552683897 0.022395833333333334 0.018886679920477135
0 0.7036458333333333 0.6217693836978131 0.016666666666666666 0.014910536779324055
0 0.21119791666666668 0.6371769383697813 0.011979166666666667 0.03578528827037773
0 0.93515625 0.6376739562624254 0.013020833333333334 0.03479125248508946
0 0.4283854166666667 0.628727634194831 0.0140625 0.012922465208747515
0 0.9078125 0.6351888667992047 0.007291666666666667 0.017892644135188866
0 0.11614583333333334 0.6336978131212724 0.011458333333333333 0.012922465208747515
0 0.4518229166666667 0.6376739562624254 0.0078125 0.020874751491053677
0 0.7268229166666667 0.6416500994035785 0.011979166666666667 0.0268389662027833
0 0.08619791666666667 0.6520874751491054 0.018229166666666668 0.04572564612326044
0 0.12864583333333332 0.6391650099403579 0.010416666666666666 0.015904572564612324
0 0.19375 0.6416500994035785 0.007291666666666667 0.012922465208747515
0 0.403125 0.6510934393638171 0.007291666666666667 0.02584493041749503
0 0.9520833333333333 0.661530815109344 0.014583333333333334 0.040755467196819085
0 0.37421875 0.668986083499006 0.0140625 0.05168986083499006
0 0.5927083333333333 0.6610337972166997 0.017708333333333333 0.03578528827037773
0 0.3268229166666667 0.665506958250497 0.0140625 0.040755467196819085
0 0.3502604166666667 0.6749502982107356 0.016145833333333335 0.05964214711729622
0 0.5619791666666667 0.6625248508946322 0.007291666666666667 0.030815109343936383
0 0.7393229166666667 0.6605367793240556 0.028645833333333332 0.02485089463220676
0 0.0421875 0.6739562624254473 0.013541666666666667 0.04572564612326044
0 0.4942708333333333 0.6625248508946322 0.0125 0.020874751491053677
0 0.9877604166666667 0.6669980119284294 0.013020833333333334 0.027833001988071572
0 0.18958333333333333 0.6714711729622267 0.008333333333333333 0.032803180914512925
0 0.9078125 0.6665009940357853 0.015625 0.010934393638170975
0 0.6510416666666666 0.6853876739562624 0.023958333333333335 0.036779324055666
0 0.1984375 0.6928429423459245 0.019791666666666666 0.02982107355864811
0 0.16354166666666667 0.7147117296222664 0.017708333333333333 0.06560636182902585
0 0.77890625 0.6973161033797217 0.008854166666666666 0.032803180914512925
0 0.8565104166666667 0.694831013916501 0.015104166666666667 0.027833001988071572
0 0.9341145833333333 0.6933399602385686 0.0067708333333333336 0.016898608349900597
0 0.7393229166666667 0.7251491053677932 0.009895833333333333 0.05467196819085487
0 0.40598958333333335 0.7157057654075547 0.0078125 0.03180914512922465
0 0.56875 0.724155069582505 0.030208333333333334 0.036779324055666
0 0.30963541666666666 0.7236580516898609 0.011979166666666667 0.02584493041749503
0 0.45859375 0.7256461232604374 0.013020833333333334 0.02385685884691849
0 0.6330729166666667 0.7216699801192843 0.0067708333333333336 0.017892644135188866
0 0.06901041666666667 0.7504970178926441 0.025520833333333333 0.06759443339960239
0 0.5018229166666667 0.7365805168986084 0.008854166666666666 0.02982107355864811
0 0.6510416666666666 0.7380715705765407 0.022916666666666665 0.03479125248508946
0 0.296875 0.7504970178926441 0.023958333333333335 0.03180914512922465
0 0.6268229166666667 0.7529821073558648 0.0078125 0.0268389662027833
0 0.4161458333333333 0.7693836978131213 0.016666666666666666 0.02385685884691849
0 0.6828125 0.7813121272365805 0.019791666666666666 0.039761431411530816
0 0.48984375 0.7793240556660039 0.0078125 0.033797216699801194
0 0.17942708333333332 0.7788270377733598 0.025520833333333333 0.02485089463220676
0 0.0109375 0.7818091451292246 0.013541666666666667 0.0268389662027833
0 0.19973958333333333 0.8056660039761432 0.025520833333333333 0.05864811133200795
0 0.128125 0.7972166998011928 0.017708333333333333 0.03777335984095427
0 0.08958333333333333 0.8011928429423459 0.028125 0.033797216699801194
0 0.4328125 0.7987077534791253 0.011458333333333333 0.018886679920477135
0 0.6854166666666667 0.8166003976143141 0.041666666666666664 0.04671968190854871
0 0.834375 0.8180914512922465 0.026041666666666668 0.04572564612326044
0 0.41901041666666666 0.81610337972167 0.018229166666666668 0.03777335984095427
0 0.9958333333333333 0.8255467196819085 0.007291666666666667 0.05268389662027833
0 0.005208333333333333 0.8245526838966203 0.010416666666666666 0.04671968190854871
0 0.46796875 0.8146123260437376 0.021354166666666667 0.018886679920477135
0 0.55859375 0.8170974155069582 0.027604166666666666 0.02186878727634195
0 0.6325520833333333 0.8275347912524851 0.015104166666666667 0.040755467196819085
0 0.15859375 0.8290258449304175 0.0234375 0.02982107355864811
0 0.4375 0.8320079522862823 0.010416666666666666 0.03180914512922465
0 0.03359375 0.8404572564612326 0.019270833333333334 0.04473161033797217
0 0.23880208333333333 0.8330019880715706 0.028645833333333332 0.019880715705765408
0 0.09427083333333333 0.8608349900596421 0.023958333333333335 0.06759443339960239
0 0.38255208333333335 0.8374751491053678 0.0234375 0.020874751491053677
0 0.79921875 0.8449304174950298 0.0046875 0.027833001988071572
0 0.6518229166666667 0.867296222664016 0.0109375 0.06461232604373758
0 0.29921875 0.8499005964214712 0.024479166666666666 0.02584493041749503
0 0.68046875 0.8613320079522863 0.0265625 0.040755467196819085
0 0.5580729166666667 0.8757455268389662 0.0203125 0.061630218687872766
0 0.7130208333333333 0.8767395626242545 0.009375 0.05765407554671968
0 0.31171875 0.8961232604373758 0.019270833333333334 0.06660039761431412
0 0.5044270833333333 0.8737574552683897 0.0171875 0.02186878727634195
0 0.8252604166666667 0.8792246520874751 0.0234375 0.02882703777335984
0 0.005729166666666666 0.8841948310139165 0.011458333333333333 0.02286282306163022
0 0.4122395833333333 0.8906560636182903 0.0171875 0.03777335984095427
0 0.37994791666666666 0.8966202783300199 0.0140625 0.04572564612326044
0 0.4510416666666667 0.8832007952286283 0.028125 0.018886679920477135
0 0.19947916666666668 0.8961232604373758 0.021875 0.040755467196819085
0 0.590625 0.9070576540755467 0.010416666666666666 0.06063618290258449
0 0.28046875 0.9005964214711729 0.03177083333333333 0.04572564612326044
0 0.68515625 0.9095427435387674 0.0265625 0.061630218687872766
0 0.9403645833333333 0.8861829025844931 0.011979166666666667 0.014910536779324055
0 0.7450520833333333 0.9060636182902585 0.0171875 0.048707753479125246
0 0.5083333333333333 0.9209741550695825 0.016666666666666666 0.03479125248508946
0 0.21614583333333334 0.9264413518886679 0.025 0.033797216699801194
0 0.4747395833333333 0.9294234592445328 0.0078125 0.03578528827037773
0 0.41640625 0.9214711729622267 0.008854166666666666 0.015904572564612324
0 0.17942708333333332 0.9279324055666004 0.0359375 0.02286282306163022
0 0.4856770833333333 0.9493041749502982 0.015104166666666667 0.06560636182902585
0 0.2713541666666667 0.941351888667992 0.021875 0.03777335984095427
0 0.9471354166666667 0.9333996023856859 0.0078125 0.02385685884691849
0 0.40260416666666665 0.952286282306163 0.007291666666666667 0.0437375745526839
0 0.7559895833333333 0.9647117296222664 0.0171875 0.06262425447316103
0 0.7755208333333333 0.944831013916501 0.004166666666666667 0.020874751491053677
0 0.43854166666666666 0.9691848906560636 0.023958333333333335 0.05964214711729622
0 0.91171875 0.9761431411530815 0.013020833333333334 0.04572564612326044
0 0.3455729166666667 0.9776341948310139 0.013020833333333334 0.042743538767395624
0 0.9598958333333333 0.9681908548707754 0.009375 0.02186878727634195
0 0.8302083333333333 0.9676938369781312 0.00625 0.016898608349900597
0 0.19375 0.9781312127236581 0.026041666666666668 0.02584493041749503
0 0.7388020833333333 0.9831013916500994 0.011979166666666667 0.03180914512922465
0 0.6700520833333333 0.9806163021868787 0.0078125 0.020874751491053677
0 0.8606770833333334 0.9875745526838966 0.016145833333333335 0.02286282306163022
0 0.7700520833333333 0.9885685884691849 0.0109375 0.020874751491053677
0 0.7955729166666666 0.9880715705765407 0.016145833333333335 0.02186878727634195
0 0.06979166666666667 0.9895626242544732 0.0125 0.018886679920477135
0 0.9770833333333333 0.9915506958250497 0.011458333333333333 0.014910536779324055
0 0.9302083333333333 0.9920477137176938 0.009375 0.013916500994035786
0 0.052083333333333336 0.9935387673956262 0.009375 0.010934393638170975