0 0.8190104166666666 0.021371769383697812 0.0140625 0.036779324055666
0 0.6106770833333334 0.016401590457256462 0.0109375 0.020874751491053677
0 0.7565104166666666 0.03479125248508946 0.0067708333333333336 0.033797216699801194
0 0.5473958333333333 0.06063618290258449 0.011458333333333333 0.03578528827037773
0 0.3106770833333333 0.06113320079522863 0.0078125 0.0268389662027833
0 0.9276041666666667 0.06660039761431412 0.016666666666666666 0.02385685884691849
0 0.359375 0.09443339960238568 0.007291666666666667 0.03180914512922465
0 0.5643229166666667 0.08797216699801193 0.0140625 0.014910536779324055
0 0.74140625 0.09443339960238568 0.0203125 0.019880715705765408
0 0.9067708333333333 0.12673956262425448 0.023958333333333335 0.042743538767395624
0 0.6057291666666667 0.12872763419483102 0.010416666666666666 0.030815109343936383
0 0.63359375 0.12375745526838966 0.0078125 0.014910536779324055
0 0.934375 0.14065606361829025 0.022916666666666665 0.04671968190854871
0 0.5127604166666667 0.14463220675944333 0.016145833333333335 0.036779324055666
0 0.5903645833333333 0.13717693836978131 0.0067708333333333336 0.017892644135188866
0 0.03307291666666667 0.15805168986083498 0.016145833333333335 0.04572564612326044
0 0.62734375 0.1411530815109344 0.0078125 0.013916500994035786
0 0.6114583333333333 0.14860834990059643 0.009375 0.014910536779324055
0 0.3768229166666667 0.17246520874751492 0.0078125 0.042743538767395624
0 0.6505208333333333 0.16451292246520874 0.013541666666666667 0.012922465208747515
0 0.8611979166666667 0.1779324055666004 0.0234375 0.02982107355864811
0 0.5765625 0.17842942345924453 0.011458333333333333 0.0268389662027833
0 0.6109375 0.17296222664015903 0.0125 0.011928429423459244
0 0.5833333333333334 0.18886679920477137 0.013541666666666667 0.017892644135188866
0 0.9125 0.19035785288270377 0.0125 0.014910536779324055
0 0.5955729166666667 0.21123260437375746 0.024479166666666666 0.02485089463220676
0 0.5072916666666667 0.2400596421471173 0.021875 0.0268389662027833
0 0.38984375 0.2808151093439364 0.008854166666666666 0.02286282306163022
0 0.44453125 0.2882703777335984 0.0078125 0.03578528827037773
0 0.5098958333333333 0.2768389662027833 0.01875 0.012922465208747515
0 0.7994791666666666 0.2992047713717694 0.009375 0.041749502982107355
0 0.4747395833333333 0.31312127236580517 0.018229166666666668 0.03578528827037773
0 0.5333333333333333 0.32803180914512925 0.00625 0.02385685884691849
0 0.5674479166666667 0.3290258449304175 0.022395833333333334 0.02584493041749503
0 0.6786458333333333 0.32952286282306165 0.008333333333333333 0.014910536779324055
0 0.3609375 0.3588469184890656 0.004166666666666667 0.027833001988071572
0 0.47942708333333334 0.36133200795228626 0.0203125 0.0268389662027833
0 0.5111979166666667 0.3782306163021869 0.0046875 0.02286282306163022
0 0.27057291666666666 0.38220675944334 0.0109375 0.020874751491053677
0 0.8046875 0.3836978131212724 0.014583333333333334 0.017892644135188866
0 0.08984375 0.40755467196819084 0.013020833333333334 0.04771371769383698
0 0.48854166666666665 0.39214711729622265 0.019791666666666666 0.018886679920477135
0 0.43125 0.3956262425447316 0.013541666666666667 0.015904572564612324
0 0.5984375 0.4025844930417495 0.008333333333333333 0.013916500994035786
0 0.32838541666666665 0.4179920477137177 0.0078125 0.02485089463220676
0 0.5080729166666667 0.43588469184890655 0.028645833333333332 0.05069582504970179
0 0.5442708333333334 0.4239562624254473 0.014583333333333334 0.018886679920477135
0 0.39453125 0.4309145129224652 0.009895833333333333 0.02882703777335984
0 0.4158854166666667 0.4463220675944334 0.009895833333333333 0.03180914512922465
0 0.9348958333333334 0.444831013916501 0.013541666666666667 0.02485089463220676
0 0.55703125 0.45029821073558646 0.022395833333333334 0.02584493041749503
0 0.9841145833333333 0.4572564612326044 0.0140625 0.039761431411530816
0 0.47942708333333334 0.4532803180914513 0.016145833333333335 0.02584493041749503
0 0.31588541666666664 0.4567594433399602 0.019270833333333334 0.020874751491053677
0 0.46822916666666664 0.48111332007952284 0.009375 0.02385685884691849
0 0.10963541666666667 0.4855864811133201 0.018229166666666668 0.02882703777335984
0 0.07942708333333333 0.4960238568588469 0.030729166666666665 0.041749502982107355
0 0.52421875 0.4870775347912525 0.016145833333333335 0.02186878727634195
0 0.309375 0.49055666003976145 0.019791666666666666 0.018886679920477135
0 0.50078125 0.5034791252485089 0.0109375 0.032803180914512925
0 0.3880208333333333 0.5054671968190855 0.015625 0.018886679920477135
0 0.4125 0.5154075546719682 0.00625 0.016898608349900597
0 0.56953125 0.5352882703777336 0.009895833333333333 0.02882703777335984
0 0.3888020833333333 0.5377733598409543 0.0296875 0.02584493041749503
0 0.8450520833333334 0.5576540755467196 0.021354166666666667 0.039761431411530816
0 0.34401041666666665 0.5556660039761432 0.008854166666666666 0.011928429423459244
0 0.29453125 0.5631212723658051 0.016145833333333335 0.020874751491053677
0 0.590625 0.5666003976143141 0.013541666666666667 0.019880715705765408
0 0.25234375 0.5646123260437376 0.008854166666666666 0.013916500994035786
0 0.37109375 0.5800198807157058 0.022395833333333334 0.042743538767395624
0 0.3927083333333333 0.5680914512922465 0.016666666666666666 0.020874751491053677
0 0.47265625 0.56610337972167 0.009895833333333333 0.012922465208747515
0 0.31666666666666665 0.5750497017892644 0.011458333333333333 0.016898608349900597
0 0.44244791666666666 0.5849900596421471 0.0109375 0.0268389662027833
0 0.8348958333333333 0.5869781312127237 0.019791666666666666 0.030815109343936383
0 0.11432291666666666 0.5949304174950298 0.013020833333333334 0.036779324055666
0 0.60546875 0.6003976143141153 0.0109375 0.03180914512922465
0 0.5890625 0.6033797216699801 0.019791666666666666 0.02982107355864811
0 0.48880208333333336 0.6063618290258449 0.019270833333333334 0.033797216699801194
0 0.315625 0.6033797216699801 0.015625 0.02385685884691849
0 0.2421875 0.6048707753479126 0.01875 0.016898608349900597
0 0.35625 0.6237574552683897 0.019791666666666666 0.02485089463220676
0 0.37994791666666666 0.6167992047713717 0.015104166666666667 0.010934393638170975
0 0.5049479166666667 0.632703777335984 0.0140625 0.0268389662027833
0 0.425 0.6332007952286283 0.008333333333333333 0.02385685884691849
0 0.5208333333333334 0.6267395626242545 0.011458333333333333 0.008946322067594433
0 0.40520833333333334 0.6371769383697813 0.008333333333333333 0.019880715705765408
0 0.48932291666666666 0.6491053677932406 0.0171875 0.02982107355864811
0 0.5565104166666667 0.654572564612326 0.0140625 0.02485089463220676
0 0.25859375 0.658051689860835 0.009895833333333333 0.02584493041749503
0 0.08229166666666667 0.687375745526839 0.026041666666666668 0.07852882703777336
0 0.6044270833333333 0.658051689860835 0.013020833333333334 0.019880715705765408
0 0.5419270833333333 0.6640159045725647 0.008854166666666666 0.02982107355864811
0 0.45208333333333334 0.6665009940357853 0.028125 0.02882703777335984
0 0.43203125 0.6699801192842942 0.0078125 0.019880715705765408
0 0.8 0.6833996023856859 0.017708333333333333 0.03876739562624255
0 0.11692708333333333 0.6853876739562624 0.0171875 0.016898608349900597
0 0.30442708333333335 0.6893638170974155 0.011979166666666667 0.02485089463220676
0 0.34609375 0.6833996023856859 0.0140625 0.010934393638170975
0 0.3671875 0.6868787276341949 0.014583333333333334 0.017892644135188866
0 0.41380208333333335 0.6933399602385686 0.022395833333333334 0.032803180914512925
0 0.26588541666666665 0.6968190854870775 0.015104166666666667 0.013916500994035786
0 0.31979166666666664 0.6963220675944334 0.0125 0.014910536779324055
0 0.06354166666666666 0.7157057654075547 0.008333333333333333 0.041749502982107355
0 0.21692708333333333 0.7052683896620279 0.019270833333333334 0.010934393638170975
0 0.7848958333333333 0.7251491053677932 0.016666666666666666 0.032803180914512925
0 0.3125 0.7266401590457257 0.013541666666666667 0.011928429423459244
0 0.9927083333333333 0.7539761431411531 0.013541666666666667 0.03876739562624255
0 0.8661458333333333 0.7594433399602386 0.028125 0.041749502982107355
0 0.5109375 0.7470178926441352 0.016666666666666666 0.012922465208747515
0 0.9734375 0.7703777335984096 0.013541666666666667 0.02982107355864811
0 0.8200520833333333 0.786779324055666 0.019270833333333334 0.048707753479125246
0 0.42890625 0.7813121272365805 0.04114583333333333 0.03180914512922465
0 0.7736979166666667 0.7793240556660039 0.0203125 0.02186878727634195
0 0.09921875 0.7887673956262425 0.015104166666666667 0.014910536779324055
0 0.009895833333333333 0.8026838966202783 0.019791666666666666 0.040755467196819085
0 0.33984375 0.797713717693837 0.0140625 0.030815109343936383
0 0.5684895833333333 0.7912524850894632 0.0171875 0.017892644135188866
0 0.6815104166666667 0.8116302186878728 0.016145833333333335 0.014910536779324055
0 0.8981770833333333 0.8235586481113321 0.021354166666666667 0.02882703777335984
0 0.2872395833333333 0.8374751491053678 0.0109375 0.042743538767395624
0 0.43020833333333336 0.8339960238568589 0.004166666666666667 0.02584493041749503
0 0.5119791666666667 0.8449304174950298 0.023958333333333335 0.03180914512922465
0 0.5760416666666667 0.8414512922465208 0.004166666666666667 0.020874751491053677
0 0.53828125 0.8513916500994035 0.013020833333333334 0.0268389662027833
0 0.7567708333333333 0.8494035785288271 0.019791666666666666 0.016898608349900597
0 0.41953125 0.856858846918489 0.0046875 0.02385685884691849
0 0.7911458333333333 0.8598409542743539 0.014583333333333334 0.027833001988071572
0 0.85234375 0.8608349900596421 0.0067708333333333336 0.017892644135188866
0 0.21041666666666667 0.8777335984095428 0.011458333333333333 0.03777335984095427
0 0.4973958333333333 0.8742544731610338 0.009375 0.030815109343936383
0 0.034375 0.8841948310139165 0.013541666666666667 0.030815109343936383
0 0.24635416666666668 0.8767395626242545 0.017708333333333333 0.013916500994035786
0 0.103125 0.8871769383697813 0.017708333333333333 0.02882703777335984
0 0.46458333333333335 0.889662027833002 0.00625 0.03180914512922465
0 0.3690104166666667 0.8941351888667992 0.0234375 0.0268389662027833
0 0.22135416666666666 0.9050695825049702 0.015625 0.030815109343936383
0 0.26796875 0.9030815109343936 0.0067708333333333336 0.02485089463220676
0 0.1109375 0.9259443339960238 0.00625 0.018886679920477135
0 0.259375 0.9333996023856859 0.00625 0.02584493041749503
0 0.6791666666666667 0.9423459244532804 0.014583333333333334 0.04572564612326044
0 0.5041666666666667 0.9423459244532804 0.010416666666666666 0.02584493041749503
0 0.13411458333333334 0.9458250497017893 0.018229166666666668 0.02882703777335984
0 0.15651041666666668 0.9502982107355865 0.008854166666666666 0.03180914512922465
0 0.37734375 0.9502982107355865 0.0067708333333333336 0.02982107355864811
0 0.22786458333333334 0.9706759443339961 0.0234375 0.030815109343936383
0 0.9778645833333334 0.9786282306163022 0.0234375 0.040755467196819085
0 0.7263020833333333 0.9711729622266402 0.013020833333333334 0.02186878727634195
0 0.6825520833333333 0.9875745526838966 0.015104166666666667 0.02286282306163022
0 0.16432291666666668 0.9870775347912525 0.008854166666666666 0.009940357852882704
0 0.2825520833333333 0.9920477137176938 0.0046875 0.013916500994035786