0 0.018229166666666668 0.031312127236580514 0.036458333333333336 0.06262425447316103
0 0.07369791666666667 0.029324055666003976 0.0703125 0.05864811133200795
0 0.13723958333333333 0.004970178926441352 0.0296875 0.009940357852882704
0 0.17760416666666667 0.017892644135188866 0.03958333333333333 0.03578528827037773
0 0.21901041666666668 0.009940357852882704 0.027604166666666666 0.019880715705765408
0 0.36614583333333334 0.006958250497017893 0.015625 0.013916500994035786
0 0.396875 0.009940357852882704 0.046875 0.019880715705765408
0 0.43411458333333336 0.0064612326043737576 0.030729166666666665 0.012922465208747515
0 0.465625 0.004970178926441352 0.026041666666666668 0.009940357852882704
0 0.50234375 0.014910536779324055 0.028645833333333332 0.02982107355864811
0 0.5377604166666666 0.023359840954274354 0.04114583333333333 0.04671968190854871
0 0.5817708333333333 0.008946322067594433 0.030208333333333334 0.017892644135188866
0 0.6333333333333333 0.0034791252485089465 0.0375 0.006958250497017893
0 0.7247395833333333 0.009443339960238568 0.008854166666666666 0.018886679920477135
0 0.11510416666666666 0.018886679920477135 0.010416666666666666 0.027833001988071572
0 0.6981770833333333 0.015407554671968192 0.0078125 0.018886679920477135
0 0.5666666666666667 0.021371769383697812 0.011458333333333333 0.0268389662027833
0 0.4549479166666667 0.018886679920477135 0.011979166666666667 0.019880715705765408
0 0.0421875 0.027833001988071572 0.0125 0.03180914512922465
0 0.33046875 0.02882703777335984 0.005729166666666666 0.02982107355864811
0 0.646875 0.020377733598409543 0.010416666666666666 0.010934393638170975
0 0.35208333333333336 0.0268389662027833 0.019791666666666666 0.017892644135188866
0 0.38177083333333334 0.03777335984095427 0.014583333333333334 0.039761431411530816
0 0.13854166666666667 0.027833001988071572 0.015625 0.015904572564612324
0 0.0578125 0.027833001988071572 0.0125 0.013916500994035786
0 0.39166666666666666 0.03876739562624255 0.007291666666666667 0.03578528827037773
0 0.42994791666666665 0.030815109343936383 0.009895833333333333 0.019880715705765408
0 0.034895833333333334 0.03479125248508946 0.00625 0.017892644135188866
0 0.20286458333333332 0.036779324055666 0.005729166666666666 0.02385685884691849
0 0.26640625 0.05616302186878728 0.0109375 0.040755467196819085
0 0.19765625 0.05019880715705766 0.0078125 0.020874751491053677
0 0.5783854166666667 0.053180914512922464 0.013020833333333334 0.0268389662027833
0 0.4622395833333333 0.04771371769383698 0.009895833333333333 0.013916500994035786
0 0.07526041666666666 0.053180914512922464 0.027604166666666666 0.018886679920477135
0 0.1171875 0.055168986083499 0.014583333333333334 0.02485089463220676
0 0.403125 0.06063618290258449 0.0125 0.03578528827037773
0 0.0033854166666666668 0.05616302186878728 0.0067708333333333336 0.020874751491053677
0 0.15078125 0.05864811133200795 0.0140625 0.017892644135188866
0 0.2453125 0.08200795228628231 0.011458333333333333 0.05069582504970179
0 0.5528645833333333 0.08200795228628231 0.009895833333333333 0.04473161033797217
0 0.9658854166666667 0.073558648111332 0.0046875 0.027833001988071572
0 0.17083333333333334 0.06858846918489066 0.011458333333333333 0.013916500994035786
0 0.022135416666666668 0.0805168986083499 0.03697916666666667 0.03180914512922465
0 0.10364583333333334 0.07803180914512922 0.007291666666666667 0.02485089463220676
0 0.13697916666666668 0.07852882703777336 0.011458333333333333 0.019880715705765408
0 0.11588541666666667 0.08151093439363817 0.015104166666666667 0.019880715705765408
0 0.5994791666666667 0.08151093439363817 0.011458333333333333 0.015904572564612324
0 0.7286458333333333 0.08449304174950298 0.009375 0.019880715705765408
0 0.9138020833333333 0.09294234592445327 0.0078125 0.0268389662027833
0 0.06276041666666667 0.09045725646123261 0.013020833333333334 0.015904572564612324
0 0.18020833333333333 0.09940357852882704 0.008333333333333333 0.02186878727634195
0 0.64140625 0.10089463220675944 0.013020833333333334 0.018886679920477135
0 0.13932291666666666 0.10685884691848907 0.024479166666666666 0.0268389662027833
0 0.4583333333333333 0.11083499005964215 0.011458333333333333 0.018886679920477135
0 0.036458333333333336 0.12524850894632206 0.013541666666666667 0.0437375745526839
0 0.07291666666666667 0.11679920477137178 0.017708333333333333 0.0268389662027833
0 0.10052083333333334 0.11779324055666004 0.0125 0.030815109343936383
0 0.1734375 0.1242544731610338 0.0125 0.03180914512922465
0 0.23515625 0.11928429423459244 0.009895833333333333 0.017892644135188866
0 0.5950520833333334 0.12276341948310139 0.0067708333333333336 0.02286282306163022
0 0.5708333333333333 0.13767395626242546 0.015625 0.040755467196819085
0 0.0171875 0.13717693836978131 0.016666666666666666 0.033797216699801194
0 0.090625 0.1272365805168986 0.0125 0.013916500994035786
0 0.11692708333333333 0.1341948310139165 0.0078125 0.02385685884691849
0 0.984375 0.1317097415506958 0.013541666666666667 0.018886679920477135
0 0.5611979166666666 0.13717693836978131 0.0171875 0.02385685884691849
0 0.06276041666666667 0.13767395626242546 0.013020833333333334 0.012922465208747515
0 0.21223958333333334 0.139662027833002 0.0140625 0.016898608349900597
0 0.609375 0.14214711729622267 0.0125 0.02186878727634195
0 0.09713541666666667 0.147117296222664 0.015104166666666667 0.02584493041749503
0 0.19713541666666667 0.1466202783300199 0.0046875 0.02286282306163022
0 0.05 0.15357852882703776 0.013541666666666667 0.030815109343936383
0 0.65625 0.14860834990059643 0.017708333333333333 0.014910536779324055
0 0.6864583333333333 0.1540755467196819 0.00625 0.02385685884691849
0 0.17161458333333332 0.15656063618290258 0.0109375 0.02286282306163022
0 0.08255208333333333 0.15854870775347912 0.011979166666666667 0.02286282306163022
0 0.009375 0.16749502982107356 0.01875 0.018886679920477135
0 0.6486979166666667 0.18439363817097415 0.013020833333333334 0.042743538767395624
0 0.6309895833333333 0.1908548707753479 0.008854166666666666 0.05168986083499006
0 0.09869791666666666 0.1848906560636183 0.008854166666666666 0.03180914512922465
0 0.042708333333333334 0.19582504970178927 0.019791666666666666 0.04970178926441352
0 0.084375 0.21073558648111332 0.019791666666666666 0.07952286282306163
0 0.18411458333333333 0.1893638170974155 0.008854166666666666 0.03479125248508946
0 0.11276041666666667 0.1863817097415507 0.009895833333333333 0.02485089463220676
0 0.16927083333333334 0.18389662027833 0.015625 0.017892644135188866
0 0.134375 0.19135188866799205 0.020833333333333332 0.030815109343936383
0 0.43828125 0.1933399602385686 0.008854166666666666 0.014910536779324055
0 0.06640625 0.20079522862823063 0.0234375 0.02385685884691849
0 0.016666666666666666 0.22514910536779323 0.03333333333333333 0.05069582504970179
0 0.40572916666666664 0.22664015904572565 0.019791666666666666 0.03777335984095427
0 0.5247395833333334 0.22117296222664015 0.011979166666666667 0.02286282306163022
0 0.06744791666666666 0.2231610337972167 0.0203125 0.018886679920477135
0 0.10651041666666666 0.23359840954274355 0.019270833333333334 0.02385685884691849
0 0.040625 0.23757455268389663 0.013541666666666667 0.017892644135188866
0 0.06197916666666667 0.25 0.014583333333333334 0.030815109343936383
0 0.07682291666666667 0.2584493041749503 0.0078125 0.02584493041749503
0 0.11822916666666666 0.2644135188866799 0.010416666666666666 0.011928429423459244
0 0.13776041666666666 0.2654075546719682 0.022395833333333334 0.013916500994035786
0 0.20677083333333332 0.268389662027833 0.022916666666666665 0.017892644135188866
0 0.10703125 0.2783300198807157 0.0078125 0.033797216699801194
0 0.06276041666666667 0.2907554671968191 0.0109375 0.02882703777335984
0 0.97890625 0.3061630218687873 0.008854166666666666 0.03777335984095427
0 0.9911458333333333 0.31262425447316106 0.009375 0.032803180914512925
0 0.11067708333333333 0.3061630218687873 0.005729166666666666 0.017892644135188866
0 0.13984375 0.3096421471172962 0.016145833333333335 0.02485089463220676
0 0.06432291666666666 0.3111332007952286 0.0234375 0.02385685884691849
0 0.9575520833333333 0.30566600397614313 0.0140625 0.012922465208747515
0 0.5989583333333334 0.3250497017892644 0.007291666666666667 0.03180914512922465
0 0.17135416666666667 0.31858846918489064 0.007291666666666667 0.014910536779324055
0 0.1078125 0.33300198807157055 0.0125 0.03180914512922465
0 0.1234375 0.3374751491053678 0.014583333333333334 0.036779324055666
0 0.090625 0.3320079522862823 0.015625 0.02186878727634195
0 0.9778645833333334 0.3389662027833002 0.013020833333333334 0.017892644135188866
0 0.0049479166666666664 0.36133200795228626 0.009895833333333333 0.036779324055666
0 0.68828125 0.37326043737574555 0.008854166666666666 0.018886679920477135
0 0.08125 0.38071570576540753 0.0125 0.02385685884691849
0 0.06328125 0.38469184890656066 0.008854166666666666 0.02186878727634195
0 0.01171875 0.4234592445328032 0.0234375 0.08151093439363817
0 0.16666666666666666 0.40506958250497016 0.009375 0.032803180914512925
0 0.09401041666666667 0.4070576540755467 0.013020833333333334 0.020874751491053677
0 0.036458333333333336 0.4418489065606362 0.007291666666666667 0.02485089463220676
0 0.9713541666666666 0.441351888667992 0.010416666666666666 0.019880715705765408
0 0.09088541666666666 0.4537773359840954 0.0109375 0.020874751491053677
0 0.12317708333333334 0.4507952286282306 0.011979166666666667 0.014910536779324055
0 0.165625 0.455765407554672 0.008333333333333333 0.02286282306163022
0 0.9822916666666667 0.45825049701789267 0.013541666666666667 0.015904572564612324
0 0.029427083333333333 0.4875745526838966 0.0265625 0.06063618290258449
0 0.07786458333333333 0.49204771371769385 0.0203125 0.015904572564612324
0 0.17395833333333333 0.5024850894632207 0.011458333333333333 0.030815109343936383
0 0.9861979166666667 0.5059642147117296 0.0140625 0.03180914512922465
0 0.053125 0.5159045725646123 0.015625 0.03180914512922465
0 0.0390625 0.5193836978131213 0.007291666666666667 0.020874751491053677
0 0.12473958333333333 0.5268389662027833 0.0234375 0.03578528827037773
0 0.019010416666666665 0.5238568588469185 0.019270833333333334 0.02385685884691849
0 0.078125 0.5243538767395626 0.028125 0.018886679920477135
0 0.1046875 0.5397614314115308 0.01875 0.04771371769383698
0 0.98203125 0.5337972166998012 0.009895833333333333 0.019880715705765408
0 0.8640625 0.5372763419483101 0.016666666666666666 0.02286282306163022
0 0.022916666666666665 0.56610337972167 0.03229166666666667 0.05666003976143141
0 0.8151041666666666 0.5506958250497018 0.025 0.017892644135188866
0 0.15494791666666666 0.5606361829025845 0.009895833333333333 0.027833001988071572
0 0.07421875 0.5666003976143141 0.016145833333333335 0.03578528827037773
0 0.03958333333333333 0.584493041749503 0.010416666666666666 0.02385685884691849
0 0.10338541666666666 0.5894632206759444 0.008854166666666666 0.019880715705765408
0 0.029947916666666668 0.6153081510934394 0.025520833333333333 0.039761431411530816
0 0.11354166666666667 0.6123260437375746 0.014583333333333334 0.019880715705765408
0 0.17682291666666666 0.6158051689860835 0.005729166666666666 0.020874751491053677
0 0.05859375 0.6153081510934394 0.0109375 0.011928429423459244
0 0.08984375 0.6227634194831014 0.009895833333333333 0.014910536779324055
0 0.1484375 0.6386679920477137 0.019791666666666666 0.03479125248508946
0 0.0067708333333333336 0.6366799204771372 0.013541666666666667 0.012922465208747515
0 0.10911458333333333 0.6406560636182903 0.0067708333333333336 0.020874751491053677
0 0.06458333333333334 0.6505964214711729 0.010416666666666666 0.03876739562624255
0 0.12239583333333333 0.6466202783300199 0.01875 0.020874751491053677
0 0.1671875 0.6530815109343936 0.008333333333333333 0.03180914512922465
0 0.07942708333333333 0.6674950298210736 0.016145833333333335 0.014910536779324055
0 0.17369791666666667 0.691351888667992 0.03177083333333333 0.040755467196819085
0 0.04401041666666667 0.6943339960238568 0.0171875 0.02882703777335984
0 0.08854166666666667 0.6978131212723658 0.011458333333333333 0.033797216699801194
0 0.10234375 0.6938369781312127 0.0109375 0.015904572564612324
0 0.20625 0.702286282306163 0.01875 0.020874751491053677
0 0.109375 0.7311133200795229 0.020833333333333332 0.02882703777335984
0 0.15807291666666667 0.7460238568588469 0.016145833333333335 0.05069582504970179
0 0.19739583333333333 0.7703777335984096 0.010416666666666666 0.02584493041749503
0 0.175 0.7748508946322068 0.011458333333333333 0.0268389662027833
0 0.13828125 0.7798210735586482 0.0140625 0.02485089463220676
0 0.09947916666666666 0.7982107355864811 0.01875 0.0536779324055666
0 0.010416666666666666 0.8066600397614314 0.020833333333333332 0.06858846918489066
0 0.03619791666666667 0.7882703777335984 0.0046875 0.017892644135188866
0 0.17109375 0.7972166998011928 0.0046875 0.02982107355864811
0 0.07317708333333334 0.7997017892644135 0.008854166666666666 0.014910536779324055
0 0.04479166666666667 0.8081510934393639 0.014583333333333334 0.02584493041749503
0 0.06302083333333333 0.8146123260437376 0.010416666666666666 0.03479125248508946
0 0.0828125 0.8275347912524851 0.010416666666666666 0.04473161033797217
0 0.23255208333333333 0.8245526838966203 0.008854166666666666 0.036779324055666
0 0.925 0.8220675944333996 0.0125 0.02186878727634195
0 0.18125 0.8394632206759444 0.019791666666666666 0.040755467196819085
0 0.03177083333333333 0.8563618290258449 0.022916666666666665 0.05467196819085487
0 0.2140625 0.8469184890656064 0.013541666666666667 0.013916500994035786
0 0.16979166666666667 0.8543737574552683 0.015625 0.020874751491053677
0 0.14869791666666668 0.8836978131212724 0.009895833333333333 0.06560636182902585
0 0.1125 0.8658051689860835 0.016666666666666666 0.02385685884691849
0 0.05260416666666667 0.8692842942345924 0.008333333333333333 0.0268389662027833
0 0.09713541666666667 0.8981113320079522 0.027604166666666666 0.07455268389662027
0 0.1828125 0.8951292246520874 0.025 0.06262425447316103
0 0.12239583333333333 0.885685884691849 0.022916666666666665 0.017892644135188866
0 0.23020833333333332 0.8906560636182903 0.011458333333333333 0.02385685884691849
0 0.06015625 0.8916500994035785 0.0109375 0.015904572564612324
0 0.31276041666666665 0.8991053677932406 0.0078125 0.02485089463220676
0 0.27578125 0.9100397614314115 0.008854166666666666 0.014910536779324055
0 0.2515625 0.9493041749502982 0.011458333333333333 0.03777335984095427
0 0.2674479166666667 0.9428429423459245 0.0046875 0.0268389662027833
0 0.13854166666666667 0.9532803180914513 0.020833333333333332 0.0437375745526839
0 0.9541666666666667 0.9532803180914513 0.007291666666666667 0.02584493041749503
0 0.99375 0.9637176938369781 0.011458333333333333 0.016898608349900597
0 0.33567708333333335 0.9721669980119284 0.0078125 0.02584493041749503
0 0.17578125 0.9796222664015904 0.009895833333333333 0.030815109343936383
0 0.2903645833333333 0.9821073558648111 0.024479166666666666 0.033797216699801194
0 0.7416666666666667 0.9875745526838966 0.009375 0.02286282306163022
0 0.4942708333333333 0.9920477137176938 0.022916666666666665 0.013916500994035786
0 0.5791666666666667 0.9935387673956262 0.023958333333333335 0.010934393638170975
0 0.7752604166666667 0.9950298210735586 0.028645833333333332 0.007952286282306162