0 0.28541666666666665 0.0054671968190854875 0.0125 0.010934393638170975
0 0.48984375 0.003976143141153081 0.0078125 0.007952286282306162
0 0.921875 0.010437375745526839 0.041666666666666664 0.020874751491053677
0 0.48046875 0.020377733598409543 0.0234375 0.012922465208747515
0 0.49609375 0.03429423459244533 0.008854166666666666 0.012922465208747515
0 0.6065104166666667 0.04572564612326044 0.019270833333333334 0.03578528827037773
0 0.30911458333333336 0.04771371769383698 0.009895833333333333 0.033797216699801194
0 0.63515625 0.04920477137176938 0.0140625 0.020874751491053677
0 0.5325520833333334 0.06262425447316103 0.0109375 0.039761431411530816
0 0.49635416666666665 0.06113320079522863 0.010416666666666666 0.02882703777335984
0 0.5130208333333334 0.0636182902584493 0.015625 0.033797216699801194
0 0.7361979166666667 0.08399602385685885 0.015104166666666667 0.030815109343936383
0 0.5424479166666667 0.10139165009940358 0.016145833333333335 0.02385685884691849
0 0.5588541666666667 0.11580516898608349 0.009375 0.05268389662027833
0 0.5111979166666667 0.10536779324055666 0.021354166666666667 0.027833001988071572
0 0.58515625 0.11282306163021869 0.025520833333333333 0.04473161033797217
0 0.6510416666666666 0.12673956262425448 0.013541666666666667 0.04671968190854871
0 0.016666666666666666 0.1317097415506958 0.023958333333333335 0.04473161033797217
0 0.00026041666666666666 0.15208747514910537 0.0005208333333333333 0.05964214711729622
0 0.5270833333333333 0.1525844930417495 0.013541666666666667 0.020874751491053677
0 0.42916666666666664 0.1749502982107356 0.00625 0.027833001988071572
0 0.828125 0.1824055666003976 0.019791666666666666 0.016898608349900597
0 0.6026041666666667 0.21968190854870775 0.007291666666666667 0.02982107355864811
0 0.58515625 0.23260437375745527 0.019270833333333334 0.013916500994035786
0 0.61484375 0.2485089463220676 0.008854166666666666 0.017892644135188866
0 0.27317708333333335 0.2803180914512923 0.018229166666666668 0.017892644135188866
0 0.51640625 0.2992047713717694 0.030729166666666665 0.0437375745526839
0 0.07734375 0.29970178926441354 0.011979166666666667 0.020874751491053677
0 0.6135416666666667 0.3116302186878728 0.015625 0.036779324055666
0 0.8822916666666667 0.33101391650099404 0.016666666666666666 0.04970178926441352
0 0.4953125 0.34343936381709744 0.0125 0.016898608349900597
0 0.5489583333333333 0.35636182902584496 0.005208333333333333 0.030815109343936383
0 0.6127604166666667 0.352882703777336 0.0140625 0.02186878727634195
0 0.53515625 0.3628230616302187 0.016145833333333335 0.03180914512922465
0 0.9890625 0.4010934393638171 0.010416666666666666 0.03876739562624255
0 0.44114583333333335 0.415506958250497 0.016666666666666666 0.02982107355864811
0 0.6838541666666667 0.42147117296222664 0.0125 0.03578528827037773
0 0.7583333333333333 0.42296222664015903 0.0125 0.02286282306163022
0 0.528125 0.4269383697813121 0.011458333333333333 0.016898608349900597
0 0.8276041666666667 0.4363817097415507 0.017708333333333333 0.027833001988071572
0 0.3927083333333333 0.4433399602385686 0.014583333333333334 0.015904572564612324
0 0.5309895833333333 0.4617296222664016 0.019270833333333334 0.032803180914512925
0 0.5614583333333333 0.46421471172962225 0.016666666666666666 0.03777335984095427
0 0.6979166666666666 0.4731610337972167 0.007291666666666667 0.03180914512922465
0 0.44166666666666665 0.4671968190854871 0.017708333333333333 0.017892644135188866
0 0.71796875 0.4885685884691849 0.009895833333333333 0.04671968190854871
0 0.80234375 0.4840954274353877 0.016145833333333335 0.02385685884691849
0 0.8322916666666667 0.4860834990059642 0.019791666666666666 0.019880715705765408
0 0.5841145833333333 0.4975149105367793 0.027604166666666666 0.032803180914512925
0 0.28515625 0.49353876739562624 0.013020833333333334 0.02286282306163022
0 0.48776041666666664 0.5079522862823062 0.015104166666666667 0.0437375745526839
0 0.6658854166666667 0.4990059642147117 0.005729166666666666 0.017892644135188866
0 0.9752604166666666 0.507455268389662 0.0140625 0.032803180914512925
0 0.07213541666666666 0.5114314115308151 0.019270833333333334 0.03876739562624255
0 0.5317708333333333 0.5114314115308151 0.007291666666666667 0.016898608349900597
0 0.5729166666666666 0.5228628230616302 0.016666666666666666 0.03578528827037773
0 0.4015625 0.5268389662027833 0.007291666666666667 0.041749502982107355
0 0.87578125 0.5178926441351889 0.016145833333333335 0.013916500994035786
0 0.6236979166666666 0.5253479125248509 0.018229166666666668 0.016898608349900597
0 0.41302083333333334 0.544234592445328 0.013541666666666667 0.02882703777335984
0 0.6125 0.5536779324055666 0.00625 0.017892644135188866
0 0.37265625 0.5760437375745527 0.022395833333333334 0.02286282306163022
0 0.6135416666666667 0.577037773359841 0.005208333333333333 0.016898608349900597
0 0.5427083333333333 0.5780318091451292 0.011458333333333333 0.014910536779324055
0 0.2708333333333333 0.5854870775347912 0.015625 0.027833001988071572
0 0.64140625 0.6123260437375746 0.0109375 0.02982107355864811
0 0.5984375 0.6247514910536779 0.009375 0.02882703777335984
0 0.6216145833333333 0.6282306163021869 0.0109375 0.033797216699801194
0 0.5411458333333333 0.6361829025844931 0.005208333333333333 0.02982107355864811
0 0.9643229166666667 0.6411530815109344 0.021354166666666667 0.017892644135188866
0 0.3341145833333333 0.6665009940357853 0.013020833333333334 0.018886679920477135
0 0.31015625 0.6843936381709742 0.005729166666666666 0.016898608349900597
0 0.5572916666666666 0.6933399602385686 0.010416666666666666 0.020874751491053677
0 0.5052083333333334 0.7042743538767395 0.00625 0.030815109343936383
0 0.8330729166666667 0.7117296222664016 0.0140625 0.03777335984095427
0 0.8739583333333333 0.7067594433399602 0.020833333333333332 0.027833001988071572
0 0.57578125 0.7191848906560636 0.0067708333333333336 0.014910536779324055
0 0.7880208333333333 0.7276341948310139 0.0125 0.027833001988071572
0 0.7627604166666667 0.7281312127236581 0.0234375 0.0268389662027833
0 0.56484375 0.731610337972167 0.0078125 0.013916500994035786
0 0.5786458333333333 0.73558648111332 0.013541666666666667 0.02186878727634195
0 0.46197916666666666 0.7619284294234593 0.016666666666666666 0.0268389662027833
0 0.62890625 0.7693836978131213 0.027604166666666666 0.03578528827037773
0 0.7643229166666666 0.775844930417495 0.0296875 0.02882703777335984
0 0.9950520833333333 0.7788270377733598 0.008854166666666666 0.03479125248508946
0 0.540625 0.7967196819085487 0.022916666666666665 0.032803180914512925
0 0.6927083333333334 0.81610337972167 0.009375 0.041749502982107355
0 0.8736979166666666 0.8255467196819085 0.0234375 0.02882703777335984
0 0.8580729166666666 0.867296222664016 0.0203125 0.05268389662027833
0 0.54609375 0.8653081510934394 0.0109375 0.040755467196819085
0 0.9174479166666667 0.8618290258449304 0.022395833333333334 0.03578528827037773
0 0.6346354166666667 0.8633200795228628 0.019270833333333334 0.016898608349900597
0 0.66484375 0.8737574552683897 0.0140625 0.03180914512922465
0 0.48151041666666666 0.8797216699801192 0.016145833333333335 0.015904572564612324
0 0.6080729166666666 0.8986083499005965 0.0203125 0.033797216699801194
0 0.6924479166666667 0.8901590457256461 0.0171875 0.016898608349900597
0 0.3927083333333333 0.9353876739562624 0.0125 0.027833001988071572
0 0.49609375 0.9935387673956262 0.009895833333333333 0.010934393638170975