0 0.7138020833333333 0.015904572564612324 0.0067708333333333336 0.03180914512922465
0 0.9528645833333333 0.0004970178926441351 0.04114583333333333 0.0009940357852882703
0 0.8111979166666666 0.01242544731610338 0.0109375 0.018886679920477135
0 0.9630208333333333 0.02186878727634195 0.015625 0.017892644135188866
0 0.25546875 0.044234592445328035 0.0140625 0.012922465208747515
0 0.6247395833333333 0.04622266401590457 0.0078125 0.012922465208747515
0 0.9921875 0.05815109343936382 0.014583333333333334 0.02485089463220676
0 0.6307291666666667 0.06063618290258449 0.005208333333333333 0.015904572564612324
0 0.8380208333333333 0.08548707753479125 0.016666666666666666 0.02584493041749503
0 0.5747395833333333 0.07952286282306163 0.011979166666666667 0.009940357852882704
0 0.7979166666666667 0.08946322067594434 0.010416666666666666 0.02982107355864811
0 0.25442708333333336 0.09642147117296222 0.009895833333333333 0.033797216699801194
0 0.91171875 0.09691848906560636 0.015104166666666667 0.03479125248508946
0 0.37109375 0.10884691848906561 0.0067708333333333336 0.030815109343936383
0 0.6591145833333333 0.09990059642147117 0.016145833333333335 0.012922465208747515
0 0.15651041666666668 0.12475149105367793 0.0109375 0.02485089463220676
0 0.43333333333333335 0.11928429423459244 0.009375 0.009940357852882704
0 0.7794270833333333 0.1257455268389662 0.0140625 0.02286282306163022
0 0.8947916666666667 0.1317097415506958 0.021875 0.012922465208747515
0 0.6421875 0.13021868787276342 0.008333333333333333 0.007952286282306162
0 0.9955729166666667 0.13518886679920478 0.0078125 0.017892644135188866
0 0.5635416666666667 0.1327037773359841 0.0125 0.008946322067594433
0 0.9479166666666666 0.15009940357852883 0.014583333333333334 0.02186878727634195
0 0.12890625 0.16451292246520874 0.0140625 0.016898608349900597
0 0.6591145833333333 0.18389662027833 0.0109375 0.017892644135188866
0 0.9924479166666667 0.18737574552683897 0.0140625 0.020874751491053677
0 0.6794270833333333 0.18836978131212723 0.0078125 0.014910536779324055
0 0.45598958333333334 0.19284294234592445 0.0067708333333333336 0.017892644135188866
0 0.47760416666666666 0.20278330019880716 0.013541666666666667 0.013916500994035786
0 0.7130208333333333 0.22813121272365805 0.007291666666666667 0.014910536779324055
0 0.46875 0.2345924453280318 0.013541666666666667 0.02584493041749503
0 0.3375 0.24055666003976142 0.007291666666666667 0.02186878727634195
0 0.8791666666666667 0.24950298210735586 0.016666666666666666 0.02584493041749503
0 0.5390625 0.2599403578528827 0.016666666666666666 0.014910536779324055
0 0.8223958333333333 0.275844930417495 0.0125 0.02286282306163022
0 0.6747395833333333 0.2808151093439364 0.009895833333333333 0.02286282306163022
0 0.315625 0.28777335984095426 0.009375 0.020874751491053677
0 0.5419270833333333 0.2922465208747515 0.009895833333333333 0.02982107355864811
0 0.65078125 0.2922465208747515 0.013020833333333334 0.017892644135188866
0 0.596875 0.3066600397614314 0.013541666666666667 0.03479125248508946
0 0.7356770833333334 0.297713717693837 0.015104166666666667 0.010934393638170975
0 0.875 0.3116302186878728 0.009375 0.02286282306163022
0 0.859375 0.3106361829025845 0.0125 0.014910536779324055
0 0.6494791666666667 0.3136182902584493 0.013541666666666667 0.014910536779324055
0 0.75625 0.3349900596421471 0.011458333333333333 0.017892644135188866
0 0.5088541666666667 0.3489065606361829 0.008333333333333333 0.02186878727634195
0 0.7135416666666666 0.34691848906560635 0.014583333333333334 0.009940357852882704
0 0.496875 0.3672962226640159 0.011458333333333333 0.02485089463220676
0 0.7169270833333333 0.36232604373757454 0.0109375 0.012922465208747515
0 0.019270833333333334 0.3717693836978131 0.010416666666666666 0.02584493041749503
0 0.7390625 0.3727634194831014 0.0125 0.02385685884691849
0 0.7677083333333333 0.3742544731610338 0.011458333333333333 0.02286282306163022
0 0.69765625 0.37624254473161034 0.0078125 0.016898608349900597
0 0.53125 0.3866799204771372 0.00625 0.033797216699801194
0 0.7549479166666667 0.3986083499005964 0.018229166666666668 0.041749502982107355
0 0.6744791666666666 0.3961232604373757 0.009375 0.0268389662027833
0 0.934375 0.40208747514910537 0.00625 0.02882703777335984
0 0.7739583333333333 0.39363817097415504 0.013541666666666667 0.007952286282306162
0 0.5838541666666667 0.3981113320079523 0.007291666666666667 0.014910536779324055
0 0.80078125 0.4025844930417495 0.0067708333333333336 0.017892644135188866
0 0.83125 0.40457256461232605 0.013541666666666667 0.02186878727634195
0 0.5895833333333333 0.4135188866799205 0.007291666666666667 0.017892644135188866
0 0.715625 0.4120278330019881 0.014583333333333334 0.006958250497017893
0 0.53515625 0.4269383697813121 0.011979166666666667 0.02882703777335984
0 0.9283854166666666 0.43588469184890655 0.0078125 0.036779324055666
0 0.41354166666666664 0.426441351888668 0.011458333333333333 0.013916500994035786
0 0.65859375 0.4249502982107356 0.0140625 0.008946322067594433
0 0.8145833333333333 0.4378727634194831 0.013541666666666667 0.010934393638170975
0 0.5609375 0.4463220675944334 0.010416666666666666 0.02186878727634195
0 0.6640625 0.44781312127236583 0.015625 0.02485089463220676
0 0.9020833333333333 0.44433399602385687 0.010416666666666666 0.019880715705765408
0 0.88359375 0.4587475149105368 0.0171875 0.036779324055666
0 0.70234375 0.4647117296222664 0.011979166666666667 0.018886679920477135
0 0.9958333333333333 0.46123260437375746 0.007291666666666667 0.013916500994035786
0 0.30390625 0.48956262425447317 0.0067708333333333336 0.032803180914512925
0 0.23802083333333332 0.4835984095427435 0.007291666666666667 0.012922465208747515
0 0.6283854166666667 0.4960238568588469 0.0109375 0.015904572564612324
0 0.7890625 0.5034791252485089 0.00625 0.0268389662027833
0 0.8442708333333333 0.5024850894632207 0.009375 0.02286282306163022
0 0.3372395833333333 0.5089463220675944 0.0078125 0.019880715705765408
0 0.38697916666666665 0.5119284294234593 0.005208333333333333 0.027833001988071572
0 0.7078125 0.5054671968190855 0.0125 0.010934393638170975
0 0.7244791666666667 0.5173956262425448 0.009375 0.010934393638170975
0 0.5473958333333333 0.5268389662027833 0.015625 0.02584493041749503
0 0.6731770833333334 0.5273359840954275 0.024479166666666666 0.02485089463220676
0 0.25833333333333336 0.5357852882703777 0.00625 0.02982107355864811
0 0.6447916666666667 0.5308151093439364 0.008333333333333333 0.011928429423459244
0 0.5861979166666667 0.5447316103379721 0.0067708333333333336 0.011928429423459244
0 0.9864583333333333 0.5670974155069582 0.026041666666666668 0.03479125248508946
0 0.6166666666666667 0.5601391650099403 0.008333333333333333 0.016898608349900597
0 0.8911458333333333 0.5685884691848907 0.022916666666666665 0.02584493041749503
0 0.7247395833333333 0.5651093439363817 0.0171875 0.014910536779324055
0 0.5510416666666667 0.5695825049701789 0.008333333333333333 0.017892644135188866
0 0.6661458333333333 0.5730616302186878 0.013541666666666667 0.0268389662027833
0 0.5796875 0.5740556660039762 0.0125 0.012922465208747515
0 0.54140625 0.5859840954274353 0.008854166666666666 0.02286282306163022
0 0.6994791666666667 0.5964214711729622 0.020833333333333332 0.027833001988071572
0 0.76640625 0.5914512922465208 0.011979166666666667 0.015904572564612324
0 0.35234375 0.6018886679920478 0.0078125 0.032803180914512925
0 0.2921875 0.6043737574552683 0.020833333333333332 0.03180914512922465
0 0.65625 0.6088469184890656 0.00625 0.016898608349900597
0 0.7416666666666667 0.6187872763419483 0.013541666666666667 0.03876739562624255
0 0.5208333333333334 0.6148111332007953 0.013541666666666667 0.02286282306163022
0 0.78203125 0.6158051689860835 0.008854166666666666 0.020874751491053677
0 0.6161458333333333 0.6133200795228628 0.008333333333333333 0.011928429423459244
0 0.7213541666666666 0.6237574552683897 0.00625 0.02485089463220676
0 0.8153645833333333 0.6262425447316103 0.0109375 0.027833001988071572
0 0.4627604166666667 0.6252485089463221 0.016145833333333335 0.009940357852882704
0 0.9354166666666667 0.6332007952286283 0.013541666666666667 0.017892644135188866
0 0.6411458333333333 0.6376739562624254 0.00625 0.014910536779324055
0 0.90859375 0.6416500994035785 0.0067708333333333336 0.02485089463220676
0 0.4278645833333333 0.6391650099403579 0.011979166666666667 0.015904572564612324
0 0.33958333333333335 0.6496023856858847 0.011458333333333333 0.0268389662027833
0 0.7921875 0.6411530815109344 0.014583333333333334 0.011928429423459244
0 0.471875 0.6575546719681908 0.01875 0.03876739562624255
0 0.45390625 0.6520874751491054 0.011979166666666667 0.019880715705765408
0 0.8088541666666667 0.6560636182902585 0.014583333333333334 0.011928429423459244
0 0.8606770833333334 0.6610337972166997 0.011979166666666667 0.019880715705765408
0 0.87734375 0.6630218687872763 0.0078125 0.02186878727634195
0 0.5078125 0.6635188866799204 0.00625 0.012922465208747515
0 0.5994791666666667 0.6684890656063618 0.008333333333333333 0.02286282306163022
0 0.57890625 0.6764413518886679 0.0067708333333333336 0.032803180914512925
0 0.3580729166666667 0.6774353876739563 0.0067708333333333336 0.032803180914512925
0 0.30885416666666665 0.6744532803180915 0.011458333333333333 0.020874751491053677
0 0.48072916666666665 0.6794234592445328 0.013541666666666667 0.02286282306163022
0 0.5653645833333333 0.6794234592445328 0.0078125 0.02485089463220676
0 0.9197916666666667 0.6833996023856859 0.009375 0.032803180914512925
0 0.5432291666666667 0.6903578528827038 0.008333333333333333 0.02286282306163022
0 0.696875 0.694831013916501 0.00625 0.027833001988071572
0 0.7369791666666666 0.6878727634194831 0.016666666666666666 0.013916500994035786
0 0.6072916666666667 0.69831013916501 0.005208333333333333 0.02485089463220676
0 0.5091145833333334 0.7032803180914513 0.009895833333333333 0.032803180914512925
0 0.596875 0.7027833001988072 0.010416666666666666 0.02982107355864811
0 0.3703125 0.702286282306163 0.016666666666666666 0.02286282306163022
0 0.4830729166666667 0.6978131212723658 0.0078125 0.013916500994035786
0 0.6401041666666667 0.7127236580516899 0.015625 0.041749502982107355
0 0.5846354166666666 0.7082504970178927 0.005729166666666666 0.02882703777335984
0 0.7125 0.705765407554672 0.010416666666666666 0.02584493041749503
0 0.8947916666666667 0.7062624254473161 0.007291666666666667 0.0268389662027833
0 0.6213541666666667 0.7067594433399602 0.007291666666666667 0.02186878727634195
0 0.024739583333333332 0.7127236580516899 0.0171875 0.03180914512922465
0 0.9161458333333333 0.717196819085487 0.013541666666666667 0.0268389662027833
0 0.15703125 0.7345924453280318 0.022395833333333334 0.039761431411530816
0 0.50078125 0.7246520874751491 0.009895833333333333 0.017892644135188866
0 0.9013020833333333 0.7375745526838966 0.0078125 0.02982107355864811
0 0.9966145833333333 0.7340954274353877 0.005729166666666666 0.018886679920477135
0 0.4713541666666667 0.7410536779324056 0.008333333333333333 0.02882703777335984
0 0.6697916666666667 0.7470178926441352 0.008333333333333333 0.0268389662027833
0 0.93046875 0.7495029821073559 0.018229166666666668 0.02584493041749503
0 0.678125 0.7614314115308151 0.007291666666666667 0.02186878727634195
0 0.6598958333333333 0.7619284294234593 0.008333333333333333 0.018886679920477135
0 0.5270833333333333 0.7624254473161034 0.013541666666666667 0.013916500994035786
0 0.8192708333333333 0.7639165009940357 0.01875 0.018886679920477135
0 0.95703125 0.76441351888668 0.0203125 0.015904572564612324
0 0.7432291666666667 0.7678926441351889 0.011458333333333333 0.014910536779324055
0 0.44453125 0.7842942345924453 0.0078125 0.033797216699801194
0 0.6138020833333333 0.7788270377733598 0.0140625 0.02286282306163022
0 0.46041666666666664 0.7857852882703777 0.010416666666666666 0.016898608349900597
0 0.5583333333333333 0.7862823061630219 0.00625 0.019880715705765408
0 0.86640625 0.7972166998011928 0.0234375 0.039761431411530816
0 0.3299479166666667 0.7912524850894632 0.015104166666666667 0.019880715705765408
0 0.5924479166666666 0.7932405566600398 0.0067708333333333336 0.02385685884691849
0 0.6325520833333333 0.794234592445328 0.009895833333333333 0.02186878727634195
0 0.7200520833333334 0.8076540755467196 0.022395833333333334 0.048707753479125246
0 0.2140625 0.7907554671968191 0.019791666666666666 0.012922465208747515
0 0.8411458333333334 0.8041749502982107 0.008333333333333333 0.03180914512922465
0 0.9794270833333333 0.8061630218687873 0.015104166666666667 0.03578528827037773
0 0.6549479166666666 0.8136182902584493 0.025520833333333333 0.040755467196819085
0 0.6890625 0.8096421471172962 0.00625 0.030815109343936383
0 0.5388020833333333 0.8076540755467196 0.018229166666666668 0.012922465208747515
0 0.6190104166666667 0.8185884691848907 0.0171875 0.03479125248508946
0 0.825 0.8071570576540755 0.013541666666666667 0.011928429423459244
0 0.5690104166666666 0.81610337972167 0.016145833333333335 0.019880715705765408
0 0.7997395833333333 0.8111332007952287 0.016145833333333335 0.009940357852882704
0 0.6997395833333333 0.8265407554671969 0.0078125 0.020874751491053677
0 0.453125 0.8255467196819085 0.013541666666666667 0.008946322067594433
0 0.27890625 0.8305168986083499 0.009895833333333333 0.016898608349900597
0 0.52578125 0.8359840954274353 0.0109375 0.027833001988071572
0 0.60546875 0.8414512922465208 0.011979166666666667 0.02882703777335984
0 0.32578125 0.8409542743538767 0.0078125 0.02186878727634195
0 0.6552083333333333 0.8583499005964215 0.030208333333333334 0.05666003976143141
0 0.5416666666666666 0.8444333996023857 0.013541666666666667 0.014910536779324055
0 0.5776041666666667 0.8489065606361829 0.010416666666666666 0.02385685884691849
0 0.25885416666666666 0.8518886679920478 0.010416666666666666 0.02584493041749503
0 0.7161458333333334 0.8449304174950298 0.010416666666666666 0.011928429423459244
0 0.7096354166666666 0.867296222664016 0.027604166666666666 0.05268389662027833
0 0.6872395833333333 0.852882703777336 0.005729166666666666 0.02186878727634195
0 0.7252604166666666 0.8508946322067594 0.0078125 0.017892644135188866
0 0.615625 0.8503976143141153 0.011458333333333333 0.012922465208747515
0 0.94296875 0.8548707753479126 0.015104166666666667 0.017892644135188866
0 0.9611979166666667 0.8593439363817097 0.0140625 0.014910536779324055
0 0.47994791666666664 0.8658051689860835 0.013020833333333334 0.02385685884691849
0 0.8770833333333333 0.8752485089463221 0.027083333333333334 0.02882703777335984
0 0.52734375 0.8881709741550696 0.008854166666666666 0.048707753479125246
0 0.7505208333333333 0.8727634194831014 0.00625 0.017892644135188866
0 0.6940104166666666 0.8866799204771372 0.0140625 0.03777335984095427
0 0.9416666666666667 0.878727634194831 0.010416666666666666 0.011928429423459244
0 0.39557291666666666 0.882703777335984 0.016145833333333335 0.015904572564612324
0 0.42473958333333334 0.8817097415506958 0.009895833333333333 0.013916500994035786
0 0.6731770833333334 0.8911530815109344 0.0046875 0.02882703777335984
0 0.49114583333333334 0.8891650099403579 0.011458333333333333 0.014910536779324055
0 0.9661458333333334 0.8941351888667992 0.016666666666666666 0.02286282306163022
0 0.8184895833333333 0.8991053677932406 0.005729166666666666 0.0268389662027833
0 0.45286458333333335 0.9055666003976143 0.0067708333333333336 0.027833001988071572
0 0.61640625 0.9035785288270378 0.011979166666666667 0.02385685884691849
0 0.94453125 0.9145129224652088 0.0140625 0.0437375745526839
0 0.32265625 0.9120278330019881 0.0046875 0.0268389662027833
0 0.47291666666666665 0.9125248508946322 0.022916666666666665 0.02186878727634195
0 0.7067708333333333 0.9179920477137177 0.0125 0.02286282306163022
0 0.6411458333333333 0.9184890656063618 0.010416666666666666 0.015904572564612324
0 0.7854166666666667 0.9259443339960238 0.011458333333333333 0.0268389662027833
0 0.6744791666666666 0.93389662027833 0.014583333333333334 0.0268389662027833
0 0.7703125 0.9383697813121272 0.0125 0.033797216699801194
0 0.5638020833333334 0.9304174950298211 0.013020833333333334 0.013916500994035786
0 0.48020833333333335 0.9393638170974155 0.040625 0.02385685884691849
0 0.6572916666666667 0.9463220675944334 0.010416666666666666 0.013916500994035786
0 0.5385416666666667 0.9607355864811133 0.005208333333333333 0.02286282306163022
0 0.89375 0.9587475149105368 0.00625 0.018886679920477135
0 0.8747395833333333 0.9691848906560636 0.0140625 0.033797216699801194
0 0.28828125 0.9666998011928429 0.0171875 0.0268389662027833
0 0.6765625 0.963220675944334 0.016666666666666666 0.019880715705765408
0 0.5247395833333334 0.9652087475149106 0.009895833333333333 0.015904572564612324
0 0.5575520833333333 0.9756461232604374 0.027604166666666666 0.03479125248508946
0 0.38125 0.9751491053677932 0.00625 0.02385685884691849
0 0.2552083333333333 0.9821073558648111 0.007291666666666667 0.033797216699801194
0 0.46822916666666664 0.9791252485089463 0.007291666666666667 0.02385685884691849
0 0.61875 0.9736580516898609 0.015625 0.008946322067594433
0 0.5973958333333333 0.9801192842942346 0.013541666666666667 0.009940357852882704
0 0.7393229166666667 0.9880715705765407 0.0046875 0.02186878727634195
0 0.6984375 0.989065606361829 0.004166666666666667 0.019880715705765408
0 0.51875 0.9905566600397614 0.00625 0.016898608349900597
0 0.9338541666666667 0.9920477137176938 0.010416666666666666 0.013916500994035786
0 0.8083333333333333 0.9930417495029821 0.01875 0.011928429423459244
0 0.634375 0.9950298210735586 0.010416666666666666 0.007952286282306162