0 0.6434895833333333 0.008449304174950299 0.0109375 0.016898608349900597
0 0.42109375 0.01242544731610338 0.0109375 0.020874751491053677
0 0.91015625 0.032803180914512925 0.011979166666666667 0.033797216699801194
0 0.9942708333333333 0.03479125248508946 0.010416666666666666 0.039761431411530816
0 0.058333333333333334 0.04324055666003976 0.014583333333333334 0.02286282306163022
0 0.37473958333333335 0.061630218687872766 0.0109375 0.027833001988071572
0 0.4666666666666667 0.07306163021868788 0.010416666666666666 0.03479125248508946
0 0.032552083333333336 0.07703777335984095 0.0078125 0.02286282306163022
0 0.4510416666666667 0.08101391650099403 0.00625 0.030815109343936383
0 0.2596354166666667 0.08250497017892644 0.0109375 0.02584493041749503
0 0.7052083333333333 0.08449304174950298 0.016666666666666666 0.02982107355864811
0 0.990625 0.0874751491053678 0.017708333333333333 0.027833001988071572
0 0.39453125 0.0959244532803181 0.019270833333333334 0.03479125248508946
0 0.0067708333333333336 0.10039761431411531 0.013541666666666667 0.02982107355864811
0 0.49296875 0.09542743538767395 0.0140625 0.017892644135188866
0 0.63359375 0.10834990059642147 0.024479166666666666 0.019880715705765408
0 0.31354166666666666 0.14910536779324055 0.0125 0.011928429423459244
0 0.9330729166666667 0.16003976143141152 0.025520833333333333 0.033797216699801194
0 0.03854166666666667 0.17246520874751492 0.01875 0.030815109343936383
0 0.6463541666666667 0.17296222664015903 0.01875 0.019880715705765408
0 0.5747395833333333 0.176441351888668 0.021354166666666667 0.02485089463220676
0 0.0049479166666666664 0.19731610337972166 0.009895833333333333 0.040755467196819085
0 0.5572916666666666 0.1933399602385686 0.013541666666666667 0.02882703777335984
0 0.24166666666666667 0.20526838966202784 0.0125 0.040755467196819085
0 0.09427083333333333 0.20029821073558648 0.014583333333333334 0.018886679920477135
0 0.49375 0.21769383697813122 0.005208333333333333 0.02982107355864811
0 0.5877604166666667 0.22465208747514911 0.009895833333333333 0.03578528827037773
0 0.38177083333333334 0.21620278330019882 0.0125 0.016898608349900597
0 0.32317708333333334 0.23161033797216699 0.0109375 0.0437375745526839
0 0.08671875 0.24055666003976142 0.022395833333333334 0.02186878727634195
0 0.4046875 0.25894632206759444 0.011458333333333333 0.02485089463220676
0 0.6127604166666667 0.25944333996023855 0.005729166666666666 0.02385685884691849
0 0.7598958333333333 0.2584493041749503 0.014583333333333334 0.019880715705765408
0 0.19427083333333334 0.27186878727634195 0.014583333333333334 0.020874751491053677
0 0.03046875 0.2768389662027833 0.019270833333333334 0.02286282306163022
0 0.7010416666666667 0.28429423459244535 0.016666666666666666 0.009940357852882704
0 0.3802083333333333 0.3071570576540755 0.014583333333333334 0.0437375745526839
0 0.7885416666666667 0.2992047713717694 0.014583333333333334 0.02385685884691849
0 0.3484375 0.30268389662027834 0.015625 0.016898608349900597
0 0.39427083333333335 0.31610337972166996 0.008333333333333333 0.04572564612326044
0 0.18932291666666667 0.3071570576540755 0.011979166666666667 0.017892644135188866
0 0.6106770833333334 0.31262425447316106 0.0078125 0.008946322067594433
0 0.7598958333333333 0.3215705765407555 0.007291666666666667 0.02485089463220676
0 0.20390625 0.3220675944333996 0.0203125 0.017892644135188866
0 0.5458333333333333 0.34095427435387676 0.009375 0.027833001988071572
0 0.4315104166666667 0.35834990059642147 0.022395833333333334 0.048707753479125246
0 0.26145833333333335 0.34691848906560635 0.007291666666666667 0.02385685884691849
0 0.32734375 0.3558648111332008 0.0078125 0.02982107355864811
0 0.2125 0.3503976143141153 0.016666666666666666 0.014910536779324055
0 0.296875 0.35636182902584496 0.015625 0.02286282306163022
0 0.28671875 0.3658051689860835 0.018229166666666668 0.033797216699801194
0 0.603125 0.36232604373757454 0.010416666666666666 0.0268389662027833
0 0.5182291666666666 0.3782306163021869 0.009375 0.04473161033797217
0 0.46927083333333336 0.3772365805168986 0.007291666666666667 0.03876739562624255
0 0.4078125 0.3757455268389662 0.015625 0.02186878727634195
0 0.49635416666666665 0.397117296222664 0.03333333333333333 0.042743538767395624
0 0.32005208333333335 0.38767395626242546 0.0109375 0.015904572564612324
0 0.5411458333333333 0.397117296222664 0.00625 0.030815109343936383
0 0.38255208333333335 0.4115308151093439 0.0078125 0.02584493041749503
0 0.42161458333333335 0.41749502982107356 0.019270833333333334 0.033797216699801194
0 0.19661458333333334 0.4140159045725646 0.0109375 0.018886679920477135
0 0.5317708333333333 0.4289264413518887 0.010416666666666666 0.036779324055666
0 0.0140625 0.4239562624254473 0.0125 0.02286282306163022
0 0.14479166666666668 0.4304174950298211 0.019791666666666666 0.019880715705765408
0 0.6346354166666667 0.44433399602385687 0.015104166666666667 0.02982107355864811
0 0.30130208333333336 0.44980119284294234 0.019270833333333334 0.016898608349900597
0 0.26276041666666666 0.4686878727634195 0.0109375 0.03479125248508946
0 0.5677083333333334 0.4716699801192843 0.00625 0.036779324055666
0 0.3893229166666667 0.47564612326043737 0.0109375 0.032803180914512925
0 0.9671875 0.4711729622266402 0.021875 0.02385685884691849
0 0.37526041666666665 0.4726640159045726 0.015104166666666667 0.020874751491053677
0 0.265625 0.5089463220675944 0.03333333333333333 0.06759443339960239
0 0.36015625 0.4955268389662028 0.009895833333333333 0.040755467196819085
0 0.48125 0.4955268389662028 0.011458333333333333 0.030815109343936383
0 0.4557291666666667 0.5064612326043738 0.01875 0.032803180914512925
0 0.32083333333333336 0.5188866799204771 0.03958333333333333 0.04970178926441352
0 0.34453125 0.5019880715705766 0.0067708333333333336 0.011928429423459244
0 0.1453125 0.5079522862823062 0.010416666666666666 0.017892644135188866
0 0.0125 0.5213717693836978 0.025 0.02485089463220676
0 0.03046875 0.5333001988071571 0.015104166666666667 0.048707753479125246
0 0.2794270833333333 0.5298210735586482 0.0171875 0.033797216699801194
0 0.5520833333333334 0.5218687872763419 0.011458333333333333 0.013916500994035786
0 0.49557291666666664 0.5268389662027833 0.015104166666666667 0.019880715705765408
0 0.68359375 0.5308151093439364 0.009895833333333333 0.027833001988071572
0 0.3489583333333333 0.5283300198807157 0.00625 0.014910536779324055
0 0.6390625 0.5362823061630219 0.007291666666666667 0.02485089463220676
0 0.4125 0.5501988071570576 0.019791666666666666 0.042743538767395624
0 0.044270833333333336 0.5412524850894632 0.014583333333333334 0.02286282306163022
0 0.23567708333333334 0.5472166998011928 0.0171875 0.02485089463220676
0 0.5359375 0.5556660039761432 0.00625 0.033797216699801194
0 0.00390625 0.5591451292246521 0.0078125 0.03876739562624255
0 0.18515625 0.5576540755467196 0.009895833333333333 0.03180914512922465
0 0.36328125 0.5576540755467196 0.009895833333333333 0.013916500994035786
0 0.5067708333333333 0.5581510934393639 0.011458333333333333 0.014910536779324055
0 0.5208333333333334 0.5631212723658051 0.015625 0.018886679920477135
0 0.34453125 0.5795228628230616 0.016145833333333335 0.02186878727634195
0 0.2981770833333333 0.588469184890656 0.016145833333333335 0.017892644135188866
0 0.44479166666666664 0.5974155069582505 0.022916666666666665 0.019880715705765408
0 0.3953125 0.6317097415506958 0.017708333333333333 0.014910536779324055
0 0.4635416666666667 0.6312127236580517 0.023958333333333335 0.013916500994035786
0 0.5455729166666666 0.6486083499005965 0.013020833333333334 0.0268389662027833
0 0.334375 0.6535785288270378 0.01875 0.016898608349900597
0 0.7119791666666667 0.6679920477137177 0.020833333333333332 0.027833001988071572
0 0.48333333333333334 0.6674950298210736 0.0125 0.02286282306163022
0 0.6153645833333333 0.6684890656063618 0.011979166666666667 0.02286282306163022
0 0.19791666666666666 0.6829025844930418 0.010416666666666666 0.03777335984095427
0 0.5479166666666667 0.6774353876739563 0.005208333333333333 0.02485089463220676
0 0.34322916666666664 0.68389662027833 0.021875 0.027833001988071572
0 0.040364583333333336 0.6968190854870775 0.013020833333333334 0.041749502982107355
0 0.5059895833333333 0.7002982107355865 0.016145833333333335 0.032803180914512925
0 0.41119791666666666 0.6993041749502982 0.0140625 0.02882703777335984
0 0.6401041666666667 0.7067594433399602 0.00625 0.033797216699801194
0 0.43515625 0.7102385685884692 0.018229166666666668 0.02485089463220676
0 0.4591145833333333 0.7276341948310139 0.011979166666666667 0.041749502982107355
0 0.6708333333333333 0.7296222664015904 0.007291666666666667 0.03578528827037773
0 0.4791666666666667 0.7331013916500994 0.0125 0.018886679920477135
0 0.16067708333333333 0.7460238568588469 0.013020833333333334 0.030815109343936383
0 0.5875 0.7455268389662028 0.009375 0.009940357852882704
0 0.04791666666666667 0.7604373757455268 0.022916666666666665 0.02186878727634195
0 0.5658854166666667 0.7892644135188867 0.011979166666666667 0.02385685884691849
0 0.35833333333333334 0.805168986083499 0.025 0.02982107355864811
0 0.24140625 0.8210735586481114 0.013020833333333334 0.033797216699801194
0 0.09869791666666666 0.8330019880715706 0.013020833333333334 0.041749502982107355
0 0.31328125 0.8334990059642147 0.011979166666666667 0.040755467196819085
0 0.49244791666666665 0.8349900596421471 0.013020833333333334 0.041749502982107355
0 0.35260416666666666 0.8354870775347912 0.007291666666666667 0.018886679920477135
0 0.43203125 0.8623260437375746 0.015104166666666667 0.018886679920477135
0 0.7171875 0.8812127236580517 0.025 0.02485089463220676
0 0.16458333333333333 0.9040755467196819 0.010416666666666666 0.04671968190854871
0 0.42421875 0.9105367793240556 0.022395833333333334 0.04572564612326044
0 0.61484375 0.9204771371769384 0.011979166666666667 0.02982107355864811
0 0.4010416666666667 0.9388667992047713 0.020833333333333332 0.02286282306163022
0 0.7057291666666666 0.941351888667992 0.019791666666666666 0.027833001988071572
0 0.31614583333333335 0.9512922465208747 0.021875 0.02584493041749503
0 0.39765625 0.9736580516898609 0.013020833333333334 0.040755467196819085
0 0.42890625 0.9647117296222664 0.016145833333333335 0.016898608349900597
0 0.5861979166666667 0.9746520874751491 0.0067708333333333336 0.02882703777335984
0 0.6513020833333333 0.9885685884691849 0.0109375 0.020874751491053677
0 0.18958333333333333 0.9895626242544732 0.010416666666666666 0.018886679920477135