0 0.44375 0.016401590457256462 0.019791666666666666 0.032803180914512925
0 0.25703125 0.02584493041749503 0.008854166666666666 0.02584493041749503
0 0.7161458333333334 0.032803180914512925 0.013541666666666667 0.033797216699801194
0 0.33177083333333335 0.029324055666003976 0.008333333333333333 0.02882703777335984
0 0.8098958333333334 0.041749502982107355 0.020833333333333332 0.019880715705765408
0 0.1453125 0.04970178926441352 0.014583333333333334 0.033797216699801194
0 0.66171875 0.04125248508946322 0.0067708333333333336 0.012922465208747515
0 0.5427083333333333 0.051192842942345926 0.019791666666666666 0.018886679920477135
0 0.4549479166666667 0.05666003976143141 0.018229166666666668 0.03180914512922465
0 0.278125 0.07405566600397614 0.010416666666666666 0.02286282306163022
0 0.3684895833333333 0.09691848906560636 0.011979166666666667 0.03479125248508946
0 0.2513020833333333 0.10387673956262425 0.019270833333333334 0.040755467196819085
0 0.45416666666666666 0.10387673956262425 0.011458333333333333 0.0268389662027833
0 0.3984375 0.11978131212723658 0.015625 0.016898608349900597
0 0.4361979166666667 0.1694831013916501 0.0046875 0.03479125248508946
0 0.9856770833333334 0.1679920477137177 0.019270833333333334 0.017892644135188866
0 0.5940104166666667 0.1709741550695825 0.013020833333333334 0.019880715705765408
0 0.6856770833333333 0.1749502982107356 0.021354166666666667 0.02385685884691849
0 0.4830729166666667 0.17892644135188868 0.009895833333333333 0.027833001988071572
0 0.21536458333333333 0.1794234592445328 0.0203125 0.030815109343936383
0 0.16276041666666666 0.1754473161033797 0.0067708333333333336 0.010934393638170975
0 0.5684895833333333 0.1918489065606362 0.024479166666666666 0.039761431411530816
0 0.17473958333333334 0.18439363817097415 0.009895833333333333 0.012922465208747515
0 0.51171875 0.19831013916500995 0.0109375 0.036779324055666
0 0.37838541666666664 0.19483101391650098 0.013020833333333334 0.019880715705765408
0 0.46510416666666665 0.1988071570576541 0.0125 0.02584493041749503
0 0.24921875 0.21719681908548708 0.019270833333333334 0.042743538767395624
0 0.42135416666666664 0.20228628230616302 0.0125 0.008946322067594433
0 0.28880208333333335 0.20974155069582506 0.019270833333333334 0.02186878727634195
0 0.7184895833333333 0.21520874751491054 0.013020833333333334 0.02485089463220676
0 0.36692708333333335 0.2261431411530815 0.016145833333333335 0.02286282306163022
0 0.4200520833333333 0.2301192842942346 0.0109375 0.02882703777335984
0 0.4947916666666667 0.2509940357852883 0.01875 0.03876739562624255
0 0.3575520833333333 0.25646123260437376 0.013020833333333334 0.041749502982107355
0 0.5447916666666667 0.2649105367793241 0.015625 0.042743538767395624
0 0.16640625 0.268389662027833 0.019270833333333334 0.027833001988071572
0 0.51484375 0.27435387673956263 0.013020833333333334 0.013916500994035786
0 0.22395833333333334 0.29174950298210733 0.014583333333333334 0.04473161033797217
0 0.3502604166666667 0.2952286282306163 0.0140625 0.04572564612326044
0 0.9127604166666666 0.2967196819085487 0.013020833333333334 0.02882703777335984
0 0.540625 0.30417495029821073 0.009375 0.02982107355864811
0 0.5661458333333333 0.3081510934393638 0.007291666666666667 0.027833001988071572
0 0.42916666666666664 0.3290258449304175 0.016666666666666666 0.039761431411530816
0 0.6447916666666667 0.3245526838966203 0.011458333333333333 0.0268389662027833
0 0.14817708333333332 0.3275347912524851 0.015104166666666667 0.02286282306163022
0 0.4739583333333333 0.33151093439363816 0.022916666666666665 0.020874751491053677
0 0.9263020833333333 0.33399602385685884 0.009895833333333333 0.019880715705765408
0 0.4552083333333333 0.33300198807157055 0.008333333333333333 0.013916500994035786
0 0.6028645833333334 0.3389662027833002 0.011979166666666667 0.009940357852882704
0 0.61484375 0.34493041749502984 0.0078125 0.011928429423459244
0 0.82265625 0.36133200795228626 0.0078125 0.03479125248508946
0 0.45 0.3667992047713718 0.015625 0.03777335984095427
0 0.6869791666666667 0.3648111332007952 0.014583333333333334 0.019880715705765408
0 0.6447916666666667 0.37475149105367794 0.010416666666666666 0.02982107355864811
0 0.5221354166666666 0.36779324055666 0.0171875 0.011928429423459244
0 0.19635416666666666 0.38220675944334 0.007291666666666667 0.02882703777335984
0 0.3611979166666667 0.3836978131212724 0.016145833333333335 0.02186878727634195
0 0.6309895833333333 0.40656063618290256 0.0203125 0.03578528827037773
0 0.334375 0.4438369781312127 0.021875 0.040755467196819085
0 0.36171875 0.44831013916500995 0.0067708333333333336 0.033797216699801194
0 0.45026041666666666 0.4602385685884692 0.011979166666666667 0.03180914512922465
0 0.46927083333333336 0.46819085487077533 0.009375 0.019880715705765408
0 0.41458333333333336 0.4915506958250497 0.021875 0.048707753479125246
0 0.0049479166666666664 0.4945328031809145 0.008854166666666666 0.03479125248508946
0 0.53984375 0.5298210735586482 0.0078125 0.027833001988071572
0 0.053125 0.5303180914512923 0.016666666666666666 0.016898608349900597
0 0.4986979166666667 0.544234592445328 0.018229166666666668 0.03479125248508946
0 0.8919270833333334 0.5462226640159046 0.021354166666666667 0.018886679920477135
0 0.45260416666666664 0.5601391650099403 0.008333333333333333 0.0268389662027833
0 0.4322916666666667 0.5740556660039762 0.0125 0.042743538767395624
0 0.6833333333333333 0.5730616302186878 0.010416666666666666 0.03479125248508946
0 0.30416666666666664 0.5790258449304175 0.009375 0.03479125248508946
0 0.5942708333333333 0.5989065606361829 0.015625 0.06660039761431412
0 0.69765625 0.5760437375745527 0.009895833333333333 0.014910536779324055
0 0.4002604166666667 0.5830019880715706 0.018229166666666668 0.02286282306163022
0 0.14427083333333332 0.5830019880715706 0.019791666666666666 0.018886679920477135
0 0.46822916666666664 0.6158051689860835 0.022916666666666665 0.06262425447316103
0 0.27265625 0.602882703777336 0.0067708333333333336 0.02485089463220676
0 0.4348958333333333 0.6282306163021869 0.009375 0.039761431411530816
0 0.8716145833333333 0.6520874751491054 0.013020833333333334 0.05964214711729622
0 0.3455729166666667 0.6371769383697813 0.019270833333333334 0.02186878727634195
0 0.5763020833333333 0.647117296222664 0.0171875 0.03578528827037773
0 0.32135416666666666 0.6446322067594433 0.0125 0.02882703777335984
0 0.40989583333333335 0.6481113320079522 0.015625 0.03180914512922465
0 0.6221354166666667 0.6426441351888668 0.016145833333333335 0.016898608349900597
0 0.846875 0.647117296222664 0.022916666666666665 0.02186878727634195
0 0.6919270833333333 0.6600397614314115 0.013020833333333334 0.02982107355864811
0 0.6614583333333334 0.6714711729622267 0.013541666666666667 0.03876739562624255
0 0.37916666666666665 0.6709741550695825 0.009375 0.013916500994035786
0 0.24296875 0.6903578528827038 0.0265625 0.02286282306163022
0 0.4080729166666667 0.7012922465208747 0.0171875 0.032803180914512925
0 0.54296875 0.7007952286282306 0.0067708333333333336 0.02584493041749503
0 0.8513020833333333 0.6993041749502982 0.022395833333333334 0.018886679920477135
0 0.64296875 0.7147117296222664 0.009895833333333333 0.04771371769383698
0 0.2604166666666667 0.7296222664015904 0.023958333333333335 0.0437375745526839
0 0.5098958333333333 0.7157057654075547 0.015625 0.013916500994035786
0 0.5260416666666666 0.7331013916500994 0.011458333333333333 0.042743538767395624
0 0.35651041666666666 0.7191848906560636 0.0109375 0.012922465208747515
0 0.1890625 0.7445328031809145 0.01875 0.0437375745526839
0 0.3765625 0.7405566600397614 0.010416666666666666 0.027833001988071572
0 0.4234375 0.742544731610338 0.016666666666666666 0.019880715705765408
0 0.5598958333333334 0.7440357852882704 0.01875 0.014910536779324055
0 0.46145833333333336 0.7460238568588469 0.008333333333333333 0.014910536779324055
0 0.5010416666666667 0.7480119284294234 0.014583333333333334 0.010934393638170975
0 0.38723958333333336 0.7624254473161034 0.0067708333333333336 0.017892644135188866
0 0.35625 0.7688866799204771 0.0125 0.02286282306163022
0 0.4434895833333333 0.7917495029821073 0.019270833333333334 0.018886679920477135
0 0.4109375 0.7972166998011928 0.0125 0.02385685884691849
0 0.49244791666666665 0.8091451292246521 0.024479166666666666 0.03578528827037773
0 0.84609375 0.8056660039761432 0.016145833333333335 0.02286282306163022
0 0.45703125 0.8399602385685885 0.0078125 0.03578528827037773
0 0.09322916666666667 0.8389662027833003 0.013541666666666667 0.02982107355864811
0 0.265625 0.8623260437375746 0.0125 0.02882703777335984
0 0.11484375 0.8633200795228628 0.016145833333333335 0.030815109343936383
0 0.5682291666666667 0.8802186878727635 0.011458333333333333 0.04671968190854871
0 0.6908854166666667 0.8732604373757455 0.0078125 0.030815109343936383
0 0.61015625 0.9135188866799204 0.008854166666666666 0.03777335984095427
0 0.6692708333333334 0.908051689860835 0.01875 0.02485089463220676
0 0.22161458333333334 0.9174950298210736 0.0109375 0.041749502982107355
0 0.11276041666666667 0.93389662027833 0.0171875 0.032803180914512925
0 0.8575520833333333 0.9478131212723658 0.022395833333333334 0.04671968190854871
0 0.37838541666666664 0.9438369781312127 0.0140625 0.0268389662027833
0 0.7002604166666667 0.963220675944334 0.019270833333333334 0.03578528827037773
0 0.49973958333333335 0.9766401590457257 0.016145833333333335 0.04473161033797217
0 0.6765625 0.9835984095427436 0.017708333333333333 0.018886679920477135