0 0.5799479166666667 0.007455268389662028 0.016145833333333335 0.014910536779324055
0 0.6005208333333333 0.007455268389662028 0.008333333333333333 0.014910536779324055
0 0.8455729166666667 0.010934393638170975 0.011979166666666667 0.02186878727634195
0 0.8830729166666667 0.002982107355864811 0.0296875 0.005964214711729622
0 0.91328125 0.01739562624254473 0.024479166666666666 0.03479125248508946
0 0.9755208333333333 0.0004970178926441351 0.04791666666666667 0.0009940357852882703
0 0.25703125 0.036779324055666 0.0067708333333333336 0.019880715705765408
0 0.67578125 0.053180914512922464 0.022395833333333334 0.02286282306163022
0 0.9276041666666667 0.05069582504970179 0.00625 0.011928429423459244
0 0.4453125 0.0536779324055666 0.016666666666666666 0.013916500994035786
0 0.8736979166666666 0.12326043737574553 0.009895833333333333 0.03578528827037773
0 0.8575520833333333 0.11381709741550695 0.005729166666666666 0.014910536779324055
0 0.9046875 0.12176938369781312 0.010416666666666666 0.030815109343936383
0 0.9510416666666667 0.1540755467196819 0.016666666666666666 0.019880715705765408
0 0.7104166666666667 0.15109343936381708 0.014583333333333334 0.009940357852882704
0 0.6765625 0.16500994035785288 0.00625 0.02584493041749503
0 0.21432291666666667 0.17047713717693838 0.0109375 0.018886679920477135
0 0.6950520833333333 0.17395626242544732 0.0203125 0.02385685884691849
0 0.22708333333333333 0.1863817097415507 0.011458333333333333 0.036779324055666
0 0.48515625 0.18389662027833 0.008854166666666666 0.027833001988071572
0 0.6333333333333333 0.18389662027833 0.005208333333333333 0.017892644135188866
0 0.6494791666666667 0.18190854870775347 0.016666666666666666 0.015904572564612324
0 0.9255208333333333 0.18836978131212723 0.010416666666666666 0.020874751491053677
0 0.5705729166666667 0.19731610337972166 0.0067708333333333336 0.018886679920477135
0 0.5393229166666667 0.20526838966202784 0.0067708333333333336 0.014910536779324055
0 0.4471354166666667 0.21123260437375746 0.011979166666666667 0.020874751491053677
0 0.8515625 0.21520874751491054 0.013541666666666667 0.02485089463220676
0 0.8278645833333333 0.22365805168986083 0.009895833333333333 0.017892644135188866
0 0.9359375 0.2639165009940358 0.010416666666666666 0.0268389662027833
0 0.5333333333333333 0.2768389662027833 0.023958333333333335 0.02485089463220676
0 0.47604166666666664 0.2798210735586481 0.00625 0.020874751491053677
0 0.9942708333333333 0.28677932405566603 0.010416666666666666 0.032803180914512925
0 0.7291666666666666 0.28628230616302186 0.014583333333333334 0.017892644135188866
0 0.8255208333333334 0.28479125248508946 0.013541666666666667 0.012922465208747515
0 0.9302083333333333 0.308648111332008 0.013541666666666667 0.014910536779324055
0 0.5140625 0.3538767395626243 0.01875 0.033797216699801194
0 0.965625 0.3474155069582505 0.016666666666666666 0.020874751491053677
0 0.9533854166666667 0.38220675944334 0.019270833333333334 0.03876739562624255
0 0.7494791666666667 0.4025844930417495 0.005208333333333333 0.027833001988071572
0 0.5078125 0.4025844930417495 0.008333333333333333 0.019880715705765408
0 0.5106770833333333 0.4398608349900596 0.021354166666666667 0.036779324055666
0 0.7213541666666666 0.43240556660039764 0.011458333333333333 0.02186878727634195
0 0.8848958333333333 0.4388667992047714 0.019791666666666666 0.032803180914512925
0 0.5377604166666666 0.44980119284294234 0.0109375 0.040755467196819085
0 0.5291666666666667 0.4403578528827038 0.010416666666666666 0.013916500994035786
0 0.4674479166666667 0.4572564612326044 0.009895833333333333 0.017892644135188866
0 0.6736979166666667 0.45825049701789267 0.0067708333333333336 0.015904572564612324
0 0.8833333333333333 0.4701789264413519 0.016666666666666666 0.019880715705765408
0 0.7734375 0.4761431411530815 0.021875 0.027833001988071572
0 0.6080729166666666 0.5 0.0078125 0.02385685884691849
0 0.8520833333333333 0.5084493041749503 0.017708333333333333 0.016898608349900597
0 0.246875 0.5427435387673957 0.007291666666666667 0.0437375745526839
0 0.8559895833333333 0.540258449304175 0.005729166666666666 0.016898608349900597
0 0.115625 0.5501988071570576 0.023958333333333335 0.02485089463220676
0 0.6184895833333334 0.5487077534791253 0.0078125 0.02186878727634195
0 0.884375 0.544234592445328 0.015625 0.010934393638170975
0 0.8440104166666667 0.5521868787276342 0.009895833333333333 0.016898608349900597
0 0.8044270833333333 0.5641153081510935 0.009895833333333333 0.014910536779324055
0 0.7885416666666667 0.5780318091451292 0.009375 0.012922465208747515
0 0.8859375 0.5849900596421471 0.011458333333333333 0.0268389662027833
0 0.3111979166666667 0.581013916500994 0.011979166666666667 0.008946322067594433
0 0.9010416666666666 0.5994035785288271 0.00625 0.02982107355864811
0 0.8135416666666667 0.5974155069582505 0.011458333333333333 0.015904572564612324
0 0.8817708333333333 0.6088469184890656 0.009375 0.02882703777335984
0 0.9895833333333334 0.6491053677932406 0.019791666666666666 0.055666003976143144
0 0.6130208333333333 0.639662027833002 0.013541666666666667 0.014910536779324055
0 0.8869791666666667 0.6555666003976143 0.009375 0.02485089463220676
0 0.7377604166666667 0.6754473161033797 0.011979166666666667 0.03479125248508946
0 0.76171875 0.6759443339960238 0.0078125 0.02982107355864811
0 0.5893229166666667 0.6804174950298211 0.005729166666666666 0.02882703777335984
0 0.6390625 0.687375745526839 0.004166666666666667 0.02485089463220676
0 0.9903645833333333 0.7042743538767395 0.018229166666666668 0.048707753479125246
0 0.9299479166666667 0.7147117296222664 0.027604166666666666 0.05168986083499006
0 0.9455729166666667 0.7012922465208747 0.016145833333333335 0.020874751491053677
0 0.9747395833333333 0.7052683896620279 0.009895833333333333 0.02882703777335984
0 0.6997395833333333 0.7301192842942346 0.0171875 0.03479125248508946
0 0.4630208333333333 0.7331013916500994 0.010416666666666666 0.032803180914512925
0 0.5473958333333333 0.7326043737574552 0.014583333333333334 0.009940357852882704
0 0.78828125 0.7365805168986084 0.0140625 0.019880715705765408
0 0.8229166666666666 0.7435387673956262 0.017708333333333333 0.03180914512922465
0 0.8424479166666666 0.7331013916500994 0.009895833333333333 0.010934393638170975
0 0.7216145833333333 0.7495029821073559 0.011979166666666667 0.02385685884691849
0 0.6450520833333333 0.7678926441351889 0.008854166666666666 0.036779324055666
0 0.7369791666666666 0.7703777335984096 0.004166666666666667 0.02385685884691849
0 0.5505208333333333 0.7773359840954275 0.011458333333333333 0.03180914512922465
0 0.703125 0.7733598409542743 0.008333333333333333 0.019880715705765408
0 0.9466145833333334 0.7768389662027833 0.0203125 0.0268389662027833
0 0.8869791666666667 0.7803180914512923 0.0125 0.019880715705765408
0 0.42942708333333335 0.7837972166998012 0.008854166666666666 0.018886679920477135
0 0.49583333333333335 0.7932405566600398 0.01875 0.011928429423459244
0 0.7411458333333333 0.7972166998011928 0.011458333333333333 0.007952286282306162
0 0.5541666666666667 0.820079522862823 0.022916666666666665 0.04771371769383698
0 0.6236979166666666 0.8091451292246521 0.018229166666666668 0.017892644135188866
0 0.7 0.8166003976143141 0.005208333333333333 0.02485089463220676
0 0.5307291666666667 0.8205765407554672 0.013541666666666667 0.02882703777335984
0 0.91328125 0.827037773359841 0.018229166666666668 0.03578528827037773
0 0.8932291666666666 0.8285288270377733 0.016666666666666666 0.02882703777335984
0 0.796875 0.8230616302186878 0.014583333333333334 0.013916500994035786
0 0.9776041666666667 0.8364811133200796 0.014583333333333334 0.014910536779324055
0 0.7809895833333333 0.8354870775347912 0.013020833333333334 0.010934393638170975
0 0.7666666666666667 0.8687872763419483 0.020833333333333332 0.06560636182902585
0 0.014322916666666666 0.8593439363817097 0.0171875 0.02882703777335984
0 0.79296875 0.864314115308151 0.015104166666666667 0.010934393638170975
0 0.5596354166666667 0.8757455268389662 0.0046875 0.02982107355864811
0 0.6447916666666667 0.8802186878727635 0.011458333333333333 0.018886679920477135
0 0.6651041666666667 0.8772365805168986 0.014583333333333334 0.012922465208747515
0 0.44453125 0.8861829025844931 0.0203125 0.018886679920477135
0 0.8223958333333333 0.8861829025844931 0.0125 0.020874751491053677
0 0.8682291666666667 0.8841948310139165 0.015625 0.016898608349900597
0 0.6830729166666667 0.882703777335984 0.013020833333333334 0.007952286282306162
0 0.8994791666666667 0.9120278330019881 0.016666666666666666 0.05467196819085487
0 0.5546875 0.8986083499005965 0.007291666666666667 0.02385685884691849
0 0.7854166666666667 0.9020874751491054 0.011458333333333333 0.030815109343936383
0 0.5841145833333333 0.908051689860835 0.005729166666666666 0.02882703777335984
0 0.7333333333333333 0.9309145129224652 0.016666666666666666 0.07256461232604373
0 0.6091145833333333 0.911530815109344 0.009895833333333333 0.02584493041749503
0 0.1796875 0.9150099403578529 0.010416666666666666 0.02882703777335984
0 0.6861979166666666 0.9150099403578529 0.0067708333333333336 0.02882703777335984
0 0.8252604166666667 0.9179920477137177 0.018229166666666668 0.032803180914512925
0 0.8455729166666667 0.915506958250497 0.016145833333333335 0.027833001988071572
0 0.5682291666666667 0.9274353876739563 0.007291666666666667 0.033797216699801194
0 0.7494791666666667 0.9239562624254473 0.015625 0.014910536779324055
0 0.8625 0.9269383697813122 0.016666666666666666 0.016898608349900597
0 0.709375 0.9368787276341949 0.010416666666666666 0.02286282306163022
0 0.6786458333333333 0.9433399602385686 0.011458333333333333 0.02584493041749503
0 0.6567708333333333 0.9468190854870775 0.023958333333333335 0.030815109343936383
0 0.759375 0.944831013916501 0.010416666666666666 0.02286282306163022
0 0.31145833333333334 0.9488071570576541 0.011458333333333333 0.0268389662027833
0 0.7721354166666666 0.9458250497017893 0.009895833333333333 0.018886679920477135
0 0.8598958333333333 0.9701789264413518 0.025 0.05765407554671968
0 0.8075520833333333 0.963220675944334 0.0067708333333333336 0.03578528827037773
0 0.5627604166666667 0.9751491053677932 0.024479166666666666 0.04771371769383698
0 0.7734375 0.9726640159045725 0.015625 0.02882703777335984
0 0.35078125 0.9826043737574552 0.0140625 0.032803180914512925
0 0.7260416666666667 0.9771371769383698 0.005208333333333333 0.02186878727634195
0 0.84375 0.9711729622266402 0.013541666666666667 0.011928429423459244
0 0.0703125 0.981610337972167 0.010416666666666666 0.020874751491053677
0 0.6434895833333333 0.9776341948310139 0.0140625 0.010934393638170975
0 0.5442708333333334 0.981610337972167 0.00625 0.014910536779324055
0 0.60546875 0.9860834990059643 0.021354166666666667 0.02584493041749503
0 0.9041666666666667 0.9895626242544732 0.019791666666666666 0.018886679920477135
0 0.7861979166666667 0.9905566600397614 0.011979166666666667 0.016898608349900597
0 0.8174479166666667 0.9905566600397614 0.0078125 0.016898608349900597
0 0.8752604166666667 0.9940357852882704 0.0109375 0.009940357852882704
0 0.6768229166666667 0.9955268389662028 0.013020833333333334 0.006958250497017893