0 0.03307291666666667 0.011928429423459244 0.011979166666666667 0.02385685884691849
0 0.7184895833333333 0.03578528827037773 0.019270833333333334 0.019880715705765408
0 0.43515625 0.04224652087475149 0.013020833333333334 0.02286282306163022
0 0.08046875 0.1341948310139165 0.0140625 0.02584493041749503
0 0.19973958333333333 0.16053677932405566 0.0140625 0.018886679920477135
0 0.9033854166666667 0.2047713717693837 0.011979166666666667 0.02982107355864811
0 0.2994791666666667 0.22514910536779323 0.020833333333333332 0.020874751491053677
0 0.6721354166666667 0.2539761431411531 0.0140625 0.03479125248508946
0 0.5182291666666666 0.2524850894632207 0.0125 0.033797216699801194
0 0.98359375 0.25497017892644136 0.0171875 0.016898608349900597
0 0.6604166666666667 0.2639165009940358 0.005208333333333333 0.0268389662027833
0 0.5364583333333334 0.2634194831013916 0.015625 0.007952286282306162
0 0.29661458333333335 0.2907554671968191 0.0109375 0.03479125248508946
0 0.30963541666666666 0.3245526838966203 0.009895833333333333 0.014910536779324055
0 0.8385416666666666 0.3851888667992048 0.009375 0.030815109343936383
0 0.9119791666666667 0.378727634194831 0.014583333333333334 0.011928429423459244
0 0.8122395833333333 0.3986083499005964 0.0078125 0.0437375745526839
0 0.41354166666666664 0.3911530815109344 0.007291666666666667 0.02286282306163022
0 0.68046875 0.3996023856858847 0.016145833333333335 0.02584493041749503
0 0.86796875 0.4294234592445328 0.011979166666666667 0.03180914512922465
0 0.6200520833333333 0.45129224652087474 0.009895833333333333 0.027833001988071572
0 0.878125 0.5263419483101391 0.007291666666666667 0.032803180914512925
0 0.7153645833333333 0.5497017892644135 0.008854166666666666 0.02385685884691849
0 0.21276041666666667 0.558648111332008 0.016145833333333335 0.007952286282306162
0 0.57265625 0.6078528827037774 0.0067708333333333336 0.02882703777335984
0 0.5924479166666666 0.6197813121272365 0.008854166666666666 0.02882703777335984
0 0.9046875 0.635685884691849 0.010416666666666666 0.010934393638170975
0 0.5783854166666667 0.6411530815109344 0.0078125 0.011928429423459244
0 0.31276041666666665 0.665506958250497 0.0078125 0.02286282306163022
0 0.11119791666666666 0.6739562624254473 0.013020833333333334 0.009940357852882704
0 0.6934895833333333 0.7251491053677932 0.0067708333333333336 0.020874751491053677
0 0.36666666666666664 0.7251491053677932 0.017708333333333333 0.012922465208747515
0 0.6752604166666667 0.7480119284294234 0.0067708333333333336 0.020874751491053677
0 0.134375 0.7614314115308151 0.014583333333333334 0.017892644135188866
0 0.23984375 0.775844930417495 0.0046875 0.0268389662027833
0 0.603125 0.7798210735586482 0.00625 0.020874751491053677
0 0.6580729166666667 0.7872763419483101 0.009895833333333333 0.02584493041749503
0 0.8627604166666667 0.8006958250497018 0.0109375 0.02286282306163022
0 0.41901041666666666 0.8131212723658051 0.013020833333333334 0.02186878727634195
0 0.5783854166666667 0.8166003976143141 0.0109375 0.014910536779324055
0 0.5458333333333333 0.8190854870775348 0.014583333333333334 0.007952286282306162
0 0.5901041666666667 0.8240556660039762 0.007291666666666667 0.013916500994035786
0 0.6859375 0.841948310139165 0.005208333333333333 0.03578528827037773
0 0.21614583333333334 0.8503976143141153 0.017708333333333333 0.030815109343936383
0 0.6541666666666667 0.885685884691849 0.004166666666666667 0.02982107355864811
0 0.18307291666666667 0.8846918489065606 0.0078125 0.027833001988071572
0 0.25104166666666666 0.8916500994035785 0.017708333333333333 0.02584493041749503
0 0.7942708333333334 0.8951292246520874 0.005208333333333333 0.0268389662027833
0 0.9028645833333333 0.9070576540755467 0.011979166666666667 0.03479125248508946
0 0.7846354166666667 0.9418489065606361 0.0140625 0.02485089463220676
0 0.7294270833333333 0.9567594433399602 0.008854166666666666 0.036779324055666
0 0.6544270833333333 0.9860834990059643 0.016145833333333335 0.02584493041749503
0 0.83046875 0.9826043737574552 0.013020833333333334 0.014910536779324055