0 0.0203125 0.0004970178926441351 0.027083333333333334 0.0009940357852882703
0 0.8190104166666666 0.019880715705765408 0.019270833333333334 0.039761431411530816
0 0.959375 0.0014910536779324055 0.034375 0.002982107355864811
0 0.26666666666666666 0.05069582504970179 0.007291666666666667 0.03180914512922465
0 0.89609375 0.05268389662027833 0.011979166666666667 0.03578528827037773
0 0.7752604166666667 0.048707753479125246 0.015104166666666667 0.02186878727634195
0 0.7109375 0.07455268389662027 0.017708333333333333 0.04970178926441352
0 0.4390625 0.10984095427435388 0.017708333333333333 0.05864811133200795
0 0.58125 0.11630218687872763 0.011458333333333333 0.03180914512922465
0 0.17005208333333333 0.11232604373757456 0.016145833333333335 0.013916500994035786
0 0.10286458333333333 0.12624254473161034 0.024479166666666666 0.03578528827037773
0 0.7895833333333333 0.21968190854870775 0.017708333333333333 0.04771371769383698
0 0.37838541666666664 0.220675944333996 0.0046875 0.02186878727634195
0 0.23151041666666666 0.24751491053677932 0.018229166666666668 0.03777335984095427
0 0.84140625 0.2539761431411531 0.0078125 0.032803180914512925
0 0.9002604166666667 0.25695825049701787 0.0109375 0.020874751491053677
0 0.5278645833333333 0.2599403578528827 0.019270833333333334 0.018886679920477135
0 0.6497395833333334 0.26938369781312127 0.0109375 0.017892644135188866
0 0.14817708333333332 0.28926441351888665 0.022395833333333334 0.019880715705765408
0 0.42109375 0.3096421471172962 0.0036458333333333334 0.02485089463220676
0 0.5947916666666667 0.31858846918489064 0.009375 0.014910536779324055
0 0.43411458333333336 0.33001988071570576 0.0067708333333333336 0.02385685884691849
0 0.35651041666666666 0.34095427435387676 0.0203125 0.03180914512922465
0 0.5854166666666667 0.3389662027833002 0.00625 0.015904572564612324
0 0.48125 0.3573558648111332 0.010416666666666666 0.02882703777335984
0 0.3966145833333333 0.3682902584493042 0.013020833333333334 0.03479125248508946
0 0.14010416666666667 0.3658051689860835 0.015625 0.017892644135188866
0 0.6080729166666666 0.3717693836978131 0.021354166666666667 0.015904572564612324
0 0.4322916666666667 0.38071570576540753 0.009375 0.03180914512922465
0 0.36692708333333335 0.38618290258449306 0.013020833333333334 0.02286282306163022
0 0.17057291666666666 0.38966202783300197 0.0203125 0.02584493041749503
0 0.78828125 0.4010934393638171 0.013020833333333334 0.020874751491053677
0 0.47265625 0.4239562624254473 0.0109375 0.04473161033797217
0 0.84296875 0.43290258449304175 0.016145833333333335 0.032803180914512925
0 0.4401041666666667 0.4269383697813121 0.015625 0.010934393638170975
0 0.803125 0.43240556660039764 0.009375 0.02385685884691849
0 0.5583333333333333 0.44681908548707755 0.019791666666666666 0.02882703777335984
0 0.15703125 0.4418489065606362 0.015104166666666667 0.014910536779324055
0 0.46067708333333335 0.4438369781312127 0.008854166666666666 0.010934393638170975
0 0.33151041666666664 0.4801192842942346 0.018229166666666668 0.03180914512922465
0 0.475 0.474155069582505 0.017708333333333333 0.019880715705765408
0 0.09791666666666667 0.49105367793240556 0.017708333333333333 0.02982107355864811
0 0.5169270833333334 0.5099403578528827 0.008854166666666666 0.02385685884691849
0 0.5552083333333333 0.5039761431411531 0.014583333333333334 0.011928429423459244
0 0.4432291666666667 0.5119284294234593 0.022916666666666665 0.02186878727634195
0 0.5580729166666667 0.5472166998011928 0.0140625 0.03479125248508946
0 0.79375 0.5417495029821073 0.017708333333333333 0.019880715705765408
0 0.4078125 0.544234592445328 0.013541666666666667 0.012922465208747515
0 0.5135416666666667 0.5601391650099403 0.021875 0.0268389662027833
0 0.031510416666666666 0.5830019880715706 0.013020833333333334 0.030815109343936383
0 0.28489583333333335 0.584493041749503 0.020833333333333332 0.017892644135188866
0 0.4265625 0.5904572564612326 0.007291666666666667 0.015904572564612324
0 0.46796875 0.6113320079522863 0.0203125 0.0536779324055666
0 0.7083333333333334 0.6088469184890656 0.01875 0.05069582504970179
0 0.48046875 0.5914512922465208 0.0078125 0.011928429423459244
0 0.403125 0.6058648111332008 0.014583333333333334 0.036779324055666
0 0.07447916666666667 0.6078528827037774 0.026041666666666668 0.036779324055666
0 0.38359375 0.6113320079522863 0.008854166666666666 0.02584493041749503
0 0.5359375 0.6123260437375746 0.009375 0.015904572564612324
0 0.2552083333333333 0.6138170974155069 0.008333333333333333 0.012922465208747515
0 0.5640625 0.6197813121272365 0.0125 0.016898608349900597
0 0.18776041666666668 0.6247514910536779 0.024479166666666666 0.020874751491053677
0 0.26484375 0.6192842942345924 0.0078125 0.011928429423459244
0 0.5986979166666667 0.6317097415506958 0.005729166666666666 0.0268389662027833
0 0.44296875 0.6605367793240556 0.0328125 0.05268389662027833
0 0.5309895833333333 0.6466202783300199 0.0046875 0.02286282306163022
0 0.70625 0.6486083499005965 0.023958333333333335 0.020874751491053677
0 0.4669270833333333 0.6515904572564613 0.013020833333333334 0.016898608349900597
0 0.49192708333333335 0.6645129224652088 0.0078125 0.042743538767395624
0 0.3572916666666667 0.6600397614314115 0.019791666666666666 0.02982107355864811
0 0.84140625 0.6739562624254473 0.019270833333333334 0.04572564612326044
0 0.28359375 0.6744532803180915 0.019270833333333334 0.02286282306163022
0 0.58671875 0.6794234592445328 0.013020833333333334 0.02882703777335984
0 0.14713541666666666 0.6893638170974155 0.018229166666666668 0.03479125248508946
0 0.5096354166666667 0.6809145129224652 0.0078125 0.019880715705765408
0 0.4283854166666667 0.6829025844930418 0.009895833333333333 0.017892644135188866
0 0.2265625 0.702286282306163 0.014583333333333334 0.048707753479125246
0 0.43802083333333336 0.6953280318091452 0.007291666666666667 0.036779324055666
0 0.5229166666666667 0.6893638170974155 0.011458333333333333 0.010934393638170975
0 0.1640625 0.7047713717693836 0.010416666666666666 0.03777335984095427
0 0.30625 0.7112326043737575 0.00625 0.03876739562624255
0 0.7729166666666667 0.7017892644135189 0.0125 0.015904572564612324
0 0.3729166666666667 0.7052683896620279 0.019791666666666666 0.018886679920477135
0 0.036458333333333336 0.7107355864811133 0.017708333333333333 0.02584493041749503
0 0.07447916666666667 0.7162027833001988 0.014583333333333334 0.018886679920477135
0 0.42994791666666665 0.7276341948310139 0.0203125 0.027833001988071572
0 0.6421875 0.7375745526838966 0.017708333333333333 0.015904572564612324
0 0.3606770833333333 0.7375745526838966 0.0109375 0.009940357852882704
0 0.3880208333333333 0.760934393638171 0.023958333333333335 0.04473161033797217
0 0.45338541666666665 0.7584493041749503 0.005729166666666666 0.019880715705765408
0 0.24557291666666667 0.7639165009940357 0.013020833333333334 0.02485089463220676
0 0.40911458333333334 0.7664015904572564 0.011979166666666667 0.019880715705765408
0 0.9947916666666666 0.7753479125248509 0.009375 0.03180914512922465
0 0.31588541666666664 0.7862823061630219 0.0067708333333333336 0.039761431411530816
0 0.3528645833333333 0.7768389662027833 0.011979166666666667 0.014910536779324055
0 0.42552083333333335 0.7862823061630219 0.007291666666666667 0.02982107355864811
0 0.328125 0.786779324055666 0.014583333333333334 0.016898608349900597
0 0.6044270833333333 0.8001988071570576 0.011979166666666667 0.033797216699801194
0 0.40520833333333334 0.8006958250497018 0.007291666666666667 0.030815109343936383
0 0.44088541666666664 0.7987077534791253 0.0067708333333333336 0.02286282306163022
0 0.5080729166666667 0.7947316103379721 0.015104166666666667 0.014910536779324055
0 0.37916666666666665 0.8001988071570576 0.0125 0.02186878727634195
0 0.5450520833333333 0.7952286282306164 0.013020833333333334 0.009940357852882704
0 0.7518229166666667 0.8121272365805169 0.0203125 0.02584493041749503
0 0.3875 0.8195825049701789 0.020833333333333332 0.02882703777335984
0 0.6666666666666666 0.8210735586481114 0.009375 0.033797216699801194
0 0.29348958333333336 0.8210735586481114 0.009895833333333333 0.017892644135188866
0 0.4166666666666667 0.8275347912524851 0.013541666666666667 0.016898608349900597
0 0.5059895833333333 0.8320079522862823 0.0078125 0.027833001988071572
0 0.5651041666666666 0.8320079522862823 0.025 0.02584493041749503
0 0.6369791666666667 0.8349900596421471 0.008333333333333333 0.02186878727634195
0 0.47630208333333335 0.8494035785288271 0.011979166666666667 0.010934393638170975
0 0.52578125 0.8623260437375746 0.0140625 0.02882703777335984
0 0.8984375 0.8618290258449304 0.00625 0.011928429423459244
0 0.5924479166666666 0.8697813121272365 0.019270833333333334 0.015904572564612324
0 0.5481770833333334 0.8941351888667992 0.013020833333333334 0.016898608349900597
0 0.159375 0.9090457256461233 0.011458333333333333 0.03876739562624255
0 0.5153645833333333 0.9025844930417495 0.005729166666666666 0.02584493041749503
0 0.6575520833333334 0.93389662027833 0.0140625 0.042743538767395624
0 0.34817708333333336 0.9488071570576541 0.019270833333333334 0.018886679920477135
0 0.5111979166666667 0.9572564612326043 0.0109375 0.02385685884691849
0 0.4869791666666667 0.9706759443339961 0.011458333333333333 0.02882703777335984
0 0.5393229166666667 0.9691848906560636 0.0109375 0.011928429423459244
0 0.7533854166666667 0.9821073558648111 0.025520833333333333 0.033797216699801194
0 0.4635416666666667 0.9865805168986084 0.008333333333333333 0.02485089463220676
0 0.7020833333333333 0.9875745526838966 0.010416666666666666 0.02286282306163022
0 0.07473958333333333 0.9905566600397614 0.015104166666666667 0.016898608349900597