0 0.8182291666666667 0.016898608349900597 0.017708333333333333 0.033797216699801194
0 0.66484375 0.007455268389662028 0.005729166666666666 0.014910536779324055
0 0.37786458333333334 0.016401590457256462 0.013020833333333334 0.02882703777335984
0 0.9143229166666667 0.09791252485089463 0.018229166666666668 0.032803180914512925
0 0.8765625 0.1709741550695825 0.022916666666666665 0.039761431411530816
0 0.45260416666666664 0.18836978131212723 0.011458333333333333 0.032803180914512925
0 0.6734375 0.24701789264413518 0.011458333333333333 0.02286282306163022
0 0.9104166666666667 0.35984095427435386 0.013541666666666667 0.04970178926441352
0 0.7411458333333333 0.3817097415506958 0.020833333333333332 0.033797216699801194
0 0.8263020833333333 0.41699801192842945 0.021354166666666667 0.02882703777335984
0 0.9466145833333334 0.46421471172962225 0.019270833333333334 0.03777335984095427
0 0.9765625 0.5049701789264414 0.022916666666666665 0.039761431411530816
0 0.42083333333333334 0.5636182902584493 0.011458333333333333 0.04771371769383698
0 0.7830729166666667 0.7912524850894632 0.018229166666666668 0.017892644135188866
0 0.6796875 0.8041749502982107 0.01875 0.03578528827037773
0 0.7002604166666667 0.8573558648111332 0.021354166666666667 0.03479125248508946
0 0.8458333333333333 0.8667992047713717 0.020833333333333332 0.033797216699801194