0 0.35572916666666665 0.008946322067594433 0.014583333333333334 0.017892644135188866
0 0.3424479166666667 0.04671968190854871 0.013020833333333334 0.013916500994035786
0 0.5033854166666667 0.05616302186878728 0.0078125 0.03479125248508946
0 0.46953125 0.08349900596421471 0.016145833333333335 0.05964214711729622
0 0.8671875 0.11182902584493042 0.010416666666666666 0.042743538767395624
0 0.30911458333333336 0.11282306163021869 0.0140625 0.010934393638170975
0 0.41822916666666665 0.12972166998011928 0.016666666666666666 0.020874751491053677
0 0.5411458333333333 0.15805168986083498 0.013541666666666667 0.02385685884691849
0 0.38619791666666664 0.18886679920477137 0.015104166666666667 0.02186878727634195
0 0.3609375 0.18986083499005965 0.01875 0.015904572564612324
0 0.4005208333333333 0.20427435387673956 0.0125 0.0268389662027833
0 0.5130208333333334 0.21968190854870775 0.008333333333333333 0.02982107355864811
0 0.4861979166666667 0.22813121272365805 0.0078125 0.02286282306163022
0 0.17447916666666666 0.2882703777335984 0.021875 0.03578528827037773
0 0.43463541666666666 0.28578528827037775 0.009895833333333333 0.02286282306163022
0 0.5768229166666666 0.2852882703777336 0.011979166666666667 0.019880715705765408
0 0.31588541666666664 0.294234592445328 0.005729166666666666 0.027833001988071572
0 0.33932291666666664 0.30417495029821073 0.011979166666666667 0.03180914512922465
0 0.4109375 0.30318091451292245 0.00625 0.02186878727634195
0 0.559375 0.3081510934393638 0.013541666666666667 0.017892644135188866
0 0.7098958333333333 0.32007952286282304 0.007291666666666667 0.015904572564612324
0 0.60546875 0.334493041749503 0.011979166666666667 0.03479125248508946
0 0.6401041666666667 0.33101391650099404 0.016666666666666666 0.013916500994035786
0 0.39895833333333336 0.34791252485089463 0.008333333333333333 0.02982107355864811
0 0.15755208333333334 0.34840954274353875 0.019270833333333334 0.014910536779324055
0 0.5002604166666667 0.3648111332007952 0.0203125 0.013916500994035786
0 0.05234375 0.39363817097415504 0.016145833333333335 0.04572564612326044
0 0.35260416666666666 0.39165009940357853 0.025 0.033797216699801194
0 0.43697916666666664 0.4000994035785288 0.008333333333333333 0.012922465208747515
0 0.5486979166666667 0.42445328031809143 0.013020833333333334 0.0536779324055666
0 0.44609375 0.4408548707753479 0.018229166666666668 0.05069582504970179
0 0.4203125 0.4279324055666004 0.009375 0.010934393638170975
0 0.46640625 0.4423459244532803 0.018229166666666668 0.03180914512922465
0 0.39453125 0.46222664015904574 0.018229166666666668 0.04970178926441352
0 0.5255208333333333 0.46570576540755465 0.008333333333333333 0.032803180914512925
0 0.06875 0.4845924453280318 0.0125 0.04671968190854871
0 0.2981770833333333 0.46819085487077533 0.024479166666666666 0.015904572564612324
0 0.41875 0.4835984095427435 0.0125 0.03876739562624255
0 0.3684895833333333 0.4826043737574553 0.0046875 0.02485089463220676
0 0.4109375 0.5054671968190855 0.007291666666666667 0.036779324055666
0 0.26510416666666664 0.5034791252485089 0.019791666666666666 0.016898608349900597
0 0.9036458333333334 0.5198807157057654 0.021875 0.02186878727634195
0 0.43802083333333336 0.5238568588469185 0.016666666666666666 0.011928429423459244
0 0.3963541666666667 0.5392644135188867 0.007291666666666667 0.03876739562624255
0 0.3567708333333333 0.5601391650099403 0.010416666666666666 0.05467196819085487
0 0.36875 0.5646123260437376 0.00625 0.015904572564612324
0 0.0828125 0.5914512922465208 0.020833333333333332 0.033797216699801194
0 0.41380208333333335 0.5914512922465208 0.016145833333333335 0.02186878727634195
0 0.16223958333333333 0.6048707753479126 0.0078125 0.04473161033797217
0 0.44817708333333334 0.5969184890656064 0.0067708333333333336 0.030815109343936383
0 0.3841145833333333 0.6257455268389662 0.005729166666666666 0.032803180914512925
0 0.4979166666666667 0.635685884691849 0.011458333333333333 0.020874751491053677
0 0.14869791666666668 0.6520874751491054 0.0078125 0.039761431411530816
0 0.43255208333333334 0.6620278330019881 0.0067708333333333336 0.03777335984095427
0 0.42083333333333334 0.6903578528827038 0.009375 0.0268389662027833
0 0.44583333333333336 0.6993041749502982 0.019791666666666666 0.03479125248508946
0 0.35911458333333335 0.6978131212723658 0.008854166666666666 0.02584493041749503
0 0.39166666666666666 0.7092445328031809 0.03125 0.04473161033797217
0 0.22395833333333334 0.7340954274353877 0.0125 0.032803180914512925
0 0.53984375 0.75 0.0067708333333333336 0.040755467196819085
0 0.41692708333333334 0.7460238568588469 0.0171875 0.02485089463220676
0 0.35052083333333334 0.7534791252485089 0.016666666666666666 0.017892644135188866
0 0.30703125 0.7718687872763419 0.0078125 0.036779324055666
0 0.51640625 0.7833001988071571 0.0203125 0.027833001988071572
0 0.33255208333333336 0.786779324055666 0.0078125 0.030815109343936383
0 0.35651041666666666 0.786779324055666 0.0171875 0.020874751491053677
0 0.31875 0.7922465208747514 0.011458333333333333 0.011928429423459244
0 0.7135416666666666 0.8364811133200796 0.014583333333333334 0.040755467196819085
0 0.6263020833333334 0.8474155069582505 0.0109375 0.02882703777335984
0 0.9 0.8573558648111332 0.013541666666666667 0.042743538767395624
0 0.19713541666666667 0.8623260437375746 0.021354166666666667 0.02286282306163022
0 0.3841145833333333 0.8747514910536779 0.0203125 0.039761431411530816
0 0.3333333333333333 0.871272365805169 0.009375 0.014910536779324055
0 0.9755208333333333 0.8951292246520874 0.019791666666666666 0.048707753479125246
0 0.75859375 0.8936381709741551 0.018229166666666668 0.017892644135188866
0 0.3723958333333333 0.9090457256461233 0.015625 0.030815109343936383
0 0.5369791666666667 0.9020874751491054 0.014583333333333334 0.014910536779324055
0 0.52890625 0.937375745526839 0.008854166666666666 0.039761431411530816
0 0.5138020833333333 0.941351888667992 0.0078125 0.02186878727634195
0 0.34765625 0.959741550695825 0.0203125 0.018886679920477135