0 0.99296875 0.015407554671968192 0.0140625 0.030815109343936383
0 0.7046875 0.003976143141153081 0.0125 0.007952286282306162
0 0.46822916666666664 0.009940357852882704 0.017708333333333333 0.019880715705765408
0 0.7153645833333333 0.051192842942345926 0.0203125 0.05864811133200795
0 0.4921875 0.036779324055666 0.020833333333333332 0.02982107355864811
0 0.4513020833333333 0.03876739562624255 0.013020833333333334 0.02982107355864811
0 0.465625 0.04324055666003976 0.007291666666666667 0.032803180914512925
0 0.5372395833333333 0.05815109343936382 0.024479166666666666 0.05467196819085487
0 0.6057291666666667 0.04920477137176938 0.005208333333333333 0.032803180914512925
0 0.5606770833333333 0.04970178926441352 0.0171875 0.011928429423459244
0 0.5010416666666667 0.05815109343936382 0.008333333333333333 0.02485089463220676
0 0.44765625 0.11182902584493042 0.008854166666666666 0.02485089463220676
0 0.7828125 0.12027833001988071 0.01875 0.02186878727634195
0 0.49583333333333335 0.13817097415506957 0.020833333333333332 0.05168986083499006
0 0.87265625 0.12673956262425448 0.015104166666666667 0.014910536779324055
0 0.46953125 0.14910536779324055 0.008854166666666666 0.013916500994035786
0 0.44895833333333335 0.1679920477137177 0.00625 0.02982107355864811
0 0.54453125 0.17842942345924453 0.016145833333333335 0.02286282306163022
0 0.66796875 0.1863817097415507 0.009895833333333333 0.02286282306163022
0 0.43046875 0.20725646123260438 0.0171875 0.05069582504970179
0 0.6328125 0.20079522862823063 0.0125 0.02584493041749503
0 0.5205729166666667 0.20178926441351888 0.009895833333333333 0.011928429423459244
0 0.346875 0.2514910536779324 0.008333333333333333 0.033797216699801194
0 0.7278645833333334 0.27037773359840955 0.0067708333333333336 0.033797216699801194
0 0.21744791666666666 0.2912524850894632 0.021354166666666667 0.027833001988071572
0 0.3109375 0.3076540755467197 0.010416666666666666 0.0268389662027833
0 0.8635416666666667 0.3071570576540755 0.007291666666666667 0.015904572564612324
0 0.48541666666666666 0.3230616302186879 0.013541666666666667 0.03777335984095427
0 0.7861979166666667 0.32952286282306165 0.018229166666666668 0.03876739562624255
0 0.5307291666666667 0.3290258449304175 0.013541666666666667 0.02584493041749503
0 0.5596354166666667 0.33697813121272363 0.015104166666666667 0.027833001988071572
0 0.5330729166666667 0.3663021868787276 0.0067708333333333336 0.032803180914512925
0 0.2713541666666667 0.36083499005964215 0.014583333333333334 0.011928429423459244
0 0.21119791666666668 0.3996023856858847 0.019270833333333334 0.04572564612326044
0 0.5244791666666667 0.3981113320079523 0.013541666666666667 0.020874751491053677
0 0.415625 0.40656063618290256 0.013541666666666667 0.02982107355864811
0 0.6622395833333333 0.4279324055666004 0.0140625 0.02286282306163022
0 0.52890625 0.4274353876739563 0.0140625 0.015904572564612324
0 0.28828125 0.46073558648111335 0.0203125 0.016898608349900597
0 0.6708333333333333 0.5094433399602386 0.0125 0.040755467196819085
0 0.4203125 0.5139165009940357 0.015625 0.03777335984095427
0 0.007291666666666667 0.5119284294234593 0.013541666666666667 0.027833001988071572
0 0.32864583333333336 0.5268389662027833 0.013541666666666667 0.039761431411530816
0 0.4635416666666667 0.5188866799204771 0.015625 0.02186878727634195
0 0.61015625 0.5422465208747514 0.0036458333333333334 0.02286282306163022
0 0.5505208333333333 0.5601391650099403 0.016666666666666666 0.016898608349900597
0 0.95234375 0.5730616302186878 0.019270833333333334 0.02882703777335984
0 0.4322916666666667 0.5859840954274353 0.025 0.048707753479125246
0 0.18880208333333334 0.5859840954274353 0.018229166666666668 0.030815109343936383
0 0.34739583333333335 0.5805168986083499 0.01875 0.009940357852882704
0 0.021875 0.6043737574552683 0.021875 0.0437375745526839
0 0.6372395833333333 0.6058648111332008 0.009895833333333333 0.02286282306163022
0 0.39010416666666664 0.6322067594433399 0.009375 0.027833001988071572
0 0.24791666666666667 0.6312127236580517 0.013541666666666667 0.02186878727634195
0 0.665625 0.6515904572564613 0.017708333333333333 0.018886679920477135
0 0.640625 0.6575546719681908 0.022916666666666665 0.014910536779324055
0 0.36614583333333334 0.6684890656063618 0.010416666666666666 0.036779324055666
0 0.5052083333333334 0.6779324055666004 0.020833333333333332 0.0536779324055666
0 0.5953125 0.6764413518886679 0.0125 0.016898608349900597
0 0.6184895833333334 0.6829025844930418 0.009895833333333333 0.02584493041749503
0 0.4734375 0.6794234592445328 0.007291666666666667 0.018886679920477135
0 0.2015625 0.6878727634194831 0.022916666666666665 0.019880715705765408
0 0.44427083333333334 0.7017892644135189 0.009375 0.041749502982107355
0 0.6325520833333333 0.7062624254473161 0.016145833333333335 0.036779324055666
0 0.51171875 0.7201789264413518 0.013020833333333334 0.02485089463220676
0 0.40651041666666665 0.7221669980119284 0.009895833333333333 0.0268389662027833
0 0.76015625 0.73558648111332 0.015104166666666667 0.02982107355864811
0 0.42265625 0.7475149105367793 0.011979166666666667 0.02385685884691849
0 0.5328125 0.7519880715705766 0.010416666666666666 0.016898608349900597
0 0.5111979166666667 0.7639165009940357 0.0265625 0.03876739562624255
0 0.44635416666666666 0.7673956262425448 0.019791666666666666 0.011928429423459244
0 0.7153645833333333 0.8031809145129225 0.016145833333333335 0.017892644135188866
0 0.3143229166666667 0.8275347912524851 0.015104166666666667 0.032803180914512925
0 0.16328125 0.8330019880715706 0.021354166666666667 0.0437375745526839
0 0.24088541666666666 0.8399602385685885 0.013020833333333334 0.017892644135188866
0 0.5489583333333333 0.8543737574552683 0.011458333333333333 0.02882703777335984
0 0.3541666666666667 0.8538767395626242 0.014583333333333334 0.011928429423459244
0 0.46875 0.8832007952286283 0.008333333333333333 0.03479125248508946
0 0.5919270833333333 0.8846918489065606 0.0067708333333333336 0.02186878727634195
0 0.5028645833333333 0.9239562624254473 0.022395833333333334 0.040755467196819085
0 0.6934895833333333 0.9309145129224652 0.013020833333333334 0.030815109343936383
0 0.61484375 0.9517892644135189 0.016145833333333335 0.030815109343936383
0 0.9419270833333333 0.9517892644135189 0.013020833333333334 0.020874751491053677
0 0.5 0.9681908548707754 0.020833333333333332 0.03180914512922465
0 0.6466145833333333 0.9796222664015904 0.0109375 0.03876739562624255
0 0.5895833333333333 0.9865805168986084 0.010416666666666666 0.02485089463220676
0 0.69609375 0.9880715705765407 0.016145833333333335 0.02186878727634195