0 0.7776041666666667 0.010934393638170975 0.020833333333333332 0.02186878727634195
0 0.6848958333333334 0.006958250497017893 0.011458333333333333 0.013916500994035786
0 0.6690104166666667 0.007952286282306162 0.005729166666666666 0.015904572564612324
0 0.5721354166666667 0.007952286282306162 0.021354166666666667 0.015904572564612324
0 0.42734375 0.007455268389662028 0.0067708333333333336 0.014910536779324055
0 0.14375 0.01441351888667992 0.027083333333333334 0.02882703777335984
0 0.024479166666666666 0.023359840954274354 0.020833333333333332 0.04671968190854871
0 0.5890625 0.023359840954274354 0.009375 0.03876739562624255
0 0.2015625 0.03230616302186879 0.015625 0.040755467196819085
0 0.16744791666666667 0.03429423459244533 0.019270833333333334 0.020874751491053677
0 0.6677083333333333 0.032803180914512925 0.00625 0.015904572564612324
0 0.23359375 0.05019880715705766 0.016145833333333335 0.032803180914512925
0 0.4890625 0.05268389662027833 0.026041666666666668 0.033797216699801194
0 0.43072916666666666 0.05268389662027833 0.011458333333333333 0.02584493041749503
0 0.571875 0.06461232604373758 0.010416666666666666 0.041749502982107355
0 0.42421875 0.07952286282306163 0.0203125 0.04572564612326044
0 0.1171875 0.09145129224652088 0.023958333333333335 0.0636182902584493
0 0.7658854166666667 0.08548707753479125 0.0067708333333333336 0.03777335984095427
0 0.71796875 0.0805168986083499 0.009895833333333333 0.027833001988071572
0 0.61796875 0.08548707753479125 0.0078125 0.03578528827037773
0 0.5338541666666666 0.0775347912524851 0.016666666666666666 0.017892644135188866
0 0.7799479166666666 0.09294234592445327 0.011979166666666667 0.042743538767395624
0 0.49609375 0.09244532803180915 0.0171875 0.02584493041749503
0 0.54375 0.10785288270377734 0.013541666666666667 0.040755467196819085
0 0.15651041666666668 0.11232604373757456 0.0203125 0.027833001988071572
0 0.6986979166666667 0.12872763419483102 0.0265625 0.036779324055666
0 0.3177083333333333 0.12027833001988071 0.007291666666666667 0.019880715705765408
0 0.66171875 0.13817097415506957 0.025520833333333333 0.04771371769383698
0 0.6302083333333334 0.139662027833002 0.021875 0.042743538767395624
0 0.76015625 0.13618290258449303 0.018229166666666668 0.02982107355864811
0 0.67890625 0.14363817097415507 0.0078125 0.0268389662027833
0 0.5541666666666667 0.1411530815109344 0.005208333333333333 0.017892644135188866
0 0.32395833333333335 0.14910536779324055 0.010416666666666666 0.015904572564612324
0 0.34713541666666664 0.15805168986083498 0.0078125 0.03180914512922465
0 0.008854166666666666 0.16699801192842942 0.016666666666666666 0.041749502982107355
0 0.7565104166666666 0.1610337972166998 0.016145833333333335 0.015904572564612324
0 0.7981770833333334 0.1694831013916501 0.005729166666666666 0.030815109343936383
0 0.5486979166666667 0.1679920477137177 0.013020833333333334 0.02186878727634195
0 0.9111979166666667 0.16848906560636182 0.013020833333333334 0.018886679920477135
0 0.8208333333333333 0.17345924453280318 0.03125 0.0268389662027833
0 0.9513020833333333 0.1794234592445328 0.015104166666666667 0.03479125248508946
0 0.9895833333333334 0.18588469184890655 0.020833333333333332 0.03180914512922465
0 0.75390625 0.18886679920477137 0.0140625 0.03578528827037773
0 0.7125 0.18141153081510936 0.009375 0.020874751491053677
0 0.578125 0.1908548707753479 0.016666666666666666 0.017892644135188866
0 0.19296875 0.20974155069582506 0.011979166666666667 0.055666003976143144
0 0.27369791666666665 0.20725646123260438 0.0265625 0.03876739562624255
0 0.9692708333333333 0.20974155069582506 0.011458333333333333 0.039761431411530816
0 0.44140625 0.23111332007952287 0.016145833333333335 0.05864811133200795
0 0.3885416666666667 0.22216699801192843 0.027083333333333334 0.03876739562624255
0 0.7705729166666667 0.23061630218687873 0.009895833333333333 0.02982107355864811
0 0.49140625 0.24552683896620278 0.009895833333333333 0.017892644135188866
0 0.7604166666666666 0.24950298210735586 0.013541666666666667 0.02186878727634195
0 0.9104166666666667 0.2554671968190855 0.025 0.02584493041749503
0 0.3658854166666667 0.2504970178926441 0.021354166666666667 0.017892644135188866
0 0.6408854166666667 0.24900596421471172 0.0109375 0.010934393638170975
0 0.45390625 0.26192842942345923 0.0078125 0.02882703777335984
0 0.73046875 0.2788270377733598 0.011979166666666667 0.0268389662027833
0 0.3770833333333333 0.28330019880715707 0.028125 0.03578528827037773
0 0.9752604166666666 0.279324055666004 0.009895833333333333 0.015904572564612324
0 0.23854166666666668 0.28926441351888665 0.007291666666666667 0.033797216699801194
0 0.22135416666666666 0.2907554671968191 0.010416666666666666 0.030815109343936383
0 0.8390625 0.30318091451292245 0.014583333333333334 0.05168986083499006
0 0.62421875 0.2982107355864811 0.011979166666666667 0.03777335984095427
0 0.07916666666666666 0.29025844930417494 0.022916666666666665 0.02186878727634195
0 0.865625 0.29970178926441354 0.021875 0.03479125248508946
0 0.93984375 0.31262425447316106 0.018229166666666668 0.042743538767395624
0 0.17135416666666667 0.3106361829025845 0.008333333333333333 0.03876739562624255
0 0.21588541666666666 0.3195825049701789 0.0109375 0.02882703777335984
0 0.7002604166666667 0.3195825049701789 0.005729166666666666 0.012922465208747515
0 0.3653645833333333 0.33697813121272363 0.0171875 0.03777335984095427
0 0.49713541666666666 0.33548707753479123 0.013020833333333334 0.02485089463220676
0 0.009375 0.3379721669980119 0.017708333333333333 0.027833001988071572
0 0.16614583333333333 0.3503976143141153 0.021875 0.04671968190854871
0 0.709375 0.3374751491053678 0.007291666666666667 0.016898608349900597
0 0.9046875 0.3513916500994036 0.014583333333333334 0.036779324055666
0 0.93046875 0.35834990059642147 0.0140625 0.036779324055666
0 0.8815104166666666 0.3687872763419483 0.0203125 0.02584493041749503
0 0.8575520833333333 0.3643141153081511 0.022395833333333334 0.016898608349900597
0 0.8208333333333333 0.37226640159045726 0.015625 0.032803180914512925
0 0.55234375 0.3926441351888668 0.0109375 0.03777335984095427
0 0.478125 0.40755467196819084 0.013541666666666667 0.04771371769383698
0 0.75234375 0.40755467196819084 0.016145833333333335 0.0437375745526839
0 0.9854166666666667 0.3961232604373757 0.01875 0.018886679920477135
0 0.41015625 0.41998011928429424 0.0067708333333333336 0.03876739562624255
0 0.9125 0.42147117296222664 0.025 0.033797216699801194
0 0.028385416666666666 0.4363817097415507 0.019270833333333334 0.041749502982107355
0 0.79765625 0.42992047713717696 0.0109375 0.02485089463220676
0 0.006510416666666667 0.42992047713717696 0.011979166666666667 0.02286282306163022
0 0.4981770833333333 0.4383697813121272 0.0067708333333333336 0.033797216699801194
0 0.82421875 0.4383697813121272 0.005729166666666666 0.02385685884691849
0 0.7333333333333333 0.4398608349900596 0.0125 0.0268389662027833
0 0.5627604166666667 0.45029821073558646 0.0203125 0.04771371769383698
0 0.5786458333333333 0.4388667992047714 0.00625 0.018886679920477135
0 0.6424479166666667 0.4403578528827038 0.0067708333333333336 0.015904572564612324
0 0.7651041666666667 0.45825049701789267 0.011458333333333333 0.015904572564612324
0 0.5080729166666667 0.48061630218687873 0.013020833333333334 0.040755467196819085
0 0.4940104166666667 0.4761431411530815 0.008854166666666666 0.027833001988071572
0 0.65625 0.470675944333996 0.010416666666666666 0.012922465208747515
0 0.7033854166666667 0.474155069582505 0.009895833333333333 0.015904572564612324
0 0.24270833333333333 0.4761431411530815 0.014583333333333334 0.019880715705765408
0 0.2640625 0.47514910536779326 0.01875 0.013916500994035786
0 0.72890625 0.4761431411530815 0.013020833333333334 0.011928429423459244
0 0.53203125 0.4831013916500994 0.0109375 0.02385685884691849
0 0.41380208333333335 0.4865805168986084 0.0171875 0.020874751491053677
0 0.59296875 0.4860834990059642 0.013020833333333334 0.015904572564612324
0 0.6729166666666667 0.4860834990059642 0.0125 0.011928429423459244
0 0.6388020833333333 0.49055666003976145 0.011979166666666667 0.008946322067594433
0 0.5729166666666666 0.5034791252485089 0.0125 0.020874751491053677
0 0.6588541666666666 0.5094433399602386 0.010416666666666666 0.030815109343936383
0 0.64453125 0.5124254473161034 0.013020833333333334 0.030815109343936383
0 0.7138020833333333 0.5134194831013916 0.013020833333333334 0.02882703777335984
0 0.7315104166666667 0.5064612326043738 0.009895833333333333 0.010934393638170975
0 0.8875 0.5193836978131213 0.022916666666666665 0.02882703777335984
0 0.7416666666666667 0.5114314115308151 0.007291666666666667 0.010934393638170975
0 0.4140625 0.5308151093439364 0.011458333333333333 0.041749502982107355
0 0.5502604166666667 0.540258449304175 0.009895833333333333 0.032803180914512925
0 0.9859375 0.5541749502982107 0.020833333333333332 0.04473161033797217
0 0.6614583333333334 0.5556660039761432 0.023958333333333335 0.04572564612326044
0 0.4578125 0.5377733598409543 0.007291666666666667 0.011928429423459244
0 0.5651041666666666 0.5447316103379721 0.014583333333333334 0.02186878727634195
0 0.63046875 0.5487077534791253 0.009895833333333333 0.019880715705765408
0 0.9518229166666666 0.5596421471172962 0.024479166666666666 0.039761431411530816
0 0.3953125 0.5591451292246521 0.011458333333333333 0.03876739562624255
0 0.19557291666666668 0.55168986083499 0.019270833333333334 0.02385685884691849
0 0.5869791666666667 0.5492047713717694 0.008333333333333333 0.012922465208747515
0 0.7611979166666667 0.5611332007952287 0.0203125 0.020874751491053677
0 0.6171875 0.5695825049701789 0.009375 0.033797216699801194
0 0.3182291666666667 0.5606361829025845 0.020833333333333332 0.011928429423459244
0 0.80390625 0.5745526838966203 0.008854166666666666 0.033797216699801194
0 0.6390625 0.5685884691848907 0.00625 0.015904572564612324
0 0.8625 0.6008946322067594 0.01875 0.048707753479125246
0 0.5770833333333333 0.5834990059642147 0.008333333333333333 0.013916500994035786
0 0.6591145833333333 0.5869781312127237 0.0078125 0.008946322067594433
0 0.56328125 0.6038767395626242 0.008854166666666666 0.014910536779324055
0 0.7518229166666667 0.6222664015904572 0.024479166666666666 0.041749502982107355
0 0.27760416666666665 0.610337972166998 0.017708333333333333 0.017892644135188866
0 0.7263020833333333 0.6148111332007953 0.0078125 0.012922465208747515
0 0.24869791666666666 0.6277335984095428 0.011979166666666667 0.020874751491053677
0 0.58515625 0.6386679920477137 0.021354166666666667 0.036779324055666
0 0.33515625 0.6366799204771372 0.0140625 0.02485089463220676
0 0.48411458333333335 0.643141153081511 0.011979166666666667 0.03180914512922465
0 0.5557291666666667 0.639662027833002 0.007291666666666667 0.020874751491053677
0 0.6911458333333333 0.6446322067594433 0.01875 0.02485089463220676
0 0.10260416666666666 0.6595427435387674 0.020833333333333332 0.0268389662027833
0 0.715625 0.6694831013916501 0.022916666666666665 0.016898608349900597
0 0.6830729166666667 0.6809145129224652 0.013020833333333334 0.02982107355864811
0 0.9942708333333333 0.6848906560636183 0.011458333333333333 0.03578528827037773
0 0.75625 0.6848906560636183 0.013541666666666667 0.017892644135188866
0 0.23072916666666668 0.6918489065606361 0.016666666666666666 0.03180914512922465
0 0.41848958333333336 0.6863817097415507 0.0140625 0.018886679920477135
0 0.8526041666666667 0.7002982107355865 0.009375 0.030815109343936383
0 0.7716145833333333 0.694831013916501 0.0067708333333333336 0.013916500994035786
0 0.47630208333333335 0.7162027833001988 0.0140625 0.02485089463220676
0 0.61796875 0.7231610337972167 0.0265625 0.032803180914512925
0 0.5473958333333333 0.7375745526838966 0.020833333333333332 0.0437375745526839
0 0.9953125 0.7286282306163022 0.009375 0.02385685884691849
0 0.5778645833333333 0.7365805168986084 0.016145833333333335 0.019880715705765408
0 0.48333333333333334 0.7370775347912525 0.0125 0.018886679920477135
0 0.40260416666666665 0.7370775347912525 0.023958333333333335 0.018886679920477135
0 0.038802083333333334 0.742544731610338 0.021354166666666667 0.03180914512922465
0 0.8130208333333333 0.7415506958250497 0.022916666666666665 0.02385685884691849
0 0.9895833333333334 0.7728628230616302 0.020833333333333332 0.042743538767395624
0 0.5723958333333333 0.7599403578528827 0.011458333333333333 0.016898608349900597
0 0.7325520833333333 0.7783300198807157 0.03177083333333333 0.04771371769383698
0 0.6625 0.7688866799204771 0.015625 0.020874751491053677
0 0.30182291666666666 0.7833001988071571 0.009895833333333333 0.041749502982107355
0 0.7533854166666667 0.7808151093439364 0.016145833333333335 0.030815109343936383
0 0.6893229166666667 0.7887673956262425 0.0109375 0.02882703777335984
0 0.9072916666666667 0.8026838966202783 0.014583333333333334 0.05268389662027833
0 0.3966145833333333 0.8046719681908548 0.019270833333333334 0.030815109343936383
0 0.6791666666666667 0.8061630218687873 0.01875 0.02186878727634195
0 0.7153645833333333 0.8180914512922465 0.0067708333333333336 0.033797216699801194
0 0.6625 0.8136182902584493 0.010416666666666666 0.02485089463220676
0 0.47708333333333336 0.8111332007952287 0.013541666666666667 0.013916500994035786
0 0.7606770833333333 0.812624254473161 0.0067708333333333336 0.010934393638170975
0 0.7005208333333334 0.8245526838966203 0.008333333333333333 0.032803180914512925
0 0.9817708333333334 0.8190854870775348 0.014583333333333334 0.017892644135188866
0 0.1203125 0.8255467196819085 0.01875 0.030815109343936383
0 0.5877604166666667 0.831013916500994 0.008854166666666666 0.02385685884691849
0 0.6122395833333333 0.8300198807157058 0.0140625 0.011928429423459244
0 0.47161458333333334 0.8339960238568589 0.019270833333333334 0.017892644135188866
0 0.7690104166666667 0.8563618290258449 0.015104166666666667 0.06063618290258449
0 0.5598958333333334 0.8578528827037774 0.008333333333333333 0.03180914512922465
0 0.6583333333333333 0.8613320079522863 0.010416666666666666 0.02485089463220676
0 0.27421875 0.8613320079522863 0.019270833333333334 0.02485089463220676
0 0.4734375 0.8807157057654076 0.0125 0.05964214711729622
0 0.415625 0.8817097415506958 0.027083333333333334 0.061630218687872766
0 0.6096354166666667 0.871272365805169 0.0171875 0.02286282306163022
0 0.3098958333333333 0.8732604373757455 0.022916666666666665 0.02485089463220676
0 0.5859375 0.8732604373757455 0.015625 0.02286282306163022
0 0.51328125 0.878727634194831 0.018229166666666668 0.02186878727634195
0 0.8854166666666666 0.8757455268389662 0.019791666666666666 0.011928429423459244
0 0.5846354166666666 0.9020874751491054 0.0265625 0.05069582504970179
0 0.49322916666666666 0.9095427435387674 0.014583333333333334 0.05168986083499006
0 0.89296875 0.9140159045725647 0.015104166666666667 0.036779324055666
0 0.07994791666666666 0.9135188866799204 0.015104166666666667 0.033797216699801194
0 0.7348958333333333 0.9169980119284294 0.007291666666666667 0.032803180914512925
0 0.5645833333333333 0.9179920477137177 0.009375 0.014910536779324055
0 0.5151041666666667 0.9363817097415507 0.01875 0.04771371769383698
0 0.6291666666666667 0.93389662027833 0.010416666666666666 0.03479125248508946
0 0.8614583333333333 0.9343936381709742 0.016666666666666666 0.033797216699801194
0 0.6067708333333334 0.9567594433399602 0.021875 0.07256461232604373
0 0.8234375 0.9343936381709742 0.014583333333333334 0.02385685884691849
0 0.5403645833333334 0.9473161033797217 0.009895833333333333 0.03578528827037773
0 0.7549479166666667 0.9478131212723658 0.0078125 0.020874751491053677
0 0.57265625 0.974155069582505 0.0078125 0.041749502982107355
0 0.47578125 0.9761431411530815 0.034895833333333334 0.03777335984095427
0 0.7643229166666666 0.9726640159045725 0.0109375 0.02485089463220676
0 0.07421875 0.9835984095427436 0.030729166666666665 0.02286282306163022