0 0.24322916666666666 0.005964214711729622 0.00625 0.011928429423459244
0 0.21510416666666668 0.020377733598409543 0.016666666666666666 0.040755467196819085
0 0.5302083333333333 0.03777335984095427 0.017708333333333333 0.02385685884691849
0 0.3020833333333333 0.04920477137176938 0.0125 0.0268389662027833
0 0.28229166666666666 0.07107355864811134 0.008333333333333333 0.042743538767395624
0 0.31015625 0.07952286282306163 0.009895833333333333 0.027833001988071572
0 0.2578125 0.08449304174950298 0.008333333333333333 0.02584493041749503
0 0.48020833333333335 0.09990059642147117 0.015625 0.012922465208747515
0 0.8067708333333333 0.11282306163021869 0.0125 0.032803180914512925
0 0.76796875 0.11580516898608349 0.0078125 0.02485089463220676
0 0.3690104166666667 0.147117296222664 0.016145833333333335 0.015904572564612324
0 0.3533854166666667 0.1779324055666004 0.016145833333333335 0.019880715705765408
0 0.3111979166666667 0.1833996023856859 0.0067708333333333336 0.02286282306163022
0 0.17369791666666667 0.19383697813121273 0.019270833333333334 0.02584493041749503
0 0.7479166666666667 0.19681908548707752 0.022916666666666665 0.013916500994035786
0 0.44453125 0.2216699801192843 0.021354166666666667 0.033797216699801194
0 0.4114583333333333 0.2301192842942346 0.0125 0.016898608349900597
0 0.6322916666666667 0.25497017892644136 0.009375 0.036779324055666
0 0.91171875 0.25198807157057657 0.011979166666666667 0.0268389662027833
0 0.31953125 0.25745526838966204 0.019270833333333334 0.039761431411530816
0 0.35494791666666664 0.2738568588469185 0.011979166666666667 0.040755467196819085
0 0.42604166666666665 0.27485089463220674 0.015625 0.02286282306163022
0 0.8963541666666667 0.31262425447316106 0.0125 0.016898608349900597
0 0.20130208333333333 0.34393638170974156 0.019270833333333334 0.041749502982107355
0 0.4557291666666667 0.33300198807157055 0.008333333333333333 0.009940357852882704
0 0.4973958333333333 0.3394632206759443 0.009375 0.018886679920477135
0 0.0049479166666666664 0.36133200795228626 0.008854166666666666 0.016898608349900597
0 0.6315104166666666 0.39214711729622265 0.018229166666666668 0.02286282306163022
0 0.8276041666666667 0.4000994035785288 0.014583333333333334 0.02485089463220676
0 0.40078125 0.3976143141153082 0.008854166666666666 0.017892644135188866
0 0.5684895833333333 0.43687872763419483 0.008854166666666666 0.02485089463220676
0 0.48723958333333334 0.44433399602385687 0.011979166666666667 0.02385685884691849
0 0.3424479166666667 0.452286282306163 0.008854166666666666 0.02186878727634195
0 0.30234375 0.46322067594433397 0.009895833333333333 0.03180914512922465
0 0.4278645833333333 0.4831013916500994 0.013020833333333334 0.027833001988071572
0 0.5979166666666667 0.48061630218687873 0.014583333333333334 0.018886679920477135
0 0.6598958333333333 0.4975149105367793 0.0125 0.020874751491053677
0 0.4583333333333333 0.5188866799204771 0.007291666666666667 0.02186878727634195
0 0.5872395833333334 0.5278330019880716 0.015104166666666667 0.02385685884691849
0 0.09869791666666666 0.5427435387673957 0.008854166666666666 0.039761431411530816
0 0.428125 0.5337972166998012 0.014583333333333334 0.009940357852882704
0 0.49583333333333335 0.5452286282306164 0.019791666666666666 0.02485089463220676
0 0.43203125 0.5521868787276342 0.013020833333333334 0.008946322067594433
0 0.34270833333333334 0.5914512922465208 0.021875 0.039761431411530816
0 0.3575520833333333 0.6148111332007953 0.019270833333333334 0.04671968190854871
0 0.45078125 0.6153081510934394 0.009895833333333333 0.02385685884691849
0 0.05182291666666667 0.6346918489065606 0.018229166666666668 0.02882703777335984
0 0.3802083333333333 0.6366799204771372 0.007291666666666667 0.020874751491053677
0 0.7796875 0.6714711729622267 0.020833333333333332 0.0268389662027833
0 0.45338541666666665 0.6630218687872763 0.009895833333333333 0.011928429423459244
0 0.34036458333333336 0.668986083499006 0.016145833333333335 0.011928429423459244
0 0.421875 0.6923459244532804 0.00625 0.02882703777335984
0 0.6466145833333333 0.6883697813121272 0.015104166666666667 0.018886679920477135
0 0.6080729166666666 0.7017892644135189 0.008854166666666666 0.02385685884691849
0 0.32760416666666664 0.7122266401590457 0.004166666666666667 0.020874751491053677
0 0.34921875 0.7211729622266402 0.011979166666666667 0.0268389662027833
0 0.7424479166666667 0.7226640159045725 0.013020833333333334 0.011928429423459244
0 0.3125 0.7335984095427436 0.013541666666666667 0.033797216699801194
0 0.38828125 0.7335984095427436 0.0109375 0.015904572564612324
0 0.17291666666666666 0.73558648111332 0.014583333333333334 0.02186878727634195
0 0.3723958333333333 0.7415506958250497 0.014583333333333334 0.019880715705765408
0 0.58125 0.7524850894632207 0.013541666666666667 0.02385685884691849
0 0.44583333333333336 0.7693836978131213 0.017708333333333333 0.033797216699801194
0 0.68125 0.7793240556660039 0.009375 0.03180914512922465
0 0.47291666666666665 0.7743538767395626 0.011458333333333333 0.009940357852882704
0 0.51484375 0.7808151093439364 0.0140625 0.020874751491053677
0 0.7088541666666667 0.7852882703777336 0.007291666666666667 0.02385685884691849
0 0.09166666666666666 0.8290258449304175 0.015625 0.03578528827037773
0 0.6989583333333333 0.8280318091451292 0.014583333333333334 0.02186878727634195
0 0.55546875 0.8508946322067594 0.015104166666666667 0.039761431411530816
0 0.5234375 0.8464214711729622 0.00625 0.032803180914512925
0 0.5377604166666666 0.8628230616302187 0.008854166666666666 0.041749502982107355
0 0.20859375 0.8583499005964215 0.0078125 0.032803180914512925
0 0.35989583333333336 0.8682902584493042 0.010416666666666666 0.02882703777335984
0 0.19479166666666667 0.8687872763419483 0.007291666666666667 0.02982107355864811
0 0.11744791666666667 0.9065606361829026 0.018229166666666668 0.02186878727634195
0 0.65546875 0.9254473161033797 0.016145833333333335 0.02982107355864811
0 0.4466145833333333 0.929920477137177 0.008854166666666666 0.032803180914512925
0 0.19505208333333332 0.9294234592445328 0.022395833333333334 0.019880715705765408
0 0.6236979166666666 0.9736580516898609 0.0078125 0.03876739562624255
0 0.36822916666666666 0.9721669980119284 0.017708333333333333 0.019880715705765408
0 0.5958333333333333 0.9761431411530815 0.026041666666666668 0.017892644135188866