0 0.096875 0.007455268389662028 0.009375 0.014910536779324055
0 0.24791666666666667 0.026341948310139165 0.01875 0.012922465208747515
0 0.39114583333333336 0.03827037773359841 0.0125 0.0268389662027833
0 0.33932291666666664 0.06660039761431412 0.016145833333333335 0.027833001988071572
0 0.5192708333333333 0.06262425447316103 0.023958333333333335 0.017892644135188866
0 0.4734375 0.07157057654075547 0.017708333333333333 0.015904572564612324
0 0.6096354166666667 0.08548707753479125 0.0078125 0.039761431411530816
0 0.33046875 0.08349900596421471 0.0078125 0.02385685884691849
0 0.2828125 0.08648111332007952 0.014583333333333334 0.02584493041749503
0 0.3028645833333333 0.09642147117296222 0.013020833333333334 0.02385685884691849
0 0.2390625 0.10487077534791253 0.010416666666666666 0.036779324055666
0 0.87734375 0.10437375745526839 0.011979166666666667 0.033797216699801194
0 0.16276041666666666 0.10437375745526839 0.0109375 0.013916500994035786
0 0.5236979166666667 0.10984095427435388 0.015104166666666667 0.02485089463220676
0 0.15026041666666667 0.10834990059642147 0.009895833333333333 0.015904572564612324
0 0.24713541666666666 0.11829025844930417 0.0109375 0.015904572564612324
0 0.4734375 0.1327037773359841 0.008333333333333333 0.03876739562624255
0 0.42864583333333334 0.13220675944333996 0.013541666666666667 0.009940357852882704
0 0.6700520833333333 0.14612326043737575 0.0203125 0.033797216699801194
0 0.3729166666666667 0.13916500994035785 0.022916666666666665 0.017892644135188866
0 0.4625 0.16600397614314116 0.009375 0.027833001988071572
0 0.14166666666666666 0.1625248508946322 0.017708333333333333 0.016898608349900597
0 0.06041666666666667 0.1749502982107356 0.017708333333333333 0.02982107355864811
0 0.37578125 0.1754473161033797 0.018229166666666668 0.014910536779324055
0 0.47682291666666665 0.18588469184890655 0.008854166666666666 0.033797216699801194
0 0.090625 0.20526838966202784 0.01875 0.06063618290258449
0 0.7276041666666667 0.1918489065606362 0.011458333333333333 0.02385685884691849
0 0.43255208333333334 0.19383697813121273 0.016145833333333335 0.02186878727634195
0 0.60390625 0.20874751491053678 0.0203125 0.02186878727634195
0 0.40963541666666664 0.2355864811133201 0.0067708333333333336 0.041749502982107355
0 0.3736979166666667 0.24602385685884692 0.0234375 0.0268389662027833
0 0.45625 0.2654075546719682 0.03229166666666667 0.0437375745526839
0 0.08776041666666666 0.27335984095427435 0.016145833333333335 0.04771371769383698
0 0.5450520833333333 0.2668986083499006 0.0171875 0.020874751491053677
0 0.23020833333333332 0.27485089463220674 0.009375 0.030815109343936383
0 0.12526041666666668 0.2768389662027833 0.0140625 0.02882703777335984
0 0.04739583333333333 0.2808151093439364 0.020833333333333332 0.02286282306163022
0 0.4356770833333333 0.2922465208747515 0.005729166666666666 0.0437375745526839
0 0.35052083333333334 0.2837972166998012 0.01875 0.02485089463220676
0 0.05807291666666667 0.3101391650099404 0.011979166666666667 0.02982107355864811
0 0.12994791666666666 0.31560636182902585 0.0109375 0.012922465208747515
0 0.37994791666666666 0.3205765407554672 0.021354166666666667 0.02286282306163022
0 0.20989583333333334 0.334493041749503 0.01875 0.03479125248508946
0 0.10989583333333333 0.36182902584493043 0.013541666666666667 0.0437375745526839
0 0.5661458333333333 0.3633200795228628 0.015625 0.008946322067594433
0 0.74296875 0.3836978131212724 0.016145833333333335 0.015904572564612324
0 0.7114583333333333 0.40506958250497016 0.007291666666666667 0.03479125248508946
0 0.86875 0.3976143141153082 0.014583333333333334 0.011928429423459244
0 0.17890625 0.40457256461232605 0.021354166666666667 0.02385685884691849
0 0.228125 0.4179920477137177 0.011458333333333333 0.016898608349900597
0 0.30182291666666666 0.4194831013916501 0.011979166666666667 0.013916500994035786
0 0.52109375 0.4209741550695825 0.0171875 0.008946322067594433
0 0.04010416666666667 0.43489065606361826 0.021875 0.030815109343936383
0 0.4296875 0.43439363817097415 0.010416666666666666 0.02385685884691849
0 0.5947916666666667 0.43290258449304175 0.009375 0.020874751491053677
0 0.2877604166666667 0.43339960238568587 0.008854166666666666 0.015904572564612324
0 0.21875 0.43737574552683894 0.009375 0.017892644135188866
0 0.6104166666666667 0.4403578528827038 0.014583333333333334 0.017892644135188866
0 0.9244791666666666 0.44681908548707755 0.011458333333333333 0.02286282306163022
0 0.35208333333333336 0.44781312127236583 0.025 0.020874751491053677
0 0.43802083333333336 0.4592445328031809 0.017708333333333333 0.02186878727634195
0 0.13802083333333334 0.4726640159045726 0.009375 0.03479125248508946
0 0.42604166666666665 0.47713717693836977 0.010416666666666666 0.03180914512922465
0 0.63515625 0.47664015904572565 0.0078125 0.018886679920477135
0 0.23463541666666668 0.4821073558648111 0.015104166666666667 0.02385685884691849
0 0.018229166666666668 0.5029821073558648 0.03125 0.039761431411530816
0 0.24453125 0.5119284294234593 0.0265625 0.039761431411530816
0 0.17760416666666667 0.5168986083499006 0.020833333333333332 0.03777335984095427
0 0.20026041666666666 0.5293240556660039 0.0234375 0.06063618290258449
0 0.40677083333333336 0.5333001988071571 0.01875 0.05467196819085487
0 0.48125 0.5248508946322068 0.022916666666666665 0.03180914512922465
0 0.4239583333333333 0.5283300198807157 0.007291666666666667 0.020874751491053677
0 0.14557291666666666 0.5352882703777336 0.013020833333333334 0.02286282306163022
0 0.45416666666666666 0.5412524850894632 0.008333333333333333 0.020874751491053677
0 0.5174479166666667 0.540258449304175 0.0265625 0.018886679920477135
0 0.21822916666666667 0.5571570576540755 0.019791666666666666 0.020874751491053677
0 0.33177083333333335 0.5581510934393639 0.015625 0.016898608349900597
0 0.16171875 0.5690854870775348 0.04635416666666667 0.02485089463220676
0 0.55 0.5680914512922465 0.0125 0.02485089463220676
0 0.20364583333333333 0.584493041749503 0.008333333333333333 0.027833001988071572
0 0.7192708333333333 0.5859840954274353 0.017708333333333333 0.030815109343936383
0 0.2984375 0.591948310139165 0.014583333333333334 0.036779324055666
0 0.44375 0.5939363817097415 0.014583333333333334 0.02286282306163022
0 0.26510416666666664 0.6018886679920478 0.009375 0.036779324055666
0 0.23854166666666668 0.5989065606361829 0.01875 0.02485089463220676
0 0.3690104166666667 0.5964214711729622 0.011979166666666667 0.019880715705765408
0 0.340625 0.6123260437375746 0.020833333333333332 0.04970178926441352
0 0.42083333333333334 0.6063618290258449 0.017708333333333333 0.02982107355864811
0 0.3106770833333333 0.6177932405566601 0.022395833333333334 0.042743538767395624
0 0.38359375 0.6078528827037774 0.0140625 0.02286282306163022
0 0.5682291666666667 0.6123260437375746 0.005208333333333333 0.019880715705765408
0 0.4348958333333333 0.6411530815109344 0.005208333333333333 0.02982107355864811
0 0.09088541666666666 0.6496023856858847 0.021354166666666667 0.032803180914512925
0 0.5846354166666666 0.6426441351888668 0.016145833333333335 0.008946322067594433
0 0.5104166666666666 0.6660039761431411 0.008333333333333333 0.02385685884691849
0 0.49661458333333336 0.6759443339960238 0.0078125 0.02186878727634195
0 0.434375 0.6744532803180915 0.01875 0.014910536779324055
0 0.6010416666666667 0.6809145129224652 0.016666666666666666 0.027833001988071572
0 0.31588541666666664 0.6754473161033797 0.019270833333333334 0.012922465208747515
0 0.39453125 0.6908548707753479 0.0109375 0.03578528827037773
0 0.621875 0.6998011928429424 0.019791666666666666 0.039761431411530816
0 0.45286458333333335 0.69831013916501 0.024479166666666666 0.018886679920477135
0 0.07760416666666667 0.7002982107355865 0.011458333333333333 0.016898608349900597
0 0.46145833333333336 0.7266401590457257 0.00625 0.027833001988071572
0 0.6434895833333333 0.7455268389662028 0.028645833333333332 0.041749502982107355
0 0.5893229166666667 0.7455268389662028 0.0067708333333333336 0.033797216699801194
0 0.42161458333333335 0.7475149105367793 0.013020833333333334 0.02385685884691849
0 0.16927083333333334 0.7529821073558648 0.01875 0.0268389662027833
0 0.07447916666666667 0.7688866799204771 0.021875 0.02882703777335984
0 0.2760416666666667 0.7768389662027833 0.0125 0.030815109343936383
0 0.11067708333333333 0.7713717693836978 0.008854166666666666 0.015904572564612324
0 0.4122395833333333 0.7723658051689861 0.0078125 0.017892644135188866
0 0.10338541666666666 0.7972166998011928 0.018229166666666668 0.02584493041749503
0 0.5791666666666667 0.7947316103379721 0.007291666666666667 0.016898608349900597
0 0.5010416666666667 0.8031809145129225 0.010416666666666666 0.02982107355864811
0 0.36614583333333334 0.8001988071570576 0.00625 0.017892644135188866
0 0.62734375 0.808648111332008 0.0078125 0.036779324055666
0 0.5596354166666667 0.8205765407554672 0.0067708333333333336 0.03479125248508946
0 0.07005208333333333 0.8131212723658051 0.008854166666666666 0.011928429423459244
0 0.5755208333333334 0.8225646123260437 0.008333333333333333 0.010934393638170975
0 0.05911458333333333 0.8474155069582505 0.021354166666666667 0.03479125248508946
0 0.12552083333333333 0.8404572564612326 0.008333333333333333 0.016898608349900597
0 0.2989583333333333 0.8613320079522863 0.01875 0.032803180914512925
0 0.421875 0.8633200795228628 0.010416666666666666 0.030815109343936383
0 0.27760416666666665 0.8707753479125249 0.01875 0.033797216699801194
0 0.041666666666666664 0.8697813121272365 0.014583333333333334 0.027833001988071572
0 0.44166666666666665 0.8851888667992047 0.019791666666666666 0.014910536779324055
0 0.2140625 0.9105367793240556 0.01875 0.041749502982107355
0 0.35546875 0.9145129224652088 0.008854166666666666 0.039761431411530816
0 0.7682291666666666 0.9055666003976143 0.0125 0.02385685884691849
0 0.8296875 0.9140159045725647 0.015625 0.02485089463220676
0 0.1078125 0.9130218687872763 0.007291666666666667 0.016898608349900597
0 0.16328125 0.9403578528827038 0.018229166666666668 0.019880715705765408
0 0.6354166666666666 0.9393638170974155 0.011458333333333333 0.017892644135188866
0 0.6567708333333333 0.9383697813121272 0.016666666666666666 0.017892644135188866
0 0.06067708333333333 0.9428429423459245 0.011979166666666667 0.020874751491053677
0 0.275 0.9383697813121272 0.019791666666666666 0.013916500994035786
0 0.44869791666666664 0.9428429423459245 0.019270833333333334 0.02286282306163022
0 0.9325520833333333 0.9532803180914513 0.0234375 0.02584493041749503
0 0.06796875 0.9498011928429424 0.008854166666666666 0.014910536779324055
0 0.7588541666666667 0.9676938369781312 0.015625 0.010934393638170975
0 0.16015625 0.981610337972167 0.0140625 0.03479125248508946
0 0.4671875 0.9875745526838966 0.014583333333333334 0.02286282306163022
0 0.7143229166666667 0.9900596421471173 0.0203125 0.017892644135188866
0 0.290625 0.9935387673956262 0.010416666666666666 0.010934393638170975