0 0.70703125 0.014910536779324055 0.0140625 0.02584493041749503
0 0.07395833333333333 0.030318091451292245 0.0125 0.05268389662027833
0 0.6223958333333334 0.045228628230616304 0.014583333333333334 0.018886679920477135
0 0.35651041666666666 0.05069582504970179 0.015104166666666667 0.019880715705765408
0 0.05234375 0.061630218687872766 0.011979166666666667 0.03777335984095427
0 0.48333333333333334 0.07852882703777336 0.008333333333333333 0.03180914512922465
0 0.46067708333333335 0.07306163021868788 0.005729166666666666 0.012922465208747515
0 0.428125 0.10685884691848907 0.007291666666666667 0.036779324055666
0 0.6713541666666667 0.1058648111332008 0.010416666666666666 0.02882703777335984
0 0.1671875 0.12226640159045726 0.013541666666666667 0.041749502982107355
0 0.51875 0.11878727634194831 0.005208333333333333 0.030815109343936383
0 0.5895833333333333 0.12276341948310139 0.008333333333333333 0.032803180914512925
0 0.4583333333333333 0.12027833001988071 0.0125 0.011928429423459244
0 0.71015625 0.13568588469184892 0.013020833333333334 0.014910536779324055
0 0.99375 0.14910536779324055 0.0125 0.017892644135188866
0 0.6286458333333333 0.16053677932405566 0.008333333333333333 0.032803180914512925
0 0.8041666666666667 0.17047713717693838 0.0125 0.016898608349900597
0 0.24088541666666666 0.18091451292246521 0.0078125 0.02385685884691849
0 0.22239583333333332 0.19582504970178927 0.008333333333333333 0.033797216699801194
0 0.6315104166666666 0.2062624254473161 0.009895833333333333 0.02286282306163022
0 0.42552083333333335 0.22266401590457258 0.025 0.013916500994035786
0 0.6760416666666667 0.24105367793240556 0.013541666666666667 0.036779324055666
0 0.17526041666666667 0.27286282306163023 0.011979166666666667 0.042743538767395624
0 0.46588541666666666 0.27286282306163023 0.011979166666666667 0.010934393638170975
0 0.49609375 0.2808151093439364 0.015104166666666667 0.012922465208747515
0 0.4125 0.279324055666004 0.013541666666666667 0.007952286282306162
0 0.396875 0.2932405566600398 0.00625 0.03180914512922465
0 0.00390625 0.29025844930417494 0.0067708333333333336 0.02584493041749503
0 0.6049479166666667 0.29970178926441354 0.0078125 0.030815109343936383
0 0.6846354166666667 0.31610337972166996 0.0171875 0.04572564612326044
0 0.19010416666666666 0.3091451292246521 0.007291666666666667 0.011928429423459244
0 0.20703125 0.3121272365805169 0.018229166666666668 0.013916500994035786
0 0.66171875 0.3220675944333996 0.013020833333333334 0.02186878727634195
0 0.5330729166666667 0.3220675944333996 0.0140625 0.017892644135188866
0 0.053125 0.32703777335984097 0.0125 0.02186878727634195
0 0.7390625 0.3265407554671968 0.010416666666666666 0.010934393638170975
0 0.43776041666666665 0.334493041749503 0.013020833333333334 0.016898608349900597
0 0.8145833333333333 0.35834990059642147 0.014583333333333334 0.02485089463220676
0 0.20625 0.3523856858846918 0.008333333333333333 0.010934393638170975
0 0.10859375 0.3558648111332008 0.013020833333333334 0.017892644135188866
0 0.9653645833333333 0.371272365805169 0.0078125 0.032803180914512925
0 0.2638020833333333 0.3702783300198807 0.013020833333333334 0.008946322067594433
0 0.73359375 0.37673956262425445 0.008854166666666666 0.015904572564612324
0 0.48776041666666664 0.39015904572564614 0.009895833333333333 0.036779324055666
0 0.5111979166666667 0.40357852882703776 0.0109375 0.02186878727634195
0 0.5807291666666666 0.4115308151093439 0.023958333333333335 0.015904572564612324
0 0.5229166666666667 0.4284294234592445 0.00625 0.03578528827037773
0 0.6216145833333333 0.43240556660039764 0.008854166666666666 0.019880715705765408
0 0.05807291666666667 0.441351888667992 0.0140625 0.02584493041749503
0 0.17057291666666666 0.4463220675944334 0.0109375 0.02584493041749503
0 0.47265625 0.44731610337972166 0.013020833333333334 0.013916500994035786
0 0.7158854166666667 0.45129224652087474 0.005729166666666666 0.015904572564612324
0 0.039322916666666666 0.46371769383697814 0.0109375 0.02286282306163022
0 0.49296875 0.46272365805168986 0.015104166666666667 0.016898608349900597
0 0.73984375 0.47564612326043737 0.009895833333333333 0.02485089463220676
0 0.48333333333333334 0.47713717693836977 0.011458333333333333 0.009940357852882704
0 0.7747395833333334 0.4835984095427435 0.011979166666666667 0.018886679920477135
0 0.234375 0.4985089463220676 0.023958333333333335 0.036779324055666
0 0.54453125 0.5 0.005729166666666666 0.027833001988071572
0 0.4278645833333333 0.5034791252485089 0.008854166666666666 0.03479125248508946
0 0.5838541666666667 0.5034791252485089 0.007291666666666667 0.02485089463220676
0 0.2546875 0.5034791252485089 0.013541666666666667 0.020874751491053677
0 0.46536458333333336 0.5049701789264414 0.0067708333333333336 0.017892644135188866
0 0.37161458333333336 0.5164015904572564 0.0203125 0.032803180914512925
0 0.011979166666666667 0.5188866799204771 0.022916666666666665 0.03180914512922465
0 0.35494791666666664 0.5119284294234593 0.0109375 0.015904572564612324
0 0.28541666666666665 0.5104373757455268 0.013541666666666667 0.012922465208747515
0 0.7364583333333333 0.5233598409542743 0.011458333333333333 0.02286282306163022
0 0.6015625 0.5198807157057654 0.011458333333333333 0.015904572564612324
0 0.6419270833333334 0.540258449304175 0.019270833333333334 0.05069582504970179
0 0.6856770833333333 0.5372763419483101 0.0067708333333333336 0.042743538767395624
0 0.5510416666666667 0.540258449304175 0.015625 0.02882703777335984
0 0.8432291666666667 0.5556660039761432 0.017708333333333333 0.03578528827037773
0 0.36614583333333334 0.5666003976143141 0.05 0.055666003976143144
0 0.38697916666666665 0.5457256461232605 0.013541666666666667 0.011928429423459244
0 0.671875 0.5497017892644135 0.008333333333333333 0.013916500994035786
0 0.02578125 0.5631212723658051 0.019270833333333334 0.036779324055666
0 0.5940104166666667 0.5506958250497018 0.016145833333333335 0.007952286282306162
0 0.5395833333333333 0.5675944333996024 0.022916666666666665 0.02385685884691849
0 0.6302083333333334 0.5765407554671969 0.005208333333333333 0.03180914512922465
0 0.8223958333333333 0.5705765407554672 0.014583333333333334 0.015904572564612324
0 0.5 0.5914512922465208 0.03125 0.0536779324055666
0 0.5190104166666667 0.5834990059642147 0.0203125 0.02982107355864811
0 0.41171875 0.5889662027833003 0.018229166666666668 0.02485089463220676
0 0.7614583333333333 0.584493041749503 0.016666666666666666 0.013916500994035786
0 0.7083333333333334 0.588469184890656 0.010416666666666666 0.02186878727634195
0 0.6091145833333333 0.5879721669980119 0.015104166666666667 0.018886679920477135
0 0.80703125 0.5934393638170974 0.0067708333333333336 0.027833001988071572
0 0.45546875 0.5924453280318092 0.0078125 0.02186878727634195
0 0.7846354166666667 0.5964214711729622 0.0171875 0.02385685884691849
0 0.2716145833333333 0.5949304174950298 0.0078125 0.016898608349900597
0 0.6002604166666666 0.5994035785288271 0.008854166666666666 0.02385685884691849
0 0.3645833333333333 0.5989065606361829 0.008333333333333333 0.02286282306163022
0 0.44609375 0.5989065606361829 0.009895833333333333 0.016898608349900597
0 0.83046875 0.6123260437375746 0.0109375 0.039761431411530816
0 0.5645833333333333 0.6073558648111332 0.014583333333333334 0.02186878727634195
0 0.6638020833333333 0.6043737574552683 0.009895833333333333 0.011928429423459244
0 0.7127604166666667 0.6257455268389662 0.0171875 0.032803180914512925
0 0.47239583333333335 0.6252485089463221 0.01875 0.02982107355864811
0 0.3028645833333333 0.6366799204771372 0.008854166666666666 0.042743538767395624
0 0.603125 0.6222664015904572 0.009375 0.009940357852882704
0 0.5854166666666667 0.6292246520874751 0.011458333333333333 0.02385685884691849
0 0.17578125 0.635685884691849 0.011979166666666667 0.032803180914512925
0 0.6658854166666667 0.6406560636182903 0.008854166666666666 0.0268389662027833
0 0.57265625 0.6336978131212724 0.0067708333333333336 0.012922465208747515
0 0.4947916666666667 0.6366799204771372 0.011458333333333333 0.014910536779324055
0 0.012239583333333333 0.6515904572564613 0.0234375 0.04473161033797217
0 0.60859375 0.6496023856858847 0.008854166666666666 0.018886679920477135
0 0.4049479166666667 0.6510934393638171 0.0109375 0.017892644135188866
0 0.5153645833333333 0.6555666003976143 0.0078125 0.018886679920477135
0 0.62421875 0.6620278330019881 0.0171875 0.027833001988071572
0 0.5322916666666667 0.6575546719681908 0.016666666666666666 0.020874751491053677
0 0.7520833333333333 0.6550695825049702 0.0125 0.009940357852882704
0 0.23098958333333333 0.6565606361829026 0.0109375 0.012922465208747515
0 0.57734375 0.6694831013916501 0.0140625 0.036779324055666
0 0.46848958333333335 0.6570576540755467 0.011979166666666667 0.011928429423459244
0 0.8932291666666666 0.6764413518886679 0.009375 0.03876739562624255
0 0.7986979166666667 0.6679920477137177 0.0203125 0.013916500994035786
0 0.5932291666666667 0.6754473161033797 0.004166666666666667 0.02286282306163022
0 0.4825520833333333 0.6978131212723658 0.015104166666666667 0.0636182902584493
0 0.5096354166666667 0.6769383697813122 0.0078125 0.013916500994035786
0 0.1296875 0.6888667992047713 0.008333333333333333 0.033797216699801194
0 0.07604166666666666 0.6829025844930418 0.010416666666666666 0.02186878727634195
0 0.7653645833333333 0.6888667992047713 0.0109375 0.02385685884691849
0 0.39505208333333336 0.6819085487077535 0.013020833333333334 0.007952286282306162
0 0.6244791666666667 0.6943339960238568 0.016666666666666666 0.030815109343936383
0 0.45260416666666664 0.6963220675944334 0.00625 0.020874751491053677
0 0.20182291666666666 0.7027833001988072 0.015104166666666667 0.02982107355864811
0 0.7854166666666667 0.709741550695825 0.007291666666666667 0.041749502982107355
0 0.5091145833333334 0.7092445328031809 0.025520833333333333 0.040755467196819085
0 0.3859375 0.7027833001988072 0.016666666666666666 0.017892644135188866
0 0.32317708333333334 0.6973161033797217 0.0140625 0.008946322067594433
0 0.023177083333333334 0.7142147117296223 0.015104166666666667 0.032803180914512925
0 0.41640625 0.7032803180914513 0.008854166666666666 0.008946322067594433
0 0.240625 0.7102385685884692 0.014583333333333334 0.016898608349900597
0 0.3421875 0.7166998011928429 0.0125 0.009940357852882704
0 0.7075520833333333 0.7226640159045725 0.005729166666666666 0.019880715705765408
0 0.6015625 0.7276341948310139 0.020833333333333332 0.02982107355864811
0 0.578125 0.7261431411530815 0.01875 0.02286282306163022
0 0.5494791666666666 0.7221669980119284 0.007291666666666667 0.014910536779324055
0 0.65859375 0.7331013916500994 0.0109375 0.0268389662027833
0 0.178125 0.7350894632206759 0.009375 0.020874751491053677
0 0.6296875 0.742544731610338 0.016666666666666666 0.02385685884691849
0 0.7403645833333333 0.742544731610338 0.015104166666666667 0.019880715705765408
0 0.19479166666666667 0.7460238568588469 0.011458333333333333 0.016898608349900597
0 0.54375 0.7480119284294234 0.005208333333333333 0.016898608349900597
0 0.7536458333333333 0.7579522862823062 0.013541666666666667 0.03479125248508946
0 0.5830729166666667 0.7559642147117296 0.008854166666666666 0.0268389662027833
0 0.5239583333333333 0.7594433399602386 0.023958333333333335 0.033797216699801194
0 0.4901041666666667 0.7529821073558648 0.015625 0.012922465208747515
0 0.64609375 0.7743538767395626 0.0140625 0.041749502982107355
0 0.30052083333333335 0.7783300198807157 0.023958333333333335 0.05168986083499006
0 0.7609375 0.7718687872763419 0.008333333333333333 0.02286282306163022
0 0.020833333333333332 0.7733598409542743 0.015625 0.02385685884691849
0 0.90859375 0.7773359840954275 0.0140625 0.02982107355864811
0 0.5723958333333333 0.7778330019880716 0.005208333333333333 0.02882703777335984
0 0.11822916666666666 0.7768389662027833 0.014583333333333334 0.02286282306163022
0 0.56015625 0.7972166998011928 0.0234375 0.061630218687872766
0 0.5278645833333333 0.7723658051689861 0.016145833333333335 0.009940357852882704
0 0.2520833333333333 0.7763419483101391 0.013541666666666667 0.009940357852882704
0 0.6192708333333333 0.786779324055666 0.004166666666666667 0.02286282306163022
0 0.6606770833333333 0.7912524850894632 0.0046875 0.02982107355864811
0 0.36692708333333335 0.80168986083499 0.024479166666666666 0.02882703777335984
0 0.91796875 0.8056660039761432 0.019270833333333334 0.030815109343936383
0 0.7559895833333333 0.8180914512922465 0.013020833333333334 0.03578528827037773
0 0.4666666666666667 0.8235586481113321 0.007291666666666667 0.036779324055666
0 0.7354166666666667 0.8235586481113321 0.008333333333333333 0.032803180914512925
0 0.5080729166666667 0.8240556660039762 0.0140625 0.02186878727634195
0 0.06770833333333333 0.8285288270377733 0.013541666666666667 0.030815109343936383
0 0.3263020833333333 0.8290258449304175 0.0078125 0.02385685884691849
0 0.6052083333333333 0.8354870775347912 0.00625 0.03479125248508946
0 0.5846354166666666 0.8320079522862823 0.008854166666666666 0.02584493041749503
0 0.19869791666666667 0.8305168986083499 0.0078125 0.018886679920477135
0 0.6234375 0.8464214711729622 0.00625 0.036779324055666
0 0.5651041666666666 0.8394632206759444 0.0125 0.020874751491053677
0 0.6494791666666667 0.8503976143141153 0.008333333333333333 0.03876739562624255
0 0.8106770833333333 0.8474155069582505 0.0109375 0.0268389662027833
0 0.45625 0.8459244532803181 0.004166666666666667 0.02385685884691849
0 0.38567708333333334 0.8459244532803181 0.019270833333333334 0.02385685884691849
0 0.8932291666666666 0.8469184890656064 0.008333333333333333 0.019880715705765408
0 0.7848958333333333 0.8434393638170974 0.015625 0.014910536779324055
0 0.6377604166666667 0.8558648111332008 0.0109375 0.02584493041749503
0 0.5127604166666667 0.8489065606361829 0.0140625 0.007952286282306162
0 0.3567708333333333 0.8628230616302187 0.014583333333333334 0.03777335984095427
0 0.19635416666666666 0.8513916500994035 0.008333333333333333 0.012922465208747515
0 0.17916666666666667 0.8667992047713717 0.009375 0.02982107355864811
0 0.5890625 0.8782306163021869 0.007291666666666667 0.042743538767395624
0 0.4479166666666667 0.8677932405566601 0.013541666666666667 0.017892644135188866
0 0.5213541666666667 0.8702783300198808 0.016666666666666666 0.014910536779324055
0 0.6885416666666667 0.8921471172962226 0.00625 0.016898608349900597
0 0.6325520833333333 0.8986083499005965 0.0140625 0.02186878727634195
0 0.5317708333333333 0.9040755467196819 0.010416666666666666 0.02485089463220676
0 0.6825520833333333 0.9095427435387674 0.0078125 0.02385685884691849
0 0.5669270833333333 0.9120278330019881 0.016145833333333335 0.02882703777335984
0 0.66015625 0.9140159045725647 0.013020833333333334 0.016898608349900597
0 0.7088541666666667 0.9314115308151093 0.011458333333333333 0.033797216699801194
0 0.3333333333333333 0.9259443339960238 0.007291666666666667 0.02485089463220676
0 0.059895833333333336 0.9264413518886679 0.013541666666666667 0.02584493041749503
0 0.3971354166666667 0.9284294234592445 0.0234375 0.013916500994035786
0 0.7513020833333334 0.9363817097415507 0.013020833333333334 0.019880715705765408
0 0.48046875 0.9473161033797217 0.0171875 0.041749502982107355
0 0.02890625 0.9468190854870775 0.013020833333333334 0.040755467196819085
0 0.8786458333333333 0.9453280318091452 0.01875 0.027833001988071572
0 0.41354166666666664 0.9378727634194831 0.008333333333333333 0.012922465208747515
0 0.8078125 0.9512922465208747 0.015625 0.02385685884691849
0 0.6434895833333333 0.9647117296222664 0.0140625 0.012922465208747515
0 0.50625 0.9711729622266402 0.019791666666666666 0.02584493041749503
0 0.7989583333333333 0.9731610337972167 0.014583333333333334 0.02186878727634195
0 0.4244791666666667 0.9865805168986084 0.00625 0.02485089463220676
0 0.4484375 0.9885685884691849 0.007291666666666667 0.020874751491053677
0 0.23828125 0.9850894632206759 0.011979166666666667 0.011928429423459244
0 0.030729166666666665 0.9895626242544732 0.01875 0.018886679920477135
0 0.5513020833333333 0.9865805168986084 0.0140625 0.008946322067594433
0 0.8768229166666667 0.9920477137176938 0.009895833333333333 0.013916500994035786