0 0.8278645833333333 0.0004970178926441351 0.028645833333333332 0.0009940357852882703
0 0.6479166666666667 0.010437375745526839 0.019791666666666666 0.020874751491053677
0 0.2046875 0.007952286282306162 0.009375 0.015904572564612324
0 0.008072916666666667 0.011928429423459244 0.015104166666666667 0.02385685884691849
0 0.18203125 0.015407554671968192 0.008854166666666666 0.020874751491053677
0 0.6958333333333333 0.024353876739562623 0.008333333333333333 0.032803180914512925
0 0.08255208333333333 0.031312127236580514 0.011979166666666667 0.032803180914512925
0 0.6533854166666667 0.03827037773359841 0.0109375 0.0268389662027833
0 0.14895833333333333 0.04572564612326044 0.007291666666666667 0.03578528827037773
0 0.40182291666666664 0.03827037773359841 0.0140625 0.018886679920477135
0 0.8473958333333333 0.045228628230616304 0.009375 0.020874751491053677
0 0.225 0.05666003976143141 0.009375 0.03180914512922465
0 0.1984375 0.0621272365805169 0.014583333333333334 0.020874751491053677
0 0.7067708333333333 0.07405566600397614 0.011458333333333333 0.040755467196819085
0 0.08307291666666666 0.06610337972166998 0.0140625 0.0268389662027833
0 0.06875 0.06809145129224652 0.011458333333333333 0.02485089463220676
0 0.24192708333333332 0.0705765407554672 0.0078125 0.02584493041749503
0 0.2942708333333333 0.07107355864811134 0.013541666666666667 0.020874751491053677
0 0.12369791666666667 0.09145129224652088 0.009895833333333333 0.03777335984095427
0 0.27890625 0.08499005964214712 0.011979166666666667 0.018886679920477135
0 0.771875 0.09542743538767395 0.009375 0.027833001988071572
0 0.4161458333333333 0.09642147117296222 0.007291666666666667 0.02186878727634195
0 0.0067708333333333336 0.10089463220675944 0.0125 0.030815109343936383
0 0.10520833333333333 0.09840954274353876 0.007291666666666667 0.013916500994035786
0 0.21927083333333333 0.10238568588469185 0.0125 0.015904572564612324
0 0.5317708333333333 0.1073558648111332 0.015625 0.019880715705765408
0 0.19036458333333334 0.10685884691848907 0.013020833333333334 0.012922465208747515
0 0.4744791666666667 0.11182902584493042 0.011458333333333333 0.014910536779324055
0 0.5658854166666667 0.12077534791252485 0.018229166666666668 0.0268389662027833
0 0.6052083333333333 0.1242544731610338 0.011458333333333333 0.02982107355864811
0 0.6736979166666667 0.11829025844930417 0.009895833333333333 0.015904572564612324
0 0.31171875 0.12922465208747516 0.0109375 0.033797216699801194
0 0.5770833333333333 0.1441351888667992 0.014583333333333334 0.04572564612326044
0 0.06822916666666666 0.12624254473161034 0.00625 0.011928429423459244
0 0.17395833333333333 0.15009940357852883 0.01875 0.055666003976143144
0 0.11796875 0.12922465208747516 0.0171875 0.013916500994035786
0 0.6330729166666667 0.14463220675944333 0.016145833333333335 0.03876739562624255
0 0.49921875 0.13518886679920478 0.0078125 0.015904572564612324
0 0.19140625 0.14065606361829025 0.011979166666666667 0.0268389662027833
0 0.6083333333333333 0.16451292246520874 0.023958333333333335 0.06858846918489066
0 0.40546875 0.14463220675944333 0.0046875 0.018886679920477135
0 0.10703125 0.16650099403578528 0.016145833333333335 0.05268389662027833
0 0.12473958333333333 0.16302186878727634 0.0140625 0.02186878727634195
0 0.3859375 0.17196819085487078 0.008333333333333333 0.027833001988071572
0 0.5838541666666667 0.17445328031809146 0.008333333333333333 0.014910536779324055
0 0.36328125 0.17693836978131214 0.0109375 0.019880715705765408
0 0.6247395833333333 0.1963220675944334 0.0109375 0.0268389662027833
0 0.32890625 0.1963220675944334 0.0067708333333333336 0.02882703777335984
0 0.55 0.20029821073558648 0.013541666666666667 0.0268389662027833
0 0.57421875 0.20377733598409542 0.016145833333333335 0.019880715705765408
0 0.13125 0.21123260437375746 0.008333333333333333 0.02286282306163022
0 0.3411458333333333 0.21421471172962225 0.008333333333333333 0.02286282306163022
0 0.31536458333333334 0.21570576540755468 0.009895833333333333 0.019880715705765408
0 0.2875 0.2345924453280318 0.010416666666666666 0.033797216699801194
0 0.27578125 0.2345924453280318 0.0109375 0.02982107355864811
0 0.5442708333333334 0.2400596421471173 0.01875 0.03479125248508946
0 0.2140625 0.23757455268389663 0.010416666666666666 0.03180914512922465
0 0.5708333333333333 0.24204771371769385 0.007291666666666667 0.014910536779324055
0 0.8356770833333333 0.2544731610337972 0.021354166666666667 0.02982107355864811
0 0.7661458333333333 0.2529821073558648 0.007291666666666667 0.018886679920477135
0 0.36041666666666666 0.2544731610337972 0.010416666666666666 0.017892644135188866
0 0.8033854166666666 0.2788270377733598 0.016145833333333335 0.020874751491053677
0 0.29609375 0.2852882703777336 0.0109375 0.03578528827037773
0 0.0625 0.28926441351888665 0.011458333333333333 0.03180914512922465
0 0.9075520833333334 0.29721669980119286 0.009895833333333333 0.02186878727634195
0 0.18958333333333333 0.30218687872763417 0.014583333333333334 0.013916500994035786
0 0.22786458333333334 0.3305168986083499 0.015104166666666667 0.036779324055666
0 0.6072916666666667 0.3320079522862823 0.008333333333333333 0.033797216699801194
0 0.2796875 0.3260437375745527 0.013541666666666667 0.017892644135188866
0 0.3419270833333333 0.32852882703777336 0.008854166666666666 0.018886679920477135
0 0.015364583333333333 0.3265407554671968 0.0078125 0.014910536779324055
0 0.6221354166666667 0.3364811133200795 0.0078125 0.02286282306163022
0 0.04921875 0.3379721669980119 0.015104166666666667 0.017892644135188866
0 0.5458333333333333 0.34791252485089463 0.009375 0.015904572564612324
0 0.3809895833333333 0.34940357852882703 0.008854166666666666 0.016898608349900597
0 0.3299479166666667 0.36083499005964215 0.008854166666666666 0.019880715705765408
0 0.09453125 0.37226640159045726 0.009895833333333333 0.02882703777335984
0 0.5380208333333333 0.3667992047713718 0.008333333333333333 0.013916500994035786
0 0.21979166666666666 0.37475149105367794 0.009375 0.03180914512922465
0 0.3151041666666667 0.37475149105367794 0.0125 0.02584493041749503
0 0.07552083333333333 0.3742544731610338 0.010416666666666666 0.0268389662027833
0 0.33958333333333335 0.37673956262425445 0.0125 0.015904572564612324
0 0.19479166666666667 0.3871769383697813 0.011458333333333333 0.03479125248508946
0 0.16380208333333332 0.38220675944334 0.0078125 0.020874751491053677
0 0.1359375 0.38767395626242546 0.013541666666666667 0.033797216699801194
0 0.9408854166666667 0.3956262425447316 0.0078125 0.02982107355864811
0 0.2604166666666667 0.3941351888667992 0.009375 0.02485089463220676
0 0.3489583333333333 0.38916500994035785 0.010416666666666666 0.012922465208747515
0 0.6544270833333333 0.39165009940357853 0.015104166666666667 0.009940357852882704
0 0.5145833333333333 0.40656063618290256 0.007291666666666667 0.02186878727634195
0 0.278125 0.4239562624254473 0.015625 0.032803180914512925
0 0.06328125 0.43439363817097415 0.009895833333333333 0.019880715705765408
0 0.178125 0.4433399602385686 0.026041666666666668 0.02385685884691849
0 0.008333333333333333 0.45029821073558646 0.010416666666666666 0.02982107355864811
0 0.0036458333333333334 0.4686878727634195 0.00625 0.018886679920477135
0 0.3028645833333333 0.4701789264413519 0.005729166666666666 0.015904572564612324
0 0.52265625 0.48111332007952284 0.013020833333333334 0.011928429423459244
0 0.3 0.4885685884691849 0.007291666666666667 0.014910536779324055
0 0.5815104166666667 0.5104373757455268 0.018229166666666668 0.04473161033797217
0 0.23802083333333332 0.5039761431411531 0.008333333333333333 0.02982107355864811
0 0.44479166666666664 0.5059642147117296 0.009375 0.02982107355864811
0 0.97734375 0.5288270377733598 0.0234375 0.041749502982107355
0 0.48932291666666666 0.5208747514910537 0.008854166666666666 0.011928429423459244
0 0.6138020833333333 0.5238568588469185 0.009895833333333333 0.011928429423459244
0 0.32447916666666665 0.5412524850894632 0.01875 0.0268389662027833
0 0.14869791666666668 0.5362823061630219 0.013020833333333334 0.016898608349900597
0 0.7408854166666666 0.5377733598409543 0.0078125 0.013916500994035786
0 0.41822916666666665 0.5397614314115308 0.013541666666666667 0.019880715705765408
0 0.30416666666666664 0.5432405566600398 0.009375 0.02286282306163022
0 0.045572916666666664 0.5457256461232605 0.015104166666666667 0.019880715705765408
0 0.8869791666666667 0.5775347912524851 0.008333333333333333 0.027833001988071572
0 0.29375 0.570079522862823 0.009375 0.012922465208747515
0 0.08776041666666666 0.5825049701789264 0.0046875 0.027833001988071572
0 0.050520833333333334 0.5780318091451292 0.013541666666666667 0.018886679920477135
0 0.15859375 0.5944333996023857 0.013020833333333334 0.011928429423459244
0 0.1234375 0.6177932405566601 0.011458333333333333 0.014910536779324055
0 0.7778645833333333 0.6257455268389662 0.005729166666666666 0.02882703777335984
0 0.06979166666666667 0.6257455268389662 0.011458333333333333 0.02286282306163022
0 0.43828125 0.6302186878727635 0.0140625 0.019880715705765408
0 0.421875 0.647117296222664 0.008333333333333333 0.04572564612326044
0 0.03984375 0.6486083499005965 0.016145833333333335 0.042743538767395624
0 0.66875 0.639662027833002 0.01875 0.014910536779324055
0 0.14088541666666668 0.6406560636182903 0.011979166666666667 0.018886679920477135
0 0.010416666666666666 0.6476143141153081 0.008333333333333333 0.02286282306163022
0 0.7606770833333333 0.6505964214711729 0.005729166666666666 0.014910536779324055
0 0.27447916666666666 0.6903578528827038 0.01875 0.02286282306163022
0 0.05807291666666667 0.6918489065606361 0.015104166666666667 0.017892644135188866
0 0.3734375 0.6968190854870775 0.011458333333333333 0.02186878727634195
0 0.43385416666666665 0.7181908548707754 0.00625 0.030815109343936383
0 0.3109375 0.724155069582505 0.004166666666666667 0.02882703777335984
0 0.20989583333333334 0.7211729622266402 0.005208333333333333 0.02286282306163022
0 0.4122395833333333 0.7256461232604374 0.0067708333333333336 0.027833001988071572
0 0.28411458333333334 0.7385685884691849 0.0203125 0.039761431411530816
0 0.08619791666666667 0.7311133200795229 0.0078125 0.010934393638170975
0 0.2265625 0.7519880715705766 0.013541666666666667 0.04473161033797217
0 0.33567708333333335 0.7435387673956262 0.011979166666666667 0.02186878727634195
0 0.240625 0.7519880715705766 0.007291666666666667 0.018886679920477135
0 0.0049479166666666664 0.7594433399602386 0.008854166666666666 0.02186878727634195
0 0.3138020833333333 0.7678926441351889 0.0046875 0.032803180914512925
0 0.19869791666666667 0.7748508946322068 0.03697916666666667 0.036779324055666
0 0.15755208333333334 0.7818091451292246 0.0140625 0.040755467196819085
0 0.09947916666666666 0.7808151093439364 0.008333333333333333 0.040755467196819085
0 0.8083333333333333 0.7798210735586482 0.016666666666666666 0.032803180914512925
0 0.5270833333333333 0.7793240556660039 0.00625 0.033797216699801194
0 0.2955729166666667 0.7698807157057654 0.015104166666666667 0.014910536779324055
0 0.44557291666666665 0.768389662027833 0.0140625 0.007952286282306162
0 0.4236979166666667 0.7862823061630219 0.009895833333333333 0.02385685884691849
0 0.8697916666666666 0.7992047713717694 0.016666666666666666 0.03777335984095427
0 0.17734375 0.7952286282306164 0.013020833333333334 0.027833001988071572
0 0.22708333333333333 0.7892644135188867 0.0125 0.009940357852882704
0 0.4197916666666667 0.8046719681908548 0.005208333333333333 0.020874751491053677
0 0.04296875 0.812624254473161 0.015104166666666667 0.020874751491053677
0 0.16640625 0.8185884691848907 0.0171875 0.020874751491053677
0 0.39010416666666664 0.8240556660039762 0.020833333333333332 0.017892644135188866
0 0.1859375 0.8220675944333996 0.013541666666666667 0.007952286282306162
0 0.1453125 0.8290258449304175 0.01875 0.019880715705765408
0 0.35859375 0.8394632206759444 0.008854166666666666 0.032803180914512925
0 0.7528645833333333 0.841948310139165 0.013020833333333334 0.03180914512922465
0 0.06640625 0.8414512922465208 0.016145833333333335 0.018886679920477135
0 0.19791666666666666 0.852882703777336 0.017708333333333333 0.033797216699801194
0 0.28046875 0.8702783300198808 0.016145833333333335 0.05268389662027833
0 0.4171875 0.8538767395626242 0.013541666666666667 0.015904572564612324
0 0.38515625 0.8682902584493042 0.0046875 0.02485089463220676
0 0.23203125 0.8792246520874751 0.0109375 0.020874751491053677
0 0.06067708333333333 0.8926441351888668 0.025520833333333333 0.03578528827037773
0 0.10052083333333334 0.889662027833002 0.009375 0.02385685884691849
0 0.6135416666666667 0.9065606361829026 0.008333333333333333 0.02982107355864811
0 0.36744791666666665 0.8996023856858847 0.0171875 0.013916500994035786
0 0.2296875 0.904572564612326 0.015625 0.02186878727634195
0 0.159375 0.9179920477137177 0.019791666666666666 0.048707753479125246
0 0.5 0.9040755467196819 0.00625 0.014910536779324055
0 0.09739583333333333 0.9140159045725647 0.025 0.032803180914512925
0 0.28932291666666665 0.9065606361829026 0.0078125 0.013916500994035786
0 0.0067708333333333336 0.9224652087475149 0.0125 0.041749502982107355
0 0.5916666666666667 0.9160039761431411 0.014583333333333334 0.014910536779324055
0 0.84453125 0.9244532803180915 0.034895833333333334 0.02982107355864811
0 0.534375 0.922962226640159 0.015625 0.018886679920477135
0 0.2520833333333333 0.9314115308151093 0.011458333333333333 0.03578528827037773
0 0.4591145833333333 0.9324055666003976 0.009895833333333333 0.02385685884691849
0 0.025520833333333333 0.9368787276341949 0.017708333333333333 0.032803180914512925
0 0.2875 0.9388667992047713 0.008333333333333333 0.020874751491053677
0 0.26666666666666666 0.9438369781312127 0.007291666666666667 0.030815109343936383
0 0.42864583333333334 0.9423459244532804 0.010416666666666666 0.02186878727634195
0 0.4434895833333333 0.9507952286282306 0.009895833333333333 0.030815109343936383
0 0.23515625 0.9443339960238568 0.011979166666666667 0.017892644135188866
0 0.38229166666666664 0.9478131212723658 0.011458333333333333 0.018886679920477135
0 0.33671875 0.944831013916501 0.008854166666666666 0.010934393638170975
0 0.18255208333333334 0.9657057654075547 0.019270833333333334 0.048707753479125246
0 0.40208333333333335 0.9612326043737575 0.013541666666666667 0.02385685884691849
0 0.0890625 0.9637176938369781 0.011458333333333333 0.02485089463220676
0 0.46171875 0.9721669980119284 0.0046875 0.03777335984095427
0 0.2794270833333333 0.9761431411530815 0.0109375 0.04572564612326044
0 0.1453125 0.9681908548707754 0.00625 0.027833001988071572
0 0.5614583333333333 0.9691848906560636 0.019791666666666666 0.019880715705765408
0 0.37604166666666666 0.9751491053677932 0.015625 0.03180914512922465
0 0.34270833333333334 0.9796222664015904 0.009375 0.03876739562624255
0 0.3065104166666667 0.9736580516898609 0.0171875 0.0268389662027833
0 0.47942708333333334 0.9691848906560636 0.0067708333333333336 0.015904572564612324
0 0.3890625 0.9711729622266402 0.005208333333333333 0.013916500994035786
0 0.008072916666666667 0.981610337972167 0.015104166666666667 0.03479125248508946
0 0.35859375 0.98558648111332 0.018229166666666668 0.0268389662027833
0 0.26171875 0.9860834990059643 0.0140625 0.02584493041749503
0 0.40338541666666666 0.9885685884691849 0.022395833333333334 0.020874751491053677