0 0.0796875 0.006958250497017893 0.022916666666666665 0.013916500994035786
0 0.9854166666666667 0.0004970178926441351 0.028125 0.0009940357852882703
0 0.31953125 0.05765407554671968 0.016145833333333335 0.02584493041749503
0 0.5169270833333334 0.059145129224652086 0.011979166666666667 0.014910536779324055
0 0.9770833333333333 0.08349900596421471 0.021875 0.05168986083499006
0 0.33255208333333336 0.0874751491053678 0.015104166666666667 0.041749502982107355
0 0.21484375 0.13817097415506957 0.011979166666666667 0.055666003976143144
0 0.6963541666666667 0.13469184890656064 0.009375 0.020874751491053677
0 0.39765625 0.14015904572564614 0.011979166666666667 0.019880715705765408
0 0.9216145833333333 0.1386679920477137 0.013020833333333334 0.012922465208747515
0 0.26666666666666666 0.17196819085487078 0.008333333333333333 0.02584493041749503
0 0.06067708333333333 0.17345924453280318 0.0140625 0.014910536779324055
0 0.6924479166666667 0.19035785288270377 0.008854166666666666 0.0268389662027833
0 0.17734375 0.20526838966202784 0.0171875 0.010934393638170975
0 0.22135416666666666 0.21371769383697814 0.011458333333333333 0.015904572564612324
0 0.08255208333333333 0.2301192842942346 0.025520833333333333 0.02485089463220676
0 0.5018229166666667 0.24900596421471172 0.011979166666666667 0.032803180914512925
0 0.7401041666666667 0.2599403578528827 0.010416666666666666 0.0268389662027833
0 0.20026041666666666 0.2644135188866799 0.013020833333333334 0.02186878727634195
0 0.19270833333333334 0.2937375745526839 0.005208333333333333 0.0268389662027833
0 0.25026041666666665 0.29870775347912526 0.0109375 0.02485089463220676
0 0.9018229166666667 0.3036779324055666 0.0109375 0.016898608349900597
0 0.9307291666666667 0.3066600397614314 0.014583333333333334 0.020874751491053677
0 0.1828125 0.3091451292246521 0.005208333333333333 0.02385685884691849
0 0.80625 0.3851888667992048 0.009375 0.03479125248508946
0 0.61328125 0.3841948310139165 0.0078125 0.018886679920477135
0 0.9065104166666667 0.3856858846918489 0.0109375 0.009940357852882704
0 0.7880208333333333 0.4010934393638171 0.00625 0.0268389662027833
0 0.05416666666666667 0.4000994035785288 0.019791666666666666 0.02286282306163022
0 0.2713541666666667 0.3966202783300199 0.016666666666666666 0.013916500994035786
0 0.22395833333333334 0.4179920477137177 0.021875 0.042743538767395624
0 0.7755208333333333 0.4085487077534791 0.00625 0.02186878727634195
0 0.19921875 0.41848906560636184 0.013020833333333334 0.017892644135188866
0 0.11119791666666666 0.42992047713717696 0.0109375 0.03479125248508946
0 0.4153645833333333 0.4234592445328032 0.005729166666666666 0.015904572564612324
0 0.31666666666666665 0.43737574552683894 0.013541666666666667 0.027833001988071572
0 0.55 0.43339960238568587 0.023958333333333335 0.02186878727634195
0 0.8255208333333334 0.4662027833001988 0.021875 0.027833001988071572
0 0.08307291666666666 0.46272365805168986 0.016145833333333335 0.012922465208747515
0 0.43411458333333336 0.4840954274353877 0.0171875 0.03180914512922465
0 0.007552083333333333 0.48956262425447317 0.015104166666666667 0.0268389662027833
0 0.19427083333333334 0.49055666003976145 0.01875 0.016898608349900597
0 0.5609375 0.5029821073558648 0.009375 0.033797216699801194
0 0.17630208333333333 0.5129224652087475 0.0078125 0.03578528827037773
0 0.3848958333333333 0.5 0.014583333333333334 0.011928429423459244
0 0.48671875 0.5089463220675944 0.0067708333333333336 0.027833001988071572
0 0.41953125 0.5129224652087475 0.0078125 0.02385685884691849
0 0.5294270833333333 0.5323061630218688 0.018229166666666668 0.030815109343936383
0 0.2109375 0.5457256461232605 0.008333333333333333 0.02584493041749503
0 0.23177083333333334 0.5492047713717694 0.020833333333333332 0.03479125248508946
0 0.42083333333333334 0.5606361829025845 0.023958333333333335 0.04970178926441352
0 0.68046875 0.5601391650099403 0.0171875 0.0268389662027833
0 0.35963541666666665 0.5725646123260437 0.0078125 0.041749502982107355
0 0.38515625 0.5745526838966203 0.0067708333333333336 0.02982107355864811
0 0.2981770833333333 0.5815109343936382 0.018229166666666668 0.027833001988071572
0 0.6270833333333333 0.6078528827037774 0.007291666666666667 0.02286282306163022
0 0.5953125 0.606858846918489 0.016666666666666666 0.008946322067594433
0 0.6828125 0.6257455268389662 0.008333333333333333 0.030815109343936383
0 0.4041666666666667 0.6292246520874751 0.00625 0.033797216699801194
0 0.4401041666666667 0.6242544731610338 0.005208333333333333 0.019880715705765408
0 0.8356770833333333 0.6391650099403579 0.009895833333333333 0.027833001988071572
0 0.4453125 0.6461232604373758 0.013541666666666667 0.033797216699801194
0 0.5736979166666667 0.6346918489065606 0.0140625 0.010934393638170975
0 0.3143229166666667 0.6421471172962226 0.0109375 0.011928429423459244
0 0.23567708333333334 0.6496023856858847 0.022395833333333334 0.018886679920477135
0 0.43515625 0.6635188866799204 0.027604166666666666 0.040755467196819085
0 0.3645833333333333 0.6679920477137177 0.017708333333333333 0.027833001988071572
0 0.8786458333333333 0.665506958250497 0.014583333333333334 0.012922465208747515
0 0.5130208333333334 0.6734592445328031 0.00625 0.02485089463220676
0 0.8510416666666667 0.672962226640159 0.0125 0.017892644135188866
0 0.4075520833333333 0.672962226640159 0.008854166666666666 0.009940357852882704
0 0.70546875 0.6724652087475149 0.019270833333333334 0.010934393638170975
0 0.29713541666666665 0.6774353876739563 0.013020833333333334 0.010934393638170975
0 0.46796875 0.6794234592445328 0.016145833333333335 0.016898608349900597
0 0.4783854166666667 0.6893638170974155 0.0140625 0.02485089463220676
0 0.8106770833333333 0.7012922465208747 0.013020833333333334 0.042743538767395624
0 0.88828125 0.687375745526839 0.0109375 0.016898608349900597
0 0.49505208333333334 0.6928429423459245 0.008854166666666666 0.02186878727634195
0 0.4153645833333333 0.6933399602385686 0.0140625 0.014910536779324055
0 0.68984375 0.6998011928429424 0.0140625 0.027833001988071572
0 0.89921875 0.7112326043737575 0.0328125 0.04671968190854871
0 0.3541666666666667 0.6968190854870775 0.015625 0.015904572564612324
0 0.7565104166666666 0.724155069582505 0.013020833333333334 0.040755467196819085
0 0.46119791666666665 0.717196819085487 0.0203125 0.016898608349900597
0 0.5395833333333333 0.7176938369781312 0.016666666666666666 0.015904572564612324
0 0.78984375 0.724155069582505 0.0078125 0.012922465208747515
0 0.47552083333333334 0.7405566600397614 0.014583333333333334 0.041749502982107355
0 0.4231770833333333 0.7331013916500994 0.005729166666666666 0.02485089463220676
0 0.2786458333333333 0.7465208747514911 0.016666666666666666 0.041749502982107355
0 0.4036458333333333 0.7395626242544732 0.010416666666666666 0.027833001988071572
0 0.45677083333333335 0.7485089463220675 0.00625 0.03180914512922465
0 0.8763020833333334 0.7519880715705766 0.018229166666666668 0.03479125248508946
0 0.384375 0.7480119284294234 0.017708333333333333 0.02286282306163022
0 0.7247395833333333 0.7470178926441352 0.008854166666666666 0.018886679920477135
0 0.5325520833333334 0.7713717693836978 0.0203125 0.0437375745526839
0 0.44192708333333336 0.7713717693836978 0.005729166666666666 0.02385685884691849
0 0.8958333333333334 0.7927435387673957 0.025 0.032803180914512925
0 0.5559895833333334 0.786779324055666 0.015104166666666667 0.016898608349900597
0 0.47604166666666664 0.7882703777335984 0.007291666666666667 0.013916500994035786
0 0.26979166666666665 0.7987077534791253 0.014583333333333334 0.030815109343936383
0 0.39739583333333334 0.7952286282306164 0.013541666666666667 0.011928429423459244
0 0.32864583333333336 0.812624254473161 0.017708333333333333 0.0268389662027833
0 0.6580729166666667 0.81610337972167 0.0109375 0.02385685884691849
0 0.5291666666666667 0.8190854870775348 0.0125 0.02186878727634195
0 0.3854166666666667 0.8275347912524851 0.007291666666666667 0.02485089463220676
0 0.35885416666666664 0.8394632206759444 0.0125 0.032803180914512925
0 0.5317708333333333 0.8484095427435387 0.01875 0.016898608349900597
0 0.49505208333333334 0.8618290258449304 0.0078125 0.02584493041749503
0 0.3111979166666667 0.8727634194831014 0.009895833333333333 0.02584493041749503
0 0.6044270833333333 0.8707753479125249 0.0203125 0.015904572564612324
0 0.39036458333333335 0.8906560636182903 0.011979166666666667 0.04970178926441352
0 0.95703125 0.8802186878727635 0.0067708333333333336 0.016898608349900597
0 0.23411458333333332 0.897117296222664 0.011979166666666667 0.040755467196819085
0 0.3143229166666667 0.9020874751491054 0.013020833333333334 0.02286282306163022
0 0.15390625 0.9040755467196819 0.019270833333333334 0.02286282306163022
0 0.37057291666666664 0.9065606361829026 0.0140625 0.02982107355864811
0 0.9908854166666666 0.9050695825049702 0.0078125 0.014910536779324055
0 0.46484375 0.9165009940357853 0.005729166666666666 0.027833001988071572
0 0.8294270833333334 0.944831013916501 0.013020833333333334 0.05467196819085487
0 0.6348958333333333 0.9478131212723658 0.013541666666666667 0.040755467196819085
0 0.44427083333333334 0.9562624254473161 0.028125 0.039761431411530816
0 0.18958333333333333 0.9627236580516899 0.020833333333333332 0.03876739562624255
0 0.00026041666666666666 0.9731610337972167 0.0005208333333333333 0.05168986083499006
0 0.10364583333333334 0.9577534791252486 0.017708333333333333 0.016898608349900597
0 0.221875 0.9577534791252486 0.015625 0.012922465208747515
0 0.3731770833333333 0.9657057654075547 0.013020833333333334 0.02286282306163022
0 0.73515625 0.9771371769383698 0.008854166666666666 0.027833001988071572
0 0.27447916666666666 0.9880715705765407 0.020833333333333332 0.02186878727634195
0 0.59453125 0.9900596421471173 0.0036458333333333334 0.017892644135188866
0 0.18229166666666666 0.9945328031809145 0.009375 0.008946322067594433