0 0.9385416666666667 0.009443339960238568 0.007291666666666667 0.018886679920477135
0 0.784375 0.009443339960238568 0.016666666666666666 0.018886679920477135
0 0.7515625 0.01242544731610338 0.008333333333333333 0.02485089463220676
0 0.6359375 0.02186878727634195 0.0125 0.0437375745526839
0 0.38229166666666664 0.015407554671968192 0.010416666666666666 0.030815109343936383
0 0.9544270833333334 0.011928429423459244 0.011979166666666667 0.017892644135188866
0 0.5122395833333333 0.018389662027833 0.015104166666666667 0.0268389662027833
0 0.9973958333333334 0.021371769383697812 0.005208333333333333 0.02485089463220676
0 0.7973958333333333 0.02882703777335984 0.007291666666666667 0.033797216699801194
0 0.72265625 0.03628230616302187 0.0234375 0.04473161033797217
0 0.8231770833333333 0.020874751491053677 0.019270833333333334 0.011928429423459244
0 0.5697916666666667 0.041749502982107355 0.021875 0.04970178926441352
0 0.9169270833333333 0.03827037773359841 0.021354166666666667 0.032803180914512925
0 0.4705729166666667 0.052186878727634195 0.011979166666666667 0.048707753479125246
0 0.94609375 0.04324055666003976 0.024479166666666666 0.02882703777335984
0 0.75078125 0.05019880715705766 0.0171875 0.036779324055666
0 0.7783854166666667 0.051192842942345926 0.0171875 0.016898608349900597
0 0.88515625 0.060139165009940355 0.013020833333333334 0.02882703777335984
0 0.06458333333333334 0.07157057654075547 0.030208333333333334 0.041749502982107355
0 0.14401041666666667 0.0705765407554672 0.0078125 0.013916500994035786
0 0.9971354166666667 0.08101391650099403 0.005729166666666666 0.02286282306163022
0 0.74921875 0.091948310139165 0.016145833333333335 0.04473161033797217
0 0.09583333333333334 0.09095427435387674 0.010416666666666666 0.030815109343936383
0 0.8802083333333334 0.08648111332007952 0.007291666666666667 0.015904572564612324
0 0.43802083333333336 0.0989065606361829 0.008333333333333333 0.02882703777335984
0 0.047135416666666666 0.10487077534791253 0.0109375 0.018886679920477135
0 0.3651041666666667 0.10834990059642147 0.010416666666666666 0.017892644135188866
0 0.8828125 0.11580516898608349 0.008333333333333333 0.016898608349900597
0 0.8994791666666667 0.12127236580516898 0.010416666666666666 0.02385685884691849
0 0.81953125 0.12922465208747516 0.025520833333333333 0.039761431411530816
0 0.61484375 0.13817097415506957 0.0265625 0.05964214711729622
0 0.2109375 0.14214711729622267 0.01875 0.04572564612326044
0 0.6317708333333333 0.13717693836978131 0.009375 0.02186878727634195
0 0.6973958333333333 0.15208747514910537 0.010416666666666666 0.039761431411530816
0 0.44557291666666665 0.1540755467196819 0.018229166666666668 0.03180914512922465
0 0.5932291666666667 0.15705765407554673 0.015625 0.015904572564612324
0 0.30625 0.16848906560636182 0.014583333333333334 0.018886679920477135
0 0.9192708333333334 0.1749502982107356 0.0125 0.02584493041749503
0 0.54453125 0.19383697813121273 0.025520833333333333 0.05168986083499006
0 0.68046875 0.21719681908548708 0.03177083333333333 0.05467196819085487
0 0.2559895833333333 0.1963220675944334 0.016145833333333335 0.010934393638170975
0 0.1515625 0.21073558648111332 0.01875 0.03777335984095427
0 0.7140625 0.22365805168986083 0.016666666666666666 0.055666003976143144
0 0.8171875 0.22117296222664015 0.01875 0.04671968190854871
0 0.7911458333333333 0.2201789264413519 0.030208333333333334 0.042743538767395624
0 0.41875 0.21819085487077536 0.019791666666666666 0.0268389662027833
0 0.88203125 0.2360834990059642 0.015104166666666667 0.048707753479125246
0 0.63984375 0.24105367793240556 0.013020833333333334 0.02286282306163022
0 0.6239583333333333 0.2514910536779324 0.00625 0.015904572564612324
0 0.3463541666666667 0.2584493041749503 0.010416666666666666 0.027833001988071572
0 0.88984375 0.2798210735586481 0.03697916666666667 0.036779324055666
0 0.6111979166666667 0.2803180914512923 0.0078125 0.013916500994035786
0 0.6322916666666667 0.2937375745526839 0.034375 0.02882703777335984
0 0.8059895833333334 0.30218687872763417 0.0078125 0.02982107355864811
0 0.50546875 0.30566600397614313 0.0067708333333333336 0.02286282306163022
0 0.40208333333333335 0.3379721669980119 0.019791666666666666 0.02186878727634195
0 0.7135416666666666 0.37375745526838966 0.025 0.06560636182902585
0 0.8989583333333333 0.3628230616302187 0.020833333333333332 0.03777335984095427
0 0.7854166666666667 0.36779324055666 0.008333333333333333 0.039761431411530816
0 0.553125 0.3946322067594433 0.016666666666666666 0.04771371769383698
0 0.22291666666666668 0.39165009940357853 0.029166666666666667 0.041749502982107355
0 0.6708333333333333 0.3911530815109344 0.008333333333333333 0.030815109343936383
0 0.7958333333333333 0.3976143141153082 0.020833333333333332 0.015904572564612324
0 0.6572916666666667 0.4120278330019881 0.009375 0.04473161033797217
0 0.759375 0.41302186878727637 0.007291666666666667 0.03876739562624255
0 0.6036458333333333 0.41600397614314116 0.03125 0.04671968190854871
0 0.6875 0.40606361829025844 0.008333333333333333 0.014910536779324055
0 0.51171875 0.4284294234592445 0.022395833333333334 0.027833001988071572
0 0.05911458333333333 0.42992047713717696 0.009895833333333333 0.020874751491053677
0 0.8028645833333333 0.4284294234592445 0.016145833333333335 0.009940357852882704
0 0.6942708333333333 0.44980119284294234 0.017708333333333333 0.018886679920477135
0 0.11380208333333333 0.4711729622266402 0.0171875 0.055666003976143144
0 0.6442708333333333 0.4647117296222664 0.028125 0.03876739562624255
0 0.6010416666666667 0.47514910536779326 0.010416666666666666 0.033797216699801194
0 0.8903645833333333 0.4821073558648111 0.027604166666666666 0.033797216699801194
0 0.040364583333333336 0.4826043737574553 0.0234375 0.036779324055666
0 0.5783854166666667 0.5014910536779325 0.009895833333333333 0.03479125248508946
0 0.71796875 0.5 0.0234375 0.015904572564612324
0 0.6541666666666667 0.5054671968190855 0.011458333333333333 0.020874751491053677
0 0.6231770833333333 0.5119284294234593 0.0109375 0.019880715705765408
0 0.5986979166666667 0.5114314115308151 0.0203125 0.014910536779324055
0 0.5520833333333334 0.5223658051689861 0.007291666666666667 0.02286282306163022
0 0.5713541666666667 0.5293240556660039 0.015625 0.010934393638170975
0 0.41875 0.5352882703777336 0.0125 0.02286282306163022
0 0.34791666666666665 0.5372763419483101 0.027083333333333334 0.0268389662027833
0 0.7953125 0.5581510934393639 0.028125 0.030815109343936383
0 0.94921875 0.5666003976143141 0.0140625 0.03777335984095427
0 0.5432291666666667 0.5750497017892644 0.011458333333333333 0.02286282306163022
0 0.678125 0.5889662027833003 0.011458333333333333 0.03876739562624255
0 0.6106770833333334 0.5964214711729622 0.0067708333333333336 0.033797216699801194
0 0.5895833333333333 0.5989065606361829 0.0125 0.020874751491053677
0 0.6533854166666667 0.6093439363817097 0.0140625 0.02186878727634195
0 0.44947916666666665 0.606858846918489 0.01875 0.014910536779324055
0 0.6322916666666667 0.6158051689860835 0.014583333333333334 0.02485089463220676
0 0.5166666666666667 0.6232604373757455 0.019791666666666666 0.02982107355864811
0 0.2559895833333333 0.6292246520874751 0.015104166666666667 0.0437375745526839
0 0.7776041666666667 0.6227634194831014 0.021875 0.02485089463220676
0 0.66640625 0.6262425447316103 0.013020833333333334 0.02982107355864811
0 0.5375 0.6451292246520874 0.015625 0.027833001988071572
0 0.6510416666666666 0.6734592445328031 0.015625 0.07455268389662027
0 0.9583333333333334 0.6575546719681908 0.019791666666666666 0.040755467196819085
0 0.478125 0.6585487077534792 0.011458333333333333 0.032803180914512925
0 0.9296875 0.6650099403578529 0.010416666666666666 0.017892644135188866
0 0.05703125 0.7007952286282306 0.0328125 0.06560636182902585
0 0.45755208333333336 0.687375745526839 0.005729166666666666 0.018886679920477135
0 0.38125 0.6928429423459245 0.015625 0.02584493041749503
0 0.5395833333333333 0.702286282306163 0.021875 0.032803180914512925
0 0.6153645833333333 0.6943339960238568 0.0078125 0.014910536779324055
0 0.4869791666666667 0.6993041749502982 0.013541666666666667 0.014910536779324055
0 0.68671875 0.7082504970178927 0.0234375 0.02485089463220676
0 0.8203125 0.7191848906560636 0.007291666666666667 0.03479125248508946
0 0.3578125 0.7127236580516899 0.014583333333333334 0.02385685884691849
0 0.57265625 0.7211729622266402 0.0171875 0.03479125248508946
0 0.32317708333333334 0.7186878727634195 0.024479166666666666 0.027833001988071572
0 0.47239583333333335 0.7246520874751491 0.010416666666666666 0.02584493041749503
0 0.6674479166666667 0.7480119284294234 0.0203125 0.05666003976143141
0 0.8848958333333333 0.7375745526838966 0.027083333333333334 0.027833001988071572
0 0.8481770833333333 0.7360834990059643 0.005729166666666666 0.016898608349900597
0 0.4822916666666667 0.7495029821073559 0.021875 0.03578528827037773
0 0.84140625 0.7495029821073559 0.013020833333333334 0.02385685884691849
0 0.6486979166666667 0.7584493041749503 0.009895833333333333 0.02584493041749503
0 0.35182291666666665 0.7713717693836978 0.019270833333333334 0.019880715705765408
0 0.4635416666666667 0.7842942345924453 0.013541666666666667 0.02385685884691849
0 0.4669270833333333 0.8066600397614314 0.024479166666666666 0.04671968190854871
0 0.57421875 0.8250497017892644 0.027604166666666666 0.055666003976143144
0 0.5533854166666666 0.8156063618290258 0.0171875 0.02882703777335984
0 0.8052083333333333 0.8479125248508946 0.019791666666666666 0.055666003976143144
0 0.12109375 0.856858846918489 0.025520833333333333 0.055666003976143144
0 0.8919270833333334 0.8464214711729622 0.018229166666666668 0.0268389662027833
0 0.6341145833333334 0.8578528827037774 0.011979166666666667 0.041749502982107355
0 0.4734375 0.8533797216699801 0.028125 0.032803180914512925
0 0.40130208333333334 0.8523856858846919 0.0067708333333333336 0.02485089463220676
0 0.6236979166666666 0.8881709741550696 0.011979166666666667 0.02882703777335984
0 0.26875 0.8996023856858847 0.014583333333333334 0.02584493041749503
0 0.32578125 0.8961232604373758 0.0171875 0.016898608349900597
0 0.28203125 0.9244532803180915 0.008854166666666666 0.015904572564612324
0 0.23333333333333334 0.929920477137177 0.015625 0.02882703777335984
0 0.31875 0.9314115308151093 0.023958333333333335 0.027833001988071572
0 0.016927083333333332 0.937375745526839 0.005729166666666666 0.015904572564612324
0 0.9052083333333333 0.9602385685884692 0.025 0.04970178926441352
0 0.3875 0.9617296222664016 0.017708333333333333 0.02286282306163022
0 0.5388020833333333 0.9731610337972167 0.018229166666666668 0.017892644135188866
0 0.71953125 0.974155069582505 0.018229166666666668 0.017892644135188866
0 0.8356770833333333 0.9850894632206759 0.021354166666666667 0.027833001988071572
0 0.95703125 0.9915506958250497 0.013020833333333334 0.014910536779324055
0 0.58828125 0.9945328031809145 0.016145833333333335 0.008946322067594433
0 0.65625 0.9950298210735586 0.010416666666666666 0.007952286282306162