0 0.008854166666666666 0.008946322067594433 0.008333333333333333 0.017892644135188866
0 0.3078125 0.01242544731610338 0.010416666666666666 0.018886679920477135
0 0.033854166666666664 0.022365805168986085 0.007291666666666667 0.010934393638170975
0 0.36822916666666666 0.0268389662027833 0.008333333333333333 0.019880715705765408
0 0.11171875 0.07952286282306163 0.0140625 0.013916500994035786
0 0.2755208333333333 0.09542743538767395 0.0125 0.02584493041749503
0 0.1609375 0.18091451292246521 0.010416666666666666 0.033797216699801194
0 0.33489583333333334 0.3136182902584493 0.007291666666666667 0.02286282306163022
0 0.006510416666666667 0.46819085487077533 0.013020833333333334 0.02186878727634195
0 0.07760416666666667 0.4761431411530815 0.011458333333333333 0.033797216699801194
0 0.228125 0.4716699801192843 0.010416666666666666 0.0268389662027833
0 0.38958333333333334 0.49652087475149104 0.00625 0.02286282306163022
0 0.24921875 0.5114314115308151 0.018229166666666668 0.014910536779324055
0 0.31171875 0.5248508946322068 0.0171875 0.017892644135188866
0 0.009635416666666667 0.5656063618290258 0.015104166666666667 0.04970178926441352
0 0.039322916666666666 0.5720675944333996 0.009895833333333333 0.016898608349900597
0 0.03671875 0.595427435387674 0.008854166666666666 0.015904572564612324
0 0.27447916666666666 0.6635188866799204 0.008333333333333333 0.02882703777335984
0 0.11822916666666666 0.7912524850894632 0.023958333333333335 0.04572564612326044
0 0.19192708333333333 0.7932405566600398 0.011979166666666667 0.0437375745526839
0 0.02578125 0.805168986083499 0.009895833333333333 0.027833001988071572
0 0.13723958333333333 0.8663021868787276 0.030729166666666665 0.030815109343936383