0 0.011197916666666667 0.010934393638170975 0.0109375 0.02186878727634195
0 0.039322916666666666 0.014910536779324055 0.0078125 0.02982107355864811
0 0.22473958333333333 0.01441351888667992 0.034895833333333334 0.02882703777335984
0 0.27317708333333335 0.01143141153081511 0.0140625 0.02286282306163022
0 0.38984375 0.012922465208747515 0.0067708333333333336 0.02584493041749503
0 0.4244791666666667 0.010934393638170975 0.0125 0.02186878727634195
0 0.9440104166666666 0.0054671968190854875 0.0140625 0.010934393638170975
0 0.33567708333333335 0.03330019880715706 0.033854166666666664 0.06262425447316103
0 0.9013020833333333 0.015407554671968192 0.018229166666666668 0.02485089463220676
0 0.13958333333333334 0.021371769383697812 0.017708333333333333 0.0268389662027833
0 0.8572916666666667 0.017892644135188866 0.007291666666666667 0.013916500994035786
0 0.93203125 0.02584493041749503 0.0109375 0.027833001988071572
0 0.35989583333333336 0.02982107355864811 0.008333333333333333 0.02385685884691849
0 0.6666666666666666 0.026341948310139165 0.013541666666666667 0.014910536779324055
0 0.4088541666666667 0.051192842942345926 0.015625 0.06063618290258449
0 0.8088541666666667 0.041749502982107355 0.0125 0.013916500994035786
0 0.36796875 0.044234592445328035 0.0109375 0.014910536779324055
0 0.6635416666666667 0.04771371769383698 0.013541666666666667 0.015904572564612324
0 0.015104166666666667 0.05268389662027833 0.014583333333333334 0.02385685884691849
0 0.07369791666666667 0.05666003976143141 0.0067708333333333336 0.02982107355864811
0 0.21432291666666667 0.04671968190854871 0.008854166666666666 0.011928429423459244
0 0.73359375 0.04622266401590457 0.011979166666666667 0.010934393638170975
0 0.20494791666666667 0.059145129224652086 0.011979166666666667 0.032803180914512925
0 0.4265625 0.051192842942345926 0.015625 0.014910536779324055
0 0.390625 0.05765407554671968 0.0125 0.02385685884691849
0 0.8908854166666667 0.05765407554671968 0.0067708333333333336 0.019880715705765408
0 0.7005208333333334 0.06510934393638171 0.028125 0.0268389662027833
0 0.9078125 0.08250497017892644 0.013541666666666667 0.04970178926441352
0 0.019010416666666665 0.06958250497017893 0.013020833333333334 0.015904572564612324
0 0.3184895833333333 0.08250497017892644 0.011979166666666667 0.041749502982107355
0 0.75234375 0.07455268389662027 0.022395833333333334 0.02385685884691849
0 0.98671875 0.08101391650099403 0.0078125 0.03479125248508946
0 0.3796875 0.07902584493041749 0.00625 0.0268389662027833
0 0.45546875 0.08001988071570576 0.009895833333333333 0.020874751491053677
0 0.7328125 0.0874751491053678 0.014583333333333334 0.017892644135188866
0 0.20494791666666667 0.09393638170974156 0.008854166666666666 0.0268389662027833
0 0.29244791666666664 0.09294234592445327 0.013020833333333334 0.018886679920477135
0 0.896875 0.11182902584493042 0.021875 0.05467196819085487
0 0.6544270833333333 0.10536779324055666 0.0140625 0.02982107355864811
0 0.3619791666666667 0.10039761431411531 0.008333333333333333 0.013916500994035786
0 0.525 0.11381709741550695 0.016666666666666666 0.040755467196819085
0 0.4578125 0.1058648111332008 0.020833333333333332 0.020874751491053677
0 0.17109375 0.1073558648111332 0.0078125 0.02186878727634195
0 0.4010416666666667 0.10884691848906561 0.01875 0.02286282306163022
0 0.5419270833333333 0.11282306163021869 0.0078125 0.018886679920477135
0 0.3890625 0.11679920477137178 0.013541666666666667 0.02286282306163022
0 0.9252604166666667 0.11928429423459244 0.0109375 0.027833001988071572
0 0.8638020833333333 0.12027833001988071 0.0078125 0.013916500994035786
0 0.6216145833333333 0.12773359840954274 0.0140625 0.020874751491053677
0 0.15572916666666667 0.12922465208747516 0.00625 0.017892644135188866
0 0.31692708333333336 0.16699801192842942 0.033854166666666664 0.0775347912524851
0 0.5794270833333334 0.14214711729622267 0.013020833333333334 0.017892644135188866
0 0.35234375 0.14463220675944333 0.0067708333333333336 0.016898608349900597
0 0.7713541666666667 0.14860834990059643 0.013541666666666667 0.02485089463220676
0 0.4010416666666667 0.15606361829025844 0.014583333333333334 0.033797216699801194
0 0.44166666666666665 0.1466202783300199 0.014583333333333334 0.016898608349900597
0 0.07161458333333333 0.1540755467196819 0.009895833333333333 0.02584493041749503
0 0.60859375 0.1555666003976143 0.008854166666666666 0.0268389662027833
0 0.97578125 0.15208747514910537 0.0067708333333333336 0.015904572564612324
0 0.946875 0.18986083499005965 0.009375 0.019880715705765408
0 0.9338541666666667 0.19831013916500995 0.013541666666666667 0.032803180914512925
0 0.8424479166666666 0.1963220675944334 0.011979166666666667 0.016898608349900597
0 0.7955729166666666 0.2062624254473161 0.0067708333333333336 0.020874751491053677
0 0.8065104166666667 0.21073558648111332 0.015104166666666667 0.02186878727634195
0 0.8526041666666667 0.24105367793240556 0.01875 0.03479125248508946
0 0.31953125 0.2509940357852883 0.016145833333333335 0.04671968190854871
0 0.8283854166666667 0.24552683896620278 0.013020833333333334 0.013916500994035786
0 0.38776041666666666 0.2668986083499006 0.009895833333333333 0.02485089463220676
0 0.7979166666666667 0.27087475149105367 0.010416666666666666 0.030815109343936383
0 0.9015625 0.2698807157057654 0.013541666666666667 0.02882703777335984
0 0.9221354166666667 0.2668986083499006 0.013020833333333334 0.012922465208747515
0 0.74765625 0.28578528827037775 0.019270833333333334 0.03876739562624255
0 0.9208333333333333 0.28429423459244535 0.022916666666666665 0.027833001988071572
0 0.8020833333333334 0.28777335984095426 0.008333333333333333 0.016898608349900597
0 0.2796875 0.29970178926441354 0.007291666666666667 0.02882703777335984
0 0.33203125 0.2932405566600398 0.013020833333333334 0.015904572564612324
0 0.3580729166666667 0.2962226640159046 0.005729166666666666 0.013916500994035786
0 0.38125 0.33300198807157055 0.03125 0.073558648111332
0 0.9244791666666666 0.31411530815109345 0.009375 0.03180914512922465
0 0.7255208333333333 0.31610337972166996 0.009375 0.019880715705765408
0 0.9950520833333333 0.37375745526838966 0.008854166666666666 0.0536779324055666
0 0.3453125 0.38071570576540753 0.025 0.0636182902584493
0 0.46953125 0.36381709741550694 0.0109375 0.02186878727634195
0 0.8627604166666667 0.371272365805169 0.0067708333333333336 0.032803180914512925
0 0.8513020833333333 0.3697813121272366 0.0078125 0.02186878727634195
0 0.7453125 0.37673956262425445 0.008333333333333333 0.02584493041749503
0 0.26848958333333334 0.38966202783300197 0.0067708333333333336 0.03777335984095427
0 0.9497395833333333 0.40159045725646125 0.0067708333333333336 0.02584493041749503
0 0.32890625 0.41451292246520877 0.008854166666666666 0.02385685884691849
0 0.9278645833333333 0.4249502982107356 0.015104166666666667 0.014910536779324055
0 0.032552083333333336 0.44532803180914515 0.0171875 0.04970178926441352
0 0.3528645833333333 0.43439363817097415 0.0140625 0.02584493041749503
0 0.18984375 0.44681908548707755 0.009895833333333333 0.02485089463220676
0 0.26484375 0.45129224652087474 0.009895833333333333 0.02385685884691849
0 0.8502604166666666 0.4562624254473161 0.016145833333333335 0.015904572564612324
0 0.34479166666666666 0.4691848906560636 0.015625 0.027833001988071572
0 0.21484375 0.47813121272365805 0.0067708333333333336 0.013916500994035786
0 0.2994791666666667 0.49652087475149104 0.009375 0.032803180914512925
0 0.26015625 0.5124254473161034 0.0171875 0.05666003976143141
0 0.34401041666666665 0.5004970178926441 0.0078125 0.02882703777335984
0 0.8830729166666667 0.5 0.015104166666666667 0.02584493041749503
0 0.009375 0.5004970178926441 0.01875 0.02485089463220676
0 0.03984375 0.5049701789264414 0.008854166666666666 0.017892644135188866
0 0.09322916666666667 0.5293240556660039 0.013541666666666667 0.02485089463220676
0 0.21015625 0.5323061630218688 0.018229166666666668 0.02882703777335984
0 0.33697916666666666 0.5452286282306164 0.008333333333333333 0.02485089463220676
0 0.12083333333333333 0.5492047713717694 0.007291666666666667 0.02286282306163022
0 0.9638020833333333 0.55168986083499 0.013020833333333334 0.02186878727634195
0 0.39895833333333336 0.5636182902584493 0.008333333333333333 0.03180914512922465
0 0.6065104166666667 0.5710735586481114 0.0078125 0.036779324055666
0 0.959375 0.5775347912524851 0.007291666666666667 0.03180914512922465
0 0.10703125 0.5805168986083499 0.008854166666666666 0.027833001988071572
0 0.3065104166666667 0.5889662027833003 0.008854166666666666 0.020874751491053677
0 0.84453125 0.5924453280318092 0.011979166666666667 0.027833001988071572
0 0.020572916666666666 0.6018886679920478 0.0078125 0.016898608349900597
0 0.6919270833333333 0.6386679920477137 0.019270833333333334 0.05069582504970179
0 0.16197916666666667 0.6267395626242545 0.007291666666666667 0.02286282306163022
0 0.057291666666666664 0.6496023856858847 0.013541666666666667 0.032803180914512925
0 0.5067708333333333 0.668986083499006 0.014583333333333334 0.0636182902584493
0 0.18828125 0.672962226640159 0.0140625 0.02982107355864811
0 0.25078125 0.687375745526839 0.015104166666666667 0.012922465208747515
0 0.18385416666666668 0.7067594433399602 0.009375 0.027833001988071572
0 0.63984375 0.7385685884691849 0.011979166666666667 0.011928429423459244
0 0.10598958333333333 0.760934393638171 0.009895833333333333 0.030815109343936383
0 0.88984375 0.7708747514910537 0.009895833333333333 0.036779324055666
0 0.46484375 0.7818091451292246 0.018229166666666668 0.05268389662027833
0 0.5580729166666667 0.7932405566600398 0.0109375 0.02584493041749503
0 0.5385416666666667 0.8076540755467196 0.0125 0.012922465208747515
0 0.08932291666666667 0.8225646123260437 0.013020833333333334 0.02286282306163022
0 0.39453125 0.8265407554671969 0.009895833333333333 0.032803180914512925
0 0.5401041666666667 0.8429423459244533 0.011458333333333333 0.041749502982107355
0 0.03697916666666667 0.8518886679920478 0.009375 0.02982107355864811
0 0.55859375 0.8553677932405567 0.0078125 0.018886679920477135
0 0.5513020833333333 0.8697813121272365 0.009895833333333333 0.02385685884691849
0 0.9005208333333333 0.8722664015904572 0.014583333333333334 0.016898608349900597
0 0.031510416666666666 0.8871769383697813 0.011979166666666667 0.03876739562624255
0 0.39166666666666666 0.8846918489065606 0.008333333333333333 0.033797216699801194
0 0.27838541666666666 0.8841948310139165 0.0078125 0.02286282306163022
0 0.07526041666666666 0.897117296222664 0.0067708333333333336 0.020874751491053677
0 0.7921875 0.9075546719681908 0.010416666666666666 0.03578528827037773
0 0.19244791666666666 0.9145129224652088 0.0078125 0.02385685884691849
0 0.77734375 0.9214711729622267 0.0046875 0.02584493041749503
0 0.003125 0.922962226640159 0.00625 0.02286282306163022
0 0.8690104166666667 0.9309145129224652 0.0171875 0.036779324055666
0 0.36692708333333335 0.9333996023856859 0.016145833333333335 0.02982107355864811