0 0.013020833333333334 0.018886679920477135 0.021875 0.02385685884691849
0 0.6036458333333333 0.03628230616302187 0.005208333333333333 0.0268389662027833
0 0.0453125 0.048707753479125246 0.01875 0.05168986083499006
0 0.615625 0.03777335984095427 0.010416666666666666 0.015904572564612324
0 0.32317708333333334 0.04224652087475149 0.005729166666666666 0.012922465208747515
0 0.014322916666666666 0.05964214711729622 0.0140625 0.033797216699801194
0 0.20520833333333333 0.0536779324055666 0.015625 0.015904572564612324
0 0.31614583333333335 0.05616302186878728 0.00625 0.014910536779324055
0 0.1765625 0.061630218687872766 0.017708333333333333 0.015904572564612324
0 0.14609375 0.08250497017892644 0.0171875 0.03180914512922465
0 0.3294270833333333 0.08250497017892644 0.0078125 0.02385685884691849
0 0.60234375 0.08648111332007952 0.011979166666666667 0.017892644135188866
0 0.10807291666666667 0.09542743538767395 0.016145833333333335 0.033797216699801194
0 0.17473958333333334 0.09343936381709742 0.0067708333333333336 0.02584493041749503
0 0.73359375 0.10934393638170974 0.013020833333333334 0.015904572564612324
0 0.675 0.11978131212723658 0.005208333333333333 0.02882703777335984
0 0.36484375 0.12624254473161034 0.0140625 0.027833001988071572
0 0.20338541666666668 0.14065606361829025 0.016145833333333335 0.036779324055666
0 0.12578125 0.13220675944333996 0.0067708333333333336 0.019880715705765408
0 0.8296875 0.16749502982107356 0.013541666666666667 0.03876739562624255
0 0.042708333333333334 0.1679920477137177 0.011458333333333333 0.03578528827037773
0 0.3138020833333333 0.18290258449304175 0.0140625 0.041749502982107355
0 0.434375 0.1988071570576541 0.011458333333333333 0.03578528827037773
0 0.46119791666666665 0.19433399602385687 0.011979166666666667 0.02485089463220676
0 0.9880208333333333 0.20526838966202784 0.0125 0.030815109343936383
0 0.9291666666666667 0.2117296222664016 0.011458333333333333 0.027833001988071572
0 0.17395833333333333 0.22912524850894633 0.009375 0.02485089463220676
0 0.9940104166666667 0.2504970178926441 0.011979166666666667 0.02186878727634195
0 0.9505208333333334 0.2584493041749503 0.010416666666666666 0.03180914512922465
0 0.56796875 0.24701789264413518 0.0140625 0.010934393638170975
0 0.4440104166666667 0.2644135188866799 0.008854166666666666 0.015904572564612324
0 0.36171875 0.2654075546719682 0.005729166666666666 0.019880715705765408
0 0.43515625 0.2813121272365805 0.005729166666666666 0.013916500994035786
0 0.9122395833333333 0.2882703777335984 0.015104166666666667 0.017892644135188866
0 0.7984375 0.28876739562624254 0.015625 0.016898608349900597
0 0.19140625 0.2897614314115308 0.0109375 0.012922465208747515
0 0.7557291666666667 0.3111332007952286 0.007291666666666667 0.0437375745526839
0 0.6158854166666666 0.308648111332008 0.008854166666666666 0.030815109343936383
0 0.5424479166666667 0.323558648111332 0.0067708333333333336 0.0268389662027833
0 0.030729166666666665 0.3230616302186879 0.010416666666666666 0.02584493041749503
0 0.6888020833333334 0.3334990059642147 0.008854166666666666 0.018886679920477135
0 0.12786458333333334 0.3389662027833002 0.015104166666666667 0.019880715705765408
0 0.9106770833333333 0.3503976143141153 0.0109375 0.03479125248508946
0 0.6364583333333333 0.37624254473161034 0.00625 0.030815109343936383
0 0.28854166666666664 0.37773359840954274 0.016666666666666666 0.011928429423459244
0 0.5065104166666666 0.3961232604373757 0.008854166666666666 0.0268389662027833
0 0.4002604166666667 0.4000994035785288 0.009895833333333333 0.03479125248508946
0 0.2908854166666667 0.4025844930417495 0.0067708333333333336 0.03180914512922465
0 0.0140625 0.40357852882703776 0.027083333333333334 0.013916500994035786
0 0.7447916666666666 0.415506958250497 0.013541666666666667 0.013916500994035786
0 0.6169270833333333 0.4279324055666004 0.0171875 0.012922465208747515
0 0.64765625 0.43489065606361826 0.0140625 0.018886679920477135
0 0.85859375 0.4647117296222664 0.0109375 0.048707753479125246
0 0.5479166666666667 0.4547713717693837 0.004166666666666667 0.018886679920477135
0 0.4825520833333333 0.4537773359840954 0.0067708333333333336 0.014910536779324055
0 0.36692708333333335 0.4537773359840954 0.011979166666666667 0.014910536779324055
0 0.56640625 0.4647117296222664 0.0046875 0.02286282306163022
0 0.9388020833333334 0.4671968190854871 0.013020833333333334 0.011928429423459244
0 0.9296875 0.49055666003976145 0.008333333333333333 0.02485089463220676
0 0.5921875 0.4865805168986084 0.016666666666666666 0.014910536779324055
0 0.9895833333333334 0.5064612326043738 0.020833333333333332 0.05069582504970179
0 0.5770833333333333 0.49801192842942343 0.00625 0.02186878727634195
0 0.3229166666666667 0.49304174950298213 0.010416666666666666 0.011928429423459244
0 0.55234375 0.5059642147117296 0.016145833333333335 0.009940357852882704
0 0.5111979166666667 0.5173956262425448 0.0036458333333333334 0.030815109343936383
0 0.8669270833333333 0.5164015904572564 0.009895833333333333 0.020874751491053677
0 0.6395833333333333 0.5243538767395626 0.008333333333333333 0.036779324055666
0 0.66953125 0.5168986083499006 0.0140625 0.013916500994035786
0 0.3854166666666667 0.5173956262425448 0.009375 0.012922465208747515
0 0.14427083333333332 0.518389662027833 0.01875 0.016898608349900597
0 0.7296875 0.5323061630218688 0.014583333333333334 0.036779324055666
0 0.26640625 0.5208747514910537 0.0140625 0.007952286282306162
0 0.6026041666666667 0.5467196819085487 0.0125 0.04771371769383698
0 0.9674479166666666 0.5422465208747514 0.022395833333333334 0.02882703777335984
0 0.6927083333333334 0.5427435387673957 0.014583333333333334 0.019880715705765408
0 0.07838541666666667 0.5387673956262425 0.008854166666666666 0.011928429423459244
0 0.9088541666666666 0.5606361829025845 0.010416666666666666 0.02982107355864811
0 0.6583333333333333 0.5800198807157058 0.023958333333333335 0.06660039761431412
0 0.5505208333333333 0.5521868787276342 0.014583333333333334 0.010934393638170975
0 0.6268229166666667 0.5536779324055666 0.0109375 0.011928429423459244
0 0.5658854166666667 0.5631212723658051 0.0046875 0.02882703777335984
0 0.4734375 0.5616302186878728 0.009375 0.019880715705765408
0 0.07994791666666666 0.5680914512922465 0.0109375 0.0268389662027833
0 0.6434895833333333 0.5725646123260437 0.018229166666666668 0.02186878727634195
0 0.8708333333333333 0.5795228628230616 0.026041666666666668 0.02186878727634195
0 0.17161458333333332 0.5750497017892644 0.021354166666666667 0.014910536779324055
0 0.8333333333333334 0.5820079522862823 0.01875 0.02485089463220676
0 0.2794270833333333 0.5869781312127237 0.009895833333333333 0.02286282306163022
0 0.68359375 0.5864811133200796 0.018229166666666668 0.013916500994035786
0 0.05625 0.5904572564612326 0.017708333333333333 0.02186878727634195
0 0.7619791666666667 0.5944333996023857 0.017708333333333333 0.02584493041749503
0 0.6307291666666667 0.6123260437375746 0.021875 0.02385685884691849
0 0.006510416666666667 0.6158051689860835 0.011979166666666667 0.030815109343936383
0 0.7286458333333333 0.6277335984095428 0.017708333333333333 0.04473161033797217
0 0.44817708333333334 0.6123260437375746 0.0171875 0.011928429423459244
0 0.528125 0.6242544731610338 0.014583333333333334 0.033797216699801194
0 0.25442708333333336 0.6167992047713717 0.013020833333333334 0.018886679920477135
0 0.7479166666666667 0.6247514910536779 0.015625 0.02485089463220676
0 0.5809895833333333 0.6416500994035785 0.018229166666666668 0.05467196819085487
0 0.2903645833333333 0.6322067594433399 0.021354166666666667 0.02982107355864811
0 0.6403645833333333 0.6317097415506958 0.0067708333333333336 0.02485089463220676
0 0.6143229166666667 0.6302186878727635 0.0078125 0.011928429423459244
0 0.16432291666666668 0.6351888667992047 0.0067708333333333336 0.017892644135188866
0 0.8302083333333333 0.6381709741550696 0.00625 0.02186878727634195
0 0.4661458333333333 0.6361829025844931 0.017708333333333333 0.015904572564612324
0 0.18567708333333333 0.6361829025844931 0.009895833333333333 0.015904572564612324
0 0.5135416666666667 0.6361829025844931 0.011458333333333333 0.011928429423459244
0 0.7182291666666667 0.6381709741550696 0.0125 0.009940357852882704
0 0.0036458333333333334 0.6540755467196819 0.00625 0.03180914512922465
0 0.59765625 0.6515904572564613 0.009895833333333333 0.016898608349900597
0 0.5588541666666667 0.6595427435387674 0.00625 0.02286282306163022
0 0.24453125 0.6565606361829026 0.011979166666666667 0.018886679920477135
0 0.7046875 0.6560636182902585 0.0125 0.011928429423459244
0 0.434375 0.6590457256461233 0.009375 0.015904572564612324
0 0.52109375 0.6575546719681908 0.015104166666666667 0.008946322067594433
0 0.13515625 0.6660039761431411 0.0078125 0.02584493041749503
0 0.27682291666666664 0.6635188866799204 0.0046875 0.014910536779324055
0 0.7247395833333333 0.6660039761431411 0.019270833333333334 0.015904572564612324
0 0.5895833333333333 0.6754473161033797 0.015625 0.018886679920477135
0 0.4010416666666667 0.6724652087475149 0.009375 0.008946322067594433
0 0.28619791666666666 0.6784294234592445 0.009895833333333333 0.016898608349900597
0 0.6432291666666666 0.6978131212723658 0.014583333333333334 0.02584493041749503
0 0.5083333333333333 0.6998011928429424 0.005208333333333333 0.02584493041749503
0 0.6872395833333333 0.7266401590457257 0.03697916666666667 0.06759443339960239
0 0.5505208333333333 0.7052683896620279 0.008333333333333333 0.018886679920477135
0 0.5697916666666667 0.7147117296222664 0.008333333333333333 0.03180914512922465
0 0.3104166666666667 0.7102385685884692 0.017708333333333333 0.016898608349900597
0 0.259375 0.7067594433399602 0.014583333333333334 0.009940357852882704
0 0.44557291666666665 0.7127236580516899 0.022395833333333334 0.019880715705765408
0 0.7158854166666667 0.7191848906560636 0.0109375 0.02882703777335984
0 0.10911458333333333 0.7246520874751491 0.016145833333333335 0.02186878727634195
0 0.7856770833333333 0.7306163021868787 0.019270833333333334 0.013916500994035786
0 0.24375 0.7380715705765407 0.009375 0.030815109343936383
0 0.6200520833333333 0.7440357852882704 0.0109375 0.032803180914512925
0 0.7346354166666667 0.7475149105367793 0.022395833333333334 0.03777335984095427
0 0.66015625 0.7365805168986084 0.009895833333333333 0.015904572564612324
0 0.64609375 0.7495029821073559 0.0171875 0.033797216699801194
0 0.6020833333333333 0.7504970178926441 0.007291666666666667 0.02584493041749503
0 0.4205729166666667 0.7460238568588469 0.0171875 0.010934393638170975
0 0.21276041666666667 0.7624254473161034 0.0171875 0.033797216699801194
0 0.7541666666666667 0.7519880715705766 0.011458333333333333 0.010934393638170975
0 0.484375 0.7619284294234593 0.020833333333333332 0.016898608349900597
0 0.7002604166666667 0.7688866799204771 0.009895833333333333 0.02882703777335984
0 0.5309895833333333 0.7659045725646123 0.011979166666666667 0.010934393638170975
0 0.4278645833333333 0.7698807157057654 0.011979166666666667 0.016898608349900597
0 0.8796875 0.7813121272365805 0.009375 0.033797216699801194
0 0.73828125 0.7753479125248509 0.011979166666666667 0.02186878727634195
0 0.6390625 0.7773359840954275 0.015625 0.011928429423459244
0 0.65546875 0.7882703777335984 0.0296875 0.027833001988071572
0 0.4393229166666667 0.7818091451292246 0.0109375 0.010934393638170975
0 0.8075520833333333 0.8116302186878728 0.021354166666666667 0.05467196819085487
0 0.6177083333333333 0.7897614314115308 0.015625 0.008946322067594433
0 0.7276041666666667 0.8021868787276342 0.017708333333333333 0.03180914512922465
0 0.21744791666666666 0.8046719681908548 0.008854166666666666 0.036779324055666
0 0.54140625 0.8036779324055666 0.0067708333333333336 0.02485089463220676
0 0.5591145833333333 0.805168986083499 0.008854166666666666 0.02186878727634195
0 0.5109375 0.8036779324055666 0.010416666666666666 0.014910536779324055
0 0.5986979166666667 0.8106361829025845 0.0109375 0.020874751491053677
0 0.13489583333333333 0.8116302186878728 0.011458333333333333 0.016898608349900597
0 0.8658854166666666 0.8136182902584493 0.009895833333333333 0.018886679920477135
0 0.52421875 0.812624254473161 0.009895833333333333 0.016898608349900597
0 0.8309895833333333 0.81610337972167 0.011979166666666667 0.019880715705765408
0 0.33203125 0.820079522862823 0.015104166666666667 0.02584493041749503
0 0.1640625 0.8280318091451292 0.009375 0.03578528827037773
0 0.6494791666666667 0.8250497017892644 0.00625 0.02186878727634195
0 0.5807291666666666 0.8215705765407555 0.010416666666666666 0.010934393638170975
0 0.052083333333333336 0.8290258449304175 0.013541666666666667 0.02584493041749503
0 0.020052083333333335 0.8250497017892644 0.0109375 0.017892644135188866
0 0.49296875 0.8300198807157058 0.0067708333333333336 0.02385685884691849
0 0.6932291666666667 0.8414512922465208 0.027083333333333334 0.02882703777335984
0 0.44765625 0.831013916500994 0.0109375 0.009940357852882704
0 0.47760416666666666 0.8359840954274353 0.014583333333333334 0.009940357852882704
0 0.6080729166666666 0.8374751491053678 0.018229166666666668 0.008946322067594433
0 0.5260416666666666 0.864314115308151 0.019791666666666666 0.05069582504970179
0 0.47239583333333335 0.8558648111332008 0.008333333333333333 0.02584493041749503
0 0.8091145833333333 0.8653081510934394 0.0078125 0.03876739562624255
0 0.5984375 0.8553677932405567 0.014583333333333334 0.016898608349900597
0 0.57109375 0.867296222664016 0.013020833333333334 0.02485089463220676
0 0.34479166666666666 0.8638170974155069 0.011458333333333333 0.019880715705765408
0 0.5096354166666667 0.8638170974155069 0.011979166666666667 0.015904572564612324
0 0.6955729166666667 0.8752485089463221 0.0046875 0.016898608349900597
0 0.0067708333333333336 0.8757455268389662 0.0125 0.017892644135188866
0 0.4825520833333333 0.8742544731610338 0.0067708333333333336 0.012922465208747515
0 0.97578125 0.8817097415506958 0.021354166666666667 0.019880715705765408
0 0.31796875 0.8846918489065606 0.0036458333333333334 0.02186878727634195
0 0.6651041666666667 0.8841948310139165 0.0125 0.014910536779324055
0 0.6833333333333333 0.8926441351888668 0.015625 0.009940357852882704
0 0.56640625 0.8966202783300199 0.013020833333333334 0.013916500994035786
0 0.43802083333333336 0.8986083499005965 0.00625 0.015904572564612324
0 0.834375 0.8991053677932406 0.0125 0.014910536779324055
0 0.5971354166666667 0.9025844930417495 0.005729166666666666 0.02186878727634195
0 0.030989583333333334 0.9020874751491054 0.0067708333333333336 0.014910536779324055
0 0.5729166666666666 0.9160039761431411 0.019791666666666666 0.030815109343936383
0 0.6528645833333333 0.9125248508946322 0.008854166666666666 0.02186878727634195
0 0.68671875 0.9294234592445328 0.0171875 0.03578528827037773
0 0.840625 0.9264413518886679 0.017708333333333333 0.013916500994035786
0 0.5403645833333334 0.9388667992047713 0.0109375 0.02485089463220676
0 0.6466145833333333 0.9547713717693836 0.015104166666666667 0.040755467196819085
0 0.72265625 0.9498011928429424 0.0171875 0.010934393638170975
0 0.20833333333333334 0.9592445328031809 0.015625 0.017892644135188866
0 0.5463541666666667 0.9652087475149106 0.009375 0.02584493041749503
0 0.18776041666666668 0.967196819085487 0.0067708333333333336 0.02982107355864811
0 0.8091145833333333 0.9686878727634195 0.0109375 0.02286282306163022
0 0.8609375 0.9771371769383698 0.017708333333333333 0.019880715705765408
0 0.6325520833333333 0.9835984095427436 0.005729166666666666 0.030815109343936383
0 0.9661458333333334 0.9811133200795229 0.016666666666666666 0.015904572564612324
0 0.9127604166666666 0.9860834990059643 0.009895833333333333 0.02584493041749503
0 0.5671875 0.9875745526838966 0.013541666666666667 0.02286282306163022
0 0.004166666666666667 0.9880715705765407 0.007291666666666667 0.02186878727634195
0 0.13177083333333334 0.992544731610338 0.007291666666666667 0.012922465208747515