0 0.7809895833333333 0.10934393638170974 0.0078125 0.02186878727634195
0 0.7924479166666667 0.20924453280318092 0.0109375 0.018886679920477135
0 0.6221354166666667 0.25497017892644136 0.0140625 0.018886679920477135
0 0.9744791666666667 0.4279324055666004 0.015625 0.012922465208747515
0 0.82578125 0.51441351888668 0.005729166666666666 0.0268389662027833
0 0.27578125 0.5800198807157058 0.0140625 0.02286282306163022
0 0.9807291666666667 0.6346918489065606 0.0125 0.0268389662027833
0 0.45364583333333336 0.6535785288270378 0.013541666666666667 0.014910536779324055
0 0.58515625 0.6759443339960238 0.015104166666666667 0.009940357852882704
0 0.73359375 0.6888667992047713 0.008854166666666666 0.027833001988071572
0 0.8971354166666666 0.7042743538767395 0.0109375 0.02882703777335984
0 0.7580729166666667 0.7127236580516899 0.0067708333333333336 0.02982107355864811
0 0.88203125 0.7256461232604374 0.009895833333333333 0.015904572564612324
0 0.3966145833333333 0.7519880715705766 0.0109375 0.018886679920477135
0 0.90859375 0.7654075546719682 0.015104166666666667 0.02982107355864811
0 0.7361979166666667 0.7753479125248509 0.005729166666666666 0.02584493041749503
0 0.41953125 0.8001988071570576 0.0046875 0.027833001988071572
0 0.5341145833333333 0.7967196819085487 0.011979166666666667 0.016898608349900597
0 0.47161458333333334 0.8300198807157058 0.009895833333333333 0.039761431411530816
0 0.7296875 0.8235586481113321 0.009375 0.02286282306163022
0 0.5802083333333333 0.8240556660039762 0.013541666666666667 0.011928429423459244
0 0.3234375 0.8349900596421471 0.015625 0.015904572564612324
0 0.49713541666666666 0.8414512922465208 0.016145833333333335 0.016898608349900597
0 0.8143229166666667 0.8558648111332008 0.0140625 0.015904572564612324
0 0.37994791666666666 0.8722664015904572 0.0067708333333333336 0.018886679920477135
0 0.5299479166666666 0.9095427435387674 0.0078125 0.02584493041749503
0 0.64921875 0.9100397614314115 0.0078125 0.014910536779324055
0 0.7098958333333333 0.918986083499006 0.013541666666666667 0.008946322067594433
0 0.42291666666666666 0.9314115308151093 0.00625 0.02584493041749503
0 0.659375 0.9304174950298211 0.013541666666666667 0.011928429423459244
0 0.6213541666666667 0.94831013916501 0.009375 0.019880715705765408
0 0.65390625 0.9458250497017893 0.015104166666666667 0.014910536779324055
0 0.5083333333333333 0.9681908548707754 0.008333333333333333 0.019880715705765408
0 0.57734375 0.9821073558648111 0.0171875 0.013916500994035786
0 0.26979166666666665 0.9900596421471173 0.009375 0.017892644135188866
0 0.4825520833333333 0.9930417495029821 0.0140625 0.011928429423459244