0 0.7979166666666667 0.02982107355864811 0.01875 0.02385685884691849
0 0.9971354166666667 0.03777335984095427 0.005729166666666666 0.02584493041749503
0 0.9893229166666667 0.05417495029821073 0.009895833333333333 0.010934393638170975
0 0.953125 0.21371769383697814 0.0125 0.017892644135188866
0 0.91640625 0.21819085487077536 0.0078125 0.016898608349900597
0 0.7315104166666667 0.23061630218687873 0.0078125 0.02186878727634195
0 0.7158854166666667 0.2634194831013916 0.018229166666666668 0.02186878727634195
0 0.9833333333333333 0.33151093439363816 0.019791666666666666 0.02882703777335984
0 0.93515625 0.35984095427435386 0.009895833333333333 0.027833001988071572
0 0.9231770833333334 0.562624254473161 0.0203125 0.03578528827037773
0 0.81875 0.56610337972167 0.016666666666666666 0.03479125248508946
0 0.83203125 0.7380715705765407 0.008854166666666666 0.020874751491053677
0 0.7432291666666667 0.9637176938369781 0.023958333333333335 0.030815109343936383