0 0.0078125 0.004970178926441352 0.015625 0.009940357852882704
0 0.82109375 0.009443339960238568 0.013020833333333334 0.018886679920477135
0 0.934375 0.02584493041749503 0.019791666666666666 0.05168986083499006
0 0.99765625 0.03876739562624255 0.0036458333333333334 0.05964214711729622
0 0.6609375 0.045228628230616304 0.00625 0.0268389662027833
0 0.47760416666666666 0.06262425447316103 0.009375 0.039761431411530816
0 0.6848958333333334 0.05964214711729622 0.022916666666666665 0.033797216699801194
0 0.43072916666666666 0.06510934393638171 0.0125 0.03479125248508946
0 0.9276041666666667 0.07902584493041749 0.026041666666666668 0.03876739562624255
0 0.9908854166666666 0.13717693836978131 0.0171875 0.04970178926441352
0 0.040364583333333336 0.15755467196819087 0.024479166666666666 0.06063618290258449
0 0.24921875 0.15059642147117297 0.009895833333333333 0.02286282306163022
0 0.42682291666666666 0.176441351888668 0.013020833333333334 0.032803180914512925
0 0.94296875 0.18687872763419483 0.011979166666666667 0.03777335984095427
0 0.36875 0.18141153081510936 0.014583333333333334 0.012922465208747515
0 0.32864583333333336 0.2117296222664016 0.016666666666666666 0.03180914512922465
0 0.3151041666666667 0.22117296222664015 0.007291666666666667 0.02882703777335984
0 0.36380208333333336 0.24353876739562624 0.011979166666666667 0.02385685884691849
0 0.58671875 0.2649105367793241 0.009895833333333333 0.010934393638170975
0 0.6325520833333333 0.275844930417495 0.009895833333333333 0.0268389662027833
0 0.24322916666666666 0.28578528827037775 0.028125 0.03479125248508946
0 0.6197916666666666 0.29870775347912526 0.015625 0.02485089463220676
0 0.5825520833333333 0.3091451292246521 0.019270833333333334 0.015904572564612324
0 0.734375 0.34542743538767395 0.013541666666666667 0.014910536779324055
0 0.9114583333333334 0.38767395626242546 0.007291666666666667 0.015904572564612324
0 0.5484375 0.4105367793240557 0.00625 0.015904572564612324
0 0.5078125 0.42445328031809143 0.0125 0.02186878727634195
0 0.48802083333333335 0.4433399602385686 0.0125 0.03777335984095427
0 0.22682291666666668 0.4418489065606362 0.016145833333333335 0.016898608349900597
0 0.53359375 0.4731610337972167 0.015104166666666667 0.015904572564612324
0 0.88125 0.4761431411530815 0.010416666666666666 0.017892644135188866
0 0.4791666666666667 0.4845924453280318 0.01875 0.02485089463220676
0 0.06458333333333334 0.49403578528827036 0.0125 0.02982107355864811
0 0.6408854166666667 0.5054671968190855 0.0078125 0.018886679920477135
0 0.44036458333333334 0.5243538767395626 0.0067708333333333336 0.0268389662027833
0 0.390625 0.5308151093439364 0.017708333333333333 0.02584493041749503
0 0.5890625 0.5243538767395626 0.014583333333333334 0.010934393638170975
0 0.4127604166666667 0.5447316103379721 0.0109375 0.0437375745526839
0 0.9682291666666667 0.5492047713717694 0.0125 0.02882703777335984
0 0.44505208333333335 0.5690854870775348 0.016145833333333335 0.014910536779324055
0 0.38255208333333335 0.581013916500994 0.013020833333333334 0.030815109343936383
0 0.06614583333333333 0.5959244532803181 0.017708333333333333 0.05467196819085487
0 0.39401041666666664 0.588469184890656 0.013020833333333334 0.041749502982107355
0 0.21119791666666668 0.591948310139165 0.018229166666666668 0.02286282306163022
0 0.5098958333333333 0.5974155069582505 0.00625 0.03578528827037773
0 0.48489583333333336 0.5909542743538767 0.03854166666666667 0.016898608349900597
0 0.17838541666666666 0.6038767395626242 0.019270833333333334 0.040755467196819085
0 0.27838541666666666 0.6063618290258449 0.0171875 0.0437375745526839
0 0.7291666666666666 0.5929423459244533 0.005208333333333333 0.018886679920477135
0 0.44765625 0.5964214711729622 0.016145833333333335 0.015904572564612324
0 0.3692708333333333 0.614314115308151 0.022916666666666665 0.02385685884691849
0 0.7192708333333333 0.6177932405566601 0.01875 0.018886679920477135
0 0.5864583333333333 0.6158051689860835 0.014583333333333334 0.012922465208747515
0 0.46197916666666666 0.6237574552683897 0.035416666666666666 0.020874751491053677
0 0.42473958333333334 0.6456262425447317 0.018229166666666668 0.014910536779324055
0 0.48541666666666666 0.643141153081511 0.009375 0.009940357852882704
0 0.5395833333333333 0.6650099403578529 0.021875 0.05168986083499006
0 0.5794270833333334 0.6520874751491054 0.009895833333333333 0.02186878727634195
0 0.45390625 0.6500994035785288 0.011979166666666667 0.011928429423459244
0 0.6411458333333333 0.6585487077534792 0.015625 0.02485089463220676
0 0.99140625 0.6704771371769384 0.016145833333333335 0.032803180914512925
0 0.34817708333333336 0.6679920477137177 0.008854166666666666 0.02584493041749503
0 0.37265625 0.6714711729622267 0.018229166666666668 0.020874751491053677
0 0.31171875 0.6819085487077535 0.013020833333333334 0.03777335984095427
0 0.4049479166666667 0.6754473161033797 0.0067708333333333336 0.02286282306163022
0 0.41822916666666665 0.6764413518886679 0.009375 0.02485089463220676
0 0.22734375 0.68389662027833 0.0140625 0.019880715705765408
0 0.328125 0.6893638170974155 0.011458333333333333 0.02485089463220676
0 0.471875 0.6858846918489065 0.013541666666666667 0.009940357852882704
0 0.4393229166666667 0.7007952286282306 0.0078125 0.033797216699801194
0 0.58125 0.7017892644135189 0.020833333333333332 0.033797216699801194
0 0.37005208333333334 0.7137176938369781 0.0109375 0.039761431411530816
0 0.415625 0.702286282306163 0.0125 0.018886679920477135
0 0.4635416666666667 0.7037773359840954 0.010416666666666666 0.02186878727634195
0 0.5192708333333333 0.7087475149105368 0.016666666666666666 0.027833001988071572
0 0.8091145833333333 0.7112326043737575 0.0067708333333333336 0.02286282306163022
0 0.33177083333333335 0.7176938369781312 0.0125 0.019880715705765408
0 0.55234375 0.7162027833001988 0.0109375 0.018886679920477135
0 0.13854166666666667 0.7152087475149106 0.015625 0.012922465208747515
0 0.1734375 0.7301192842942346 0.017708333333333333 0.03876739562624255
0 0.44973958333333336 0.7211729622266402 0.0067708333333333336 0.018886679920477135
0 0.4979166666666667 0.7246520874751491 0.021875 0.02584493041749503
0 0.88671875 0.7326043737574552 0.013020833333333334 0.033797216699801194
0 0.96953125 0.7380715705765407 0.0067708333333333336 0.014910536779324055
0 0.35 0.7460238568588469 0.028125 0.014910536779324055
0 0.36328125 0.7698807157057654 0.0067708333333333336 0.020874751491053677
0 0.37604166666666666 0.7837972166998012 0.019791666666666666 0.020874751491053677
0 0.3546875 0.7912524850894632 0.010416666666666666 0.015904572564612324
0 0.49322916666666666 0.8056660039761432 0.01875 0.032803180914512925
0 0.53203125 0.8121272365805169 0.016145833333333335 0.04771371769383698
0 0.39739583333333334 0.8285288270377733 0.011458333333333333 0.03479125248508946
0 0.24713541666666666 0.8295228628230616 0.025520833333333333 0.030815109343936383
0 0.275 0.8220675944333996 0.014583333333333334 0.015904572564612324
0 0.33125 0.8275347912524851 0.016666666666666666 0.012922465208747515
0 0.5075520833333333 0.8469184890656064 0.009895833333333333 0.04572564612326044
0 0.46197916666666666 0.8588469184890656 0.019791666666666666 0.06560636182902585
0 0.37083333333333335 0.845427435387674 0.0125 0.020874751491053677
0 0.8200520833333333 0.8429423459244533 0.019270833333333334 0.017892644135188866
0 0.6661458333333333 0.8563618290258449 0.0125 0.018886679920477135
0 0.4080729166666667 0.8653081510934394 0.0067708333333333336 0.02485089463220676
0 0.3776041666666667 0.8737574552683897 0.011458333333333333 0.033797216699801194
0 0.8473958333333333 0.8792246520874751 0.0125 0.02485089463220676
0 0.175 0.882703777335984 0.017708333333333333 0.02982107355864811
0 0.23619791666666667 0.8881709741550696 0.015104166666666667 0.016898608349900597
0 0.13802083333333334 0.8936381709741551 0.013541666666666667 0.02385685884691849
0 0.3645833333333333 0.897117296222664 0.01875 0.018886679920477135
0 0.26015625 0.911530815109344 0.016145833333333335 0.03578528827037773
0 0.6111979166666667 0.9179920477137177 0.021354166666666667 0.032803180914512925
0 0.2328125 0.918986083499006 0.0125 0.02286282306163022
0 0.3953125 0.9199801192842942 0.016666666666666666 0.02485089463220676
0 0.515625 0.9249502982107356 0.009375 0.02485089463220676
0 0.3072916666666667 0.9289264413518886 0.016666666666666666 0.02485089463220676
0 0.684375 0.9348906560636183 0.016666666666666666 0.03479125248508946
0 0.9260416666666667 0.937375745526839 0.009375 0.02186878727634195
0 0.390625 0.9378727634194831 0.011458333333333333 0.014910536779324055
0 0.04609375 0.9527833001988072 0.0078125 0.016898608349900597
0 0.5140625 0.9552683896620279 0.011458333333333333 0.017892644135188866
0 0.4869791666666667 0.963220675944334 0.011458333333333333 0.015904572564612324
0 0.75859375 0.9776341948310139 0.008854166666666666 0.032803180914512925
0 0.03333333333333333 0.9746520874751491 0.011458333333333333 0.016898608349900597
0 0.5606770833333333 0.9796222664015904 0.009895833333333333 0.0268389662027833
0 0.3416666666666667 0.9831013916500994 0.017708333333333333 0.03180914512922465
0 0.590625 0.98558648111332 0.005208333333333333 0.0268389662027833
0 0.4166666666666667 0.9875745526838966 0.010416666666666666 0.02286282306163022
0 0.39296875 0.9885685884691849 0.0140625 0.020874751491053677
0 0.26875 0.989065606361829 0.015625 0.019880715705765408