0 0.08177083333333333 0.006958250497017893 0.022916666666666665 0.013916500994035786
0 0.27109375 0.009443339960238568 0.022395833333333334 0.018886679920477135
0 0.5125 0.005964214711729622 0.017708333333333333 0.011928429423459244
0 0.6942708333333333 0.0064612326043737576 0.00625 0.012922465208747515
0 0.3078125 0.019880715705765408 0.022916666666666665 0.027833001988071572
0 0.42578125 0.017892644135188866 0.009895833333333333 0.011928429423459244
0 0.07473958333333333 0.02286282306163022 0.0078125 0.011928429423459244
0 0.18203125 0.04025844930417495 0.0140625 0.016898608349900597
0 0.4354166666666667 0.04324055666003976 0.010416666666666666 0.02286282306163022
0 0.41510416666666666 0.0437375745526839 0.015625 0.02186878727634195
0 0.16145833333333334 0.051192842942345926 0.014583333333333334 0.02882703777335984
0 0.3502604166666667 0.05715705765407555 0.0078125 0.03876739562624255
0 0.3927083333333333 0.051192842942345926 0.007291666666666667 0.014910536779324055
0 0.2890625 0.059145129224652086 0.010416666666666666 0.02882703777335984
0 0.48463541666666665 0.05715705765407555 0.015104166666666667 0.02485089463220676
0 0.6697916666666667 0.07306163021868788 0.015625 0.030815109343936383
0 0.4153645833333333 0.07455268389662027 0.016145833333333335 0.027833001988071572
0 0.33229166666666665 0.09095427435387674 0.010416666666666666 0.036779324055666
0 0.2721354166666667 0.10884691848906561 0.009895833333333333 0.032803180914512925
0 0.5388020833333333 0.11878727634194831 0.0421875 0.04671968190854871
0 0.7684895833333333 0.11928429423459244 0.009895833333333333 0.04572564612326044
0 0.23619791666666667 0.1341948310139165 0.030729166666666665 0.03777335984095427
0 0.40338541666666666 0.14860834990059643 0.0140625 0.036779324055666
0 0.603125 0.15109343936381708 0.005208333333333333 0.02385685884691849
0 0.528125 0.16153081510934394 0.013541666666666667 0.032803180914512925
0 0.4591145833333333 0.16153081510934394 0.022395833333333334 0.014910536779324055
0 0.32526041666666666 0.16650099403578528 0.0078125 0.018886679920477135
0 0.6513020833333333 0.17047713717693838 0.024479166666666666 0.02485089463220676
0 0.26927083333333335 0.17594433399602386 0.019791666666666666 0.02982107355864811
0 0.20494791666666667 0.1824055666003976 0.0171875 0.032803180914512925
0 0.3372395833333333 0.1824055666003976 0.009895833333333333 0.02485089463220676
0 0.3015625 0.1878727634194831 0.013541666666666667 0.02982107355864811
0 0.3145833333333333 0.18836978131212723 0.007291666666666667 0.020874751491053677
0 0.21875 0.1893638170974155 0.010416666666666666 0.016898608349900597
0 0.171875 0.19731610337972166 0.011458333333333333 0.02286282306163022
0 0.1015625 0.21968190854870775 0.011458333333333333 0.02186878727634195
0 0.5393229166666667 0.22514910536779323 0.025520833333333333 0.032803180914512925
0 0.15989583333333332 0.2430417495029821 0.015625 0.040755467196819085
0 0.3984375 0.2614314115308151 0.017708333333333333 0.041749502982107355
0 0.19479166666666667 0.25347912524850896 0.019791666666666666 0.02385685884691849
0 0.24401041666666667 0.2504970178926441 0.022395833333333334 0.017892644135188866
0 0.8489583333333334 0.2509940357852883 0.021875 0.018886679920477135
0 0.38203125 0.2673956262425447 0.0078125 0.03180914512922465
0 0.4283854166666667 0.27037773359840955 0.019270833333333334 0.015904572564612324
0 0.9786458333333333 0.2773359840954274 0.016666666666666666 0.013916500994035786
0 0.3377604166666667 0.28628230616302186 0.022395833333333334 0.02186878727634195
0 0.121875 0.29174950298210733 0.010416666666666666 0.02485089463220676
0 0.14921875 0.30268389662027834 0.0078125 0.03876739562624255
0 0.35989583333333336 0.31610337972166996 0.015625 0.009940357852882704
0 0.6455729166666667 0.3305168986083499 0.0171875 0.012922465208747515
0 0.29010416666666666 0.35685884691848907 0.019791666666666666 0.05964214711729622
0 0.07369791666666667 0.3513916500994036 0.008854166666666666 0.032803180914512925
0 0.35208333333333336 0.35834990059642147 0.023958333333333335 0.042743538767395624
0 0.36380208333333336 0.3832007952286282 0.0067708333333333336 0.030815109343936383
0 0.69453125 0.3817097415506958 0.025520833333333333 0.027833001988071572
0 0.31692708333333336 0.3986083499005964 0.0140625 0.03777335984095427
0 0.3455729166666667 0.3976143141153082 0.018229166666666668 0.033797216699801194
0 0.03307291666666667 0.40506958250497016 0.030729166666666665 0.040755467196819085
0 0.51015625 0.4100397614314115 0.0140625 0.02286282306163022
0 0.2875 0.4150099403578529 0.007291666666666667 0.02882703777335984
0 0.07109375 0.42445328031809143 0.021354166666666667 0.03180914512922465
0 0.32265625 0.4259443339960239 0.0234375 0.03479125248508946
0 0.46875 0.43339960238568587 0.014583333333333334 0.039761431411530816
0 0.08828125 0.43190854870775347 0.013020833333333334 0.03479125248508946
0 0.24947916666666667 0.44433399602385687 0.015625 0.055666003976143144
0 0.95625 0.4423459244532803 0.009375 0.02385685884691849
0 0.50703125 0.44831013916500995 0.013020833333333334 0.03180914512922465
0 0.4328125 0.4507952286282306 0.019791666666666666 0.030815109343936383
0 0.22916666666666666 0.4542743538767396 0.009375 0.02982107355864811
0 0.036458333333333336 0.4537773359840954 0.011458333333333333 0.0268389662027833
0 0.10286458333333333 0.45974155069582506 0.025520833333333333 0.036779324055666
0 0.014583333333333334 0.46123260437375746 0.015625 0.017892644135188866
0 0.1890625 0.4691848906560636 0.007291666666666667 0.02982107355864811
0 0.2825520833333333 0.46570576540755465 0.0171875 0.010934393638170975
0 0.35833333333333334 0.47912524850894633 0.01875 0.03777335984095427
0 0.4861979166666667 0.47862823061630216 0.0109375 0.036779324055666
0 0.5434895833333333 0.4761431411530815 0.022395833333333334 0.027833001988071572
0 0.56953125 0.4721669980119284 0.019270833333333334 0.019880715705765408
0 0.328125 0.4821073558648111 0.017708333333333333 0.02385685884691849
0 0.20520833333333333 0.48111332007952284 0.013541666666666667 0.009940357852882704
0 0.10729166666666666 0.48956262425447317 0.020833333333333332 0.02286282306163022
0 0.22161458333333334 0.4955268389662028 0.0078125 0.016898608349900597
0 0.27369791666666665 0.5079522862823062 0.021354166666666667 0.03777335984095427
0 0.5544270833333333 0.5044731610337972 0.018229166666666668 0.02882703777335984
0 0.3015625 0.5064612326043738 0.007291666666666667 0.018886679920477135
0 0.6890625 0.5124254473161034 0.015625 0.014910536779324055
0 0.50625 0.5268389662027833 0.009375 0.03578528827037773
0 0.7125 0.532803180914513 0.016666666666666666 0.04572564612326044
0 0.2864583333333333 0.5337972166998012 0.014583333333333334 0.041749502982107355
0 0.49296875 0.5233598409542743 0.009895833333333333 0.018886679920477135
0 0.521875 0.5298210735586482 0.00625 0.027833001988071572
0 0.8299479166666667 0.5313121272365805 0.008854166666666666 0.030815109343936383
0 0.3997395833333333 0.5283300198807157 0.013020833333333334 0.018886679920477135
0 0.5526041666666667 0.5417495029821073 0.014583333333333334 0.02186878727634195
0 0.11432291666666666 0.5432405566600398 0.0234375 0.02286282306163022
0 0.20286458333333332 0.5422465208747514 0.0078125 0.018886679920477135
0 0.38776041666666666 0.5437375745526839 0.018229166666666668 0.02385685884691849
0 0.4473958333333333 0.5387673956262425 0.011458333333333333 0.013916500994035786
0 0.47552083333333334 0.5511928429423459 0.008333333333333333 0.036779324055666
0 0.18151041666666667 0.5526838966202783 0.008854166666666666 0.02186878727634195
0 0.55859375 0.5531809145129225 0.0067708333333333336 0.018886679920477135
0 0.016145833333333335 0.5646123260437376 0.022916666666666665 0.027833001988071572
0 0.346875 0.5695825049701789 0.0125 0.03777335984095427
0 0.09609375 0.5621272365805169 0.0140625 0.020874751491053677
0 0.4309895833333333 0.5710735586481114 0.015104166666666667 0.02485089463220676
0 0.23802083333333332 0.5725646123260437 0.017708333333333333 0.02584493041749503
0 0.4947916666666667 0.577037773359841 0.007291666666666667 0.03479125248508946
0 0.6692708333333334 0.5899602385685885 0.014583333333333334 0.04671968190854871
0 0.30755208333333334 0.5854870775347912 0.009895833333333333 0.033797216699801194
0 0.5247395833333334 0.5934393638170974 0.018229166666666668 0.04771371769383698
0 0.3216145833333333 0.584493041749503 0.013020833333333334 0.02584493041749503
0 0.09635416666666667 0.5939363817097415 0.030208333333333334 0.040755467196819085
0 0.15807291666666667 0.5939363817097415 0.0234375 0.03479125248508946
0 0.36276041666666664 0.5909542743538767 0.015104166666666667 0.02485089463220676
0 0.12213541666666666 0.5914512922465208 0.009895833333333333 0.015904572564612324
0 0.05546875 0.6008946322067594 0.009895833333333333 0.014910536779324055
0 0.4010416666666667 0.6023856858846919 0.0125 0.015904572564612324
0 0.48463541666666665 0.6138170974155069 0.03177083333333333 0.03876739562624255
0 0.9588541666666667 0.6078528827037774 0.017708333333333333 0.0268389662027833
0 0.5473958333333333 0.6177932405566601 0.027083333333333334 0.03876739562624255
0 0.11432291666666666 0.6093439363817097 0.0067708333333333336 0.013916500994035786
0 0.05 0.6197813121272365 0.005208333333333333 0.014910536779324055
0 0.31276041666666665 0.6302186878727635 0.008854166666666666 0.02584493041749503
0 0.12057291666666667 0.6336978131212724 0.0171875 0.02882703777335984
0 0.41770833333333335 0.6451292246520874 0.007291666666666667 0.041749502982107355
0 0.9442708333333333 0.6416500994035785 0.0125 0.03479125248508946
0 0.6510416666666666 0.6361829025844931 0.007291666666666667 0.015904572564612324
0 0.05859375 0.6426441351888668 0.0203125 0.02485089463220676
0 0.07864583333333333 0.6491053677932406 0.017708333333333333 0.039761431411530816
0 0.33671875 0.6426441351888668 0.0140625 0.0268389662027833
0 0.6799479166666667 0.6486083499005965 0.0171875 0.0268389662027833
0 0.8765625 0.6461232604373758 0.010416666666666666 0.015904572564612324
0 0.4822916666666667 0.6466202783300199 0.015625 0.006958250497017893
0 0.090625 0.6570576540755467 0.009375 0.015904572564612324
0 0.5536458333333333 0.6625248508946322 0.008333333333333333 0.016898608349900597
0 0.040625 0.6660039761431411 0.0125 0.019880715705765408
0 0.6838541666666667 0.6754473161033797 0.011458333333333333 0.03479125248508946
0 0.062239583333333334 0.6908548707753479 0.016145833333333335 0.03578528827037773
0 0.12760416666666666 0.7037773359840954 0.025 0.05765407554671968
0 0.23359375 0.6958250497017893 0.016145833333333335 0.041749502982107355
0 0.62890625 0.6843936381709742 0.016145833333333335 0.018886679920477135
0 0.65390625 0.6988071570576541 0.011979166666666667 0.02385685884691849
0 0.5388020833333333 0.717196819085487 0.015104166666666667 0.04671968190854871
0 0.10390625 0.7147117296222664 0.015104166666666667 0.02982107355864811
0 0.55703125 0.7052683896620279 0.0078125 0.012922465208747515
0 0.5161458333333333 0.7162027833001988 0.008333333333333333 0.02882703777335984
0 0.6677083333333333 0.7221669980119284 0.022916666666666665 0.040755467196819085
0 0.39010416666666664 0.7107355864811133 0.023958333333333335 0.009940357852882704
0 0.5734375 0.7162027833001988 0.010416666666666666 0.016898608349900597
0 0.07421875 0.7256461232604374 0.015104166666666667 0.027833001988071572
0 0.43020833333333336 0.7236580516898609 0.011458333333333333 0.02584493041749503
0 0.1671875 0.7370775347912525 0.009375 0.03876739562624255
0 0.37942708333333336 0.7281312127236581 0.0078125 0.02286282306163022
0 0.27838541666666666 0.7370775347912525 0.0078125 0.02485089463220676
0 0.5822916666666667 0.7490059642147118 0.019791666666666666 0.03876739562624255
0 0.7005208333333334 0.7480119284294234 0.010416666666666666 0.03479125248508946
0 0.6838541666666667 0.7554671968190855 0.0125 0.03578528827037773
0 0.12630208333333334 0.7465208747514911 0.019270833333333334 0.013916500994035786
0 0.2203125 0.7534791252485089 0.014583333333333334 0.015904572564612324
0 0.39140625 0.7698807157057654 0.0140625 0.042743538767395624
0 0.008854166666666666 0.7619284294234593 0.009375 0.02286282306163022
0 0.890625 0.7688866799204771 0.017708333333333333 0.03479125248508946
0 0.48463541666666665 0.7614314115308151 0.005729166666666666 0.017892644135188866
0 0.6666666666666666 0.7614314115308151 0.016666666666666666 0.017892644135188866
0 0.3494791666666667 0.7738568588469185 0.013541666666666667 0.036779324055666
0 0.540625 0.7654075546719682 0.019791666666666666 0.017892644135188866
0 0.6630208333333333 0.7748508946322068 0.011458333333333333 0.016898608349900597
0 0.4119791666666667 0.7803180914512923 0.016666666666666666 0.011928429423459244
0 0.18619791666666666 0.7932405566600398 0.024479166666666666 0.033797216699801194
0 0.023958333333333335 0.7987077534791253 0.020833333333333332 0.03876739562624255
0 0.48046875 0.8046719681908548 0.015104166666666667 0.03479125248508946
0 0.225 0.8011928429423459 0.011458333333333333 0.019880715705765408
0 0.25078125 0.8101391650099403 0.0078125 0.03180914512922465
0 0.5010416666666667 0.8081510934393639 0.016666666666666666 0.02186878727634195
0 0.696875 0.8041749502982107 0.022916666666666665 0.013916500994035786
0 0.42604166666666665 0.8116302186878728 0.007291666666666667 0.014910536779324055
0 0.8088541666666667 0.8146123260437376 0.01875 0.018886679920477135
0 0.20260416666666667 0.8141153081510935 0.016666666666666666 0.015904572564612324
0 0.4078125 0.8146123260437376 0.014583333333333334 0.014910536779324055
0 0.13645833333333332 0.8210735586481114 0.0125 0.02584493041749503
0 0.6643229166666667 0.831013916500994 0.021354166666666667 0.0437375745526839
0 0.39114583333333336 0.8280318091451292 0.015625 0.019880715705765408
0 0.56796875 0.8260437375745527 0.021354166666666667 0.015904572564612324
0 0.0067708333333333336 0.8285288270377733 0.013541666666666667 0.014910536779324055
0 0.25104166666666666 0.8379721669980119 0.007291666666666667 0.027833001988071572
0 0.8463541666666666 0.8429423459244533 0.00625 0.033797216699801194
0 0.49895833333333334 0.8543737574552683 0.010416666666666666 0.02286282306163022
0 0.2520833333333333 0.8658051689860835 0.009375 0.02385685884691849
0 0.46848958333333335 0.8692842942345924 0.016145833333333335 0.010934393638170975
0 0.5901041666666667 0.8817097415506958 0.008333333333333333 0.017892644135188866
0 0.27395833333333336 0.8817097415506958 0.00625 0.015904572564612324
0 0.24973958333333332 0.8926441351888668 0.016145833333333335 0.03180914512922465
0 0.06510416666666667 0.8921471172962226 0.009375 0.0268389662027833
0 0.19427083333333334 0.908051689860835 0.027083333333333334 0.04671968190854871
0 0.3768229166666667 0.9145129224652088 0.033854166666666664 0.05168986083499006
0 0.40677083333333336 0.9030815109343936 0.0125 0.02882703777335984
0 0.46588541666666666 0.897117296222664 0.016145833333333335 0.016898608349900597
0 0.334375 0.9085487077534792 0.016666666666666666 0.03180914512922465
0 0.6333333333333333 0.9025844930417495 0.00625 0.019880715705765408
0 0.5872395833333334 0.9075546719681908 0.0078125 0.017892644135188866
0 0.21666666666666667 0.9140159045725647 0.013541666666666667 0.02286282306163022
0 0.6643229166666667 0.9249502982107356 0.013020833333333334 0.030815109343936383
0 0.00390625 0.9309145129224652 0.0078125 0.0268389662027833
0 0.2677083333333333 0.9393638170974155 0.0125 0.03180914512922465
0 0.15989583333333332 0.937375745526839 0.009375 0.019880715705765408
0 0.68125 0.9353876739562624 0.010416666666666666 0.015904572564612324
0 0.6921875 0.9368787276341949 0.0125 0.018886679920477135
0 0.2328125 0.9507952286282306 0.008333333333333333 0.040755467196819085
0 0.44609375 0.9438369781312127 0.0109375 0.018886679920477135
0 0.06536458333333334 0.9537773359840954 0.0203125 0.032803180914512925
0 0.38776041666666666 0.9488071570576541 0.009895833333333333 0.020874751491053677
0 0.28671875 0.9691848906560636 0.013020833333333334 0.039761431411530816
0 0.44296875 0.9681908548707754 0.022395833333333334 0.02385685884691849
0 0.30052083333333335 0.9716699801192843 0.011458333333333333 0.02882703777335984
0 0.6455729166666667 0.9711729622266402 0.0109375 0.02584493041749503
0 0.3296875 0.9801192842942346 0.01875 0.03777335984095427
0 0.6276041666666666 0.9801192842942346 0.01875 0.03777335984095427
0 0.013020833333333334 0.981610337972167 0.026041666666666668 0.03479125248508946
0 0.18385416666666668 0.9840954274353877 0.0125 0.02982107355864811
0 0.4 0.98558648111332 0.019791666666666666 0.020874751491053677
0 0.35989583333333336 0.9880715705765407 0.017708333333333333 0.02186878727634195
0 0.26979166666666665 0.9875745526838966 0.009375 0.012922465208747515
0 0.5919270833333333 0.9905566600397614 0.0067708333333333336 0.016898608349900597
0 0.45598958333333334 0.9930417495029821 0.009895833333333333 0.011928429423459244