0 0.9989583333333333 0.08001988071570576 0.0010416666666666667 0.10636182902584493
0 0.8739583333333333 0.06113320079522863 0.017708333333333333 0.030815109343936383
0 0.6567708333333333 0.13817097415506957 0.011458333333333333 0.015904572564612324
0 0.7208333333333333 0.17693836978131214 0.015625 0.015904572564612324
0 0.8018229166666667 0.21769383697813122 0.009895833333333333 0.017892644135188866
0 0.9966145833333333 0.2629224652087475 0.005729166666666666 0.10039761431411531
0 0.6557291666666667 0.23061630218687873 0.013541666666666667 0.019880715705765408
0 0.6033854166666667 0.23956262425447317 0.016145833333333335 0.019880715705765408
0 0.5580729166666667 0.25944333996023855 0.015104166666666667 0.02584493041749503
0 0.4583333333333333 0.28330019880715707 0.010416666666666666 0.015904572564612324
0 0.38671875 0.34443339960238567 0.022395833333333334 0.020874751491053677
0 0.6247395833333333 0.3588469184890656 0.015104166666666667 0.009940357852882704
0 0.8307291666666666 0.36033797216699803 0.008333333333333333 0.014910536779324055
0 0.6565104166666667 0.41998011928429424 0.0203125 0.016898608349900597
0 0.8838541666666667 0.4388667992047714 0.017708333333333333 0.02882703777335984
0 0.5565104166666667 0.4393638170974155 0.011979166666666667 0.011928429423459244
0 0.7455729166666667 0.4423459244532803 0.0140625 0.019880715705765408
0 0.70390625 0.44582504970178927 0.0109375 0.02286282306163022
0 0.71796875 0.44980119284294234 0.0109375 0.02485089463220676
0 0.8703125 0.47813121272365805 0.011458333333333333 0.009940357852882704
0 0.5369791666666667 0.5178926441351889 0.014583333333333334 0.017892644135188866
0 0.74140625 0.5318091451292246 0.009895833333333333 0.009940357852882704
0 0.315625 0.5675944333996024 0.0125 0.02584493041749503
0 0.66796875 0.570079522862823 0.0036458333333333334 0.02286282306163022
0 0.7190104166666667 0.5656063618290258 0.0109375 0.015904572564612324
0 0.8075520833333333 0.5690854870775348 0.015104166666666667 0.012922465208747515
0 0.5276041666666667 0.6167992047713717 0.010416666666666666 0.02485089463220676
0 0.9127604166666666 0.6182902584493042 0.0078125 0.02982107355864811
0 0.4322916666666667 0.6317097415506958 0.011458333333333333 0.02286282306163022
0 0.7065104166666667 0.6406560636182903 0.0140625 0.014910536779324055
0 0.49114583333333334 0.6535785288270378 0.011458333333333333 0.02286282306163022
0 0.8388020833333333 0.6570576540755467 0.005729166666666666 0.02982107355864811
0 0.9533854166666667 0.6679920477137177 0.011979166666666667 0.03180914512922465
0 0.40651041666666665 0.6724652087475149 0.016145833333333335 0.030815109343936383
0 0.6463541666666667 0.6809145129224652 0.011458333333333333 0.015904572564612324
0 0.98515625 0.6893638170974155 0.009895833333333333 0.020874751491053677
0 0.4578125 0.7032803180914513 0.014583333333333334 0.006958250497017893
0 0.7846354166666667 0.7092445328031809 0.009895833333333333 0.020874751491053677
0 0.9388020833333334 0.7127236580516899 0.0171875 0.011928429423459244
0 0.36380208333333336 0.7296222664015904 0.015104166666666667 0.02584493041749503
0 0.7341145833333333 0.7335984095427436 0.016145833333333335 0.019880715705765408
0 0.40234375 0.7480119284294234 0.015104166666666667 0.02286282306163022
0 0.5552083333333333 0.7465208747514911 0.0125 0.007952286282306162
0 0.6518229166666667 0.775844930417495 0.009895833333333333 0.03479125248508946
0 0.54765625 0.7688866799204771 0.008854166666666666 0.014910536779324055
0 0.35442708333333334 0.7748508946322068 0.015104166666666667 0.018886679920477135
0 0.7111979166666667 0.7718687872763419 0.0109375 0.014910536779324055
0 0.6375 0.782803180914513 0.009375 0.020874751491053677
0 0.7510416666666667 0.8131212723658051 0.011458333333333333 0.011928429423459244
0 0.6278645833333333 0.8190854870775348 0.0109375 0.009940357852882704
0 0.7734375 0.8354870775347912 0.011458333333333333 0.02882703777335984
0 0.5526041666666667 0.8474155069582505 0.005208333333333333 0.030815109343936383
0 0.6666666666666666 0.8469184890656064 0.013541666666666667 0.009940357852882704
0 0.6515625 0.8658051689860835 0.010416666666666666 0.03777335984095427
0 0.49244791666666665 0.867296222664016 0.013020833333333334 0.02882703777335984
0 0.5432291666666667 0.8851888667992047 0.026041666666666668 0.05467196819085487
0 0.5940104166666667 0.8782306163021869 0.005729166666666666 0.02485089463220676
0 0.6640625 0.8767395626242545 0.007291666666666667 0.015904572564612324
0 0.8276041666666667 0.8906560636182903 0.011458333333333333 0.03777335984095427
0 0.46875 0.8956262425447317 0.01875 0.013916500994035786
0 0.6333333333333333 0.9065606361829026 0.020833333333333332 0.02385685884691849
0 0.7526041666666666 0.9090457256461233 0.0125 0.012922465208747515
0 0.6028645833333334 0.9363817097415507 0.021354166666666667 0.033797216699801194
0 0.7106770833333333 0.93389662027833 0.009895833333333333 0.02882703777335984
0 0.5247395833333334 0.9294234592445328 0.0078125 0.015904572564612324
0 0.5388020833333333 0.9368787276341949 0.013020833333333334 0.030815109343936383
0 0.7919270833333333 0.9304174950298211 0.013020833333333334 0.017892644135188866
0 0.575 0.9378727634194831 0.0125 0.018886679920477135
0 0.49114583333333334 0.9408548707753479 0.010416666666666666 0.02286282306163022
0 0.84453125 0.9398608349900597 0.013020833333333334 0.020874751491053677
0 0.47890625 0.9502982107355865 0.0078125 0.02385685884691849
0 0.46510416666666665 0.9542743538767395 0.010416666666666666 0.02584493041749503
0 0.6559895833333333 0.9502982107355865 0.008854166666666666 0.017892644135188866
0 0.6385416666666667 0.9532803180914513 0.011458333333333333 0.015904572564612324
0 0.57109375 0.9617296222664016 0.0067708333333333336 0.014910536779324055
0 0.5229166666666667 0.9761431411530815 0.041666666666666664 0.03777335984095427
0 0.6109375 0.9686878727634195 0.008333333333333333 0.02286282306163022
0 0.5848958333333333 0.967196819085487 0.013541666666666667 0.015904572564612324
0 0.7442708333333333 0.9662027833001988 0.013541666666666667 0.013916500994035786
0 0.9466145833333334 0.9751491053677932 0.016145833333333335 0.02584493041749503
0 0.5572916666666666 0.9845924453280318 0.015625 0.02882703777335984
0 0.6190104166666667 0.9850894632206759 0.008854166666666666 0.019880715705765408
0 0.35911458333333335 0.9885685884691849 0.0067708333333333336 0.020874751491053677
0 0.7640625 0.9880715705765407 0.011458333333333333 0.02186878727634195
0 0.58046875 0.9940357852882704 0.011979166666666667 0.009940357852882704
0 0.971875 0.9945328031809145 0.011458333333333333 0.008946322067594433