0 0.34791666666666665 0.03876739562624255 0.015625 0.03180914512922465
0 0.11536458333333334 0.05417495029821073 0.0171875 0.036779324055666
0 0.6140625 0.05715705765407555 0.008333333333333333 0.020874751491053677
0 0.26875 0.06660039761431412 0.016666666666666666 0.02982107355864811
0 0.6796875 0.059145129224652086 0.00625 0.014910536779324055
0 0.5453125 0.0720675944333996 0.008333333333333333 0.0268389662027833
0 0.45078125 0.08151093439363817 0.016145833333333335 0.039761431411530816
0 0.9971354166666667 0.09294234592445327 0.0046875 0.030815109343936383
0 0.27109375 0.10636182902584493 0.018229166666666668 0.02186878727634195
0 0.09479166666666666 0.12176938369781312 0.009375 0.02286282306163022
0 0.67265625 0.12773359840954274 0.013020833333333334 0.02882703777335984
0 0.2546875 0.1327037773359841 0.016666666666666666 0.018886679920477135
0 0.1453125 0.13618290258449303 0.01875 0.017892644135188866
0 0.375 0.14761431411530815 0.008333333333333333 0.010934393638170975
0 0.4903645833333333 0.15308151093439365 0.011979166666666667 0.017892644135188866
0 0.30130208333333336 0.15606361829025844 0.008854166666666666 0.017892644135188866
0 0.73203125 0.17693836978131214 0.0046875 0.019880715705765408
0 0.9911458333333333 0.1918489065606362 0.016666666666666666 0.05168986083499006
0 0.3932291666666667 0.1848906560636183 0.026041666666666668 0.019880715705765408
0 0.24895833333333334 0.20129224652087474 0.016666666666666666 0.02286282306163022
0 0.48776041666666664 0.19980119284294234 0.005729166666666666 0.019880715705765408
0 0.35651041666666666 0.24552683896620278 0.015104166666666667 0.04771371769383698
0 0.005989583333333334 0.23807157057654074 0.011979166666666667 0.02485089463220676
0 0.5111979166666667 0.24105367793240556 0.0140625 0.030815109343936383
0 0.5375 0.24801192842942346 0.019791666666666666 0.016898608349900597
0 0.17395833333333333 0.2485089463220676 0.011458333333333333 0.013916500994035786
0 0.49166666666666664 0.2544731610337972 0.016666666666666666 0.02584493041749503
0 0.17395833333333333 0.2813121272365805 0.00625 0.02982107355864811
0 0.33098958333333334 0.28876739562624254 0.0140625 0.016898608349900597
0 0.7291666666666666 0.2967196819085487 0.009375 0.02882703777335984
0 0.25442708333333336 0.2962226640159046 0.008854166666666666 0.02385685884691849
0 0.31875 0.294234592445328 0.009375 0.013916500994035786
0 0.49166666666666664 0.2967196819085487 0.015625 0.018886679920477135
0 0.26927083333333335 0.30467196819085485 0.0125 0.02485089463220676
0 0.23567708333333334 0.3106361829025845 0.015104166666666667 0.032803180914512925
0 0.36380208333333336 0.3116302186878728 0.011979166666666667 0.03479125248508946
0 0.6143229166666667 0.31510934393638174 0.011979166666666667 0.033797216699801194
0 0.40703125 0.3359840954274354 0.0328125 0.055666003976143144
0 0.6005208333333333 0.3250497017892644 0.017708333333333333 0.02186878727634195
0 0.47369791666666666 0.33101391650099404 0.0067708333333333336 0.027833001988071572
0 0.49114583333333334 0.32803180914512925 0.016666666666666666 0.019880715705765408
0 0.5375 0.3523856858846918 0.013541666666666667 0.032803180914512925
0 0.3359375 0.35934393638170975 0.009375 0.036779324055666
0 0.17317708333333334 0.35636182902584496 0.0171875 0.02286282306163022
0 0.49270833333333336 0.35934393638170975 0.005208333333333333 0.0268389662027833
0 0.5575520833333333 0.3543737574552684 0.0140625 0.016898608349900597
0 0.2552083333333333 0.3727634194831014 0.026041666666666668 0.04970178926441352
0 0.34921875 0.3672962226640159 0.018229166666666668 0.040755467196819085
0 0.9380208333333333 0.3687872763419483 0.016666666666666666 0.02186878727634195
0 0.32447916666666665 0.3757455268389662 0.016666666666666666 0.019880715705765408
0 0.39010416666666664 0.37624254473161034 0.017708333333333333 0.012922465208747515
0 0.16119791666666666 0.3802186878727634 0.0067708333333333336 0.016898608349900597
0 0.43307291666666664 0.3941351888667992 0.019270833333333334 0.030815109343936383
0 0.49635416666666665 0.3946322067594433 0.015625 0.02584493041749503
0 0.018229166666666668 0.3996023856858847 0.016666666666666666 0.02982107355864811
0 0.4765625 0.3911530815109344 0.013541666666666667 0.012922465208747515
0 0.23567708333333334 0.40556660039761433 0.022395833333333334 0.02982107355864811
0 0.33984375 0.4000994035785288 0.0140625 0.010934393638170975
0 0.3640625 0.4110337972166998 0.009375 0.016898608349900597
0 0.321875 0.4279324055666004 0.016666666666666666 0.036779324055666
0 0.3768229166666667 0.4209741550695825 0.0067708333333333336 0.018886679920477135
0 0.15963541666666667 0.4269383697813121 0.015104166666666667 0.02286282306163022
0 0.74375 0.4602385685884692 0.009375 0.04970178926441352
0 0.4549479166666667 0.4647117296222664 0.0140625 0.05268389662027833
0 0.5890625 0.44781312127236583 0.023958333333333335 0.016898608349900597
0 0.15416666666666667 0.455765407554672 0.021875 0.02882703777335984
0 0.5018229166666667 0.46371769383697814 0.005729166666666666 0.0268389662027833
0 0.3671875 0.47713717693836977 0.014583333333333334 0.04572564612326044
0 0.051041666666666666 0.4826043737574553 0.013541666666666667 0.042743538767395624
0 0.39921875 0.47365805168986086 0.0067708333333333336 0.02485089463220676
0 0.55390625 0.4826043737574553 0.0171875 0.04473161033797217
0 0.2234375 0.47664015904572565 0.023958333333333335 0.020874751491053677
0 0.34869791666666666 0.4726640159045726 0.016145833333333335 0.008946322067594433
0 0.09791666666666667 0.5024850894632207 0.01875 0.042743538767395624
0 0.24244791666666668 0.48956262425447317 0.0067708333333333336 0.018886679920477135
0 0.25677083333333334 0.4975149105367793 0.0125 0.03479125248508946
0 0.33125 0.4990059642147117 0.01875 0.03777335984095427
0 0.4125 0.4990059642147117 0.008333333333333333 0.033797216699801194
0 0.18489583333333334 0.49304174950298213 0.015625 0.011928429423459244
0 0.35104166666666664 0.5014910536779325 0.009375 0.012922465208747515
0 0.15130208333333334 0.5039761431411531 0.013020833333333334 0.015904572564612324
0 0.21380208333333334 0.5263419483101391 0.015104166666666667 0.042743538767395624
0 0.4270833333333333 0.518389662027833 0.015625 0.014910536779324055
0 0.48776041666666664 0.5268389662027833 0.019270833333333334 0.033797216699801194
0 0.13515625 0.5243538767395626 0.015104166666666667 0.02485089463220676
0 0.18333333333333332 0.525844930417495 0.016666666666666666 0.02584493041749503
0 0.4713541666666667 0.5233598409542743 0.013541666666666667 0.016898608349900597
0 0.109375 0.5452286282306164 0.016666666666666666 0.036779324055666
0 0.6979166666666666 0.5591451292246521 0.010416666666666666 0.048707753479125246
0 0.41041666666666665 0.5457256461232605 0.011458333333333333 0.019880715705765408
0 0.0703125 0.5591451292246521 0.016666666666666666 0.03876739562624255
0 0.24114583333333334 0.5685884691848907 0.03333333333333333 0.04771371769383698
0 0.4513020833333333 0.5606361829025845 0.008854166666666666 0.027833001988071572
0 0.01015625 0.5790258449304175 0.0203125 0.03876739562624255
0 0.27317708333333335 0.5715705765407555 0.0171875 0.02186878727634195
0 0.6317708333333333 0.5760437375745527 0.005208333333333333 0.030815109343936383
0 0.20546875 0.5745526838966203 0.0067708333333333336 0.015904572564612324
0 0.14453125 0.591948310139165 0.016145833333333335 0.030815109343936383
0 0.32838541666666665 0.5929423459244533 0.0078125 0.014910536779324055
0 0.3424479166666667 0.595427435387674 0.008854166666666666 0.011928429423459244
0 0.03958333333333333 0.6098409542743539 0.013541666666666667 0.03479125248508946
0 0.38333333333333336 0.5994035785288271 0.015625 0.015904572564612324
0 0.09479166666666666 0.6138170974155069 0.023958333333333335 0.040755467196819085
0 0.578125 0.6038767395626242 0.014583333333333334 0.014910536779324055
0 0.24895833333333334 0.6297216699801192 0.016666666666666666 0.05467196819085487
0 0.4596354166666667 0.6207753479125249 0.015104166666666667 0.02485089463220676
0 0.11458333333333333 0.6406560636182903 0.019791666666666666 0.06262425447316103
0 0.3763020833333333 0.6247514910536779 0.0140625 0.02882703777335984
0 0.18125 0.6237574552683897 0.015625 0.02485089463220676
0 0.20390625 0.6242544731610338 0.0109375 0.02385685884691849
0 0.6778645833333333 0.6317097415506958 0.0067708333333333336 0.036779324055666
0 0.3533854166666667 0.6277335984095428 0.013020833333333334 0.02286282306163022
0 0.8854166666666666 0.6322067594433399 0.013541666666666667 0.03180914512922465
0 0.01484375 0.6341948310139165 0.018229166666666668 0.02982107355864811
0 0.22864583333333333 0.6262425447316103 0.010416666666666666 0.009940357852882704
0 0.70703125 0.6416500994035785 0.009895833333333333 0.032803180914512925
0 0.23046875 0.6530815109343936 0.0234375 0.019880715705765408
0 0.04479166666666667 0.6749502982107356 0.01875 0.03578528827037773
0 0.08958333333333333 0.6669980119284294 0.007291666666666667 0.013916500994035786
0 0.21197916666666666 0.6774353876739563 0.010416666666666666 0.030815109343936383
0 0.9526041666666667 0.6794234592445328 0.020833333333333332 0.0268389662027833
0 0.875 0.7082504970178927 0.015625 0.02882703777335984
0 0.0015625 0.7092445328031809 0.003125 0.02882703777335984
0 0.22604166666666667 0.717196819085487 0.007291666666666667 0.036779324055666
0 0.054947916666666666 0.7345924453280318 0.011979166666666667 0.015904572564612324
0 0.008072916666666667 0.7395626242544732 0.016145833333333335 0.019880715705765408
0 0.38619791666666664 0.7395626242544732 0.0265625 0.019880715705765408
0 0.53671875 0.75 0.0109375 0.040755467196819085
0 0.06666666666666667 0.7594433399602386 0.026041666666666668 0.03180914512922465
0 0.4674479166666667 0.7589463220675944 0.027604166666666666 0.02286282306163022
0 0.11666666666666667 0.7713717693836978 0.009375 0.027833001988071572
0 0.15703125 0.7763419483101391 0.025520833333333333 0.03777335984095427
0 0.1296875 0.7783300198807157 0.014583333333333334 0.033797216699801194
0 0.23489583333333333 0.7783300198807157 0.021875 0.027833001988071572
0 0.4203125 0.7872763419483101 0.021875 0.041749502982107355
0 0.09973958333333334 0.7778330019880716 0.0140625 0.018886679920477135
0 0.51640625 0.8151093439363817 0.018229166666666668 0.027833001988071572
0 0.18619791666666666 0.8235586481113321 0.021354166666666667 0.02882703777335984
0 0.36875 0.8354870775347912 0.017708333333333333 0.016898608349900597
0 0.02734375 0.8404572564612326 0.0109375 0.02485089463220676
0 0.26067708333333334 0.8518886679920478 0.011979166666666667 0.033797216699801194
0 0.403125 0.8508946322067594 0.009375 0.02186878727634195
0 0.06848958333333334 0.8518886679920478 0.0046875 0.017892644135188866
0 0.08723958333333333 0.8772365805168986 0.0203125 0.05268389662027833
0 0.48385416666666664 0.8777335984095428 0.014583333333333334 0.02584493041749503
0 0.5466145833333333 0.8807157057654076 0.0109375 0.02385685884691849
0 0.054947916666666666 0.8911530815109344 0.019270833333333334 0.03876739562624255
0 0.6880208333333333 0.9150099403578529 0.015625 0.02286282306163022
0 0.52109375 0.9224652087475149 0.024479166666666666 0.027833001988071572
0 0.70859375 0.9309145129224652 0.013020833333333334 0.02286282306163022
0 0.6830729166666667 0.9378727634194831 0.016145833333333335 0.02286282306163022
0 0.44635416666666666 0.9607355864811133 0.011458333333333333 0.036779324055666
0 0.08151041666666667 0.955765407554672 0.008854166666666666 0.012922465208747515
0 0.5174479166666667 0.9781312127236581 0.019270833333333334 0.041749502982107355
0 0.5533854166666666 0.981610337972167 0.016145833333333335 0.03479125248508946
0 0.6893229166666667 0.9781312127236581 0.021354166666666667 0.02385685884691849
0 0.43255208333333334 0.9835984095427436 0.011979166666666667 0.030815109343936383
0 0.38619791666666664 0.9786282306163022 0.021354166666666667 0.018886679920477135
0 0.045572916666666664 0.992544731610338 0.0078125 0.012922465208747515