0 0.6221354166666667 0.003976143141153081 0.018229166666666668 0.007952286282306162
0 0.60078125 0.010437375745526839 0.0067708333333333336 0.020874751491053677
0 0.4161458333333333 0.014910536779324055 0.026041666666666668 0.02982107355864811
0 0.6815104166666667 0.03479125248508946 0.013020833333333334 0.04572564612326044
0 0.5848958333333333 0.05666003976143141 0.010416666666666666 0.0536779324055666
0 0.5046875 0.05666003976143141 0.007291666666666667 0.0437375745526839
0 0.6169270833333333 0.08300198807157058 0.022395833333333334 0.05467196819085487
0 0.1078125 0.09145129224652088 0.014583333333333334 0.03578528827037773
0 0.9486979166666667 0.1411530815109344 0.011979166666666667 0.041749502982107355
0 0.8484375 0.14463220675944333 0.011458333333333333 0.030815109343936383
0 0.6854166666666667 0.19433399602385687 0.022916666666666665 0.036779324055666
0 0.7234375 0.19532803180914513 0.020833333333333332 0.03479125248508946
0 0.8927083333333333 0.220675944333996 0.029166666666666667 0.039761431411530816
0 0.33828125 0.21570576540755468 0.013020833333333334 0.02385685884691849
0 0.7057291666666666 0.21421471172962225 0.008333333333333333 0.014910536779324055
0 0.10052083333333334 0.23508946322067595 0.020833333333333332 0.02882703777335984
0 0.8513020833333333 0.24105367793240556 0.0140625 0.03876739562624255
0 0.9609375 0.2400596421471173 0.009375 0.016898608349900597
0 0.6440104166666667 0.26043737574552683 0.008854166666666666 0.0437375745526839
0 0.62421875 0.28677932405566603 0.009895833333333333 0.040755467196819085
0 0.8700520833333333 0.3215705765407555 0.0265625 0.06063618290258449
0 0.69140625 0.3399602385685885 0.013020833333333334 0.039761431411530816
0 0.42421875 0.3379721669980119 0.008854166666666666 0.02982107355864811
0 0.6075520833333333 0.3538767395626243 0.0140625 0.03578528827037773
0 0.15963541666666667 0.35984095427435386 0.013020833333333334 0.02982107355864811
0 0.6716145833333333 0.3543737574552684 0.011979166666666667 0.014910536779324055
0 0.9630208333333333 0.3836978131212724 0.020833333333333332 0.02982107355864811
0 0.7645833333333333 0.3981113320079523 0.015625 0.012922465208747515
0 0.7903645833333334 0.4383697813121272 0.0296875 0.041749502982107355
0 0.3171875 0.4562624254473161 0.016666666666666666 0.03180914512922465
0 0.859375 0.4617296222664016 0.019791666666666666 0.016898608349900597
0 0.5596354166666667 0.4671968190854871 0.005729166666666666 0.027833001988071572
0 0.7364583333333333 0.4865805168986084 0.019791666666666666 0.02485089463220676
0 0.6317708333333333 0.5024850894632207 0.010416666666666666 0.036779324055666
0 0.5661458333333333 0.4970178926441352 0.009375 0.019880715705765408
0 0.83125 0.5228628230616302 0.010416666666666666 0.03578528827037773
0 0.565625 0.5382703777335984 0.008333333333333333 0.03479125248508946
0 0.9143229166666667 0.5377733598409543 0.022395833333333334 0.02186878727634195
0 0.546875 0.5506958250497018 0.00625 0.017892644135188866
0 0.6736979166666667 0.5740556660039762 0.011979166666666667 0.048707753479125246
0 0.64765625 0.577037773359841 0.005729166666666666 0.0268389662027833
0 0.7216145833333333 0.5929423459244533 0.013020833333333334 0.04473161033797217
0 0.5330729166666667 0.5775347912524851 0.018229166666666668 0.011928429423459244
0 0.6919270833333333 0.6078528827037774 0.016145833333333335 0.04473161033797217
0 0.6583333333333333 0.6018886679920478 0.01875 0.016898608349900597
0 0.45338541666666665 0.6192842942345924 0.019270833333333334 0.03180914512922465
0 0.6721354166666667 0.6192842942345924 0.0067708333333333336 0.013916500994035786
0 0.5372395833333333 0.6411530815109344 0.0067708333333333336 0.02982107355864811
0 0.9971354166666667 0.6674950298210736 0.005729166666666666 0.05666003976143141
0 0.8065104166666667 0.6694831013916501 0.011979166666666667 0.04671968190854871
0 0.7901041666666667 0.6734592445328031 0.008333333333333333 0.018886679920477135
0 0.5661458333333333 0.6933399602385686 0.0125 0.032803180914512925
0 0.6645833333333333 0.7072564612326043 0.010416666666666666 0.030815109343936383
0 0.7518229166666667 0.7072564612326043 0.019270833333333334 0.02882703777335984
0 0.54375 0.7052683896620279 0.022916666666666665 0.02485089463220676
0 0.8294270833333334 0.7082504970178927 0.019270833333333334 0.0268389662027833
0 0.71953125 0.7460238568588469 0.0140625 0.02485089463220676
0 0.59921875 0.7554671968190855 0.016145833333333335 0.033797216699801194
0 0.5515625 0.7519880715705766 0.010416666666666666 0.012922465208747515
0 0.6630208333333333 0.7664015904572564 0.014583333333333334 0.02982107355864811
0 0.7122395833333334 0.7887673956262425 0.013020833333333334 0.05069582504970179
0 0.8424479166666666 0.7992047713717694 0.009895833333333333 0.039761431411530816
0 0.5861979166666667 0.8101391650099403 0.015104166666666667 0.0437375745526839
0 0.4356770833333333 0.8151093439363817 0.008854166666666666 0.03777335984095427
0 0.76484375 0.8190854870775348 0.008854166666666666 0.033797216699801194
0 0.6184895833333334 0.8280318091451292 0.009895833333333333 0.03180914512922465
0 0.70234375 0.8369781312127237 0.025520833333333333 0.02982107355864811
0 0.7861979166666667 0.8409542743538767 0.0265625 0.02186878727634195
0 0.5424479166666667 0.8677932405566601 0.0067708333333333336 0.027833001988071572
0 0.37942708333333336 0.8747514910536779 0.0140625 0.03578528827037773
0 0.56796875 0.871272365805169 0.0140625 0.018886679920477135
0 0.72734375 0.8797216699801192 0.027604166666666666 0.02982107355864811
0 0.31588541666666664 0.8832007952286283 0.0171875 0.032803180914512925
0 0.5552083333333333 0.8876739562624254 0.00625 0.03777335984095427
0 0.07213541666666666 0.9060636182902585 0.022395833333333334 0.040755467196819085
0 0.8583333333333333 0.9184890656063618 0.016666666666666666 0.039761431411530816
0 0.8421875 0.9507952286282306 0.015625 0.032803180914512925
0 0.8041666666666667 0.955765407554672 0.015625 0.032803180914512925