0 0.3875 0.007455268389662028 0.007291666666666667 0.014910536779324055
0 0.51796875 0.010437375745526839 0.0265625 0.020874751491053677
0 0.54296875 0.007455268389662028 0.016145833333333335 0.014910536779324055
0 0.61875 0.007455268389662028 0.007291666666666667 0.014910536779324055
0 0.6260416666666667 0.03429423459244533 0.0125 0.032803180914512925
0 0.46822916666666664 0.042743538767395624 0.010416666666666666 0.03777335984095427
0 0.5091145833333334 0.04572564612326044 0.008854166666666666 0.02982107355864811
0 0.6828125 0.04572564612326044 0.014583333333333334 0.02584493041749503
0 0.8151041666666666 0.06411530815109344 0.01875 0.03876739562624255
0 0.4830729166666667 0.08648111332007952 0.015104166666666667 0.04572564612326044
0 0.37005208333333334 0.10337972166998012 0.0109375 0.03777335984095427
0 0.28802083333333334 0.11133200795228629 0.016666666666666666 0.027833001988071572
0 0.5625 0.12922465208747516 0.023958333333333335 0.04771371769383698
0 0.72265625 0.11878727634194831 0.013020833333333334 0.018886679920477135
0 0.52734375 0.13618290258449303 0.030729166666666665 0.03180914512922465
0 0.7361979166666667 0.13369781312127235 0.011979166666666667 0.016898608349900597
0 0.17395833333333333 0.1411530815109344 0.014583333333333334 0.017892644135188866
0 0.47708333333333336 0.19234592445328033 0.009375 0.036779324055666
0 0.10260416666666666 0.19582504970178927 0.013541666666666667 0.02982107355864811
0 0.5270833333333333 0.19383697813121273 0.010416666666666666 0.017892644135188866
0 0.58828125 0.22415506958250497 0.0067708333333333336 0.018886679920477135
0 0.7580729166666667 0.22912524850894633 0.008854166666666666 0.02882703777335984
0 0.72421875 0.23757455268389663 0.011979166666666667 0.03180914512922465
0 0.98203125 0.2370775347912525 0.008854166666666666 0.02485089463220676
0 0.5015625 0.23856858846918488 0.007291666666666667 0.013916500994035786
0 0.75234375 0.2654075546719682 0.013020833333333334 0.02982107355864811
0 0.8484375 0.26888667992047716 0.034375 0.02485089463220676
0 0.3924479166666667 0.2828031809145129 0.0140625 0.03876739562624255
0 0.5067708333333333 0.27485089463220674 0.019791666666666666 0.020874751491053677
0 0.19010416666666666 0.28876739562624254 0.010416666666666666 0.012922465208747515
0 0.4703125 0.29174950298210733 0.007291666666666667 0.012922465208747515
0 0.5549479166666667 0.30168986083499005 0.0140625 0.032803180914512925
0 0.36223958333333334 0.3359840954274354 0.0109375 0.03578528827037773
0 0.33046875 0.32852882703777336 0.016145833333333335 0.016898608349900597
0 0.4973958333333333 0.3966202783300199 0.007291666666666667 0.02982107355864811
0 0.14869791666666668 0.3996023856858847 0.0140625 0.017892644135188866
0 0.5294270833333333 0.41749502982107356 0.0171875 0.02982107355864811
0 0.5307291666666667 0.4602385685884692 0.022916666666666665 0.04572564612326044
0 0.7127604166666667 0.4572564612326044 0.021354166666666667 0.015904572564612324
0 0.5174479166666667 0.46520874751491054 0.0078125 0.013916500994035786
0 0.47265625 0.4721669980119284 0.019270833333333334 0.015904572564612324
0 0.80625 0.47813121272365805 0.016666666666666666 0.011928429423459244
0 0.6765625 0.5094433399602386 0.01875 0.020874751491053677
0 0.9411458333333333 0.5362823061630219 0.015625 0.02286282306163022
0 0.52421875 0.5337972166998012 0.008854166666666666 0.011928429423459244
0 0.5880208333333333 0.5462226640159046 0.00625 0.0268389662027833
0 0.44140625 0.5616302186878728 0.013020833333333334 0.027833001988071572
0 0.5619791666666667 0.5621272365805169 0.004166666666666667 0.02485089463220676
0 0.96171875 0.5670974155069582 0.009895833333333333 0.014910536779324055
0 0.29739583333333336 0.584493041749503 0.021875 0.03777335984095427
0 0.5776041666666667 0.5730616302186878 0.008333333333333333 0.010934393638170975
0 0.41640625 0.5889662027833003 0.016145833333333335 0.03479125248508946
0 0.90625 0.584493041749503 0.009375 0.019880715705765408
0 0.6158854166666666 0.5815109343936382 0.009895833333333333 0.011928429423459244
0 0.06354166666666666 0.6023856858846919 0.011458333333333333 0.033797216699801194
0 0.4518229166666667 0.6073558648111332 0.0140625 0.041749502982107355
0 0.5026041666666666 0.614314115308151 0.0125 0.0536779324055666
0 0.528125 0.6252485089463221 0.007291666666666667 0.02982107355864811
0 0.2859375 0.6312127236580517 0.021875 0.013916500994035786
0 0.5354166666666667 0.6829025844930418 0.016666666666666666 0.039761431411530816
0 0.9161458333333333 0.7032803180914513 0.020833333333333332 0.04473161033797217
0 0.49765625 0.6953280318091452 0.0171875 0.018886679920477135
0 0.24583333333333332 0.7107355864811133 0.021875 0.015904572564612324
0 0.6736979166666667 0.731610337972167 0.018229166666666668 0.041749502982107355
0 0.5536458333333333 0.7286282306163022 0.008333333333333333 0.02584493041749503
0 0.42213541666666665 0.7261431411530815 0.0109375 0.016898608349900597
0 0.6036458333333333 0.7345924453280318 0.009375 0.03578528827037773
0 0.5075520833333333 0.7504970178926441 0.013020833333333334 0.04771371769383698
0 0.5263020833333333 0.7420477137176938 0.0078125 0.030815109343936383
0 0.58671875 0.757455268389662 0.0203125 0.0536779324055666
0 0.3736979166666667 0.7654075546719682 0.0140625 0.039761431411530816
0 0.43515625 0.7619284294234593 0.018229166666666668 0.03479125248508946
0 0.55625 0.7599403578528827 0.007291666666666667 0.0268389662027833
0 0.90390625 0.7793240556660039 0.015104166666666667 0.027833001988071572
0 0.48463541666666665 0.782803180914513 0.008854166666666666 0.02485089463220676
0 0.7114583333333333 0.7912524850894632 0.015625 0.02584493041749503
0 0.3731770833333333 0.8235586481113321 0.021354166666666667 0.012922465208747515
0 0.50234375 0.852882703777336 0.016145833333333335 0.02584493041749503
0 0.30416666666666664 0.856858846918489 0.011458333333333333 0.02385685884691849
0 0.4002604166666667 0.8538767395626242 0.022395833333333334 0.013916500994035786
0 0.5888020833333333 0.8583499005964215 0.009895833333333333 0.020874751491053677
0 0.390625 0.8946322067594433 0.016666666666666666 0.017892644135188866
0 0.9424479166666667 0.9135188866799204 0.0109375 0.013916500994035786
0 0.47291666666666665 0.9324055666003976 0.011458333333333333 0.03578528827037773
0 0.48125 0.9502982107355865 0.009375 0.03777335984095427
0 0.9158854166666667 0.955765407554672 0.0140625 0.018886679920477135
0 0.5182291666666666 0.9701789264413518 0.014583333333333334 0.02584493041749503
0 0.3572916666666667 0.9915506958250497 0.010416666666666666 0.014910536779324055