0 0.07864583333333333 0.008449304174950299 0.022916666666666665 0.016898608349900597
0 0.0484375 0.03330019880715706 0.027083333333333334 0.04473161033797217
0 0.13515625 0.14165009940357853 0.0203125 0.04671968190854871
0 0.5018229166666667 0.17395626242544732 0.0140625 0.015904572564612324
0 0.70625 0.21222664015904572 0.008333333333333333 0.030815109343936383
0 0.008072916666666667 0.24254473161033796 0.016145833333333335 0.03777335984095427
0 0.19947916666666668 0.28429423459244535 0.009375 0.03180914512922465
0 0.13307291666666668 0.28578528827037775 0.0171875 0.0268389662027833
0 0.15520833333333334 0.3066600397614314 0.013541666666666667 0.020874751491053677
0 0.04010416666666667 0.3389662027833002 0.022916666666666665 0.02186878727634195
0 0.025260416666666667 0.4000994035785288 0.011979166666666667 0.0268389662027833
0 0.12682291666666667 0.5646123260437376 0.015104166666666667 0.03777335984095427
0 0.018229166666666668 0.7862823061630219 0.020833333333333332 0.04572564612326044
0 0.011458333333333333 0.8414512922465208 0.022916666666666665 0.042743538767395624
0 0.10729166666666666 0.9358846918489065 0.015625 0.05069582504970179
0 0.48411458333333335 0.9329025844930418 0.015104166666666667 0.012922465208747515