0 0.27682291666666664 0.016401590457256462 0.018229166666666668 0.02485089463220676
0 0.19609375 0.01441351888667992 0.008854166666666666 0.010934393638170975
0 0.178125 0.01739562624254473 0.014583333333333334 0.012922465208747515
0 0.7677083333333333 0.027335984095427434 0.019791666666666666 0.032803180914512925
0 0.45234375 0.03628230616302187 0.0109375 0.030815109343936383
0 0.18958333333333333 0.0437375745526839 0.008333333333333333 0.03777335984095427
0 0.24427083333333333 0.053180914512922464 0.015625 0.040755467196819085
0 0.35104166666666664 0.05666003976143141 0.016666666666666666 0.02982107355864811
0 0.6473958333333333 0.06510934393638171 0.025 0.02882703777335984
0 0.3684895833333333 0.06908548707753479 0.013020833333333334 0.030815109343936383
0 0.23489583333333333 0.07852882703777336 0.019791666666666666 0.0437375745526839
0 0.2955729166666667 0.07107355864811134 0.021354166666666667 0.02286282306163022
0 0.5231770833333333 0.07306163021868788 0.016145833333333335 0.0268389662027833
0 0.3419270833333333 0.0805168986083499 0.0109375 0.017892644135188866
0 0.45625 0.1058648111332008 0.017708333333333333 0.036779324055666
0 0.33697916666666666 0.1143141153081511 0.016666666666666666 0.04572564612326044
0 0.008072916666666667 0.11679920477137178 0.016145833333333335 0.04473161033797217
0 0.203125 0.11580516898608349 0.008333333333333333 0.03479125248508946
0 0.40182291666666664 0.12475149105367793 0.0067708333333333336 0.030815109343936383
0 0.13046875 0.13717693836978131 0.015104166666666667 0.027833001988071572
0 0.5125 0.13717693836978131 0.0125 0.02982107355864811
0 0.2838541666666667 0.13916500994035785 0.025 0.02385685884691849
0 0.3177083333333333 0.1610337972166998 0.017708333333333333 0.019880715705765408
0 0.35651041666666666 0.16898608349900596 0.0067708333333333336 0.03180914512922465
0 0.5385416666666667 0.16848906560636182 0.005208333333333333 0.032803180914512925
0 0.6200520833333333 0.17147117296222664 0.0078125 0.030815109343936383
0 0.19453125 0.17693836978131214 0.0109375 0.02584493041749503
0 0.15286458333333333 0.18687872763419483 0.015104166666666667 0.027833001988071572
0 0.27317708333333335 0.1988071570576541 0.013020833333333334 0.05168986083499006
0 0.07473958333333333 0.1918489065606362 0.009895833333333333 0.02584493041749503
0 0.3421875 0.21073558648111332 0.020833333333333332 0.013916500994035786
0 0.60546875 0.220675944333996 0.0140625 0.017892644135188866
0 0.7510416666666667 0.22912524850894633 0.026041666666666668 0.03479125248508946
0 0.29921875 0.23210735586481113 0.0171875 0.02882703777335984
0 0.09895833333333333 0.2271371769383698 0.009375 0.014910536779324055
0 0.11145833333333334 0.23856858846918488 0.013541666666666667 0.03180914512922465
0 0.2791666666666667 0.24453280318091453 0.013541666666666667 0.03578528827037773
0 0.41484375 0.24552683896620278 0.022395833333333334 0.039761431411530816
0 0.3697916666666667 0.25497017892644136 0.027083333333333334 0.03479125248508946
0 0.6065104166666667 0.2614314115308151 0.008854166666666666 0.04771371769383698
0 0.0020833333333333333 0.26938369781312127 0.004166666666666667 0.0536779324055666
0 0.4471354166666667 0.2539761431411531 0.0140625 0.018886679920477135
0 0.1921875 0.2544731610337972 0.022916666666666665 0.015904572564612324
0 0.045572916666666664 0.2738568588469185 0.015104166666666667 0.02286282306163022
0 0.2671875 0.275844930417495 0.008333333333333333 0.0268389662027833
0 0.29791666666666666 0.2927435387673956 0.022916666666666665 0.040755467196819085
0 0.278125 0.28429423459244535 0.009375 0.015904572564612324
0 0.014583333333333334 0.2962226640159046 0.009375 0.02186878727634195
0 0.6309895833333333 0.3190854870775348 0.0067708333333333336 0.03578528827037773
0 0.5260416666666666 0.323558648111332 0.011458333333333333 0.032803180914512925
0 0.2557291666666667 0.3349900596421471 0.010416666666666666 0.033797216699801194
0 0.31145833333333334 0.3384691848906561 0.021875 0.032803180914512925
0 0.21875 0.36133200795228626 0.030208333333333334 0.06063618290258449
0 0.9611979166666667 0.34443339960238567 0.0234375 0.02485089463220676
0 0.27005208333333336 0.3543737574552684 0.0140625 0.018886679920477135
0 0.2908854166666667 0.36232604373757454 0.0067708333333333336 0.012922465208747515
0 0.6354166666666666 0.39314115308151093 0.011458333333333333 0.036779324055666
0 0.25703125 0.39165009940357853 0.0109375 0.02186878727634195
0 0.18958333333333333 0.3951292246520875 0.014583333333333334 0.02286282306163022
0 0.015885416666666666 0.4209741550695825 0.013020833333333334 0.042743538767395624
0 0.30442708333333335 0.4110337972166998 0.011979166666666667 0.014910536779324055
0 0.31588541666666664 0.41302186878727637 0.0067708333333333336 0.012922465208747515
0 0.8200520833333333 0.4234592445328032 0.0234375 0.033797216699801194
0 0.24166666666666667 0.43737574552683894 0.027083333333333334 0.04970178926441352
0 0.3541666666666667 0.4259443339960239 0.0125 0.016898608349900597
0 0.05755208333333333 0.43489065606361826 0.022395833333333334 0.030815109343936383
0 0.4010416666666667 0.4428429423459245 0.009375 0.02286282306163022
0 0.03125 0.4602385685884692 0.030208333333333334 0.02584493041749503
0 0.33567708333333335 0.46272365805168986 0.028645833333333332 0.02882703777335984
0 0.375 0.4567594433399602 0.016666666666666666 0.016898608349900597
0 0.3494791666666667 0.5054671968190855 0.019791666666666666 0.07256461232604373
0 0.7166666666666667 0.47912524850894633 0.015625 0.015904572564612324
0 0.24713541666666666 0.47862823061630216 0.015104166666666667 0.010934393638170975
0 0.415625 0.5024850894632207 0.015625 0.05864811133200795
0 0.4401041666666667 0.49254473161033796 0.014583333333333334 0.040755467196819085
0 0.178125 0.4850894632206759 0.01875 0.019880715705765408
0 0.37734375 0.4865805168986084 0.0140625 0.016898608349900597
0 0.578125 0.4985089463220676 0.015625 0.036779324055666
0 0.08932291666666667 0.5054671968190855 0.0109375 0.03876739562624255
0 0.23828125 0.5019880715705766 0.0171875 0.017892644135188866
0 0.39869791666666665 0.5208747514910537 0.011979166666666667 0.0437375745526839
0 0.5481770833333334 0.5168986083499006 0.0078125 0.02982107355864811
0 0.027604166666666666 0.5213717693836978 0.021875 0.0268389662027833
0 0.4395833333333333 0.5283300198807157 0.008333333333333333 0.016898608349900597
0 0.23046875 0.5467196819085487 0.011979166666666667 0.02982107355864811
0 0.32760416666666664 0.5422465208747514 0.010416666666666666 0.012922465208747515
0 0.9354166666666667 0.5581510934393639 0.023958333333333335 0.042743538767395624
0 0.453125 0.5576540755467196 0.00625 0.02186878727634195
0 0.32317708333333334 0.570079522862823 0.011979166666666667 0.040755467196819085
0 0.41953125 0.5646123260437376 0.018229166666666668 0.017892644135188866
0 0.6736979166666667 0.577037773359841 0.008854166666666666 0.036779324055666
0 0.2640625 0.5834990059642147 0.009375 0.0437375745526839
0 0.45390625 0.5859840954274353 0.0140625 0.03479125248508946
0 0.10729166666666666 0.5929423459244533 0.014583333333333334 0.02882703777335984
0 0.24557291666666667 0.6123260437375746 0.019270833333333334 0.04970178926441352
0 0.340625 0.6163021868787276 0.03125 0.04970178926441352
0 0.3885416666666667 0.6381709741550696 0.023958333333333335 0.073558648111332
0 0.56015625 0.6197813121272365 0.011979166666666667 0.020874751491053677
0 0.44114583333333335 0.6297216699801192 0.008333333333333333 0.02882703777335984
0 0.5236979166666667 0.6456262425447317 0.025520833333333333 0.036779324055666
0 0.21875 0.6436381709741551 0.013541666666666667 0.018886679920477135
0 0.34010416666666665 0.6620278330019881 0.016666666666666666 0.03578528827037773
0 0.6361979166666667 0.6704771371769384 0.0109375 0.04473161033797217
0 0.29765625 0.6660039761431411 0.016145833333333335 0.019880715705765408
0 0.020052083333333335 0.6714711729622267 0.022395833333333334 0.02286282306163022
0 0.4953125 0.6669980119284294 0.015625 0.011928429423459244
0 0.20416666666666666 0.6809145129224652 0.041666666666666664 0.033797216699801194
0 0.5229166666666667 0.7042743538767395 0.019791666666666666 0.018886679920477135
0 0.34296875 0.7087475149105368 0.0078125 0.019880715705765408
0 0.28567708333333336 0.7162027833001988 0.0203125 0.018886679920477135
0 0.41484375 0.7152087475149106 0.0140625 0.016898608349900597
0 0.83203125 0.7196819085487077 0.0171875 0.017892644135188866
0 0.5697916666666667 0.7321073558648111 0.021875 0.014910536779324055
0 0.32005208333333335 0.7539761431411531 0.016145833333333335 0.03876739562624255
0 0.14921875 0.7519880715705766 0.021354166666666667 0.0268389662027833
0 0.48984375 0.7460238568588469 0.018229166666666668 0.012922465208747515
0 0.2716145833333333 0.7534791252485089 0.0171875 0.015904572564612324
0 0.44583333333333336 0.7519880715705766 0.0125 0.014910536779324055
0 0.5184895833333333 0.7992047713717694 0.022395833333333334 0.03180914512922465
0 0.3411458333333333 0.820079522862823 0.016666666666666666 0.041749502982107355
0 0.42161458333333335 0.8066600397614314 0.013020833333333334 0.014910536779324055
0 0.1625 0.8225646123260437 0.025 0.040755467196819085
0 0.37604166666666666 0.8156063618290258 0.021875 0.018886679920477135
0 0.20989583333333334 0.8280318091451292 0.014583333333333334 0.03777335984095427
0 0.3072916666666667 0.8379721669980119 0.009375 0.055666003976143144
0 0.73515625 0.8250497017892644 0.018229166666666668 0.019880715705765408
0 0.6669270833333333 0.827037773359841 0.016145833333333335 0.013916500994035786
0 0.6505208333333333 0.8444333996023857 0.019791666666666666 0.0268389662027833
0 0.05911458333333333 0.8658051689860835 0.0140625 0.041749502982107355
0 0.11197916666666667 0.8717693836978131 0.013541666666666667 0.03777335984095427
0 0.21510416666666668 0.8742544731610338 0.0125 0.042743538767395624
0 0.3690104166666667 0.8752485089463221 0.0109375 0.032803180914512925
0 0.34036458333333336 0.8707753479125249 0.022395833333333334 0.011928429423459244
0 0.2359375 0.8976143141153081 0.014583333333333334 0.041749502982107355
0 0.41328125 0.9020874751491054 0.022395833333333334 0.04671968190854871
0 0.39088541666666665 0.9150099403578529 0.011979166666666667 0.04671968190854871
0 0.3606770833333333 0.9065606361829026 0.021354166666666667 0.02186878727634195
0 0.4979166666666667 0.9199801192842942 0.016666666666666666 0.012922465208747515
0 0.06822916666666666 0.9488071570576541 0.025 0.03876739562624255
0 0.9583333333333334 0.9592445328031809 0.009375 0.019880715705765408
0 0.45026041666666666 0.9647117296222664 0.011979166666666667 0.02286282306163022
0 0.09479166666666666 0.9826043737574552 0.021875 0.018886679920477135