0 0.23697916666666666 0.03180914512922465 0.008333333333333333 0.03180914512922465
0 0.48072916666666665 0.037276341948310136 0.00625 0.018886679920477135
0 0.45416666666666666 0.05467196819085487 0.00625 0.013916500994035786
0 0.2140625 0.06510934393638171 0.014583333333333334 0.02286282306163022
0 0.01171875 0.07554671968190854 0.0234375 0.02186878727634195
0 0.29921875 0.07803180914512922 0.013020833333333334 0.02286282306163022
0 0.75625 0.10934393638170974 0.011458333333333333 0.02385685884691849
0 0.64140625 0.11182902584493042 0.013020833333333334 0.006958250497017893
0 0.7096354166666666 0.12077534791252485 0.009895833333333333 0.020874751491053677
0 0.6182291666666667 0.12872763419483102 0.008333333333333333 0.018886679920477135
0 0.8294270833333334 0.12872763419483102 0.011979166666666667 0.014910536779324055
0 0.9416666666666667 0.1386679920477137 0.008333333333333333 0.02485089463220676
0 0.48776041666666664 0.13320079522862824 0.0109375 0.009940357852882704
0 0.30078125 0.15208747514910537 0.0046875 0.027833001988071572
0 0.4869791666666667 0.15308151093439365 0.022916666666666665 0.017892644135188866
0 0.2596354166666667 0.1540755467196819 0.0171875 0.015904572564612324
0 0.34765625 0.15854870775347912 0.0109375 0.02286282306163022
0 0.059375 0.16351888667992048 0.009375 0.010934393638170975
0 0.64140625 0.1878727634194831 0.0078125 0.02186878727634195
0 0.73125 0.19582504970178927 0.00625 0.02186878727634195
0 0.08255208333333333 0.1988071570576541 0.0067708333333333336 0.02584493041749503
0 0.6138020833333333 0.19532803180914513 0.013020833333333334 0.016898608349900597
0 0.25677083333333334 0.20029821073558648 0.014583333333333334 0.018886679920477135
0 0.4940104166666667 0.19731610337972166 0.0140625 0.012922465208747515
0 0.2015625 0.20825049701789264 0.016666666666666666 0.020874751491053677
0 0.97421875 0.22465208747514911 0.019270833333333334 0.03578528827037773
0 0.6864583333333333 0.2286282306163022 0.0125 0.02186878727634195
0 0.7114583333333333 0.22962226640159045 0.020833333333333332 0.02186878727634195
0 0.7559895833333333 0.23359840954274355 0.0109375 0.015904572564612324
0 0.9169270833333333 0.24900596421471172 0.015104166666666667 0.02882703777335984
0 0.90234375 0.25646123260437376 0.009895833333333333 0.02385685884691849
0 0.8705729166666667 0.2599403578528827 0.015104166666666667 0.0268389662027833
0 0.25625 0.25894632206759444 0.008333333333333333 0.02286282306163022
0 0.6408854166666667 0.2629224652087475 0.005729166666666666 0.0268389662027833
0 0.4778645833333333 0.2678926441351889 0.009895833333333333 0.02882703777335984
0 0.4119791666666667 0.28727634194831014 0.015625 0.011928429423459244
0 0.6184895833333334 0.2967196819085487 0.0067708333333333336 0.020874751491053677
0 0.78671875 0.294234592445328 0.0067708333333333336 0.017892644135188866
0 0.42213541666666665 0.305168986083499 0.005729166666666666 0.033797216699801194
0 0.4434895833333333 0.2992047713717694 0.0109375 0.013916500994035786
0 0.0859375 0.305168986083499 0.00625 0.013916500994035786
0 0.546875 0.31312127236580517 0.007291666666666667 0.03180914512922465
0 0.3421875 0.31312127236580517 0.013541666666666667 0.015904572564612324
0 0.6658854166666667 0.3245526838966203 0.005729166666666666 0.030815109343936383
0 0.63984375 0.3205765407554672 0.0140625 0.014910536779324055
0 0.6018229166666667 0.3275347912524851 0.0140625 0.018886679920477135
0 0.9229166666666667 0.32703777335984097 0.009375 0.019880715705765408
0 0.9729166666666667 0.3374751491053678 0.0125 0.02286282306163022
0 0.57421875 0.34542743538767395 0.015104166666666667 0.010934393638170975
0 0.459375 0.3558648111332008 0.004166666666666667 0.019880715705765408
0 0.9161458333333333 0.35785288270377735 0.0125 0.02186878727634195
0 0.9924479166666667 0.36033797216699803 0.0140625 0.02485089463220676
0 0.52109375 0.3573558648111332 0.0078125 0.014910536779324055
0 0.88828125 0.3643141153081511 0.0078125 0.018886679920477135
0 0.7861979166666667 0.36779324055666 0.005729166666666666 0.015904572564612324
0 0.5966145833333333 0.37375745526838966 0.0067708333333333336 0.017892644135188866
0 0.44817708333333334 0.40606361829025844 0.019270833333333334 0.020874751491053677
0 0.39036458333333335 0.40755467196819084 0.019270833333333334 0.017892644135188866
0 0.8916666666666667 0.4125248508946322 0.013541666666666667 0.02385685884691849
0 0.9783854166666667 0.4135188866799205 0.011979166666666667 0.011928429423459244
0 0.8158854166666667 0.41898608349900596 0.015104166666666667 0.018886679920477135
0 0.99296875 0.4274353876739563 0.013020833333333334 0.015904572564612324
0 0.646875 0.43389662027833004 0.0125 0.016898608349900597
0 0.975 0.4378727634194831 0.00625 0.014910536779324055
0 0.6161458333333333 0.44731610337972166 0.021875 0.015904572564612324
0 0.23958333333333334 0.45129224652087474 0.013541666666666667 0.02186878727634195
0 0.9270833333333334 0.4517892644135189 0.009375 0.018886679920477135
0 0.7533854166666667 0.46570576540755465 0.013020833333333334 0.018886679920477135
0 0.8846354166666667 0.48061630218687873 0.011979166666666667 0.020874751491053677
0 0.5591145833333333 0.49055666003976145 0.0046875 0.0268389662027833
0 0.61484375 0.4915506958250497 0.0140625 0.0268389662027833
0 0.84453125 0.4870775347912525 0.0140625 0.009940357852882704
0 0.571875 0.4975149105367793 0.008333333333333333 0.0268389662027833
0 0.9671875 0.5069582504970179 0.015625 0.033797216699801194
0 0.8791666666666667 0.5049701789264414 0.007291666666666667 0.02584493041749503
0 0.22109375 0.5059642147117296 0.013020833333333334 0.02186878727634195
0 0.75234375 0.5069582504970179 0.0109375 0.02186878727634195
0 0.65 0.5188866799204771 0.00625 0.02584493041749503
0 0.809375 0.5193836978131213 0.019791666666666666 0.016898608349900597
0 0.28203125 0.5233598409542743 0.013020833333333334 0.016898608349900597
0 0.9614583333333333 0.5362823061630219 0.014583333333333334 0.030815109343936383
0 0.6791666666666667 0.5372763419483101 0.011458333333333333 0.02485089463220676
0 0.6309895833333333 0.5506958250497018 0.0203125 0.027833001988071572
0 0.6955729166666667 0.5467196819085487 0.015104166666666667 0.019880715705765408
0 0.8325520833333333 0.5576540755467196 0.011979166666666667 0.027833001988071572
0 0.7348958333333333 0.5621272365805169 0.008333333333333333 0.02882703777335984
0 0.34036458333333336 0.5680914512922465 0.009895833333333333 0.0268389662027833
0 0.49583333333333335 0.5715705765407555 0.009375 0.03180914512922465
0 0.88046875 0.5641153081510935 0.0140625 0.014910536779324055
0 0.9934895833333334 0.5695825049701789 0.011979166666666667 0.027833001988071572
0 0.95078125 0.577037773359841 0.0109375 0.012922465208747515
0 0.6609375 0.6033797216699801 0.013541666666666667 0.03578528827037773
0 0.17604166666666668 0.6192842942345924 0.0125 0.03180914512922465
0 0.4109375 0.6133200795228628 0.009375 0.019880715705765408
0 0.9028645833333333 0.6083499005964215 0.018229166666666668 0.009940357852882704
0 0.43333333333333335 0.6128230616302187 0.022916666666666665 0.010934393638170975
0 0.9145833333333333 0.6302186878727635 0.030208333333333334 0.03777335984095427
0 0.3377604166666667 0.6187872763419483 0.0140625 0.010934393638170975
0 0.11666666666666667 0.6242544731610338 0.009375 0.017892644135188866
0 0.21484375 0.6346918489065606 0.0078125 0.014910536779324055
0 0.4203125 0.6476143141153081 0.004166666666666667 0.0268389662027833
0 0.9640625 0.6476143141153081 0.016666666666666666 0.02485089463220676
0 0.34296875 0.6486083499005965 0.0171875 0.020874751491053677
0 0.9255208333333333 0.658051689860835 0.010416666666666666 0.03578528827037773
0 0.8877604166666667 0.6540755467196819 0.0067708333333333336 0.02186878727634195
0 0.6895833333333333 0.6650099403578529 0.009375 0.03777335984095427
0 0.4635416666666667 0.654572564612326 0.013541666666666667 0.010934393638170975
0 0.87734375 0.661530815109344 0.008854166666666666 0.02485089463220676
0 0.6234375 0.6848906560636183 0.014583333333333334 0.03180914512922465
0 0.6682291666666667 0.68389662027833 0.005208333333333333 0.027833001988071572
0 0.7109375 0.7082504970178927 0.013541666666666667 0.06063618290258449
0 0.7010416666666667 0.694831013916501 0.008333333333333333 0.02385685884691849
0 0.9692708333333333 0.7082504970178927 0.027083333333333334 0.03479125248508946
0 0.6244791666666667 0.7147117296222664 0.00625 0.019880715705765408
0 0.6510416666666666 0.7216699801192843 0.007291666666666667 0.02982107355864811
0 0.56796875 0.7544731610337972 0.024479166666666666 0.03578528827037773
0 0.7346354166666667 0.7490059642147118 0.0078125 0.02485089463220676
0 0.47682291666666665 0.7549701789264414 0.0140625 0.02286282306163022
0 0.54453125 0.7509940357852882 0.015104166666666667 0.014910536779324055
0 0.70703125 0.7703777335984096 0.009895833333333333 0.039761431411530816
0 0.46458333333333335 0.7708747514910537 0.011458333333333333 0.0268389662027833
0 0.34270833333333334 0.7693836978131213 0.019791666666666666 0.02186878727634195
0 0.6361979166666667 0.7793240556660039 0.015104166666666667 0.041749502982107355
0 0.6546875 0.7708747514910537 0.008333333333333333 0.02485089463220676
0 0.7416666666666667 0.7872763419483101 0.00625 0.03180914512922465
0 0.44427083333333334 0.7872763419483101 0.008333333333333333 0.02982107355864811
0 0.9528645833333333 0.786779324055666 0.005729166666666666 0.02286282306163022
0 0.75859375 0.7862823061630219 0.0078125 0.015904572564612324
0 0.66640625 0.7952286282306164 0.005729166666666666 0.013916500994035786
0 0.6541666666666667 0.8056660039761432 0.009375 0.0268389662027833
0 0.6338541666666667 0.8116302186878728 0.026041666666666668 0.032803180914512925
0 0.5291666666666667 0.8031809145129225 0.017708333333333333 0.009940357852882704
0 0.67890625 0.8111332007952287 0.0046875 0.02584493041749503
0 0.8098958333333334 0.8121272365805169 0.019791666666666666 0.019880715705765408
0 0.7127604166666667 0.8250497017892644 0.0078125 0.027833001988071572
0 0.5552083333333333 0.8170974155069582 0.015625 0.009940357852882704
0 0.7450520833333333 0.8215705765407555 0.009895833333333333 0.014910536779324055
0 0.82734375 0.8320079522862823 0.0140625 0.027833001988071572
0 0.7299479166666667 0.8364811133200796 0.019270833333333334 0.018886679920477135
0 0.6393229166666666 0.8484095427435387 0.024479166666666666 0.040755467196819085
0 0.8140625 0.8439363817097415 0.00625 0.02186878727634195
0 0.7026041666666667 0.8548707753479126 0.016666666666666666 0.041749502982107355
0 0.25729166666666664 0.8513916500994035 0.008333333333333333 0.014910536779324055
0 0.9622395833333334 0.8613320079522863 0.015104166666666667 0.02485089463220676
0 0.6510416666666666 0.8583499005964215 0.005208333333333333 0.014910536779324055
0 0.5234375 0.8653081510934394 0.011458333333333333 0.02286282306163022
0 0.7958333333333333 0.8777335984095428 0.014583333333333334 0.039761431411530816
0 0.49921875 0.8717693836978131 0.0203125 0.019880715705765408
0 0.7338541666666667 0.8772365805168986 0.008333333333333333 0.020874751491053677
0 0.9057291666666667 0.8961232604373758 0.011458333333333333 0.05069582504970179
0 0.246875 0.8871769383697813 0.007291666666666667 0.02286282306163022
0 0.75546875 0.8876739562624254 0.0078125 0.02385685884691849
0 0.63984375 0.885685884691849 0.0109375 0.013916500994035786
0 0.578125 0.8916500994035785 0.009375 0.02186878727634195
0 0.5182291666666666 0.8941351888667992 0.009375 0.02485089463220676
0 0.559375 0.8991053677932406 0.017708333333333333 0.030815109343936383
0 0.70234375 0.8951292246520874 0.0067708333333333336 0.020874751491053677
0 0.7447916666666666 0.8921471172962226 0.00625 0.016898608349900597
0 0.6544270833333333 0.9025844930417495 0.005729166666666666 0.019880715705765408
0 0.8924479166666667 0.9035785288270378 0.0109375 0.02186878727634195
0 0.7606770833333333 0.9020874751491054 0.008854166666666666 0.014910536779324055
0 0.92890625 0.9150099403578529 0.008854166666666666 0.03876739562624255
0 0.6934895833333333 0.9090457256461233 0.009895833333333333 0.016898608349900597
0 0.5419270833333333 0.9219681908548708 0.008854166666666666 0.03876739562624255
0 0.9114583333333334 0.9130218687872763 0.008333333333333333 0.010934393638170975
0 0.71640625 0.9219681908548708 0.011979166666666667 0.020874751491053677
0 0.6447916666666667 0.9343936381709742 0.016666666666666666 0.03578528827037773
0 0.60625 0.9343936381709742 0.01875 0.02385685884691849
0 0.740625 0.9378727634194831 0.023958333333333335 0.030815109343936383
0 0.8234375 0.9383697813121272 0.016666666666666666 0.02584493041749503
0 0.5669270833333333 0.9537773359840954 0.022395833333333334 0.04671968190854871
0 0.6703125 0.937375745526839 0.008333333333333333 0.013916500994035786
0 0.4578125 0.9438369781312127 0.0125 0.010934393638170975
0 0.5942708333333333 0.9547713717693836 0.017708333333333333 0.016898608349900597
0 0.8447916666666667 0.9587475149105368 0.010416666666666666 0.0268389662027833
0 0.9171875 0.9537773359840954 0.01875 0.014910536779324055
0 0.49322916666666666 0.9587475149105368 0.017708333333333333 0.010934393638170975
0 0.5520833333333334 0.959741550695825 0.009375 0.008946322067594433
0 0.9442708333333333 0.9691848906560636 0.008333333333333333 0.02584493041749503
0 0.7763020833333333 0.9781312127236581 0.0046875 0.02584493041749503
0 0.8580729166666666 0.9736580516898609 0.019270833333333334 0.012922465208747515
0 0.296875 0.9915506958250497 0.010416666666666666 0.014910536779324055