0 0.04401041666666667 0.016401590457256462 0.0203125 0.02485089463220676
0 0.3541666666666667 0.023359840954274354 0.008333333333333333 0.0268389662027833
0 0.22864583333333333 0.017892644135188866 0.014583333333333334 0.011928429423459244
0 0.23489583333333333 0.08499005964214712 0.014583333333333334 0.0268389662027833
0 0.8635416666666667 0.0805168986083499 0.007291666666666667 0.013916500994035786
0 0.134375 0.08697813121272366 0.008333333333333333 0.016898608349900597
0 0.08958333333333333 0.09990059642147117 0.014583333333333334 0.0268389662027833
0 0.18880208333333334 0.11829025844930417 0.0067708333333333336 0.027833001988071572
0 0.44140625 0.1317097415506958 0.015104166666666667 0.016898608349900597
0 0.20989583333333334 0.1833996023856859 0.013541666666666667 0.016898608349900597
0 0.23828125 0.19980119284294234 0.008854166666666666 0.019880715705765408
0 0.4036458333333333 0.21719681908548708 0.010416666666666666 0.014910536779324055
0 0.11484375 0.22664015904572565 0.0140625 0.027833001988071572
0 0.27317708333333335 0.22514910536779323 0.008854166666666666 0.016898608349900597
0 0.25494791666666666 0.2400596421471173 0.0078125 0.010934393638170975
0 0.23229166666666667 0.24652087475149106 0.008333333333333333 0.017892644135188866
0 0.0036458333333333334 0.2544731610337972 0.00625 0.013916500994035786
0 0.80625 0.2659045725646123 0.008333333333333333 0.010934393638170975
0 0.6427083333333333 0.2664015904572565 0.009375 0.013916500994035786
0 0.18229166666666666 0.27137176938369784 0.00625 0.015904572564612324
0 0.9432291666666667 0.28330019880715707 0.0125 0.027833001988071572
0 0.2903645833333333 0.28180914512922467 0.011979166666666667 0.02286282306163022
0 0.58515625 0.2952286282306163 0.009895833333333333 0.019880715705765408
0 0.6268229166666667 0.29721669980119286 0.009895833333333333 0.007952286282306162
0 0.01328125 0.30218687872763417 0.013020833333333334 0.017892644135188866
0 0.77578125 0.31858846918489064 0.0140625 0.018886679920477135
0 0.66640625 0.3220675944333996 0.0078125 0.02584493041749503
0 0.9768229166666667 0.34393638170974156 0.016145833333333335 0.039761431411530816
0 0.07317708333333334 0.3513916500994036 0.018229166666666668 0.012922465208747515
0 0.3731770833333333 0.36232604373757454 0.0140625 0.008946322067594433
0 0.22135416666666666 0.37077534791252487 0.011458333333333333 0.017892644135188866
0 0.23697916666666666 0.37922465208747513 0.014583333333333334 0.020874751491053677
0 0.6294270833333333 0.3956262425447316 0.0067708333333333336 0.02584493041749503
0 0.35963541666666665 0.40606361829025844 0.0078125 0.02882703777335984
0 0.39895833333333336 0.40457256461232605 0.016666666666666666 0.019880715705765408
0 0.46145833333333336 0.41451292246520877 0.013541666666666667 0.02385685884691849
0 0.30885416666666665 0.41848906560636184 0.00625 0.02982107355864811
0 0.40703125 0.41998011928429424 0.009895833333333333 0.010934393638170975
0 0.0328125 0.4279324055666004 0.014583333333333334 0.016898608349900597
0 0.12135416666666667 0.43389662027833004 0.015625 0.018886679920477135
0 0.11692708333333333 0.46222664015904574 0.0140625 0.009940357852882704
0 0.06041666666666667 0.4691848906560636 0.011458333333333333 0.017892644135188866
0 0.59765625 0.4865805168986084 0.008854166666666666 0.03479125248508946
0 0.7893229166666667 0.4821073558648111 0.018229166666666668 0.019880715705765408
0 0.21666666666666667 0.47862823061630216 0.013541666666666667 0.010934393638170975
0 0.43463541666666666 0.4860834990059642 0.0046875 0.02385685884691849
0 0.7544270833333333 0.48906560636182905 0.025520833333333333 0.017892644135188866
0 0.00390625 0.4870775347912525 0.0067708333333333336 0.011928429423459244
0 0.2916666666666667 0.49353876739562624 0.013541666666666667 0.02286282306163022
0 0.8328125 0.5034791252485089 0.014583333333333334 0.02485089463220676
0 0.06328125 0.507455268389662 0.015104166666666667 0.018886679920477135
0 0.26588541666666665 0.5079522862823062 0.0171875 0.011928429423459244
0 0.006510416666666667 0.5323061630218688 0.011979166666666667 0.02485089463220676
0 0.2557291666666667 0.5412524850894632 0.008333333333333333 0.02286282306163022
0 0.09296875 0.5382703777335984 0.021354166666666667 0.016898608349900597
0 0.5229166666666667 0.5447316103379721 0.015625 0.013916500994035786
0 0.26901041666666664 0.5670974155069582 0.019270833333333334 0.04671968190854871
0 0.014583333333333334 0.5511928429423459 0.015625 0.014910536779324055
0 0.07942708333333333 0.5576540755467196 0.018229166666666668 0.02385685884691849
0 0.3229166666666667 0.5646123260437376 0.005208333333333333 0.02982107355864811
0 0.14401041666666667 0.5710735586481114 0.011979166666666667 0.0268389662027833
0 0.0984375 0.5656063618290258 0.016666666666666666 0.011928429423459244
0 0.02734375 0.5740556660039762 0.015104166666666667 0.020874751491053677
0 0.0625 0.5775347912524851 0.014583333333333334 0.019880715705765408
0 0.8786458333333333 0.6013916500994035 0.008333333333333333 0.019880715705765408
0 0.4778645833333333 0.6058648111332008 0.011979166666666667 0.014910536779324055
0 0.8908854166666667 0.6192842942345924 0.0109375 0.02982107355864811
0 0.6875 0.6277335984095428 0.011458333333333333 0.02485089463220676
0 0.3372395833333333 0.6585487077534792 0.013020833333333334 0.014910536779324055
0 0.19010416666666666 0.6704771371769384 0.014583333333333334 0.020874751491053677
0 0.48854166666666665 0.6719681908548708 0.013541666666666667 0.019880715705765408
0 0.04479166666666667 0.679920477137177 0.011458333333333333 0.03180914512922465
0 0.3494791666666667 0.6829025844930418 0.008333333333333333 0.027833001988071572
0 0.40286458333333336 0.6754473161033797 0.013020833333333334 0.008946322067594433
0 0.9973958333333334 0.6928429423459245 0.005208333333333333 0.027833001988071572
0 0.41744791666666664 0.7087475149105368 0.0203125 0.04771371769383698
0 0.07213541666666666 0.6968190854870775 0.008854166666666666 0.02186878727634195
0 0.4625 0.6953280318091452 0.008333333333333333 0.014910536779324055
0 0.28958333333333336 0.6958250497017893 0.00625 0.017892644135188866
0 0.2515625 0.6993041749502982 0.005208333333333333 0.02485089463220676
0 0.2296875 0.6933399602385686 0.016666666666666666 0.010934393638170975
0 0.27369791666666665 0.7112326043737575 0.013020833333333334 0.030815109343936383
0 0.30052083333333335 0.7122266401590457 0.010416666666666666 0.0268389662027833
0 0.48515625 0.7201789264413518 0.0140625 0.014910536779324055
0 0.22109375 0.7231610337972167 0.011979166666666667 0.020874751491053677
0 0.40390625 0.7321073558648111 0.0109375 0.014910536779324055
0 0.23333333333333334 0.7331013916500994 0.0125 0.014910536779324055
0 0.29583333333333334 0.7375745526838966 0.010416666666666666 0.015904572564612324
0 0.26796875 0.7400596421471173 0.008854166666666666 0.012922465208747515
0 0.340625 0.7445328031809145 0.013541666666666667 0.013916500994035786
0 0.5315104166666667 0.7639165009940357 0.008854166666666666 0.04473161033797217
0 0.665625 0.760934393638171 0.0125 0.0268389662027833
0 0.5955729166666667 0.7654075546719682 0.0140625 0.02584493041749503
0 0.08151041666666667 0.7639165009940357 0.015104166666666667 0.012922465208747515
0 0.14088541666666668 0.7763419483101391 0.016145833333333335 0.011928429423459244
0 0.4921875 0.7907554671968191 0.011458333333333333 0.018886679920477135
0 0.3015625 0.8036779324055666 0.025 0.03876739562624255
0 0.24296875 0.7937375745526839 0.0140625 0.018886679920477135
0 0.22317708333333333 0.7957256461232605 0.0140625 0.010934393638170975
0 0.5026041666666666 0.8066600397614314 0.014583333333333334 0.02882703777335984
0 0.37890625 0.8056660039761432 0.008854166666666666 0.0268389662027833
0 0.32109375 0.8151093439363817 0.0140625 0.011928429423459244
0 0.26796875 0.8190854870775348 0.009895833333333333 0.019880715705765408
0 0.9958333333333333 0.8339960238568589 0.008333333333333333 0.019880715705765408
0 0.5158854166666667 0.8369781312127237 0.0078125 0.017892644135188866
0 0.39869791666666665 0.8364811133200796 0.008854166666666666 0.016898608349900597
0 0.26536458333333335 0.8429423459244533 0.0036458333333333334 0.02186878727634195
0 0.03307291666666667 0.8409542743538767 0.0140625 0.013916500994035786
0 0.35104166666666664 0.8742544731610338 0.01875 0.04671968190854871
0 0.4140625 0.8663021868787276 0.0125 0.02485089463220676
0 0.23854166666666668 0.8737574552683897 0.008333333333333333 0.027833001988071572
0 0.33515625 0.8946322067594433 0.0234375 0.055666003976143144
0 0.30520833333333336 0.8782306163021869 0.00625 0.018886679920477135
0 0.3692708333333333 0.885685884691849 0.010416666666666666 0.03180914512922465
0 0.26666666666666666 0.893141153081511 0.009375 0.03479125248508946
0 0.48359375 0.9025844930417495 0.008854166666666666 0.03180914512922465
0 0.3296875 0.8951292246520874 0.00625 0.016898608349900597
0 0.4200520833333333 0.9070576540755467 0.018229166666666668 0.03876739562624255
0 0.11484375 0.9015904572564613 0.0109375 0.027833001988071572
0 0.40703125 0.911530815109344 0.008854166666666666 0.02982107355864811
0 0.30755208333333334 0.9150099403578529 0.016145833333333335 0.016898608349900597
0 0.5138020833333333 0.9204771371769384 0.016145833333333335 0.02584493041749503
0 0.29140625 0.9214711729622267 0.009895833333333333 0.027833001988071572
0 0.15859375 0.9145129224652088 0.011979166666666667 0.013916500994035786
0 0.3546875 0.929920477137177 0.014583333333333334 0.014910536779324055
0 0.32109375 0.9259443339960238 0.009895833333333333 0.008946322067594433
0 0.3299479166666667 0.937375745526839 0.009895833333333333 0.009940357852882704
0 0.4390625 0.9716699801192843 0.0125 0.05467196819085487
0 0.4583333333333333 0.9527833001988072 0.00625 0.014910536779324055
0 0.17708333333333334 0.9582504970178927 0.014583333333333334 0.019880715705765408
0 0.4752604166666667 0.974155069582505 0.016145833333333335 0.04970178926441352
0 0.49973958333333335 0.9731610337972167 0.0265625 0.033797216699801194
0 0.4510416666666667 0.9642147117296223 0.009375 0.017892644135188866
0 0.42109375 0.9761431411530815 0.0203125 0.019880715705765408
0 0.06953125 0.9756461232604374 0.0171875 0.016898608349900597
0 0.52265625 0.9845924453280318 0.0078125 0.02882703777335984
0 0.32760416666666664 0.9811133200795229 0.013541666666666667 0.017892644135188866
0 0.3645833333333333 0.9860834990059643 0.008333333333333333 0.02584493041749503
0 0.19010416666666666 0.989065606361829 0.005208333333333333 0.019880715705765408
0 0.5309895833333333 0.9905566600397614 0.005729166666666666 0.016898608349900597
0 0.25807291666666665 0.9910536779324056 0.019270833333333334 0.015904572564612324