0 0.13567708333333334 0.0004970178926441351 0.04635416666666667 0.0009940357852882703
0 0.06536458333333334 0.0004970178926441351 0.08802083333333334 0.0009940357852882703
0 0.08072916666666667 0.13618290258449303 0.008333333333333333 0.011928429423459244
0 0.0010416666666666667 0.19831013916500995 0.0010416666666666667 0.11829025844930417
0 0.49583333333333335 0.7922465208747514 0.009375 0.019880715705765408
0 0.5 0.8320079522862823 0.007291666666666667 0.011928429423459244
0 0.6151041666666667 0.852882703777336 0.0125 0.011928429423459244
0 0.5776041666666667 0.8702783300198808 0.0125 0.014910536779324055
0 0.6151041666666667 0.8772365805168986 0.005208333333333333 0.014910536779324055
0 0.459375 0.904572564612326 0.0125 0.02385685884691849
0 0.578125 0.9120278330019881 0.007291666666666667 0.018886679920477135
0 0.5690104166666666 0.9199801192842942 0.008854166666666666 0.02286282306163022
0 0.45286458333333335 0.955765407554672 0.0140625 0.008946322067594433