0 0.039322916666666666 0.0004970178926441351 0.0359375 0.0009940357852882703
0 0.07890625 0.015904572564612324 0.027604166666666666 0.03180914512922465
0 0.5705729166666667 0.004970178926441352 0.0109375 0.009940357852882704
0 0.9307291666666667 0.018886679920477135 0.0125 0.03777335984095427
0 0.9705729166666667 0.009443339960238568 0.0140625 0.012922465208747515
0 0.01640625 0.027833001988071572 0.0328125 0.041749502982107355
0 0.41510416666666666 0.01341948310139165 0.014583333333333334 0.012922465208747515
0 0.06197916666666667 0.032803180914512925 0.022916666666666665 0.033797216699801194
0 0.70390625 0.03578528827037773 0.0078125 0.02186878727634195
0 0.9466145833333334 0.044234592445328035 0.018229166666666668 0.032803180914512925
0 0.18697916666666667 0.04025844930417495 0.01875 0.018886679920477135
0 0.384375 0.06958250497017893 0.011458333333333333 0.02584493041749503
0 0.7072916666666667 0.06858846918489066 0.013541666666666667 0.013916500994035786
0 0.010677083333333334 0.08200795228628231 0.021354166666666667 0.032803180914512925
0 0.23828125 0.08200795228628231 0.008854166666666666 0.02286282306163022
0 0.9361979166666666 0.07852882703777336 0.018229166666666668 0.015904572564612324
0 0.37083333333333335 0.09095427435387674 0.0125 0.032803180914512925
0 0.6598958333333333 0.10834990059642147 0.025 0.05964214711729622
0 0.7890625 0.09045725646123261 0.0125 0.02186878727634195
0 0.7375 0.10387673956262425 0.01875 0.02286282306163022
0 0.6205729166666667 0.11580516898608349 0.008854166666666666 0.018886679920477135
0 0.5833333333333334 0.12922465208747516 0.019791666666666666 0.017892644135188866
0 0.7708333333333334 0.1317097415506958 0.009375 0.018886679920477135
0 0.9296875 0.13469184890656064 0.008333333333333333 0.02485089463220676
0 0.7864583333333334 0.1341948310139165 0.011458333333333333 0.019880715705765408
0 0.041666666666666664 0.1466202783300199 0.023958333333333335 0.03479125248508946
0 0.8825520833333333 0.1411530815109344 0.013020833333333334 0.009940357852882704
0 0.6677083333333333 0.1550695825049702 0.008333333333333333 0.03180914512922465
0 0.31796875 0.16153081510934394 0.019270833333333334 0.036779324055666
0 0.409375 0.147117296222664 0.013541666666666667 0.009940357852882704
0 0.34140625 0.1625248508946322 0.0046875 0.020874751491053677
0 0.9953125 0.1863817097415507 0.008333333333333333 0.036779324055666
0 0.6856770833333333 0.18041749502982107 0.009895833333333333 0.012922465208747515
0 0.4421875 0.1933399602385686 0.013541666666666667 0.02882703777335984
0 0.27838541666666666 0.19383697813121273 0.011979166666666667 0.019880715705765408
0 0.97734375 0.1933399602385686 0.0078125 0.016898608349900597
0 0.26640625 0.20377733598409542 0.0171875 0.02584493041749503
0 0.3098958333333333 0.19980119284294234 0.004166666666666667 0.019880715705765408
0 0.5122395833333333 0.21222664015904572 0.011979166666666667 0.02882703777335984
0 0.96484375 0.20874751491053678 0.013020833333333334 0.017892644135188866
0 0.2921875 0.21570576540755468 0.009375 0.02584493041749503
0 0.6830729166666667 0.22465208747514911 0.0078125 0.019880715705765408
0 0.24244791666666668 0.23359840954274355 0.0067708333333333336 0.015904572564612324
0 0.26067708333333334 0.25944333996023855 0.024479166666666666 0.05964214711729622
0 0.7953125 0.24204771371769385 0.008333333333333333 0.014910536779324055
0 0.9895833333333334 0.25198807157057657 0.019791666666666666 0.02882703777335984
0 0.38203125 0.2529821073558648 0.0067708333333333336 0.016898608349900597
0 0.5322916666666667 0.2654075546719682 0.0125 0.009940357852882704
0 0.24401041666666667 0.28578528827037775 0.011979166666666667 0.03479125248508946
0 0.4817708333333333 0.2897614314115308 0.01875 0.02286282306163022
0 0.8479166666666667 0.30218687872763417 0.0125 0.033797216699801194
0 0.7684895833333333 0.31858846918489064 0.011979166666666667 0.032803180914512925
0 0.921875 0.31610337972166996 0.019791666666666666 0.015904572564612324
0 0.1515625 0.3225646123260437 0.00625 0.020874751491053677
0 0.6125 0.32803180914512925 0.007291666666666667 0.02385685884691849
0 0.8098958333333334 0.32554671968190857 0.014583333333333334 0.010934393638170975
0 0.95078125 0.3275347912524851 0.009895833333333333 0.016898608349900597
0 0.47708333333333336 0.33697813121272363 0.010416666666666666 0.027833001988071572
0 0.7494791666666667 0.334493041749503 0.009375 0.016898608349900597
0 0.7744791666666667 0.3503976143141153 0.016666666666666666 0.014910536779324055
0 0.20182291666666666 0.36232604373757454 0.015104166666666667 0.0268389662027833
0 0.08776041666666666 0.3687872763419483 0.011979166666666667 0.02982107355864811
0 0.6140625 0.3633200795228628 0.007291666666666667 0.020874751491053677
0 0.9572916666666667 0.3648111332007952 0.010416666666666666 0.013916500994035786
0 0.7375 0.3682902584493042 0.009375 0.008946322067594433
0 0.89375 0.38966202783300197 0.016666666666666666 0.027833001988071572
0 0.075 0.3871769383697813 0.007291666666666667 0.012922465208747515
0 0.190625 0.3946322067594433 0.010416666666666666 0.027833001988071572
0 0.49453125 0.38618290258449306 0.0140625 0.010934393638170975
0 0.6950520833333333 0.38767395626242546 0.009895833333333333 0.013916500994035786
0 0.80625 0.3991053677932406 0.009375 0.02485089463220676
0 0.6877604166666667 0.4259443339960239 0.015104166666666667 0.06063618290258449
0 0.9526041666666667 0.40308151093439365 0.019791666666666666 0.016898608349900597
0 0.8299479166666667 0.4135188866799205 0.0067708333333333336 0.013916500994035786
0 0.4203125 0.4224652087475149 0.013541666666666667 0.027833001988071572
0 0.84140625 0.4254473161033797 0.016145833333333335 0.013916500994035786
0 0.9549479166666667 0.4304174950298211 0.009895833333333333 0.015904572564612324
0 0.93359375 0.4388667992047714 0.009895833333333333 0.02882703777335984
0 0.15546875 0.4438369781312127 0.0109375 0.02485089463220676
0 0.8536458333333333 0.4418489065606362 0.010416666666666666 0.018886679920477135
0 0.9450520833333333 0.452286282306163 0.0067708333333333336 0.02186878727634195
0 0.6447916666666667 0.46123260437375746 0.017708333333333333 0.02186878727634195
0 0.20989583333333334 0.4662027833001988 0.01875 0.02186878727634195
0 0.5299479166666666 0.4617296222664016 0.0203125 0.012922465208747515
0 0.8083333333333333 0.46819085487077533 0.009375 0.02584493041749503
0 0.60625 0.47514910536779326 0.016666666666666666 0.013916500994035786
0 0.5192708333333333 0.49105367793240556 0.010416666666666666 0.02982107355864811
0 0.6518229166666667 0.4860834990059642 0.013020833333333334 0.007952286282306162
0 0.40625 0.4970178926441352 0.009375 0.015904572564612324
0 0.8950520833333333 0.49254473161033796 0.011979166666666667 0.008946322067594433
0 0.29583333333333334 0.5034791252485089 0.007291666666666667 0.012922465208747515
0 0.23359375 0.5079522862823062 0.011979166666666667 0.017892644135188866
0 0.6890625 0.5114314115308151 0.00625 0.02485089463220676
0 0.96328125 0.5029821073558648 0.0140625 0.009940357852882704
0 0.1375 0.5213717693836978 0.016666666666666666 0.03479125248508946
0 0.9934895833333334 0.5178926441351889 0.011979166666666667 0.02385685884691849
0 0.59375 0.5243538767395626 0.0125 0.014910536779324055
0 0.6989583333333333 0.5273359840954275 0.015625 0.020874751491053677
0 0.209375 0.5288270377733598 0.0125 0.02186878727634195
0 0.83203125 0.5372763419483101 0.0078125 0.02485089463220676
0 0.95234375 0.5323061630218688 0.018229166666666668 0.016898608349900597
0 0.22864583333333333 0.5432405566600398 0.009375 0.0268389662027833
0 0.30625 0.5422465208747514 0.017708333333333333 0.020874751491053677
0 0.9885416666666667 0.5487077534791253 0.013541666666666667 0.027833001988071572
0 0.5119791666666667 0.5556660039761432 0.0125 0.019880715705765408
0 0.9721354166666667 0.5651093439363817 0.0203125 0.03479125248508946
0 0.09739583333333333 0.5636182902584493 0.0125 0.02385685884691849
0 0.45729166666666665 0.5685884691848907 0.010416666666666666 0.03180914512922465
0 0.77109375 0.5576540755467196 0.016145833333333335 0.011928429423459244
0 0.90078125 0.5685884691848907 0.0140625 0.02385685884691849
0 0.27708333333333335 0.5760437375745527 0.0125 0.0268389662027833
0 0.8875 0.5745526838966203 0.016666666666666666 0.02186878727634195
0 0.23359375 0.5830019880715706 0.0078125 0.032803180914512925
0 0.7497395833333333 0.5815109343936382 0.009895833333333333 0.02584493041749503
0 0.0734375 0.5854870775347912 0.008333333333333333 0.02584493041749503
0 0.29010416666666666 0.581013916500994 0.010416666666666666 0.012922465208747515
0 0.7138020833333333 0.5879721669980119 0.0067708333333333336 0.0268389662027833
0 0.6471354166666666 0.5849900596421471 0.0109375 0.018886679920477135
0 0.6661458333333333 0.5854870775347912 0.0125 0.013916500994035786
0 0.6059895833333333 0.5929423459244533 0.0078125 0.02485089463220676
0 0.803125 0.5874751491053678 0.014583333333333334 0.013916500994035786
0 0.8658854166666666 0.5889662027833003 0.016145833333333335 0.016898608349900597
0 0.41848958333333336 0.595427435387674 0.0078125 0.02385685884691849
0 0.2903645833333333 0.5999005964214712 0.013020833333333334 0.018886679920477135
0 0.8963541666666667 0.6008946322067594 0.015625 0.020874751491053677
0 0.04635416666666667 0.6063618290258449 0.017708333333333333 0.02584493041749503
0 0.784375 0.6058648111332008 0.015625 0.02286282306163022
0 0.7580729166666667 0.6063618290258449 0.016145833333333335 0.02186878727634195
0 0.9723958333333333 0.6043737574552683 0.00625 0.015904572564612324
0 0.13177083333333334 0.6093439363817097 0.013541666666666667 0.02186878727634195
0 0.3098958333333333 0.6158051689860835 0.007291666666666667 0.030815109343936383
0 0.6489583333333333 0.6118290258449304 0.005208333333333333 0.02485089463220676
0 0.503125 0.6093439363817097 0.015625 0.013916500994035786
0 0.590625 0.6133200795228628 0.008333333333333333 0.009940357852882704
0 0.35885416666666664 0.6317097415506958 0.009375 0.032803180914512925
0 0.8424479166666666 0.6307157057654076 0.013020833333333334 0.010934393638170975
0 0.9020833333333333 0.6351888667992047 0.011458333333333333 0.011928429423459244
0 0.33307291666666666 0.6421471172962226 0.016145833333333335 0.015904572564612324
0 0.6127604166666667 0.6515904572564613 0.009895833333333333 0.036779324055666
0 0.75 0.6436381709741551 0.014583333333333334 0.018886679920477135
0 0.4934895833333333 0.6565606361829026 0.008854166666666666 0.042743538767395624
0 0.0390625 0.654572564612326 0.030208333333333334 0.03479125248508946
0 0.6486979166666667 0.6476143141153081 0.0109375 0.018886679920477135
0 0.5744791666666667 0.6481113320079522 0.0125 0.011928429423459244
0 0.17369791666666667 0.6600397614314115 0.009895833333333333 0.033797216699801194
0 0.4752604166666667 0.6535785288270378 0.011979166666666667 0.020874751491053677
0 0.8028645833333333 0.6500994035785288 0.015104166666666667 0.011928429423459244
0 0.1296875 0.6575546719681908 0.007291666666666667 0.014910536779324055
0 0.058854166666666666 0.668986083499006 0.007291666666666667 0.02385685884691849
0 0.6841145833333333 0.6744532803180915 0.013020833333333334 0.020874751491053677
0 0.32057291666666665 0.6774353876739563 0.009895833333333333 0.02286282306163022
0 0.5908854166666667 0.6734592445328031 0.015104166666666667 0.012922465208747515
0 0.13541666666666666 0.6784294234592445 0.008333333333333333 0.016898608349900597
0 0.8244791666666667 0.6843936381709742 0.007291666666666667 0.0268389662027833
0 0.39765625 0.6863817097415507 0.009895833333333333 0.02485089463220676
0 0.2682291666666667 0.6843936381709742 0.026041666666666668 0.016898608349900597
0 0.80859375 0.6843936381709742 0.016145833333333335 0.016898608349900597
0 0.18098958333333334 0.7052683896620279 0.011979166666666667 0.04473161033797217
0 0.7286458333333333 0.694831013916501 0.008333333333333333 0.02186878727634195
0 0.5890625 0.7037773359840954 0.01875 0.03180914512922465
0 0.609375 0.7087475149105368 0.015625 0.0437375745526839
0 0.5705729166666667 0.6998011928429424 0.0046875 0.02186878727634195
0 0.6809895833333334 0.7122266401590457 0.009895833333333333 0.04671968190854871
0 0.79453125 0.6933399602385686 0.0140625 0.008946322067594433
0 0.38177083333333334 0.6993041749502982 0.0125 0.008946322067594433
0 0.5010416666666667 0.7176938369781312 0.0125 0.03777335984095427
0 0.26536458333333335 0.7266401590457257 0.009895833333333333 0.041749502982107355
0 0.6294270833333333 0.7102385685884692 0.008854166666666666 0.008946322067594433
0 0.66484375 0.7216699801192843 0.0036458333333333334 0.02982107355864811
0 0.8625 0.7226640159045725 0.009375 0.019880715705765408
0 0.72578125 0.7440357852882704 0.013020833333333334 0.05268389662027833
0 0.02890625 0.7335984095427436 0.0171875 0.02982107355864811
0 0.13125 0.7266401590457257 0.013541666666666667 0.015904572564612324
0 0.7354166666666667 0.7375745526838966 0.00625 0.027833001988071572
0 0.6515625 0.7435387673956262 0.008333333333333333 0.033797216699801194
0 0.7471354166666667 0.7465208747514911 0.013020833333333334 0.017892644135188866
0 0.5658854166666667 0.7564612326043738 0.016145833333333335 0.03180914512922465
0 0.8041666666666667 0.7539761431411531 0.014583333333333334 0.02286282306163022
0 0.27708333333333335 0.7619284294234593 0.011458333333333333 0.030815109343936383
0 0.6270833333333333 0.768389662027833 0.017708333333333333 0.03578528827037773
0 0.66796875 0.7604373757455268 0.018229166666666668 0.013916500994035786
0 0.7924479166666667 0.7877733598409543 0.011979166666666667 0.020874751491053677
0 0.7424479166666667 0.7887673956262425 0.0140625 0.012922465208747515
0 0.16666666666666666 0.7907554671968191 0.016666666666666666 0.012922465208747515
0 0.8143229166666667 0.80168986083499 0.0203125 0.018886679920477135
0 0.734375 0.8116302186878728 0.009375 0.032803180914512925
0 0.5033854166666667 0.8001988071570576 0.015104166666666667 0.007952286282306162
0 0.63828125 0.8131212723658051 0.011979166666666667 0.02186878727634195
0 0.6838541666666667 0.8180914512922465 0.016666666666666666 0.02982107355864811
0 0.5885416666666666 0.8225646123260437 0.016666666666666666 0.036779324055666
0 0.6502604166666667 0.8146123260437376 0.009895833333333333 0.018886679920477135
0 0.5421875 0.8180914512922465 0.009375 0.02385685884691849
0 0.016145833333333335 0.8265407554671969 0.016666666666666666 0.03479125248508946
0 0.7515625 0.8170974155069582 0.016666666666666666 0.017892644135188866
0 0.5708333333333333 0.820079522862823 0.005208333333333333 0.019880715705765408
0 0.9138020833333333 0.8290258449304175 0.011979166666666667 0.03777335984095427
0 0.046614583333333334 0.8359840954274353 0.018229166666666668 0.0437375745526839
0 0.85078125 0.831013916500994 0.0067708333333333336 0.02584493041749503
0 0.5002604166666667 0.8245526838966203 0.016145833333333335 0.006958250497017893
0 0.5979166666666667 0.8300198807157058 0.00625 0.013916500994035786
0 0.9486979166666667 0.8389662027833003 0.0109375 0.019880715705765408
0 0.4122395833333333 0.8389662027833003 0.0109375 0.015904572564612324
0 0.16901041666666666 0.8394632206759444 0.0140625 0.014910536779324055
0 0.7802083333333333 0.8573558648111332 0.009375 0.04671968190854871
0 0.05755208333333333 0.8464214711729622 0.0109375 0.018886679920477135
0 0.08463541666666667 0.8484095427435387 0.015104166666666667 0.02286282306163022
0 0.72734375 0.8479125248508946 0.009895833333333333 0.009940357852882704
0 0.8895833333333333 0.8518886679920478 0.0125 0.015904572564612324
0 0.5010416666666667 0.8523856858846919 0.015625 0.012922465208747515
0 0.5981770833333333 0.8593439363817097 0.011979166666666667 0.02485089463220676
0 0.6973958333333333 0.8573558648111332 0.005208333333333333 0.020874751491053677
0 0.79765625 0.8573558648111332 0.0140625 0.012922465208747515
0 0.2515625 0.8648111332007953 0.0125 0.02385685884691849
0 0.8432291666666667 0.8578528827037774 0.016666666666666666 0.011928429423459244
0 0.4471354166666667 0.8717693836978131 0.005729166666666666 0.02186878727634195
0 0.7065104166666667 0.8797216699801192 0.015104166666666667 0.03578528827037773
0 0.7247395833333333 0.8752485089463221 0.0067708333333333336 0.02485089463220676
0 0.73359375 0.8702783300198808 0.009895833333333333 0.016898608349900597
0 0.7486979166666666 0.8836978131212724 0.0140625 0.039761431411530816
0 0.4236979166666667 0.8846918489065606 0.0109375 0.033797216699801194
0 0.6216145833333333 0.8792246520874751 0.0234375 0.016898608349900597
0 0.25026041666666665 0.8886679920477137 0.009895833333333333 0.027833001988071572
0 0.5109375 0.9005964214711729 0.019791666666666666 0.0437375745526839
0 0.7635416666666667 0.8911530815109344 0.009375 0.018886679920477135
0 0.6888020833333334 0.9060636182902585 0.0171875 0.0268389662027833
0 0.39505208333333336 0.915506958250497 0.013020833333333334 0.033797216699801194
0 0.90859375 0.9160039761431411 0.0109375 0.02286282306163022
0 0.5453125 0.9443339960238568 0.025 0.0636182902584493
0 0.63203125 0.9224652087475149 0.0140625 0.019880715705765408
0 0.5205729166666667 0.9274353876739563 0.016145833333333335 0.02186878727634195
0 0.16875 0.9324055666003976 0.010416666666666666 0.013916500994035786
0 0.7291666666666666 0.93389662027833 0.009375 0.012922465208747515
0 0.7528645833333333 0.9393638170974155 0.019270833333333334 0.017892644135188866
0 0.9390625 0.9423459244532804 0.008333333333333333 0.019880715705765408
0 0.9104166666666667 0.9512922465208747 0.007291666666666667 0.03578528827037773
0 0.6419270833333334 0.9453280318091452 0.018229166666666668 0.019880715705765408
0 0.25755208333333335 0.9493041749502982 0.011979166666666667 0.02385685884691849
0 0.2825520833333333 0.967196819085487 0.013020833333333334 0.04970178926441352
0 0.6309895833333333 0.9572564612326043 0.011979166666666667 0.017892644135188866
0 0.5645833333333333 0.959741550695825 0.009375 0.014910536779324055
0 0.88046875 0.9602385685884692 0.008854166666666666 0.013916500994035786
0 0.94609375 0.9681908548707754 0.015104166666666667 0.013916500994035786
0 0.6671875 0.9716699801192843 0.0125 0.006958250497017893
0 0.9075520833333334 0.9880715705765407 0.005729166666666666 0.02186878727634195
0 0.9895833333333334 0.9905566600397614 0.009375 0.016898608349900597
0 0.5484375 0.9920477137176938 0.010416666666666666 0.013916500994035786
0 0.8861979166666667 0.9920477137176938 0.0078125 0.013916500994035786
0 0.4549479166666667 0.9940357852882704 0.0109375 0.009940357852882704
0 0.5703125 0.9940357852882704 0.015625 0.009940357852882704
0 0.6278645833333333 0.9945328031809145 0.013020833333333334 0.008946322067594433
0 0.44036458333333334 0.9955268389662028 0.011979166666666667 0.006958250497017893