0 0.45755208333333336 0.010437375745526839 0.0078125 0.020874751491053677
0 0.27317708333333335 0.015407554671968192 0.015104166666666667 0.030815109343936383
0 0.21145833333333333 0.013916500994035786 0.013541666666666667 0.027833001988071572
0 0.019010416666666665 0.0009940357852882703 0.03697916666666667 0.0019880715705765406
0 0.5973958333333333 0.027833001988071572 0.008333333333333333 0.03578528827037773
0 0.17395833333333333 0.020377733598409543 0.009375 0.018886679920477135
0 0.005208333333333333 0.024353876739562623 0.009375 0.0268389662027833
0 0.62109375 0.02882703777335984 0.0067708333333333336 0.02186878727634195
0 0.24609375 0.03827037773359841 0.030729166666666665 0.03876739562624255
0 0.2872395833333333 0.053180914512922464 0.0067708333333333336 0.0268389662027833
0 0.5856770833333333 0.055168986083499 0.0078125 0.02286282306163022
0 0.20703125 0.06113320079522863 0.0109375 0.0268389662027833
0 0.45364583333333336 0.07306163021868788 0.004166666666666667 0.042743538767395624
0 0.29765625 0.07405566600397614 0.018229166666666668 0.016898608349900597
0 0.4908854166666667 0.10984095427435388 0.024479166666666666 0.0268389662027833
0 0.05286458333333333 0.110337972166998 0.024479166666666666 0.019880715705765408
0 0.3255208333333333 0.10834990059642147 0.014583333333333334 0.009940357852882704
0 0.6549479166666666 0.11232604373757456 0.009895833333333333 0.011928429423459244
0 0.9203125 0.12375745526838966 0.013541666666666667 0.018886679920477135
0 0.7630208333333334 0.15009940357852883 0.007291666666666667 0.033797216699801194
0 0.31354166666666666 0.1496023856858847 0.005208333333333333 0.0268389662027833
0 0.4578125 0.18190854870775347 0.009375 0.019880715705765408
0 0.57578125 0.18687872763419483 0.011979166666666667 0.017892644135188866
0 0.002864583333333333 0.19035785288270377 0.0046875 0.020874751491053677
0 0.44140625 0.2331013916500994 0.013020833333333334 0.07654075546719682
0 0.5510416666666667 0.213220675944334 0.013541666666666667 0.014910536779324055
0 0.4669270833333333 0.220675944333996 0.0078125 0.017892644135188866
0 0.28802083333333334 0.24552683896620278 0.016666666666666666 0.02584493041749503
0 0.07239583333333334 0.2803180914512923 0.008333333333333333 0.027833001988071572
0 0.4427083333333333 0.28180914512922467 0.008333333333333333 0.0268389662027833
0 0.049479166666666664 0.2803180914512923 0.007291666666666667 0.02385685884691849
0 0.12786458333333334 0.2813121272365805 0.021354166666666667 0.02385685884691849
0 0.8609375 0.2932405566600398 0.010416666666666666 0.019880715705765408
0 0.45078125 0.3076540755467197 0.0078125 0.03876739562624255
0 0.87109375 0.30119284294234594 0.009895833333333333 0.02385685884691849
0 0.10026041666666667 0.30467196819085485 0.018229166666666668 0.02882703777335984
0 0.20104166666666667 0.30168986083499005 0.015625 0.012922465208747515
0 0.06458333333333334 0.3265407554671968 0.013541666666666667 0.018886679920477135
0 0.0375 0.3275347912524851 0.013541666666666667 0.018886679920477135
0 0.31588541666666664 0.3359840954274354 0.013020833333333334 0.015904572564612324
0 0.19921875 0.34493041749502984 0.005729166666666666 0.017892644135188866
0 0.35078125 0.3558648111332008 0.0109375 0.019880715705765408
0 0.5828125 0.3658051689860835 0.010416666666666666 0.03578528827037773
0 0.24244791666666668 0.3518886679920477 0.0078125 0.009940357852882704
0 0.6049479166666667 0.3871769383697813 0.011979166666666667 0.032803180914512925
0 0.34296875 0.3871769383697813 0.005729166666666666 0.0268389662027833
0 0.4015625 0.38767395626242546 0.010416666666666666 0.019880715705765408
0 0.11380208333333333 0.4070576540755467 0.022395833333333334 0.0268389662027833
0 0.23046875 0.4115308151093439 0.0067708333333333336 0.027833001988071572
0 0.0049479166666666664 0.41998011928429424 0.008854166666666666 0.036779324055666
0 0.5356770833333333 0.4418489065606362 0.019270833333333334 0.07654075546719682
0 0.7598958333333333 0.41998011928429424 0.007291666666666667 0.016898608349900597
0 0.43463541666666666 0.4363817097415507 0.0067708333333333336 0.013916500994035786
0 0.15286458333333333 0.4542743538767396 0.013020833333333334 0.017892644135188866
0 0.37864583333333335 0.4671968190854871 0.015625 0.013916500994035786
0 0.76328125 0.4716699801192843 0.008854166666666666 0.016898608349900597
0 0.09140625 0.4875745526838966 0.0140625 0.016898608349900597
0 0.8502604166666666 0.5188866799204771 0.009895833333333333 0.019880715705765408
0 0.04765625 0.5178926441351889 0.0140625 0.015904572564612324
0 0.9825520833333333 0.5318091451292246 0.018229166666666668 0.019880715705765408
0 0.20546875 0.5581510934393639 0.015104166666666667 0.03479125248508946
0 0.26588541666666665 0.5656063618290258 0.009895833333333333 0.03578528827037773
0 0.0765625 0.5745526838966203 0.009375 0.03180914512922465
0 0.21927083333333333 0.5745526838966203 0.010416666666666666 0.02584493041749503
0 0.57265625 0.5710735586481114 0.009895833333333333 0.012922465208747515
0 0.39895833333333336 0.595427435387674 0.0125 0.039761431411530816
0 0.6703125 0.5909542743538767 0.020833333333333332 0.020874751491053677
0 0.35520833333333335 0.5914512922465208 0.0125 0.019880715705765408
0 0.196875 0.595427435387674 0.007291666666666667 0.013916500994035786
0 0.16484375 0.6023856858846919 0.011979166666666667 0.027833001988071572
0 0.8544270833333333 0.6202783300198808 0.009895833333333333 0.027833001988071572
0 0.1859375 0.6153081510934394 0.010416666666666666 0.019880715705765408
0 0.44453125 0.6257455268389662 0.0046875 0.02882703777335984
0 0.4588541666666667 0.647117296222664 0.004166666666666667 0.02982107355864811
0 0.33541666666666664 0.6570576540755467 0.009375 0.03777335984095427
0 0.08723958333333333 0.6520874751491054 0.015104166666666667 0.02584493041749503
0 0.4375 0.658051689860835 0.015625 0.02385685884691849
0 0.14088541666666668 0.6933399602385686 0.016145833333333335 0.040755467196819085
0 0.49921875 0.6978131212723658 0.0203125 0.02982107355864811
0 0.26979166666666665 0.6978131212723658 0.0125 0.009940357852882704
0 0.4666666666666667 0.7142147117296223 0.0125 0.018886679920477135
0 0.4356770833333333 0.7261431411530815 0.0067708333333333336 0.02882703777335984
0 0.1 0.7524850894632207 0.015625 0.041749502982107355
0 0.30703125 0.7654075546719682 0.0109375 0.03777335984095427
0 0.13229166666666667 0.76441351888668 0.009375 0.027833001988071572
0 0.31927083333333334 0.7688866799204771 0.007291666666666667 0.032803180914512925
0 0.5028645833333333 0.7798210735586482 0.018229166666666668 0.02485089463220676
0 0.11927083333333334 0.7837972166998012 0.011458333333333333 0.03479125248508946
0 0.06536458333333334 0.782803180914513 0.0265625 0.02882703777335984
0 0.39088541666666665 0.7962226640159046 0.0078125 0.04572564612326044
0 0.19140625 0.7842942345924453 0.011979166666666667 0.015904572564612324
0 0.022395833333333334 0.8001988071570576 0.009375 0.017892644135188866
0 0.22317708333333333 0.8076540755467196 0.005729166666666666 0.02485089463220676
0 0.10182291666666667 0.8136182902584493 0.0078125 0.036779324055666
0 0.25677083333333334 0.8056660039761432 0.013541666666666667 0.012922465208747515
0 0.53359375 0.8170974155069582 0.016145833333333335 0.03180914512922465
0 0.121875 0.8175944333996024 0.015625 0.02286282306163022
0 0.18411458333333333 0.8354870775347912 0.019270833333333334 0.048707753479125246
0 0.6807291666666667 0.8245526838966203 0.011458333333333333 0.018886679920477135
0 0.43411458333333336 0.8295228628230616 0.0046875 0.02485089463220676
0 0.3809895833333333 0.8305168986083499 0.016145833333333335 0.02286282306163022
0 0.03958333333333333 0.8290258449304175 0.009375 0.02186878727634195
0 0.4158854166666667 0.8349900596421471 0.005729166666666666 0.013916500994035786
0 0.4278645833333333 0.8474155069582505 0.011979166666666667 0.02286282306163022
0 0.3953125 0.8474155069582505 0.004166666666666667 0.02286282306163022
0 0.24192708333333332 0.8548707753479126 0.0109375 0.02584493041749503
0 0.4088541666666667 0.8558648111332008 0.0125 0.02186878727634195
0 0.8380208333333333 0.8737574552683897 0.005208333333333333 0.03180914512922465
0 0.5841145833333333 0.8722664015904572 0.005729166666666666 0.020874751491053677
0 0.378125 0.8782306163021869 0.007291666666666667 0.02882703777335984
0 0.26536458333333335 0.8807157057654076 0.009895833333333333 0.02584493041749503
0 0.5455729166666666 0.8866799204771372 0.0109375 0.015904572564612324
0 0.24479166666666666 0.8861829025844931 0.01875 0.014910536779324055
0 0.3971354166666667 0.8916500994035785 0.0140625 0.017892644135188866
0 0.1296875 0.9015904572564613 0.0125 0.033797216699801194
0 0.31979166666666664 0.9015904572564613 0.007291666666666667 0.02385685884691849
0 0.29765625 0.904572564612326 0.0140625 0.02186878727634195
0 0.4153645833333333 0.9179920477137177 0.0046875 0.03479125248508946
0 0.39869791666666665 0.9120278330019881 0.011979166666666667 0.010934393638170975
0 0.6203125 0.9348906560636183 0.009375 0.048707753479125246
0 0.5510416666666667 0.9234592445328031 0.0125 0.02186878727634195
0 0.36875 0.93389662027833 0.019791666666666666 0.02882703777335984
0 0.45703125 0.9527833001988072 0.028645833333333332 0.05666003976143141
0 0.3265625 0.94831013916501 0.010416666666666666 0.027833001988071572
0 0.3971354166666667 0.9552683896620279 0.016145833333333335 0.027833001988071572
0 0.53046875 0.9577534791252486 0.015104166666666667 0.008946322067594433
0 0.3692708333333333 0.9706759443339961 0.007291666666666667 0.02882703777335984
0 0.2390625 0.9766401590457257 0.017708333333333333 0.032803180914512925
0 0.32916666666666666 0.9826043737574552 0.005208333333333333 0.032803180914512925
0 0.4515625 0.9860834990059643 0.0125 0.02584493041749503
0 0.31276041666666665 0.9885685884691849 0.018229166666666668 0.020874751491053677
0 0.38203125 0.9935387673956262 0.013020833333333334 0.010934393638170975