0 0.36276041666666664 0.029324055666003976 0.009895833333333333 0.02286282306163022
0 0.2942708333333333 0.030318091451292245 0.010416666666666666 0.016898608349900597
0 0.30807291666666664 0.03926441351888668 0.0171875 0.032803180914512925
0 0.04609375 0.10039761431411531 0.016145833333333335 0.03777335984095427
0 0.428125 0.10188866799204771 0.017708333333333333 0.02485089463220676
0 0.73203125 0.1143141153081511 0.021354166666666667 0.02584493041749503
0 0.6950520833333333 0.11580516898608349 0.0109375 0.02485089463220676
0 0.63359375 0.11928429423459244 0.008854166666666666 0.009940357852882704
0 0.94140625 0.14860834990059643 0.0109375 0.02286282306163022
0 0.3380208333333333 0.19980119284294234 0.009375 0.03180914512922465
0 0.45598958333333334 0.1978131212723658 0.019270833333333334 0.02385685884691849
0 0.6916666666666667 0.20974155069582506 0.013541666666666667 0.02584493041749503
0 0.6763020833333333 0.22216699801192843 0.0109375 0.02882703777335984
0 0.97890625 0.22415506958250497 0.009895833333333333 0.02882703777335984
0 0.5997395833333333 0.24105367793240556 0.0140625 0.018886679920477135
0 0.23776041666666667 0.27485089463220674 0.0171875 0.02882703777335984
0 0.6268229166666667 0.2773359840954274 0.0140625 0.02982107355864811
0 0.5908854166666667 0.2922465208747515 0.005729166666666666 0.017892644135188866
0 0.006510416666666667 0.308648111332008 0.011979166666666667 0.040755467196819085
0 0.9234375 0.32554671968190857 0.008333333333333333 0.03479125248508946
0 0.4473958333333333 0.3290258449304175 0.009375 0.02186878727634195
0 0.08776041666666666 0.38469184890656066 0.016145833333333335 0.03777335984095427
0 0.72578125 0.37773359840954274 0.015104166666666667 0.015904572564612324
0 0.6268229166666667 0.378727634194831 0.013020833333333334 0.015904572564612324
0 0.6609375 0.3782306163021869 0.014583333333333334 0.010934393638170975
0 0.6421875 0.3926441351888668 0.010416666666666666 0.019880715705765408
0 0.52578125 0.40606361829025844 0.011979166666666667 0.0268389662027833
0 0.40989583333333335 0.4100397614314115 0.009375 0.03479125248508946
0 0.14114583333333333 0.4140159045725646 0.013541666666666667 0.02882703777335984
0 0.7565104166666666 0.41302186878727637 0.005729166666666666 0.02286282306163022
0 0.8026041666666667 0.41749502982107356 0.010416666666666666 0.017892644135188866
0 0.775 0.42196819085487075 0.01875 0.016898608349900597
0 0.6265625 0.42992047713717696 0.008333333333333333 0.02485089463220676
0 0.571875 0.4831013916500994 0.00625 0.03180914512922465
0 0.2526041666666667 0.4761431411530815 0.005208333333333333 0.017892644135188866
0 0.5346354166666667 0.49105367793240556 0.0067708333333333336 0.02385685884691849
0 0.6088541666666667 0.5014910536779325 0.007291666666666667 0.018886679920477135
0 0.4817708333333333 0.5347912524850894 0.00625 0.02982107355864811
0 0.20364583333333333 0.5392644135188867 0.013541666666666667 0.032803180914512925
0 0.1625 0.5382703777335984 0.010416666666666666 0.0268389662027833
0 0.5809895833333333 0.5318091451292246 0.013020833333333334 0.011928429423459244
0 0.42890625 0.5511928429423459 0.024479166666666666 0.032803180914512925
0 0.6171875 0.544234592445328 0.008333333333333333 0.016898608349900597
0 0.75859375 0.5536779324055666 0.005729166666666666 0.03180914512922465
0 0.71953125 0.5730616302186878 0.022395833333333334 0.0268389662027833
0 0.9778645833333334 0.5979125248508946 0.018229166666666668 0.04671968190854871
0 0.5677083333333334 0.6018886679920478 0.017708333333333333 0.02882703777335984
0 0.7375 0.6088469184890656 0.009375 0.02485089463220676
0 0.5916666666666667 0.6346918489065606 0.0125 0.03479125248508946
0 0.9299479166666667 0.6635188866799204 0.0140625 0.04473161033797217
0 0.2877604166666667 0.654572564612326 0.015104166666666667 0.014910536779324055
0 0.9815104166666667 0.6804174950298211 0.0109375 0.030815109343936383
0 0.7989583333333333 0.6814115308151093 0.007291666666666667 0.010934393638170975
0 0.51171875 0.691351888667992 0.015104166666666667 0.0268389662027833
0 0.840625 0.7445328031809145 0.015625 0.017892644135188866
0 0.5203125 0.7634194831013916 0.015625 0.019880715705765408
0 0.44036458333333334 0.7798210735586482 0.009895833333333333 0.014910536779324055
0 0.4549479166666667 0.8583499005964215 0.0109375 0.02286282306163022
0 0.7598958333333333 0.860337972166998 0.009375 0.012922465208747515
0 0.7208333333333333 0.885685884691849 0.008333333333333333 0.02584493041749503
0 0.7661458333333333 0.893141153081511 0.00625 0.030815109343936383
0 0.8333333333333334 0.918986083499006 0.015625 0.016898608349900597
0 0.88125 0.9329025844930418 0.009375 0.042743538767395624
0 0.5690104166666666 0.9423459244532804 0.0078125 0.03777335984095427
0 0.825 0.9527833001988072 0.011458333333333333 0.0268389662027833
0 0.8057291666666667 0.9850894632206759 0.010416666666666666 0.027833001988071572