0 0.1171875 0.0004970178926441351 0.029166666666666667 0.0009940357852882703
0 0.05286458333333333 0.010437375745526839 0.016145833333333335 0.020874751491053677
0 0.014322916666666666 0.0004970178926441351 0.027604166666666666 0.0009940357852882703
0 0.28619791666666666 0.026341948310139165 0.03802083333333333 0.040755467196819085
0 0.35208333333333336 0.024353876739562623 0.017708333333333333 0.02882703777335984
0 0.08385416666666666 0.03330019880715706 0.009375 0.020874751491053677
0 0.3182291666666667 0.04224652087475149 0.015625 0.018886679920477135
0 0.7580729166666667 0.053180914512922464 0.005729166666666666 0.018886679920477135
0 0.18828125 0.05467196819085487 0.009895833333333333 0.015904572564612324
0 0.07109375 0.06312127236580517 0.008854166666666666 0.016898608349900597
0 0.45 0.08101391650099403 0.009375 0.016898608349900597
0 0.015364583333333333 0.08697813121272366 0.0203125 0.0268389662027833
0 0.065625 0.091948310139165 0.009375 0.0268389662027833
0 0.03203125 0.10834990059642147 0.0359375 0.027833001988071572
0 0.005989583333333334 0.11630218687872763 0.0109375 0.03180914512922465
0 0.3182291666666667 0.13220675944333996 0.011458333333333333 0.0437375745526839
0 0.11640625 0.1317097415506958 0.0140625 0.0268389662027833
0 0.06432291666666666 0.1341948310139165 0.025520833333333333 0.02982107355864811
0 0.06067708333333333 0.16401590457256462 0.0140625 0.02186878727634195
0 0.2752604166666667 0.176441351888668 0.0078125 0.0268389662027833
0 0.19765625 0.18588469184890655 0.0067708333333333336 0.02385685884691849
0 0.21380208333333334 0.19234592445328033 0.016145833333333335 0.020874751491053677
0 0.004166666666666667 0.2117296222664016 0.007291666666666667 0.02385685884691849
0 0.36666666666666664 0.22266401590457258 0.015625 0.013916500994035786
0 0.30572916666666666 0.2261431411530815 0.00625 0.014910536779324055
0 0.17239583333333333 0.22912524850894633 0.016666666666666666 0.018886679920477135
0 0.14348958333333334 0.23856858846918488 0.011979166666666667 0.033797216699801194
0 0.12526041666666668 0.24552683896620278 0.016145833333333335 0.027833001988071572
0 0.62578125 0.26888667992047716 0.0046875 0.02485089463220676
0 0.11927083333333334 0.28330019880715707 0.009375 0.02186878727634195
0 0.21666666666666667 0.32007952286282304 0.010416666666666666 0.02385685884691849
0 0.19713541666666667 0.3250497017892644 0.0078125 0.027833001988071572
0 0.44505208333333335 0.32852882703777336 0.0109375 0.018886679920477135
0 0.17526041666666667 0.3633200795228628 0.005729166666666666 0.0268389662027833
0 0.13489583333333333 0.35785288270377735 0.0125 0.017892644135188866
0 0.30234375 0.3812127236580517 0.011979166666666667 0.042743538767395624
0 0.32916666666666666 0.38469184890656066 0.016666666666666666 0.03180914512922465
0 0.10338541666666666 0.3797216699801193 0.0109375 0.02186878727634195
0 0.06197916666666667 0.3851888667992048 0.015625 0.0268389662027833
0 0.01875 0.4234592445328032 0.017708333333333333 0.02584493041749503
0 0.11770833333333333 0.4393638170974155 0.009375 0.02982107355864811
0 0.20755208333333333 0.45278330019880714 0.015104166666666667 0.016898608349900597
0 0.11484375 0.46371769383697814 0.013020833333333334 0.016898608349900597
0 0.09661458333333334 0.46371769383697814 0.0140625 0.018886679920477135
0 0.00625 0.47962226640159045 0.011458333333333333 0.02485089463220676
0 0.3143229166666667 0.4855864811133201 0.0078125 0.02882703777335984
0 0.10625 0.5034791252485089 0.015625 0.020874751491053677
0 0.5356770833333333 0.5263419483101391 0.008854166666666666 0.020874751491053677
0 0.22083333333333333 0.5288270377733598 0.010416666666666666 0.02186878727634195
0 0.2677083333333333 0.5651093439363817 0.005208333333333333 0.0268389662027833
0 0.8635416666666667 0.5740556660039762 0.01875 0.018886679920477135
0 0.5971354166666667 0.6123260437375746 0.0140625 0.03180914512922465
0 0.25703125 0.6003976143141153 0.011979166666666667 0.009940357852882704
0 0.19348958333333333 0.6371769383697813 0.011979166666666667 0.033797216699801194
0 0.8713541666666667 0.6346918489065606 0.019791666666666666 0.012922465208747515
0 0.7234375 0.6625248508946322 0.00625 0.010934393638170975
0 0.23411458333333332 0.6699801192842942 0.0067708333333333336 0.02584493041749503
0 0.30364583333333334 0.672962226640159 0.010416666666666666 0.009940357852882704
0 0.24973958333333332 0.679920477137177 0.0140625 0.011928429423459244
0 0.3463541666666667 0.6923459244532804 0.013541666666666667 0.030815109343936383
0 0.31796875 0.6903578528827038 0.015104166666666667 0.02485089463220676
0 0.7328125 0.7052683896620279 0.005208333333333333 0.018886679920477135
0 0.42161458333333335 0.7042743538767395 0.0140625 0.012922465208747515
0 0.8458333333333333 0.7236580516898609 0.015625 0.02584493041749503
0 0.39401041666666664 0.7276341948310139 0.009895833333333333 0.015904572564612324
0 0.3765625 0.739065606361829 0.00625 0.02882703777335984
0 0.6997395833333333 0.7539761431411531 0.008854166666666666 0.018886679920477135
0 0.40572916666666664 0.7619284294234593 0.004166666666666667 0.0268389662027833
0 0.4328125 0.7862823061630219 0.009375 0.04771371769383698
0 0.7916666666666666 0.805168986083499 0.011458333333333333 0.019880715705765408
0 0.42864583333333334 0.8334990059642147 0.008333333333333333 0.0268389662027833
0 0.8690104166666667 0.8444333996023857 0.009895833333333333 0.02485089463220676
0 0.3731770833333333 0.8444333996023857 0.015104166666666667 0.010934393638170975
0 0.9140625 0.8757455268389662 0.021875 0.02186878727634195
0 0.3575520833333333 0.8752485089463221 0.015104166666666667 0.018886679920477135
0 0.8510416666666667 0.8762425447316103 0.009375 0.016898608349900597
0 0.022135416666666668 0.8817097415506958 0.009895833333333333 0.027833001988071572
0 0.0796875 0.8886679920477137 0.013541666666666667 0.02385685884691849
0 0.30078125 0.8846918489065606 0.0140625 0.013916500994035786
0 0.37942708333333336 0.9120278330019881 0.009895833333333333 0.05069582504970179
0 0.8713541666666667 0.9025844930417495 0.015625 0.019880715705765408
0 0.6239583333333333 0.9160039761431411 0.00625 0.02286282306163022
0 0.31953125 0.9194831013916501 0.009895833333333333 0.02584493041749503
0 0.36041666666666666 0.9304174950298211 0.010416666666666666 0.02385685884691849
0 0.26197916666666665 0.9254473161033797 0.011458333333333333 0.011928429423459244
0 0.3046875 0.9279324055666004 0.015625 0.012922465208747515
0 0.5940104166666667 0.9348906560636183 0.0140625 0.008946322067594433
0 0.34791666666666665 0.9478131212723658 0.0125 0.018886679920477135
0 0.2747395833333333 0.9493041749502982 0.013020833333333334 0.02385685884691849
0 0.42630208333333336 0.9552683896620279 0.0203125 0.019880715705765408
0 0.59921875 0.9666998011928429 0.011979166666666667 0.03479125248508946
0 0.3307291666666667 0.9642147117296223 0.013541666666666667 0.02186878727634195
0 0.18333333333333332 0.9602385685884692 0.015625 0.013916500994035786
0 0.38515625 0.9706759443339961 0.0036458333333333334 0.0268389662027833
0 0.8953125 0.9736580516898609 0.015625 0.02485089463220676
0 0.3971354166666667 0.9766401590457257 0.0067708333333333336 0.020874751491053677
0 0.13098958333333333 0.9900596421471173 0.015104166666666667 0.017892644135188866
0 0.45729166666666665 0.9915506958250497 0.013541666666666667 0.014910536779324055