0 0.4864583333333333 0.015407554671968192 0.025 0.02485089463220676
0 0.2559895833333333 0.019880715705765408 0.015104166666666667 0.011928429423459244
0 0.540625 0.073558648111332 0.010416666666666666 0.033797216699801194
0 0.9005208333333333 0.07504970178926441 0.008333333333333333 0.012922465208747515
0 0.1078125 0.0989065606361829 0.010416666666666666 0.03876739562624255
0 0.5192708333333333 0.11630218687872763 0.00625 0.033797216699801194
0 0.7502604166666667 0.11282306163021869 0.0109375 0.018886679920477135
0 0.9671875 0.13071570576540756 0.020833333333333332 0.05268389662027833
0 0.76171875 0.12226640159045726 0.005729166666666666 0.013916500994035786
0 0.49192708333333335 0.13618290258449303 0.0140625 0.03777335984095427
0 0.37083333333333335 0.13320079522862824 0.008333333333333333 0.02584493041749503
0 0.9513020833333333 0.1466202783300199 0.0171875 0.048707753479125246
0 0.9260416666666667 0.1441351888667992 0.015625 0.02186878727634195
0 0.20364583333333333 0.1625248508946322 0.019791666666666666 0.03876739562624255
0 0.228125 0.15755467196819087 0.00625 0.02882703777335984
0 0.5385416666666667 0.16998011928429424 0.01875 0.033797216699801194
0 0.5104166666666666 0.16500994035785288 0.013541666666666667 0.015904572564612324
0 0.52578125 0.1824055666003976 0.009895833333333333 0.036779324055666
0 0.08776041666666666 0.19234592445328033 0.018229166666666668 0.032803180914512925
0 0.8682291666666667 0.19582504970178927 0.010416666666666666 0.039761431411530816
0 0.5138020833333333 0.1933399602385686 0.0109375 0.020874751491053677
0 0.07421875 0.2047713717693837 0.0109375 0.03180914512922465
0 0.20390625 0.21868787276341947 0.016145833333333335 0.02584493041749503
0 0.5513020833333333 0.21819085487077536 0.0078125 0.020874751491053677
0 0.32317708333333334 0.22514910536779323 0.0067708333333333336 0.02882703777335984
0 0.5078125 0.23061630218687873 0.017708333333333333 0.017892644135188866
0 0.22239583333333332 0.24502982107355864 0.007291666666666667 0.042743538767395624
0 0.49296875 0.23508946322067595 0.005729166666666666 0.02286282306163022
0 0.5171875 0.2524850894632207 0.007291666666666667 0.017892644135188866
0 0.12213541666666666 0.27037773359840955 0.021354166666666667 0.02584493041749503
0 0.996875 0.2798210735586481 0.005208333333333333 0.040755467196819085
0 0.84140625 0.28180914512922467 0.005729166666666666 0.030815109343936383
0 0.6346354166666667 0.2952286282306163 0.013020833333333334 0.027833001988071572
0 0.0049479166666666664 0.2962226640159046 0.009895833333333333 0.017892644135188866
0 0.4041666666666667 0.29721669980119286 0.011458333333333333 0.015904572564612324
0 0.6184895833333334 0.29970178926441354 0.013020833333333334 0.020874751491053677
0 0.4627604166666667 0.3076540755467197 0.0046875 0.0268389662027833
0 0.9484375 0.3111332007952286 0.011458333333333333 0.027833001988071572
0 0.6049479166666667 0.3121272365805169 0.005729166666666666 0.02584493041749503
0 0.05807291666666667 0.3190854870775348 0.011979166666666667 0.02186878727634195
0 0.9734375 0.3275347912524851 0.03125 0.030815109343936383
0 0.29296875 0.3265407554671968 0.016145833333333335 0.02485089463220676
0 0.47213541666666664 0.3275347912524851 0.0046875 0.02485089463220676
0 0.33645833333333336 0.3215705765407555 0.0125 0.008946322067594433
0 0.39088541666666665 0.3672962226640159 0.0067708333333333336 0.020874751491053677
0 0.44479166666666664 0.37326043737574555 0.011458333333333333 0.032803180914512925
0 0.052083333333333336 0.3966202783300199 0.028125 0.033797216699801194
0 0.7223958333333333 0.42147117296222664 0.009375 0.019880715705765408
0 0.30833333333333335 0.42445328031809143 0.014583333333333334 0.017892644135188866
0 0.23255208333333333 0.4403578528827038 0.0109375 0.039761431411530816
0 0.00546875 0.44831013916500995 0.0109375 0.033797216699801194
0 0.25234375 0.444831013916501 0.016145833333333335 0.02286282306163022
0 0.71484375 0.4542743538767396 0.018229166666666668 0.02385685884691849
0 0.3338541666666667 0.45278330019880714 0.0125 0.012922465208747515
0 0.4856770833333333 0.4701789264413519 0.0078125 0.04771371769383698
0 0.3658854166666667 0.474155069582505 0.009895833333333333 0.02584493041749503
0 0.3963541666666667 0.4726640159045726 0.016666666666666666 0.012922465208747515
0 0.5901041666666667 0.47962226640159045 0.008333333333333333 0.018886679920477135
0 0.43385416666666665 0.49055666003976145 0.016666666666666666 0.03479125248508946
0 0.9880208333333333 0.5238568588469185 0.022916666666666665 0.055666003976143144
0 0.81640625 0.5168986083499006 0.0171875 0.033797216699801194
0 0.41510416666666666 0.5119284294234593 0.009375 0.019880715705765408
0 0.7229166666666667 0.5139165009940357 0.008333333333333333 0.02186878727634195
0 0.3658854166666667 0.5243538767395626 0.011979166666666667 0.040755467196819085
0 0.20520833333333333 0.5228628230616302 0.008333333333333333 0.033797216699801194
0 0.48489583333333336 0.5198807157057654 0.011458333333333333 0.02186878727634195
0 0.3919270833333333 0.5283300198807157 0.0067708333333333336 0.0268389662027833
0 0.14583333333333334 0.5347912524850894 0.014583333333333334 0.02982107355864811
0 0.32395833333333335 0.5288270377733598 0.0125 0.015904572564612324
0 0.175 0.5372763419483101 0.017708333333333333 0.020874751491053677
0 0.5552083333333333 0.5482107355864811 0.00625 0.018886679920477135
0 0.746875 0.5447316103379721 0.00625 0.011928429423459244
0 0.56796875 0.5621272365805169 0.011979166666666667 0.036779324055666
0 0.8341145833333333 0.5541749502982107 0.0078125 0.014910536779324055
0 0.83515625 0.5785288270377733 0.016145833333333335 0.02584493041749503
0 0.4276041666666667 0.5849900596421471 0.010416666666666666 0.032803180914512925
0 0.48515625 0.5790258449304175 0.022395833333333334 0.020874751491053677
0 0.446875 0.5899602385685885 0.00625 0.03479125248508946
0 0.434375 0.5909542743538767 0.010416666666666666 0.02882703777335984
0 0.5203125 0.5830019880715706 0.008333333333333333 0.010934393638170975
0 0.60390625 0.5924453280318092 0.009895833333333333 0.02584493041749503
0 0.26145833333333335 0.6153081510934394 0.023958333333333335 0.03180914512922465
0 0.76796875 0.6133200795228628 0.0067708333333333336 0.011928429423459244
0 0.43671875 0.6282306163021869 0.011979166666666667 0.02584493041749503
0 0.7609375 0.6317097415506958 0.015625 0.032803180914512925
0 0.5385416666666667 0.6257455268389662 0.0125 0.016898608349900597
0 0.5716145833333334 0.6277335984095428 0.0078125 0.018886679920477135
0 0.78125 0.654572564612326 0.013541666666666667 0.03876739562624255
0 0.41432291666666665 0.6665009940357853 0.011979166666666667 0.02882703777335984
0 0.4395833333333333 0.6684890656063618 0.019791666666666666 0.032803180914512925
0 0.39921875 0.6585487077534792 0.0203125 0.010934393638170975
0 0.4708333333333333 0.6833996023856859 0.009375 0.03876739562624255
0 0.23802083333333332 0.687375745526839 0.011458333333333333 0.02286282306163022
0 0.4544270833333333 0.6843936381709742 0.0140625 0.012922465208747515
0 0.48541666666666666 0.6898608349900597 0.00625 0.02385685884691849
0 0.6080729166666666 0.6824055666003976 0.016145833333333335 0.010934393638170975
0 0.5028645833333333 0.7047713717693836 0.0067708333333333336 0.033797216699801194
0 0.28203125 0.7112326043737575 0.015104166666666667 0.02485089463220676
0 0.3177083333333333 0.705765407554672 0.015625 0.013916500994035786
0 0.4671875 0.7211729622266402 0.008333333333333333 0.020874751491053677
0 0.6255208333333333 0.7395626242544732 0.009375 0.027833001988071572
0 0.33697916666666666 0.7326043737574552 0.014583333333333334 0.011928429423459244
0 0.6442708333333333 0.7544731610337972 0.009375 0.02186878727634195
0 0.159375 0.7718687872763419 0.01875 0.042743538767395624
0 0.12421875 0.7788270377733598 0.019270833333333334 0.032803180914512925
0 0.6765625 0.8006958250497018 0.021875 0.04473161033797217
0 0.30755208333333334 0.7907554671968191 0.008854166666666666 0.020874751491053677
0 0.06171875 0.7962226640159046 0.022395833333333334 0.02584493041749503
0 0.39453125 0.7937375745526839 0.022395833333333334 0.018886679920477135
0 0.9567708333333333 0.7997017892644135 0.014583333333333334 0.02286282306163022
0 0.778125 0.8071570576540755 0.01875 0.033797216699801194
0 0.5658854166666667 0.8031809145129225 0.005729166666666666 0.02186878727634195
0 0.3536458333333333 0.7997017892644135 0.014583333333333334 0.008946322067594433
0 0.43515625 0.8156063618290258 0.005729166666666666 0.040755467196819085
0 0.2994791666666667 0.8220675944333996 0.011458333333333333 0.03180914512922465
0 0.39453125 0.8195825049701789 0.019270833333333334 0.02485089463220676
0 0.53984375 0.8151093439363817 0.019270833333333334 0.017892644135188866
0 0.48984375 0.8235586481113321 0.0140625 0.008946322067594433
0 0.8346354166666666 0.834493041749503 0.016145833333333335 0.020874751491053677
0 0.5322916666666667 0.8484095427435387 0.020833333333333332 0.02485089463220676
0 0.6197916666666666 0.8593439363817097 0.009375 0.04671968190854871
0 0.425 0.8608349900596421 0.013541666666666667 0.03777335984095427
0 0.35052083333333334 0.8618290258449304 0.009375 0.02584493041749503
0 0.37265625 0.8658051689860835 0.0046875 0.03180914512922465
0 0.21614583333333334 0.8682902584493042 0.009375 0.032803180914512925
0 0.709375 0.8598409542743539 0.013541666666666667 0.007952286282306162
0 0.9609375 0.8792246520874751 0.017708333333333333 0.020874751491053677
0 0.6916666666666667 0.8876739562624254 0.008333333333333333 0.02982107355864811
0 0.453125 0.8996023856858847 0.019791666666666666 0.019880715705765408
0 0.4283854166666667 0.9005964214711729 0.015104166666666667 0.011928429423459244
0 0.40546875 0.9040755467196819 0.016145833333333335 0.014910536779324055
0 0.6515625 0.911530815109344 0.015625 0.019880715705765408
0 0.5307291666666667 0.9130218687872763 0.010416666666666666 0.018886679920477135
0 0.3296875 0.9289264413518886 0.014583333333333334 0.02286282306163022
0 0.453125 0.9289264413518886 0.014583333333333334 0.010934393638170975
0 0.7453125 0.9468190854870775 0.011458333333333333 0.030815109343936383
0 0.3450520833333333 0.9468190854870775 0.016145833333333335 0.02485089463220676
0 0.31640625 0.9602385685884692 0.0203125 0.02982107355864811
0 0.55 0.9746520874751491 0.009375 0.040755467196819085
0 0.9208333333333333 0.967196819085487 0.0125 0.019880715705765408
0 0.16484375 0.9831013916500994 0.0234375 0.03180914512922465
0 0.2578125 0.9935387673956262 0.00625 0.010934393638170975