0 0.9825520833333333 0.0004970178926441351 0.033854166666666664 0.0009940357852882703
0 0.6408854166666667 0.01739562624254473 0.013020833333333334 0.014910536779324055
0 0.9192708333333334 0.019383697813121274 0.014583333333333334 0.018886679920477135
0 0.6729166666666667 0.04821073558648111 0.009375 0.010934393638170975
0 0.9322916666666666 0.055168986083499 0.009375 0.02286282306163022
0 0.9932291666666667 0.06908548707753479 0.0125 0.02286282306163022
0 0.6747395833333333 0.0720675944333996 0.016145833333333335 0.02286282306163022
0 0.6932291666666667 0.07405566600397614 0.010416666666666666 0.016898608349900597
0 0.97265625 0.09244532803180915 0.013020833333333334 0.019880715705765408
0 0.90390625 0.09443339960238568 0.0067708333333333336 0.019880715705765408
0 0.71484375 0.09642147117296222 0.005729166666666666 0.015904572564612324
0 0.83671875 0.10337972166998012 0.0109375 0.02584493041749503
0 0.8921875 0.13568588469184892 0.014583333333333334 0.014910536779324055
0 0.5747395833333333 0.1555666003976143 0.0109375 0.02286282306163022
0 0.8510416666666667 0.20178926441351888 0.009375 0.013916500994035786
0 0.771875 0.21421471172962225 0.013541666666666667 0.02485089463220676
0 0.7322916666666667 0.2345924453280318 0.014583333333333334 0.05168986083499006
0 0.875 0.23508946322067595 0.0125 0.016898608349900597
0 0.6721354166666667 0.2584493041749503 0.013020833333333334 0.02385685884691849
0 0.753125 0.26888667992047716 0.009375 0.032803180914512925
0 0.5903645833333333 0.2664015904572565 0.0046875 0.013916500994035786
0 0.8325520833333333 0.2664015904572565 0.015104166666666667 0.013916500994035786
0 0.6872395833333333 0.27485089463220674 0.0078125 0.0268389662027833
0 0.9955729166666667 0.28628230616302186 0.0078125 0.017892644135188866
0 0.8432291666666667 0.29025844930417494 0.0125 0.017892644135188866
0 0.7322916666666667 0.31709741550695825 0.008333333333333333 0.02186878727634195
0 0.6197916666666666 0.3523856858846918 0.013541666666666667 0.008946322067594433
0 0.7596354166666667 0.36133200795228626 0.011979166666666667 0.012922465208747515
0 0.74140625 0.378727634194831 0.0078125 0.019880715705765408
0 0.6106770833333334 0.3956262425447316 0.008854166666666666 0.011928429423459244
0 0.7153645833333333 0.41302186878727637 0.0140625 0.020874751491053677
0 0.9302083333333333 0.4567594433399602 0.028125 0.02485089463220676
0 0.39296875 0.4711729622266402 0.0140625 0.015904572564612324
0 0.8328125 0.4960238568588469 0.0125 0.05964214711729622
0 0.5229166666666667 0.48061630218687873 0.014583333333333334 0.02485089463220676
0 0.95 0.48807157057654077 0.014583333333333334 0.011928429423459244
0 0.7640625 0.49254473161033796 0.011458333333333333 0.012922465208747515
0 0.7419270833333333 0.49304174950298213 0.009895833333333333 0.009940357852882704
0 0.9739583333333334 0.5054671968190855 0.017708333333333333 0.032803180914512925
0 0.8580729166666666 0.5049701789264414 0.0078125 0.02186878727634195
0 0.7705729166666667 0.510934393638171 0.0078125 0.02584493041749503
0 0.9893229166666667 0.5203777335984096 0.0078125 0.02882703777335984
0 0.82109375 0.5268389662027833 0.009895833333333333 0.011928429423459244
0 0.7005208333333334 0.5333001988071571 0.01875 0.018886679920477135
0 0.9708333333333333 0.5437375745526839 0.009375 0.02186878727634195
0 0.8497395833333333 0.5636182902584493 0.009895833333333333 0.03180914512922465
0 0.95390625 0.6073558648111332 0.0109375 0.017892644135188866
0 0.7229166666666667 0.6108349900596421 0.0125 0.020874751491053677
0 0.24479166666666666 0.6272365805168986 0.014583333333333334 0.02186878727634195
0 0.6286458333333333 0.635685884691849 0.00625 0.032803180914512925
0 0.8966145833333333 0.6282306163021869 0.011979166666666667 0.015904572564612324
0 0.6552083333333333 0.635685884691849 0.013541666666666667 0.020874751491053677
0 0.20651041666666667 0.6565606361829026 0.0067708333333333336 0.02882703777335984
0 0.6591145833333333 0.6650099403578529 0.0067708333333333336 0.02385685884691849
0 0.6908854166666667 0.665506958250497 0.0046875 0.02286282306163022
0 0.05911458333333333 0.679920477137177 0.018229166666666668 0.017892644135188866
0 0.18671875 0.6883697813121272 0.015104166666666667 0.03479125248508946
0 0.6223958333333334 0.6878727634194831 0.008333333333333333 0.02584493041749503
0 0.81015625 0.6993041749502982 0.0140625 0.040755467196819085
0 0.5671875 0.7072564612326043 0.011458333333333333 0.05268389662027833
0 0.09895833333333333 0.7037773359840954 0.010416666666666666 0.02584493041749503
0 0.42734375 0.705765407554672 0.0203125 0.019880715705765408
0 0.6203125 0.7301192842942346 0.014583333333333334 0.05467196819085487
0 0.6861979166666666 0.7231610337972167 0.016145833333333335 0.030815109343936383
0 0.6049479166666667 0.7251491053677932 0.0078125 0.0268389662027833
0 0.79375 0.7196819085487077 0.016666666666666666 0.017892644135188866
0 0.71953125 0.7251491053677932 0.005729166666666666 0.02286282306163022
0 0.12135416666666667 0.7326043737574552 0.019791666666666666 0.02584493041749503
0 0.5018229166666667 0.7306163021868787 0.0078125 0.017892644135188866
0 0.6307291666666667 0.7261431411530815 0.014583333333333334 0.006958250497017893
0 0.8083333333333333 0.7296222664015904 0.014583333333333334 0.011928429423459244
0 0.9138020833333333 0.7360834990059643 0.015104166666666667 0.02286282306163022
0 0.67265625 0.7430417495029821 0.019270833333333334 0.030815109343936383
0 0.6549479166666666 0.7455268389662028 0.008854166666666666 0.033797216699801194
0 0.7075520833333333 0.7375745526838966 0.015104166666666667 0.007952286282306162
0 0.26848958333333334 0.7450298210735586 0.005729166666666666 0.016898608349900597
0 0.5776041666666667 0.7534791252485089 0.011458333333333333 0.02982107355864811
0 0.8255208333333334 0.7504970178926441 0.021875 0.02186878727634195
0 0.9958333333333333 0.7445328031809145 0.007291666666666667 0.011928429423459244
0 0.56640625 0.768389662027833 0.0046875 0.03180914512922465
0 0.7416666666666667 0.7892644135188867 0.013541666666666667 0.02982107355864811
0 0.6309895833333333 0.7922465208747514 0.0067708333333333336 0.027833001988071572
0 0.9263020833333333 0.7932405566600398 0.0109375 0.02584493041749503
0 0.9848958333333333 0.7922465208747514 0.008333333333333333 0.02186878727634195
0 0.14921875 0.7917495029821073 0.011979166666666667 0.018886679920477135
0 0.8627604166666667 0.808648111332008 0.0203125 0.018886679920477135
0 0.021614583333333333 0.8190854870775348 0.019270833333333334 0.027833001988071572
0 0.7786458333333334 0.8131212723658051 0.011458333333333333 0.015904572564612324
0 0.7604166666666666 0.8285288270377733 0.004166666666666667 0.0268389662027833
0 0.09140625 0.8449304174950298 0.011979166666666667 0.033797216699801194
0 0.56953125 0.8434393638170974 0.008854166666666666 0.02485089463220676
0 0.459375 0.8459244532803181 0.009375 0.011928429423459244
0 0.6684895833333333 0.8533797216699801 0.018229166666666668 0.02485089463220676
0 0.58671875 0.8578528827037774 0.0046875 0.02982107355864811
0 0.6546875 0.8613320079522863 0.019791666666666666 0.02485089463220676
0 0.07005208333333333 0.8757455268389662 0.025520833333333333 0.02584493041749503
0 0.007552083333333333 0.8732604373757455 0.015104166666666667 0.018886679920477135
0 0.15052083333333333 0.8762425447316103 0.009375 0.014910536779324055
0 0.175 0.8951292246520874 0.013541666666666667 0.05268389662027833
0 0.8669270833333333 0.8782306163021869 0.013020833333333334 0.020874751491053677
0 0.24244791666666668 0.893141153081511 0.009895833333333333 0.0268389662027833
0 0.6151041666666667 0.9135188866799204 0.014583333333333334 0.0536779324055666
0 0.7869791666666667 0.8976143141153081 0.009375 0.02385685884691849
0 0.58828125 0.9030815109343936 0.009895833333333333 0.02485089463220676
0 0.921875 0.9000994035785288 0.019791666666666666 0.018886679920477135
0 0.13255208333333332 0.9184890656063618 0.019270833333333334 0.04970178926441352
0 0.7369791666666666 0.9090457256461233 0.0125 0.02882703777335984
0 0.5390625 0.9075546719681908 0.011458333333333333 0.02385685884691849
0 0.8619791666666666 0.9135188866799204 0.013541666666666667 0.03578528827037773
0 0.021875 0.9145129224652088 0.022916666666666665 0.02982107355864811
0 0.6981770833333333 0.929920477137177 0.033854166666666664 0.06063618290258449
0 0.9971354166666667 0.915506958250497 0.0046875 0.02982107355864811
0 0.8442708333333333 0.9179920477137177 0.008333333333333333 0.0268389662027833
0 0.6778645833333333 0.9199801192842942 0.016145833333333335 0.012922465208747515
0 0.5872395833333334 0.9333996023856859 0.021354166666666667 0.033797216699801194
0 0.7822916666666667 0.9348906560636183 0.016666666666666666 0.0268389662027833
0 0.08880208333333334 0.9348906560636183 0.016145833333333335 0.02286282306163022
0 0.19817708333333334 0.944831013916501 0.013020833333333334 0.030815109343936383
0 0.8119791666666667 0.9398608349900597 0.009375 0.014910536779324055
0 0.8354166666666667 0.9393638170974155 0.011458333333333333 0.015904572564612324
0 0.6505208333333333 0.9498011928429424 0.016666666666666666 0.032803180914512925
0 0.09713541666666667 0.9582504970178927 0.018229166666666668 0.02186878727634195
0 0.5721354166666667 0.9637176938369781 0.005729166666666666 0.032803180914512925
0 0.58359375 0.9666998011928429 0.011979166666666667 0.02485089463220676
0 0.67578125 0.967196819085487 0.019270833333333334 0.02385685884691849
0 0.178125 0.9681908548707754 0.020833333333333332 0.02186878727634195
0 0.56015625 0.9691848906560636 0.0046875 0.019880715705765408
0 0.6244791666666667 0.9756461232604374 0.007291666666666667 0.030815109343936383
0 0.746875 0.974155069582505 0.014583333333333334 0.015904572564612324
0 0.8510416666666667 0.9806163021868787 0.0125 0.030815109343936383
0 0.7122395833333334 0.9776341948310139 0.009895833333333333 0.016898608349900597
0 0.6348958333333333 0.98558648111332 0.008333333333333333 0.014910536779324055
0 0.765625 0.9885685884691849 0.020833333333333332 0.020874751491053677
0 0.6877604166666667 0.992544731610338 0.0203125 0.012922465208747515