0 0.74375 0.014910536779324055 0.019791666666666666 0.02982107355864811
0 0.91875 0.027833001988071572 0.016666666666666666 0.02385685884691849
0 0.6463541666666667 0.02982107355864811 0.014583333333333334 0.02584493041749503
0 0.9036458333333334 0.02982107355864811 0.008333333333333333 0.02186878727634195
0 0.5231770833333333 0.04821073558648111 0.0078125 0.020874751491053677
0 0.25390625 0.05168986083499006 0.005729166666666666 0.017892644135188866
0 0.5130208333333334 0.05268389662027833 0.009375 0.019880715705765408
0 0.9901041666666667 0.07554671968190854 0.01875 0.04970178926441352
0 0.7333333333333333 0.06461232604373758 0.010416666666666666 0.015904572564612324
0 0.6869791666666667 0.08846918489065607 0.013541666666666667 0.04572564612326044
0 0.6997395833333333 0.07157057654075547 0.0078125 0.011928429423459244
0 0.9541666666666667 0.0959244532803181 0.007291666666666667 0.02485089463220676
0 0.6481770833333333 0.10387673956262425 0.0109375 0.03479125248508946
0 0.9890625 0.13618290258449303 0.020833333333333332 0.041749502982107355
0 0.6015625 0.1327037773359841 0.005208333333333333 0.016898608349900597
0 0.9692708333333333 0.1426441351888668 0.014583333333333334 0.018886679920477135
0 0.4549479166666667 0.1610337972166998 0.009895833333333333 0.02186878727634195
0 0.8799479166666667 0.18687872763419483 0.022395833333333334 0.02982107355864811
0 0.7932291666666667 0.1878727634194831 0.007291666666666667 0.02186878727634195
0 0.82109375 0.1918489065606362 0.0140625 0.017892644135188866
0 0.5028645833333333 0.21570576540755468 0.0296875 0.0536779324055666
0 0.7419270833333333 0.1993041749502982 0.009895833333333333 0.016898608349900597
0 0.8408854166666667 0.20576540755467196 0.0140625 0.015904572564612324
0 0.89921875 0.21222664015904572 0.0078125 0.018886679920477135
0 0.67109375 0.213220675944334 0.0078125 0.018886679920477135
0 0.7979166666666667 0.21123260437375746 0.011458333333333333 0.012922465208747515
0 0.5265625 0.21620278330019882 0.007291666666666667 0.016898608349900597
0 0.7221354166666667 0.22912524850894633 0.008854166666666666 0.018886679920477135
0 0.3880208333333333 0.25695825049701787 0.010416666666666666 0.018886679920477135
0 0.47630208333333335 0.28628230616302186 0.0067708333333333336 0.02584493041749503
0 0.24375 0.2947316103379722 0.013541666666666667 0.030815109343936383
0 0.8877604166666667 0.2967196819085487 0.0067708333333333336 0.0268389662027833
0 0.390625 0.30268389662027834 0.009375 0.020874751491053677
0 0.41953125 0.30566600397614313 0.0109375 0.0268389662027833
0 0.8348958333333333 0.3061630218687873 0.007291666666666667 0.019880715705765408
0 0.6755208333333333 0.3096421471172962 0.010416666666666666 0.02485089463220676
0 0.99453125 0.31660039761431413 0.009895833333333333 0.014910536779324055
0 0.8875 0.3240556660039761 0.013541666666666667 0.019880715705765408
0 0.9083333333333333 0.352882703777336 0.0125 0.06759443339960239
0 0.7325520833333333 0.3374751491053678 0.0140625 0.02882703777335984
0 0.8348958333333333 0.34095427435387676 0.011458333333333333 0.015904572564612324
0 0.7169270833333333 0.34592445328031807 0.009895833333333333 0.015904572564612324
0 0.5692708333333333 0.3672962226640159 0.008333333333333333 0.042743538767395624
0 0.6765625 0.3658051689860835 0.019791666666666666 0.02982107355864811
0 0.7489583333333333 0.3658051689860835 0.013541666666666667 0.013916500994035786
0 0.72421875 0.37077534791252487 0.0140625 0.011928429423459244
0 0.9770833333333333 0.4110337972166998 0.01875 0.05069582504970179
0 0.9263020833333333 0.4239562624254473 0.011979166666666667 0.030815109343936383
0 0.4864583333333333 0.4398608349900596 0.005208333333333333 0.02882703777335984
0 0.63046875 0.43737574552683894 0.0078125 0.019880715705765408
0 0.8765625 0.4383697813121272 0.013541666666666667 0.02385685884691849
0 0.8625 0.46371769383697814 0.015625 0.02485089463220676
0 0.60546875 0.4746520874751491 0.008854166666666666 0.014910536779324055
0 0.92421875 0.47813121272365805 0.015104166666666667 0.019880715705765408
0 0.33984375 0.4975149105367793 0.0078125 0.0268389662027833
0 0.5643229166666667 0.5014910536779325 0.0140625 0.0268389662027833
0 0.6893229166666667 0.5149105367793241 0.0046875 0.02584493041749503
0 0.83828125 0.5362823061630219 0.0109375 0.036779324055666
0 0.7684895833333333 0.5511928429423459 0.0046875 0.032803180914512925
0 0.9953125 0.5536779324055666 0.008333333333333333 0.02584493041749503
0 0.31015625 0.5864811133200796 0.018229166666666668 0.02584493041749503
0 0.68125 0.6058648111332008 0.008333333333333333 0.030815109343936383
0 0.7565104166666666 0.5999005964214712 0.013020833333333334 0.016898608349900597
0 0.7833333333333333 0.610337972166998 0.00625 0.027833001988071572
0 0.9234375 0.6237574552683897 0.0125 0.05268389662027833
0 0.8015625 0.6128230616302187 0.014583333333333334 0.010934393638170975
0 0.8989583333333333 0.6232604373757455 0.010416666666666666 0.02982107355864811
0 0.9091145833333333 0.628727634194831 0.008854166666666666 0.02286282306163022
0 0.9739583333333334 0.647117296222664 0.015625 0.041749502982107355
0 0.6619791666666667 0.6406560636182903 0.022916666666666665 0.020874751491053677
0 0.9458333333333333 0.6669980119284294 0.03229166666666667 0.05765407554671968
0 0.8640625 0.6575546719681908 0.00625 0.02485089463220676
0 0.69609375 0.6585487077534792 0.008854166666666666 0.02286282306163022
0 0.5760416666666667 0.6660039761431411 0.007291666666666667 0.02186878727634195
0 0.88125 0.6858846918489065 0.016666666666666666 0.05765407554671968
0 0.5130208333333334 0.6744532803180915 0.004166666666666667 0.0268389662027833
0 0.09166666666666666 0.6784294234592445 0.011458333333333333 0.020874751491053677
0 0.23411458333333332 0.6908548707753479 0.0171875 0.03777335984095427
0 0.846875 0.6853876739562624 0.011458333333333333 0.020874751491053677
0 0.15 0.7067594433399602 0.007291666666666667 0.04771371769383698
0 0.2046875 0.691351888667992 0.010416666666666666 0.014910536779324055
0 0.7901041666666667 0.6993041749502982 0.013541666666666667 0.016898608349900597
0 0.7143229166666667 0.717196819085487 0.0078125 0.032803180914512925
0 0.26484375 0.731610337972167 0.019270833333333334 0.033797216699801194
0 0.7859375 0.7326043737574552 0.017708333333333333 0.03578528827037773
0 0.7692708333333333 0.7375745526838966 0.007291666666666667 0.02385685884691849
0 0.7369791666666666 0.7410536779324056 0.0125 0.008946322067594433
0 0.6481770833333333 0.7519880715705766 0.008854166666666666 0.02485089463220676
0 0.83515625 0.7579522862823062 0.0265625 0.020874751491053677
0 0.7098958333333333 0.760934393638171 0.008333333333333333 0.02286282306163022
0 0.6606770833333333 0.7639165009940357 0.0109375 0.02485089463220676
0 0.87421875 0.7659045725646123 0.018229166666666668 0.02882703777335984
0 0.58203125 0.76441351888668 0.013020833333333334 0.019880715705765408
0 0.753125 0.7783300198807157 0.016666666666666666 0.041749502982107355
0 0.7213541666666666 0.7698807157057654 0.007291666666666667 0.02286282306163022
0 0.7755208333333333 0.7629224652087475 0.014583333333333334 0.008946322067594433
0 0.7924479166666667 0.7743538767395626 0.0046875 0.02584493041749503
0 0.67421875 0.7703777335984096 0.011979166666666667 0.013916500994035786
0 0.8502604166666666 0.7733598409542743 0.0109375 0.013916500994035786
0 0.7325520833333333 0.7872763419483101 0.0078125 0.03180914512922465
0 0.5536458333333333 0.7818091451292246 0.007291666666666667 0.012922465208747515
0 0.22734375 0.8026838966202783 0.0109375 0.048707753479125246
0 0.9223958333333333 0.7912524850894632 0.0125 0.02584493041749503
0 0.60625 0.7857852882703777 0.013541666666666667 0.010934393638170975
0 0.78125 0.80168986083499 0.03229166666666667 0.016898608349900597
0 0.0036458333333333334 0.8061630218687873 0.007291666666666667 0.019880715705765408
0 0.8197916666666667 0.8151093439363817 0.022916666666666665 0.03777335984095427
0 0.8869791666666667 0.8330019880715706 0.013541666666666667 0.05964214711729622
0 0.16640625 0.8275347912524851 0.018229166666666668 0.0268389662027833
0 0.2515625 0.8255467196819085 0.0125 0.018886679920477135
0 0.5713541666666667 0.8315109343936382 0.0125 0.020874751491053677
0 0.5955729166666667 0.8389662027833003 0.005729166666666666 0.019880715705765408
0 0.6825520833333333 0.8364811133200796 0.0203125 0.016898608349900597
0 0.446875 0.838469184890656 0.019791666666666666 0.014910536779324055
0 0.77265625 0.8439363817097415 0.016145833333333335 0.02584493041749503
0 0.5111979166666667 0.8563618290258449 0.0140625 0.018886679920477135
0 0.7294270833333333 0.867296222664016 0.019270833333333334 0.040755467196819085
0 0.6893229166666667 0.8717693836978131 0.009895833333333333 0.03578528827037773
0 0.6760416666666667 0.882703777335984 0.015625 0.04572564612326044
0 0.6424479166666667 0.8757455268389662 0.018229166666666668 0.02584493041749503
0 0.7408854166666666 0.885685884691849 0.0078125 0.03777335984095427
0 0.41458333333333336 0.8762425447316103 0.014583333333333334 0.010934393638170975
0 0.5453125 0.8832007952286283 0.015625 0.020874751491053677
0 0.765625 0.8836978131212724 0.005208333333333333 0.02186878727634195
0 0.6552083333333333 0.8966202783300199 0.010416666666666666 0.019880715705765408
0 0.8161458333333333 0.918986083499006 0.009375 0.012922465208747515
0 0.76484375 0.9304174950298211 0.011979166666666667 0.02584493041749503
0 0.5442708333333334 0.9353876739562624 0.008333333333333333 0.02982107355864811
0 0.6421875 0.9329025844930418 0.009375 0.0268389662027833
0 0.057291666666666664 0.9423459244532804 0.019791666666666666 0.03777335984095427
0 0.3541666666666667 0.941351888667992 0.0125 0.02584493041749503
0 0.59453125 0.952286282306163 0.018229166666666668 0.04970178926441352
0 0.5044270833333333 0.9478131212723658 0.016145833333333335 0.036779324055666
0 0.8015625 0.9493041749502982 0.01875 0.019880715705765408
0 0.94140625 0.9537773359840954 0.018229166666666668 0.02286282306163022
0 0.7763020833333333 0.9507952286282306 0.0109375 0.014910536779324055
0 0.7161458333333334 0.9726640159045725 0.014583333333333334 0.05268389662027833
0 0.6979166666666666 0.955765407554672 0.011458333333333333 0.016898608349900597
0 0.49166666666666664 0.9637176938369781 0.017708333333333333 0.0268389662027833
0 0.6390625 0.9592445328031809 0.011458333333333333 0.019880715705765408
0 0.7263020833333333 0.9627236580516899 0.0140625 0.020874751491053677
0 0.82109375 0.9602385685884692 0.0140625 0.017892644135188866
0 0.7505208333333333 0.9761431411530815 0.00625 0.027833001988071572
0 0.4674479166666667 0.9761431411530815 0.0203125 0.02385685884691849
0 0.6755208333333333 0.9756461232604374 0.014583333333333334 0.014910536779324055
0 0.022916666666666665 0.9776341948310139 0.009375 0.014910536779324055
0 0.7658854166666667 0.9776341948310139 0.016145833333333335 0.016898608349900597
0 0.5200520833333333 0.9835984095427436 0.008854166666666666 0.02286282306163022
0 0.10260416666666666 0.9831013916500994 0.011458333333333333 0.019880715705765408
0 0.7940104166666667 0.9831013916500994 0.0171875 0.015904572564612324
0 0.3177083333333333 0.9900596421471173 0.011458333333333333 0.017892644135188866
0 0.4627604166666667 0.9940357852882704 0.009895833333333333 0.009940357852882704