0 0.5885416666666666 0.03827037773359841 0.017708333333333333 0.02485089463220676
0 0.1 0.04473161033797217 0.0125 0.02186878727634195
0 0.2828125 0.0621272365805169 0.015625 0.02286282306163022
0 0.08072916666666667 0.11878727634194831 0.015625 0.030815109343936383
0 0.2625 0.12027833001988071 0.025 0.02982107355864811
0 0.4080729166666667 0.12375745526838966 0.011979166666666667 0.032803180914512925
0 0.13671875 0.13071570576540756 0.009895833333333333 0.02485089463220676
0 0.5278645833333333 0.14165009940357853 0.0109375 0.02882703777335984
0 0.0036458333333333334 0.17246520874751492 0.007291666666666667 0.032803180914512925
0 0.9885416666666667 0.18190854870775347 0.021875 0.027833001988071572
0 0.6768229166666667 0.19532803180914513 0.009895833333333333 0.03876739562624255
0 0.24010416666666667 0.19284294234592445 0.015625 0.02385685884691849
0 0.27265625 0.20725646123260438 0.022395833333333334 0.05268389662027833
0 0.05807291666666667 0.20129224652087474 0.027604166666666666 0.02485089463220676
0 0.48984375 0.20427435387673956 0.0265625 0.02485089463220676
0 0.43776041666666665 0.20725646123260438 0.0078125 0.016898608349900597
0 0.8033854166666666 0.21719681908548708 0.0171875 0.0268389662027833
0 0.06380208333333333 0.23210735586481113 0.015104166666666667 0.0268389662027833
0 0.012760416666666666 0.24055666003976142 0.025520833333333333 0.02385685884691849
0 0.4427083333333333 0.2415506958250497 0.011458333333333333 0.027833001988071572
0 0.22317708333333333 0.2504970178926441 0.018229166666666668 0.027833001988071572
0 0.03125 0.25497017892644136 0.01875 0.02286282306163022
0 0.46536458333333336 0.24801192842942346 0.0109375 0.008946322067594433
0 0.5791666666666667 0.2614314115308151 0.00625 0.03180914512922465
0 0.43333333333333335 0.2907554671968191 0.009375 0.05268389662027833
0 0.3020833333333333 0.2852882703777336 0.008333333333333333 0.03578528827037773
0 0.61484375 0.28628230616302186 0.021354166666666667 0.03578528827037773
0 0.17395833333333333 0.297713717693837 0.00625 0.0268389662027833
0 0.34348958333333335 0.2982107355864811 0.022395833333333334 0.019880715705765408
0 0.5690104166666666 0.3121272365805169 0.005729166666666666 0.03180914512922465
0 0.1625 0.3190854870775348 0.00625 0.02385685884691849
0 0.5505208333333333 0.3399602385685885 0.014583333333333334 0.02982107355864811
0 0.23307291666666666 0.34940357852882703 0.024479166666666666 0.02485089463220676
0 0.6028645833333334 0.3518886679920477 0.024479166666666666 0.02584493041749503
0 0.5375 0.39065606361829025 0.028125 0.05765407554671968
0 0.36614583333333334 0.3871769383697813 0.017708333333333333 0.042743538767395624
0 0.42578125 0.3991053677932406 0.008854166666666666 0.048707753479125246
0 0.4778645833333333 0.4000994035785288 0.015104166666666667 0.048707753479125246
0 0.15703125 0.40308151093439365 0.0203125 0.03876739562624255
0 0.5153645833333333 0.40904572564612324 0.018229166666666668 0.030815109343936383
0 0.728125 0.41749502982107356 0.008333333333333333 0.03180914512922465
0 0.35833333333333334 0.4274353876739563 0.0125 0.017892644135188866
0 0.18776041666666668 0.43339960238568587 0.018229166666666668 0.02385685884691849
0 0.13333333333333333 0.4294234592445328 0.01875 0.013916500994035786
0 0.53671875 0.4383697813121272 0.0067708333333333336 0.02186878727634195
0 0.4434895833333333 0.441351888667992 0.018229166666666668 0.02186878727634195
0 0.41901041666666666 0.4676938369781312 0.013020833333333334 0.032803180914512925
0 0.5127604166666667 0.46819085487077533 0.0109375 0.027833001988071572
0 0.44296875 0.4716699801192843 0.0234375 0.02882703777335984
0 0.012239583333333333 0.4711729622266402 0.013020833333333334 0.02186878727634195
0 0.04244791666666667 0.4885685884691849 0.0265625 0.03876739562624255
0 0.3411458333333333 0.47912524850894633 0.020833333333333332 0.015904572564612324
0 0.21510416666666668 0.48906560636182905 0.009375 0.033797216699801194
0 0.23515625 0.4835984095427435 0.0203125 0.018886679920477135
0 0.503125 0.49304174950298213 0.0125 0.03180914512922465
0 0.5239583333333333 0.5119284294234593 0.00625 0.033797216699801194
0 0.175 0.525844930417495 0.030208333333333334 0.039761431411530816
0 0.4328125 0.5149105367793241 0.011458333333333333 0.017892644135188866
0 0.39036458333333335 0.5198807157057654 0.011979166666666667 0.017892644135188866
0 0.40598958333333335 0.5318091451292246 0.005729166666666666 0.013916500994035786
0 0.48098958333333336 0.5462226640159046 0.019270833333333334 0.020874751491053677
0 0.4471354166666667 0.5497017892644135 0.0140625 0.019880715705765408
0 0.04140625 0.5646123260437376 0.021354166666666667 0.033797216699801194
0 0.49635416666666665 0.5695825049701789 0.016666666666666666 0.017892644135188866
0 0.3216145833333333 0.5750497017892644 0.0109375 0.012922465208747515
0 0.559375 0.6053677932405567 0.017708333333333333 0.055666003976143144
0 0.5908854166666667 0.5899602385685885 0.0109375 0.018886679920477135
0 0.34921875 0.5904572564612326 0.008854166666666666 0.013916500994035786
0 0.37473958333333335 0.6153081510934394 0.018229166666666668 0.061630218687872766
0 0.11770833333333333 0.6148111332007953 0.025 0.05864811133200795
0 0.259375 0.5969184890656064 0.020833333333333332 0.016898608349900597
0 0.5041666666666667 0.6138170974155069 0.023958333333333335 0.040755467196819085
0 0.32526041666666666 0.6197813121272365 0.015104166666666667 0.040755467196819085
0 0.3450520833333333 0.6167992047713717 0.0109375 0.032803180914512925
0 0.21197916666666666 0.6381709741550696 0.010416666666666666 0.04970178926441352
0 0.4700520833333333 0.6421471172962226 0.0140625 0.041749502982107355
0 0.18880208333333334 0.6416500994035785 0.009895833333333333 0.02286282306163022
0 0.5419270833333333 0.6476143141153081 0.0109375 0.014910536779324055
0 0.07239583333333334 0.6734592445328031 0.0125 0.0268389662027833
0 0.014322916666666666 0.6704771371769384 0.008854166666666666 0.018886679920477135
0 0.109375 0.6918489065606361 0.021875 0.061630218687872766
0 0.615625 0.6734592445328031 0.0125 0.02485089463220676
0 0.6338541666666667 0.672962226640159 0.00625 0.011928429423459244
0 0.22682291666666668 0.6878727634194831 0.013020833333333334 0.03180914512922465
0 0.5638020833333334 0.6858846918489065 0.0203125 0.013916500994035786
0 0.013020833333333334 0.7072564612326043 0.009375 0.014910536779324055
0 0.271875 0.7231610337972167 0.009375 0.04671968190854871
0 0.3697916666666667 0.7201789264413518 0.019791666666666666 0.036779324055666
0 0.20625 0.7191848906560636 0.007291666666666667 0.032803180914512925
0 0.6505208333333333 0.7166998011928429 0.014583333333333334 0.02584493041749503
0 0.6268229166666667 0.7147117296222664 0.015104166666666667 0.017892644135188866
0 0.5703125 0.724155069582505 0.0125 0.02286282306163022
0 0.5971354166666667 0.73558648111332 0.015104166666666667 0.02584493041749503
0 0.7763020833333333 0.7335984095427436 0.013020833333333334 0.019880715705765408
0 0.13072916666666667 0.7495029821073559 0.009375 0.019880715705765408
0 0.11510416666666666 0.7559642147117296 0.0125 0.02286282306163022
0 0.5307291666666667 0.7579522862823062 0.025 0.014910536779324055
0 0.002864583333333333 0.7783300198807157 0.005729166666666666 0.02186878727634195
0 0.019270833333333334 0.7917495029821073 0.019791666666666666 0.05069582504970179
0 0.821875 0.7897614314115308 0.016666666666666666 0.016898608349900597
0 0.06614583333333333 0.7907554671968191 0.017708333333333333 0.012922465208747515
0 0.19036458333333334 0.7962226640159046 0.0140625 0.02385685884691849
0 0.8408854166666667 0.8021868787276342 0.0171875 0.019880715705765408
0 0.5541666666666667 0.8190854870775348 0.008333333333333333 0.03578528827037773
0 0.41822916666666665 0.8359840954274353 0.041666666666666664 0.041749502982107355
0 0.5822916666666667 0.8305168986083499 0.020833333333333332 0.02286282306163022
0 0.678125 0.8315109343936382 0.010416666666666666 0.020874751491053677
0 0.030729166666666665 0.8369781312127237 0.007291666666666667 0.015904572564612324
0 0.3104166666666667 0.8613320079522863 0.0125 0.02882703777335984
0 0.4473958333333333 0.8722664015904572 0.022916666666666665 0.040755467196819085
0 0.7143229166666667 0.8687872763419483 0.018229166666666668 0.019880715705765408
0 0.13229166666666667 0.8956262425447317 0.014583333333333334 0.041749502982107355
0 0.36302083333333335 0.8966202783300199 0.023958333333333335 0.039761431411530816
0 0.26067708333333334 0.8946322067594433 0.011979166666666667 0.027833001988071572
0 0.28619791666666666 0.9040755467196819 0.025520833333333333 0.036779324055666
0 0.4354166666666667 0.9433399602385686 0.027083333333333334 0.04572564612326044
0 0.8994791666666667 0.9274353876739563 0.009375 0.015904572564612324
0 0.29348958333333336 0.9304174950298211 0.019270833333333334 0.015904572564612324
0 0.1046875 0.9691848906560636 0.0125 0.0437375745526839
0 0.18541666666666667 0.9691848906560636 0.010416666666666666 0.02186878727634195
0 0.0125 0.9801192842942346 0.017708333333333333 0.03777335984095427
0 0.7481770833333333 0.9716699801192843 0.0203125 0.016898608349900597
0 0.4778645833333333 0.9835984095427436 0.011979166666666667 0.008946322067594433
0 0.43255208333333334 0.9940357852882704 0.016145833333333335 0.009940357852882704