0 0.98828125 0.0536779324055666 0.0234375 0.1073558648111332
0 0.9747395833333333 0.07107355864811134 0.018229166666666668 0.04473161033797217
0 0.8567708333333334 0.11133200795228629 0.021875 0.02385685884691849
0 0.94921875 0.11878727634194831 0.0296875 0.032803180914512925
0 0.8515625 0.17147117296222664 0.019791666666666666 0.02882703777335984
0 0.9427083333333334 0.1963220675944334 0.021875 0.030815109343936383
0 0.6205729166666667 0.2897614314115308 0.0067708333333333336 0.040755467196819085
0 0.9067708333333333 0.3349900596421471 0.022916666666666665 0.027833001988071572
0 0.7450520833333333 0.3841948310139165 0.0078125 0.03479125248508946
0 0.8833333333333333 0.4115308151093439 0.017708333333333333 0.02186878727634195
0 0.9903645833333333 0.4249502982107356 0.019270833333333334 0.03876739562624255
0 0.6549479166666666 0.46222664015904574 0.015104166666666667 0.019880715705765408
0 0.95390625 0.47962226640159045 0.016145833333333335 0.03479125248508946
0 0.9065104166666667 0.5849900596421471 0.0078125 0.04473161033797217
0 0.9828125 0.621272365805169 0.013541666666666667 0.039761431411530816
0 0.6614583333333334 0.6446322067594433 0.013541666666666667 0.048707753479125246
0 0.95859375 0.6759443339960238 0.0140625 0.03777335984095427
0 0.7940104166666667 0.6779324055666004 0.0140625 0.027833001988071572
0 0.9934895833333334 0.8255467196819085 0.013020833333333334 0.05666003976143141