0 0.7604166666666666 0.007455268389662028 0.0125 0.014910536779324055
0 0.3690104166666667 0.0437375745526839 0.018229166666666668 0.03777335984095427
0 0.5080729166666667 0.06411530815109344 0.008854166666666666 0.048707753479125246
0 0.5934895833333333 0.07256461232604373 0.022395833333333334 0.017892644135188866
0 0.28229166666666666 0.09244532803180915 0.014583333333333334 0.05168986083499006
0 0.45078125 0.11232604373757456 0.022395833333333334 0.04970178926441352
0 0.56953125 0.12773359840954274 0.03177083333333333 0.04473161033797217
0 0.06744791666666666 0.12673956262425448 0.013020833333333334 0.02485089463220676
0 0.725 0.13369781312127235 0.019791666666666666 0.030815109343936383
0 0.48671875 0.15854870775347912 0.018229166666666668 0.04473161033797217
0 0.8046875 0.15357852882703776 0.023958333333333335 0.02882703777335984
0 0.4356770833333333 0.1625248508946322 0.0140625 0.042743538767395624
0 0.6791666666666667 0.16699801192842942 0.027083333333333334 0.04970178926441352
0 0.5932291666666667 0.17147117296222664 0.01875 0.030815109343936383
0 0.5098958333333333 0.1779324055666004 0.019791666666666666 0.02385685884691849
0 0.9984375 0.18737574552683897 0.003125 0.03479125248508946
0 0.4471354166666667 0.18290258449304175 0.0109375 0.011928429423459244
0 0.14765625 0.1908548707753479 0.019270833333333334 0.013916500994035786
0 0.4609375 0.19582504970178927 0.00625 0.015904572564612324
0 0.45286458333333335 0.20228628230616302 0.0067708333333333336 0.016898608349900597
0 0.19375 0.2201789264413519 0.046875 0.03479125248508946
0 0.4544270833333333 0.24105367793240556 0.015104166666666667 0.020874751491053677
0 0.99140625 0.25497017892644136 0.0171875 0.036779324055666
0 0.5716145833333334 0.2584493041749503 0.0109375 0.041749502982107355
0 0.4276041666666667 0.24502982107355864 0.008333333333333333 0.012922465208747515
0 0.99765625 0.28727634194831014 0.0046875 0.02385685884691849
0 0.3111979166666667 0.28727634194831014 0.0140625 0.007952286282306162
0 0.5130208333333334 0.3210735586481113 0.013541666666666667 0.02385685884691849
0 0.5364583333333334 0.334493041749503 0.008333333333333333 0.020874751491053677
0 0.6052083333333333 0.3474155069582505 0.021875 0.02286282306163022
0 0.6684895833333333 0.34840954274353875 0.0203125 0.014910536779324055
0 0.4473958333333333 0.3702783300198807 0.016666666666666666 0.014910536779324055
0 0.9705729166666667 0.371272365805169 0.011979166666666667 0.012922465208747515
0 0.6716145833333333 0.3802186878727634 0.0203125 0.018886679920477135
0 0.59453125 0.37922465208747513 0.0203125 0.014910536779324055
0 0.41875 0.40407554671968193 0.014583333333333334 0.010934393638170975
0 0.61875 0.4125248508946322 0.021875 0.017892644135188866
0 0.5171875 0.4234592445328032 0.011458333333333333 0.03180914512922465
0 0.403125 0.4279324055666004 0.020833333333333332 0.03479125248508946
0 0.4596354166666667 0.44980119284294234 0.009895833333333333 0.020874751491053677
0 0.6703125 0.4801192842942346 0.010416666666666666 0.019880715705765408
0 0.2598958333333333 0.4821073558648111 0.015625 0.015904572564612324
0 0.3971354166666667 0.4990059642147117 0.0078125 0.03578528827037773
0 0.4973958333333333 0.5104373757455268 0.019791666666666666 0.05268389662027833
0 0.7942708333333334 0.5114314115308151 0.015625 0.04671968190854871
0 0.41770833333333335 0.5193836978131213 0.008333333333333333 0.02286282306163022
0 0.14947916666666666 0.5253479125248509 0.023958333333333335 0.030815109343936383
0 0.5419270833333333 0.5243538767395626 0.013020833333333334 0.020874751491053677
0 0.01875 0.5308151093439364 0.010416666666666666 0.019880715705765408
0 0.440625 0.5293240556660039 0.013541666666666667 0.010934393638170975
0 0.09713541666666667 0.5531809145129225 0.005729166666666666 0.018886679920477135
0 0.45026041666666666 0.5765407554671969 0.025520833333333333 0.0437375745526839
0 0.5018229166666667 0.5760437375745527 0.008854166666666666 0.014910536779324055
0 0.8393229166666667 0.5889662027833003 0.018229166666666668 0.016898608349900597
0 0.509375 0.6038767395626242 0.009375 0.030815109343936383
0 0.4317708333333333 0.6003976143141153 0.010416666666666666 0.02584493041749503
0 0.5705729166666667 0.606858846918489 0.015104166666666667 0.016898608349900597
0 0.56171875 0.6585487077534792 0.018229166666666668 0.02286282306163022
0 0.07161458333333333 0.6878727634194831 0.0234375 0.02385685884691849
0 0.10442708333333334 0.6908548707753479 0.0171875 0.013916500994035786
0 0.44244791666666666 0.7186878727634195 0.005729166666666666 0.027833001988071572
0 0.6348958333333333 0.7296222664015904 0.023958333333333335 0.03578528827037773
0 0.46328125 0.7455268389662028 0.013020833333333334 0.027833001988071572
0 0.503125 0.7559642147117296 0.00625 0.02485089463220676
0 0.4359375 0.7678926441351889 0.011458333333333333 0.03479125248508946
0 0.6489583333333333 0.790258449304175 0.007291666666666667 0.02982107355864811
0 0.53984375 0.8260437375745527 0.0046875 0.03180914512922465
0 0.5934895833333333 0.8623260437375746 0.027604166666666666 0.03479125248508946
0 0.5015625 0.8682902584493042 0.008333333333333333 0.04671968190854871
0 0.8005208333333333 0.9040755467196819 0.025 0.02882703777335984
0 0.74609375 0.904572564612326 0.019270833333333334 0.015904572564612324
0 0.034895833333333334 0.9165009940357853 0.027083333333333334 0.02584493041749503
0 0.4427083333333333 0.9358846918489065 0.009375 0.03479125248508946
0 0.77421875 0.9453280318091452 0.0067708333333333336 0.03180914512922465
0 0.00546875 0.9652087475149106 0.009895833333333333 0.04572564612326044
0 0.44505208333333335 0.9726640159045725 0.0203125 0.030815109343936383
0 0.3854166666666667 0.9950298210735586 0.013541666666666667 0.007952286282306162