0 0.4200520833333333 0.002982107355864811 0.018229166666666668 0.005964214711729622
0 0.5018229166666667 0.03578528827037773 0.011979166666666667 0.039761431411530816
0 0.5510416666666667 0.031312127236580514 0.009375 0.030815109343936383
0 0.05234375 0.03578528827037773 0.0140625 0.03777335984095427
0 0.27005208333333336 0.03827037773359841 0.011979166666666667 0.036779324055666
0 0.8627604166666667 0.039761431411530816 0.009895833333333333 0.03180914512922465
0 0.7705729166666667 0.03578528827037773 0.009895833333333333 0.015904572564612324
0 0.14609375 0.039761431411530816 0.013020833333333334 0.02186878727634195
0 0.38203125 0.040755467196819085 0.019270833333333334 0.02385685884691849
0 0.6666666666666666 0.04125248508946322 0.016666666666666666 0.02286282306163022
0 0.62578125 0.045228628230616304 0.0078125 0.018886679920477135
0 0.44479166666666664 0.0437375745526839 0.015625 0.009940357852882704
0 0.5325520833333334 0.05268389662027833 0.0109375 0.02385685884691849
0 0.7447916666666666 0.061630218687872766 0.015625 0.03578528827037773
0 0.6354166666666666 0.06510934393638171 0.016666666666666666 0.018886679920477135
0 0.39947916666666666 0.06759443339960239 0.016666666666666666 0.019880715705765408
0 0.6052083333333333 0.0989065606361829 0.01875 0.020874751491053677
0 0.8481770833333333 0.11332007952286283 0.025520833333333333 0.033797216699801194
0 0.8091145833333333 0.11282306163021869 0.008854166666666666 0.010934393638170975
0 0.4197916666666667 0.12823061630218688 0.01875 0.015904572564612324
0 0.13645833333333332 0.1341948310139165 0.00625 0.015904572564612324
0 0.7736979166666667 0.15357852882703776 0.0359375 0.032803180914512925
0 0.5494791666666666 0.15656063618290258 0.008333333333333333 0.032803180914512925
0 0.14244791666666667 0.17743538767395625 0.0265625 0.032803180914512925
0 0.5088541666666667 0.176441351888668 0.020833333333333332 0.0268389662027833
0 0.7604166666666666 0.20129224652087474 0.011458333333333333 0.04671968190854871
0 0.5364583333333334 0.19731610337972166 0.011458333333333333 0.0268389662027833
0 0.13151041666666666 0.20328031809145128 0.016145833333333335 0.02882703777335984
0 0.4283854166666667 0.20675944333996024 0.0078125 0.02584493041749503
0 0.8856770833333333 0.2191848906560636 0.0171875 0.036779324055666
0 0.30078125 0.2191848906560636 0.016145833333333335 0.030815109343936383
0 0.3645833333333333 0.22266401590457258 0.014583333333333334 0.033797216699801194
0 0.5721354166666667 0.24353876739562624 0.009895833333333333 0.02982107355864811
0 0.5013020833333334 0.2485089463220676 0.0265625 0.03180914512922465
0 0.47317708333333336 0.24403578528827038 0.028645833333333332 0.014910536779324055
0 0.7005208333333334 0.25745526838966204 0.011458333333333333 0.039761431411530816
0 0.7247395833333333 0.24453280318091453 0.013020833333333334 0.013916500994035786
0 0.34479166666666666 0.2624254473161034 0.023958333333333335 0.03180914512922465
0 0.85390625 0.28429423459244535 0.0078125 0.02982107355864811
0 0.6838541666666667 0.2897614314115308 0.015625 0.030815109343936383
0 0.659375 0.28727634194831014 0.013541666666666667 0.017892644135188866
0 0.8723958333333334 0.294234592445328 0.011458333333333333 0.027833001988071572
0 0.40286458333333336 0.30168986083499005 0.0109375 0.03479125248508946
0 0.6442708333333333 0.30417495029821073 0.009375 0.03777335984095427
0 0.8325520833333333 0.3096421471172962 0.0078125 0.042743538767395624
0 0.490625 0.31660039761431413 0.010416666666666666 0.016898608349900597
0 0.054427083333333334 0.31709741550695825 0.0109375 0.013916500994035786
0 0.7880208333333333 0.3374751491053678 0.023958333333333335 0.04671968190854871
0 0.7294270833333333 0.34443339960238567 0.018229166666666668 0.012922465208747515
0 0.5739583333333333 0.3553677932405567 0.015625 0.020874751491053677
0 0.03697916666666667 0.36182902584493043 0.016666666666666666 0.02186878727634195
0 0.14322916666666666 0.36083499005964215 0.01875 0.019880715705765408
0 0.3455729166666667 0.36779324055666 0.016145833333333335 0.02186878727634195
0 0.49583333333333335 0.38966202783300197 0.009375 0.015904572564612324
0 0.2526041666666667 0.3941351888667992 0.020833333333333332 0.020874751491053677
0 0.36822916666666666 0.3981113320079523 0.0125 0.02882703777335984
0 0.9635416666666666 0.4025844930417495 0.020833333333333332 0.019880715705765408
0 0.33958333333333335 0.4289264413518887 0.008333333333333333 0.030815109343936383
0 0.40338541666666666 0.4239562624254473 0.016145833333333335 0.012922465208747515
0 0.4705729166666667 0.4304174950298211 0.008854166666666666 0.027833001988071572
0 0.3893229166666667 0.4383697813121272 0.011979166666666667 0.02982107355864811
0 0.5588541666666667 0.4423459244532803 0.0125 0.007952286282306162
0 0.4596354166666667 0.4517892644135189 0.013020833333333334 0.012922465208747515
0 0.271875 0.4552683896620278 0.019791666666666666 0.013916500994035786
0 0.5171875 0.470675944333996 0.015625 0.02485089463220676
0 0.37916666666666665 0.4850894632206759 0.01875 0.04970178926441352
0 0.5875 0.47514910536779326 0.005208333333333333 0.02385685884691849
0 0.5080729166666667 0.5079522862823062 0.0109375 0.03180914512922465
0 0.7578125 0.5014910536779325 0.013541666666666667 0.016898608349900597
0 0.6041666666666666 0.5139165009940357 0.011458333333333333 0.03777335984095427
0 0.85625 0.5149105367793241 0.017708333333333333 0.03180914512922465
0 0.9234375 0.5248508946322068 0.0125 0.033797216699801194
0 0.5361979166666667 0.5303180914512923 0.011979166666666667 0.02485089463220676
0 0.46171875 0.5437375745526839 0.008854166666666666 0.011928429423459244
0 0.5513020833333333 0.5839960238568589 0.0171875 0.014910536779324055
0 0.6723958333333333 0.5929423459244533 0.00625 0.032803180914512925
0 0.5106770833333333 0.6073558648111332 0.0067708333333333336 0.02385685884691849
0 0.8299479166666667 0.6098409542743539 0.028645833333333332 0.02882703777335984
0 0.5234375 0.6148111332007953 0.00625 0.014910536779324055
0 0.5963541666666666 0.6187872763419483 0.009375 0.02286282306163022
0 0.55 0.6366799204771372 0.009375 0.030815109343936383
0 0.5049479166666667 0.6336978131212724 0.0067708333333333336 0.016898608349900597
0 0.7466145833333333 0.6411530815109344 0.0140625 0.027833001988071572
0 0.49140625 0.6535785288270378 0.018229166666666668 0.010934393638170975
0 0.5778645833333333 0.6645129224652088 0.008854166666666666 0.030815109343936383
0 0.6513020833333333 0.6600397614314115 0.0234375 0.017892644135188866
0 0.43697916666666664 0.6903578528827038 0.022916666666666665 0.010934393638170975
0 0.5322916666666667 0.709741550695825 0.020833333333333332 0.02186878727634195
0 0.65625 0.7166998011928429 0.014583333333333334 0.033797216699801194
0 0.43255208333333334 0.7331013916500994 0.0171875 0.032803180914512925
0 0.87890625 0.7430417495029821 0.0078125 0.03479125248508946
0 0.5794270833333334 0.7470178926441352 0.0078125 0.032803180914512925
0 0.05755208333333333 0.7480119284294234 0.0171875 0.02485089463220676
0 0.8317708333333333 0.7514910536779325 0.025 0.02584493041749503
0 0.5565104166666667 0.7569582504970179 0.0171875 0.02882703777335984
0 0.5919270833333333 0.7594433399602386 0.008854166666666666 0.02186878727634195
0 0.5263020833333333 0.768389662027833 0.03697916666666667 0.02982107355864811
0 0.4744791666666667 0.7743538767395626 0.009375 0.039761431411530816
0 0.7747395833333334 0.7877733598409543 0.011979166666666667 0.032803180914512925
0 0.7927083333333333 0.8121272365805169 0.013541666666666667 0.039761431411530816
0 0.61953125 0.8250497017892644 0.008854166666666666 0.033797216699801194
0 0.4197916666666667 0.8305168986083499 0.014583333333333334 0.036779324055666
0 0.7700520833333333 0.8538767395626242 0.0140625 0.05168986083499006
0 0.14609375 0.8941351888667992 0.015104166666666667 0.05467196819085487
0 0.34375 0.9160039761431411 0.010416666666666666 0.030815109343936383
0 0.12526041666666668 0.9244532803180915 0.0140625 0.027833001988071572
0 0.3645833333333333 0.94831013916501 0.020833333333333332 0.041749502982107355
0 0.9046875 0.94831013916501 0.007291666666666667 0.02186878727634195
0 0.7940104166666667 0.9681908548707754 0.013020833333333334 0.041749502982107355
0 0.86328125 0.9746520874751491 0.03177083333333333 0.048707753479125246
0 0.46484375 0.9801192842942346 0.009895833333333333 0.03777335984095427
0 0.8322916666666667 0.9826043737574552 0.01875 0.032803180914512925
0 0.5364583333333334 0.9900596421471173 0.014583333333333334 0.017892644135188866