0 0.584375 0.009940357852882704 0.016666666666666666 0.019880715705765408
0 0.14270833333333333 0.018389662027833 0.01875 0.036779324055666
0 0.97578125 0.02584493041749503 0.0078125 0.02186878727634195
0 0.8317708333333333 0.019383697813121274 0.0125 0.008946322067594433
0 0.703125 0.03827037773359841 0.011458333333333333 0.032803180914512925
0 0.9536458333333333 0.03777335984095427 0.00625 0.02584493041749503
0 0.9940104166666667 0.05864811133200795 0.011979166666666667 0.02385685884691849
0 0.3963541666666667 0.08151093439363817 0.027083333333333334 0.041749502982107355
0 0.44088541666666664 0.08200795228628231 0.0296875 0.02882703777335984
0 0.9908854166666666 0.09294234592445327 0.018229166666666668 0.040755467196819085
0 0.7078125 0.09145129224652088 0.014583333333333334 0.03578528827037773
0 0.7635416666666667 0.10039761431411531 0.008333333333333333 0.02982107355864811
0 0.07317708333333334 0.10238568588469185 0.0109375 0.027833001988071572
0 0.0328125 0.11083499005964215 0.00625 0.0268389662027833
0 0.6294270833333333 0.11928429423459244 0.0140625 0.02584493041749503
0 0.6520833333333333 0.139662027833002 0.025 0.05268389662027833
0 0.025 0.14065606361829025 0.011458333333333333 0.02882703777335984
0 0.6802083333333333 0.14761431411530815 0.014583333333333334 0.03876739562624255
0 0.6018229166666667 0.15109343936381708 0.013020833333333334 0.0437375745526839
0 0.4161458333333333 0.15606361829025844 0.016666666666666666 0.03777335984095427
0 0.6291666666666667 0.16600397614314116 0.022916666666666665 0.02982107355864811
0 0.65859375 0.1709741550695825 0.008854166666666666 0.02584493041749503
0 0.68671875 0.18190854870775347 0.0109375 0.03180914512922465
0 0.64609375 0.19582504970178927 0.025520833333333333 0.0536779324055666
0 0.7247395833333333 0.18041749502982107 0.0203125 0.018886679920477135
0 0.29609375 0.18588469184890655 0.011979166666666667 0.02982107355864811
0 0.06276041666666667 0.18389662027833 0.008854166666666666 0.011928429423459244
0 0.6067708333333334 0.19433399602385687 0.008333333333333333 0.02286282306163022
0 0.7395833333333334 0.2147117296222664 0.019791666666666666 0.02385685884691849
0 0.6127604166666667 0.2147117296222664 0.0067708333333333336 0.02186878727634195
0 0.8111979166666666 0.22813121272365805 0.0171875 0.03479125248508946
0 0.5809895833333333 0.2301192842942346 0.009895833333333333 0.032803180914512925
0 0.77421875 0.23757455268389663 0.008854166666666666 0.039761431411530816
0 0.03828125 0.279324055666004 0.0203125 0.05168986083499006
0 0.7765625 0.29025844930417494 0.008333333333333333 0.03777335984095427
0 0.7328125 0.28677932405566603 0.00625 0.02286282306163022
0 0.7229166666666667 0.2957256461232604 0.013541666666666667 0.030815109343936383
0 0.42109375 0.30069582504970177 0.021354166666666667 0.018886679920477135
0 0.6208333333333333 0.31610337972166996 0.010416666666666666 0.02982107355864811
0 0.49505208333333334 0.3210735586481113 0.0140625 0.007952286282306162
0 0.52109375 0.3633200795228628 0.019270833333333334 0.02485089463220676
0 0.72890625 0.37226640159045726 0.0140625 0.020874751491053677
0 0.01953125 0.3702783300198807 0.0078125 0.012922465208747515
0 0.7619791666666667 0.4000994035785288 0.01875 0.02286282306163022
0 0.7125 0.40059642147117297 0.007291666666666667 0.011928429423459244
0 0.6520833333333333 0.4433399602385686 0.011458333333333333 0.019880715705765408
0 0.7940104166666667 0.4552683896620278 0.0203125 0.017892644135188866
0 0.5973958333333333 0.4676938369781312 0.01875 0.014910536779324055
0 0.14166666666666666 0.47514910536779326 0.01875 0.017892644135188866
0 0.759375 0.4945328031809145 0.017708333333333333 0.012922465208747515
0 0.6791666666666667 0.5089463220675944 0.010416666666666666 0.019880715705765408
0 0.80859375 0.5208747514910537 0.0140625 0.009940357852882704
0 0.5763020833333333 0.5601391650099403 0.009895833333333333 0.032803180914512925
0 0.940625 0.5710735586481114 0.013541666666666667 0.036779324055666
0 0.6630208333333333 0.5740556660039762 0.025 0.04473161033797217
0 0.05 0.584493041749503 0.027083333333333334 0.03777335984095427
0 0.5541666666666667 0.577037773359841 0.007291666666666667 0.012922465208747515
0 0.47630208333333335 0.5984095427435387 0.009895833333333333 0.03578528827037773
0 0.6278645833333333 0.5889662027833003 0.019270833333333334 0.014910536779324055
0 0.9033854166666667 0.6048707753479126 0.019270833333333334 0.03479125248508946
0 0.9591145833333333 0.610337972166998 0.0265625 0.033797216699801194
0 0.6065104166666667 0.6078528827037774 0.0109375 0.02882703777335984
0 0.83125 0.6038767395626242 0.015625 0.014910536779324055
0 0.39791666666666664 0.6118290258449304 0.00625 0.02882703777335984
0 0.5393229166666667 0.6123260437375746 0.0046875 0.02186878727634195
0 0.71484375 0.6113320079522863 0.021354166666666667 0.015904572564612324
0 0.68125 0.6222664015904572 0.015625 0.013916500994035786
0 0.1515625 0.6332007952286283 0.0125 0.027833001988071572
0 0.6596354166666667 0.6476143141153081 0.018229166666666668 0.02882703777335984
0 0.5375 0.6694831013916501 0.01875 0.04473161033797217
0 0.6481770833333333 0.6804174950298211 0.0203125 0.02485089463220676
0 0.6234375 0.6749502982107356 0.011458333333333333 0.015904572564612324
0 0.9442708333333333 0.6784294234592445 0.009375 0.014910536779324055
0 0.7135416666666666 0.6814115308151093 0.014583333333333334 0.008946322067594433
0 0.7869791666666667 0.6933399602385686 0.017708333333333333 0.018886679920477135
0 0.6544270833333333 0.7052683896620279 0.016145833333333335 0.042743538767395624
0 0.9765625 0.7052683896620279 0.028125 0.036779324055666
0 0.5130208333333334 0.7152087475149106 0.008333333333333333 0.0268389662027833
0 0.6341145833333334 0.724155069582505 0.015104166666666667 0.0268389662027833
0 0.6924479166666667 0.7380715705765407 0.018229166666666668 0.018886679920477135
0 0.75390625 0.7614314115308151 0.025520833333333333 0.05765407554671968
0 0.5731770833333333 0.7490059642147118 0.013020833333333334 0.014910536779324055
0 0.9348958333333334 0.7678926441351889 0.01875 0.0268389662027833
0 0.6286458333333333 0.7629224652087475 0.01875 0.016898608349900597
0 0.5692708333333333 0.786779324055666 0.00625 0.032803180914512925
0 0.5934895833333333 0.7803180914512923 0.0067708333333333336 0.009940357852882704
0 0.53828125 0.7877733598409543 0.027604166666666666 0.0268389662027833
0 0.58828125 0.8141153081510935 0.0078125 0.02982107355864811
0 0.98828125 0.8215705765407555 0.0234375 0.03876739562624255
0 0.7408854166666666 0.8394632206759444 0.013020833333333334 0.048707753479125246
0 0.7768229166666667 0.8325049701789264 0.0234375 0.02485089463220676
0 0.7065104166666667 0.8797216699801192 0.008854166666666666 0.0437375745526839
0 0.6072916666666667 0.889662027833002 0.017708333333333333 0.02584493041749503
0 0.6856770833333333 0.8996023856858847 0.0140625 0.039761431411530816
0 0.35885416666666664 0.893141153081511 0.016666666666666666 0.018886679920477135
0 0.5106770833333333 0.8976143141153081 0.0109375 0.02385685884691849
0 0.58828125 0.9055666003976143 0.0109375 0.033797216699801194
0 0.88359375 0.9244532803180915 0.0171875 0.04572564612326044
0 0.5213541666666667 0.9234592445328031 0.016666666666666666 0.011928429423459244
0 0.5908854166666667 0.94831013916501 0.0140625 0.041749502982107355
0 0.7080729166666667 0.9463220675944334 0.021354166666666667 0.027833001988071572
0 0.42890625 0.9627236580516899 0.018229166666666668 0.036779324055666
0 0.08020833333333334 0.9666998011928429 0.009375 0.008946322067594433