0 0.9981770833333333 0.01739562624254473 0.0036458333333333334 0.03479125248508946
0 0.81875 0.011928429423459244 0.010416666666666666 0.02385685884691849
0 0.7263020833333333 0.013916500994035786 0.0109375 0.027833001988071572
0 0.6328125 0.016401590457256462 0.03125 0.032803180914512925
0 0.58359375 0.006958250497017893 0.008854166666666666 0.013916500994035786
0 0.52421875 0.012922465208747515 0.0046875 0.02584493041749503
0 0.46067708333333335 0.002982107355864811 0.013020833333333334 0.005964214711729622
0 0.21458333333333332 0.01242544731610338 0.028125 0.02485089463220676
0 0.23697916666666666 0.02882703777335984 0.016666666666666666 0.017892644135188866
0 0.825 0.03876739562624255 0.013541666666666667 0.027833001988071572
0 0.8010416666666667 0.06063618290258449 0.015625 0.041749502982107355
0 0.3684895833333333 0.05815109343936382 0.019270833333333334 0.032803180914512925
0 0.33515625 0.05964214711729622 0.0140625 0.03578528827037773
0 0.9221354166666667 0.05616302186878728 0.009895833333333333 0.02485089463220676
0 0.8828125 0.06063618290258449 0.014583333333333334 0.02982107355864811
0 0.2140625 0.061630218687872766 0.021875 0.019880715705765408
0 0.7091145833333333 0.07952286282306163 0.0078125 0.0437375745526839
0 0.19869791666666667 0.07952286282306163 0.0140625 0.033797216699801194
0 0.34270833333333334 0.09642147117296222 0.007291666666666667 0.019880715705765408
0 0.27786458333333336 0.10337972166998012 0.0171875 0.017892644135188866
0 0.6864583333333333 0.1058648111332008 0.017708333333333333 0.018886679920477135
0 0.64375 0.12176938369781312 0.020833333333333332 0.048707753479125246
0 0.8854166666666666 0.11481113320079522 0.016666666666666666 0.030815109343936383
0 0.5182291666666666 0.11878727634194831 0.014583333333333334 0.0268389662027833
0 0.56875 0.13021868787276342 0.016666666666666666 0.039761431411530816
0 0.8307291666666666 0.1327037773359841 0.011458333333333333 0.040755467196819085
0 0.07604166666666666 0.12872763419483102 0.007291666666666667 0.018886679920477135
0 0.04244791666666667 0.1272365805168986 0.022395833333333334 0.013916500994035786
0 0.6104166666666667 0.14065606361829025 0.005208333333333333 0.020874751491053677
0 0.68203125 0.15854870775347912 0.011979166666666667 0.040755467196819085
0 0.5984375 0.16550695825049702 0.01875 0.014910536779324055
0 0.8494791666666667 0.1893638170974155 0.01875 0.032803180914512925
0 0.5765625 0.18737574552683897 0.0125 0.02882703777335984
0 0.4166666666666667 0.1918489065606362 0.019791666666666666 0.015904572564612324
0 0.8026041666666667 0.21819085487077536 0.026041666666666668 0.05069582504970179
0 0.6671875 0.2117296222664016 0.0125 0.011928429423459244
0 0.17786458333333333 0.23658051689860835 0.0109375 0.02186878727634195
0 0.07369791666666667 0.2514910536779324 0.021354166666666667 0.03578528827037773
0 0.7072916666666667 0.2624254473161034 0.011458333333333333 0.03578528827037773
0 0.9013020833333333 0.2614314115308151 0.019270833333333334 0.02186878727634195
0 0.7299479166666667 0.2753479125248509 0.008854166666666666 0.0437375745526839
0 0.8786458333333333 0.27286282306163023 0.014583333333333334 0.030815109343936383
0 0.8666666666666667 0.2649105367793241 0.005208333333333333 0.014910536779324055
0 0.6356770833333333 0.31411530815109345 0.009895833333333333 0.041749502982107355
0 0.22526041666666666 0.31312127236580517 0.009895833333333333 0.03180914512922465
0 0.6541666666666667 0.3136182902584493 0.004166666666666667 0.02485089463220676
0 0.615625 0.32554671968190857 0.0125 0.03479125248508946
0 0.5278645833333333 0.3215705765407555 0.011979166666666667 0.020874751491053677
0 0.9651041666666667 0.3394632206759443 0.013541666666666667 0.032803180914512925
0 0.43854166666666666 0.34343936381709744 0.0125 0.030815109343936383
0 0.7104166666666667 0.3429423459244533 0.025 0.015904572564612324
0 0.4158854166666667 0.352882703777336 0.0171875 0.02982107355864811
0 0.07526041666666666 0.3757455268389662 0.022395833333333334 0.02982107355864811
0 0.93359375 0.378727634194831 0.024479166666666666 0.02982107355864811
0 0.6799479166666667 0.3856858846918489 0.0203125 0.0437375745526839
0 0.703125 0.37524850894632206 0.00625 0.018886679920477135
0 0.27239583333333334 0.39214711729622265 0.025 0.03876739562624255
0 0.65859375 0.40457256461232605 0.005729166666666666 0.03180914512922465
0 0.17604166666666668 0.408051689860835 0.021875 0.02485089463220676
0 0.7325520833333333 0.4279324055666004 0.016145833333333335 0.030815109343936383
0 0.13177083333333334 0.4408548707753479 0.028125 0.042743538767395624
0 0.38697916666666665 0.43141153081510936 0.020833333333333332 0.02186878727634195
0 0.5880208333333333 0.42992047713717696 0.010416666666666666 0.012922465208747515
0 0.5942708333333333 0.44930417495029823 0.014583333333333334 0.017892644135188866
0 0.3736979166666667 0.4671968190854871 0.015104166666666667 0.017892644135188866
0 0.7859375 0.4915506958250497 0.0125 0.030815109343936383
0 0.14739583333333334 0.49254473161033796 0.00625 0.014910536779324055
0 0.5921875 0.5114314115308151 0.011458333333333333 0.032803180914512925
0 0.43984375 0.5164015904572564 0.021354166666666667 0.020874751491053677
0 0.09244791666666667 0.5243538767395626 0.0171875 0.030815109343936383
0 0.7596354166666667 0.5362823061630219 0.0296875 0.05268389662027833
0 0.57734375 0.5253479125248509 0.018229166666666668 0.018886679920477135
0 0.9270833333333334 0.5432405566600398 0.03333333333333333 0.032803180914512925
0 0.38515625 0.5352882703777336 0.0078125 0.012922465208747515
0 0.6674479166666667 0.5790258449304175 0.021354166666666667 0.03479125248508946
0 0.62109375 0.5760437375745527 0.016145833333333335 0.008946322067594433
0 0.9078125 0.5874751491053678 0.0125 0.027833001988071572
0 0.8283854166666667 0.5820079522862823 0.009895833333333333 0.016898608349900597
0 0.7997395833333333 0.614314115308151 0.013020833333333334 0.03777335984095427
0 0.5002604166666667 0.6158051689860835 0.009895833333333333 0.014910536779324055
0 0.8317708333333333 0.6247514910536779 0.01875 0.014910536779324055
0 0.89765625 0.6560636182902585 0.016145833333333335 0.03777335984095427
0 0.7921875 0.6605367793240556 0.01875 0.02882703777335984
0 0.5877604166666667 0.6684890656063618 0.016145833333333335 0.020874751491053677
0 0.5346354166666667 0.6794234592445328 0.008854166666666666 0.02882703777335984
0 0.8596354166666667 0.6853876739562624 0.011979166666666667 0.032803180914512925
0 0.953125 0.6973161033797217 0.023958333333333335 0.036779324055666
0 0.6921875 0.7052683896620279 0.007291666666666667 0.03479125248508946
0 0.8239583333333333 0.7042743538767395 0.023958333333333335 0.020874751491053677
0 0.7674479166666667 0.7012922465208747 0.0140625 0.016898608349900597
0 0.6453125 0.7067594433399602 0.007291666666666667 0.015904572564612324
0 0.6153645833333333 0.705765407554672 0.0109375 0.009940357852882704
0 0.04973958333333333 0.7311133200795229 0.018229166666666668 0.05666003976143141
0 0.41510416666666666 0.7221669980119284 0.013541666666666667 0.02286282306163022
0 0.6049479166666667 0.742544731610338 0.018229166666666668 0.03180914512922465
0 0.98046875 0.7370775347912525 0.005729166666666666 0.012922465208747515
0 0.5208333333333334 0.7455268389662028 0.009375 0.017892644135188866
0 0.7294270833333333 0.7693836978131213 0.025520833333333333 0.02584493041749503
0 0.6002604166666666 0.7728628230616302 0.019270833333333334 0.014910536779324055
0 0.8395833333333333 0.7877733598409543 0.013541666666666667 0.03479125248508946
0 0.56015625 0.790258449304175 0.0140625 0.03777335984095427
0 0.5375 0.7862823061630219 0.005208333333333333 0.03180914512922465
0 0.027604166666666666 0.8011928429423459 0.021875 0.061630218687872766
0 0.4427083333333333 0.7952286282306164 0.008333333333333333 0.027833001988071572
0 0.6630208333333333 0.8031809145129225 0.013541666666666667 0.027833001988071572
0 0.7322916666666667 0.8151093439363817 0.014583333333333334 0.017892644135188866
0 0.43697916666666664 0.8180914512922465 0.009375 0.019880715705765408
0 0.6213541666666667 0.8265407554671969 0.0125 0.02882703777335984
0 0.30885416666666665 0.8464214711729622 0.009375 0.042743538767395624
0 0.5125 0.8593439363817097 0.027083333333333334 0.036779324055666
0 0.778125 0.8737574552683897 0.007291666666666667 0.02385685884691849
0 0.4786458333333333 0.8841948310139165 0.010416666666666666 0.020874751491053677
0 0.771875 0.8946322067594433 0.008333333333333333 0.019880715705765408
0 0.68046875 0.9010934393638171 0.022395833333333334 0.02286282306163022
0 0.4765625 0.9040755467196819 0.022916666666666665 0.02286282306163022
0 0.62578125 0.9174950298210736 0.013020833333333334 0.03578528827037773
0 0.6606770833333333 0.9507952286282306 0.0203125 0.04473161033797217
0 0.5966145833333333 0.9662027833001988 0.005729166666666666 0.02186878727634195
0 0.5510416666666667 0.9662027833001988 0.0125 0.017892644135188866
0 0.8208333333333333 0.9905566600397614 0.009375 0.016898608349900597