0 0.7067708333333333 0.009940357852882704 0.014583333333333334 0.019880715705765408
0 0.5901041666666667 0.02186878727634195 0.021875 0.02385685884691849
0 0.940625 0.032803180914512925 0.009375 0.017892644135188866
0 0.9921875 0.03578528827037773 0.014583333333333334 0.019880715705765408
0 0.38359375 0.04721669980119284 0.019270833333333334 0.02286282306163022
0 0.23489583333333333 0.04473161033797217 0.011458333333333333 0.011928429423459244
0 0.9940104166666667 0.08250497017892644 0.0109375 0.04572564612326044
0 0.340625 0.09145129224652088 0.013541666666666667 0.03777335984095427
0 0.85703125 0.09741550695825049 0.0234375 0.04572564612326044
0 0.5333333333333333 0.09791252485089463 0.015625 0.012922465208747515
0 0.39348958333333334 0.10139165009940358 0.011979166666666667 0.013916500994035786
0 0.40598958333333335 0.110337972166998 0.015104166666666667 0.019880715705765408
0 0.6203125 0.12823061630218688 0.00625 0.03578528827037773
0 0.9989583333333333 0.16401590457256462 0.0010416666666666667 0.07157057654075547
0 0.575 0.1496023856858847 0.010416666666666666 0.032803180914512925
0 0.9677083333333333 0.16351888667992048 0.013541666666666667 0.030815109343936383
0 0.42213541666666665 0.17246520874751492 0.016145833333333335 0.016898608349900597
0 0.5653645833333333 0.19284294234592445 0.0171875 0.03777335984095427
0 0.384375 0.20377733598409542 0.011458333333333333 0.02385685884691849
0 0.3611979166666667 0.20178926441351888 0.019270833333333334 0.011928429423459244
0 0.45026041666666666 0.26888667992047716 0.024479166666666666 0.032803180914512925
0 0.9989583333333333 0.32703777335984097 0.0010416666666666667 0.0775347912524851
0 0.50546875 0.3553677932405567 0.022395833333333334 0.020874751491053677
0 0.6109375 0.37375745526838966 0.016666666666666666 0.0536779324055666
0 0.6643229166666667 0.39015904572564614 0.009895833333333333 0.0268389662027833
0 0.3763020833333333 0.408051689860835 0.0078125 0.018886679920477135
0 0.6752604166666667 0.41749502982107356 0.0078125 0.03777335984095427
0 0.41744791666666664 0.42047713717693835 0.0067708333333333336 0.03578528827037773
0 0.9682291666666667 0.4433399602385686 0.017708333333333333 0.04970178926441352
0 0.7479166666666667 0.4438369781312127 0.015625 0.02485089463220676
0 0.6877604166666667 0.4517892644135189 0.008854166666666666 0.036779324055666
0 0.84921875 0.4746520874751491 0.015104166666666667 0.014910536779324055
0 0.5091145833333334 0.4870775347912525 0.0203125 0.013916500994035786
0 0.996875 0.5059642147117296 0.005208333333333333 0.039761431411530816
0 0.8484375 0.5069582504970179 0.017708333333333333 0.03180914512922465
0 0.2947916666666667 0.5536779324055666 0.016666666666666666 0.05964214711729622
0 0.74453125 0.5541749502982107 0.0140625 0.018886679920477135
0 0.94453125 0.56610337972167 0.0067708333333333336 0.016898608349900597
0 0.8098958333333334 0.5944333996023857 0.008333333333333333 0.027833001988071572
0 0.7752604166666667 0.5944333996023857 0.008854166666666666 0.011928429423459244
0 0.7658854166666667 0.6128230616302187 0.022395833333333334 0.02882703777335984
0 0.6221354166666667 0.6307157057654076 0.009895833333333333 0.06063618290258449
0 0.8239583333333333 0.6088469184890656 0.00625 0.018886679920477135
0 0.59296875 0.6317097415506958 0.011979166666666667 0.048707753479125246
0 0.4984375 0.6267395626242545 0.017708333333333333 0.030815109343936383
0 0.5395833333333333 0.6267395626242545 0.021875 0.02286282306163022
0 0.5611979166666666 0.6336978131212724 0.009895833333333333 0.010934393638170975
0 0.7924479166666667 0.6481113320079522 0.008854166666666666 0.039761431411530816
0 0.6463541666666667 0.6401590457256461 0.013541666666666667 0.019880715705765408
0 0.66328125 0.6446322067594433 0.0067708333333333336 0.02485089463220676
0 0.6932291666666667 0.6426441351888668 0.009375 0.020874751491053677
0 0.1359375 0.6530815109343936 0.03854166666666667 0.039761431411530816
0 0.30546875 0.6585487077534792 0.018229166666666668 0.036779324055666
0 0.4395833333333333 0.6749502982107356 0.025 0.05168986083499006
0 0.9119791666666667 0.679920477137177 0.0125 0.039761431411530816
0 0.8833333333333333 0.6824055666003976 0.009375 0.032803180914512925
0 0.5236979166666667 0.6878727634194831 0.0078125 0.033797216699801194
0 0.6755208333333333 0.6908548707753479 0.009375 0.027833001988071572
0 0.41692708333333334 0.6918489065606361 0.0171875 0.02385685884691849
0 0.5653645833333333 0.7002982107355865 0.008854166666666666 0.036779324055666
0 0.90703125 0.7107355864811133 0.0109375 0.03777335984095427
0 0.40338541666666666 0.7152087475149106 0.008854166666666666 0.016898608349900597
0 0.4434895833333333 0.7137176938369781 0.009895833333333333 0.013916500994035786
0 0.19713541666666667 0.7311133200795229 0.0140625 0.04473161033797217
0 0.9822916666666667 0.724155069582505 0.021875 0.02882703777335984
0 0.6330729166666667 0.7350894632206759 0.024479166666666666 0.032803180914512925
0 0.91328125 0.7311133200795229 0.009895833333333333 0.018886679920477135
0 0.290625 0.7450298210735586 0.009375 0.03479125248508946
0 0.5375 0.742544731610338 0.013541666666666667 0.027833001988071572
0 0.35546875 0.7524850894632207 0.0109375 0.033797216699801194
0 0.6557291666666667 0.7559642147117296 0.009375 0.040755467196819085
0 0.99296875 0.7475149105367793 0.013020833333333334 0.02584493041749503
0 0.0984375 0.7668986083499006 0.016666666666666666 0.032803180914512925
0 0.590625 0.7673956262425448 0.026041666666666668 0.02982107355864811
0 0.9971354166666667 0.794234592445328 0.0046875 0.05765407554671968
0 0.6859375 0.7793240556660039 0.00625 0.011928429423459244
0 0.9205729166666666 0.7927435387673957 0.009895833333333333 0.014910536779324055
0 0.50546875 0.8046719681908548 0.022395833333333334 0.02485089463220676
0 0.97421875 0.8195825049701789 0.0171875 0.04473161033797217
0 0.9309895833333334 0.8166003976143141 0.0171875 0.02882703777335984
0 0.20963541666666666 0.8205765407554672 0.009895833333333333 0.020874751491053677
0 0.62109375 0.8295228628230616 0.0109375 0.03479125248508946
0 0.6520833333333333 0.8424453280318092 0.016666666666666666 0.016898608349900597
0 0.34479166666666666 0.8573558648111332 0.020833333333333332 0.03479125248508946
0 0.7200520833333334 0.8588469184890656 0.0171875 0.03180914512922465
0 0.5307291666666667 0.8782306163021869 0.028125 0.048707753479125246
0 0.91640625 0.8667992047713717 0.0078125 0.019880715705765408
0 0.48385416666666664 0.8663021868787276 0.021875 0.014910536779324055
0 0.6765625 0.8752485089463221 0.017708333333333333 0.030815109343936383
0 0.3971354166666667 0.8866799204771372 0.0046875 0.019880715705765408
0 0.41901041666666666 0.882703777335984 0.0067708333333333336 0.013916500994035786
0 0.50234375 0.9070576540755467 0.025520833333333333 0.06262425447316103
0 0.3109375 0.9125248508946322 0.011458333333333333 0.039761431411530816
0 0.21458333333333332 0.9020874751491054 0.010416666666666666 0.014910536779324055
0 0.6283854166666667 0.9095427435387674 0.0140625 0.02584493041749503
0 0.63984375 0.9214711729622267 0.0109375 0.03180914512922465
0 0.7450520833333333 0.9179920477137177 0.018229166666666668 0.018886679920477135
0 0.5372395833333333 0.9383697813121272 0.008854166666666666 0.017892644135188866
0 0.5158854166666667 0.94831013916501 0.028645833333333332 0.02584493041749503
0 0.5979166666666667 0.9582504970178927 0.014583333333333334 0.0437375745526839
0 0.8057291666666667 0.955765407554672 0.013541666666666667 0.03876739562624255
0 0.7841145833333333 0.9691848906560636 0.015104166666666667 0.033797216699801194
0 0.55546875 0.9706759443339961 0.0140625 0.0268389662027833
0 0.534375 0.9701789264413518 0.010416666666666666 0.015904572564612324
0 0.6471354166666666 0.9801192842942346 0.009895833333333333 0.03777335984095427
0 0.5809895833333333 0.9766401590457257 0.021354166666666667 0.018886679920477135
0 0.6294270833333333 0.9850894632206759 0.011979166666666667 0.027833001988071572
0 0.8197916666666667 0.9875745526838966 0.020833333333333332 0.02286282306163022
0 0.8044270833333333 0.9880715705765407 0.0067708333333333336 0.02186878727634195
0 0.9177083333333333 0.9885685884691849 0.010416666666666666 0.020874751491053677
0 0.52265625 0.989065606361829 0.011979166666666667 0.019880715705765408
0 0.14895833333333333 0.9900596421471173 0.01875 0.017892644135188866