0 0.7854166666666667 0.0054671968190854875 0.009375 0.010934393638170975
0 0.81953125 0.010437375745526839 0.015104166666666667 0.020874751491053677
0 0.3450520833333333 0.018886679920477135 0.009895833333333333 0.02982107355864811
0 0.2921875 0.0720675944333996 0.021875 0.0268389662027833
0 0.6768229166666667 0.08797216699801193 0.0046875 0.02485089463220676
0 0.440625 0.09741550695825049 0.021875 0.02584493041749503
0 0.7276041666666667 0.09990059642147117 0.020833333333333332 0.018886679920477135
0 0.41875 0.11332007952286283 0.015625 0.03777335984095427
0 0.06953125 0.11083499005964215 0.0140625 0.02485089463220676
0 0.9942708333333333 0.11878727634194831 0.010416666666666666 0.03479125248508946
0 0.5140625 0.15457256461232605 0.010416666666666666 0.03876739562624255
0 0.5395833333333333 0.1525844930417495 0.020833333333333332 0.014910536779324055
0 0.012239583333333333 0.1833996023856859 0.009895833333333333 0.032803180914512925
0 0.9515625 0.1933399602385686 0.013541666666666667 0.02286282306163022
0 0.25286458333333334 0.24055666003976142 0.008854166666666666 0.03578528827037773
0 0.3028645833333333 0.24602385685884692 0.011979166666666667 0.04671968190854871
0 0.33098958333333334 0.27634194831013914 0.0109375 0.033797216699801194
0 0.6078125 0.28777335984095426 0.014583333333333334 0.016898608349900597
0 0.019010416666666665 0.2957256461232604 0.0171875 0.0268389662027833
0 0.6247395833333333 0.297713717693837 0.0171875 0.012922465208747515
0 0.3255208333333333 0.3096421471172962 0.021875 0.0268389662027833
0 0.30546875 0.3523856858846918 0.0036458333333333334 0.02286282306163022
0 0.6263020833333334 0.34840954274353875 0.0067708333333333336 0.012922465208747515
0 0.6591145833333333 0.36182902584493043 0.015104166666666667 0.017892644135188866
0 0.4088541666666667 0.3702783300198807 0.015625 0.02485089463220676
0 0.6958333333333333 0.3727634194831014 0.009375 0.03180914512922465
0 0.34348958333333335 0.38071570576540753 0.011979166666666667 0.011928429423459244
0 0.9950520833333333 0.4010934393638171 0.008854166666666666 0.02286282306163022
0 0.30833333333333335 0.4070576540755467 0.017708333333333333 0.02485089463220676
0 0.5255208333333333 0.4025844930417495 0.014583333333333334 0.013916500994035786
0 0.478125 0.41302186878727637 0.00625 0.02882703777335984
0 0.09895833333333333 0.4209741550695825 0.021875 0.02882703777335984
0 0.17942708333333332 0.41749502982107356 0.018229166666666668 0.011928429423459244
0 0.390625 0.4239562624254473 0.010416666666666666 0.02485089463220676
0 0.8403645833333333 0.43439363817097415 0.018229166666666668 0.03180914512922465
0 0.29791666666666666 0.4294234592445328 0.0125 0.009940357852882704
0 0.2520833333333333 0.4393638170974155 0.0125 0.02385685884691849
0 0.31979166666666664 0.4388667992047714 0.021875 0.014910536779324055
0 0.34427083333333336 0.444831013916501 0.010416666666666666 0.02286282306163022
0 0.6588541666666666 0.4403578528827038 0.011458333333333333 0.011928429423459244
0 0.6453125 0.44781312127236583 0.011458333333333333 0.018886679920477135
0 0.5385416666666667 0.46272365805168986 0.013541666666666667 0.032803180914512925
0 0.38723958333333336 0.4686878727634195 0.013020833333333334 0.02882703777335984
0 0.5239583333333333 0.47912524850894633 0.00625 0.02584493041749503
0 0.67890625 0.4801192842942346 0.009895833333333333 0.013916500994035786
0 0.9755208333333333 0.5 0.027083333333333334 0.05168986083499006
0 0.78515625 0.5064612326043738 0.008854166666666666 0.02286282306163022
0 0.34869791666666666 0.5313121272365805 0.008854166666666666 0.042743538767395624
0 0.3875 0.5447316103379721 0.013541666666666667 0.011928429423459244
0 0.8619791666666666 0.5666003976143141 0.014583333333333334 0.0437375745526839
0 0.2375 0.5506958250497018 0.010416666666666666 0.009940357852882704
0 0.12708333333333333 0.5735586481113321 0.010416666666666666 0.03578528827037773
0 0.6080729166666666 0.5695825049701789 0.018229166666666668 0.015904572564612324
0 0.49166666666666664 0.5750497017892644 0.019791666666666666 0.020874751491053677
0 0.42682291666666666 0.5859840954274353 0.015104166666666667 0.02882703777335984
0 0.2078125 0.5820079522862823 0.013541666666666667 0.010934393638170975
0 0.16979166666666667 0.5924453280318092 0.014583333333333334 0.02186878727634195
0 0.3859375 0.5984095427435387 0.014583333333333334 0.02982107355864811
0 0.3489583333333333 0.6033797216699801 0.017708333333333333 0.027833001988071572
0 0.5765625 0.5994035785288271 0.014583333333333334 0.013916500994035786
0 0.4046875 0.6153081510934394 0.017708333333333333 0.02584493041749503
0 0.36484375 0.6232604373757455 0.0109375 0.02385685884691849
0 0.2984375 0.6481113320079522 0.019791666666666666 0.04771371769383698
0 0.5421875 0.6381709741550696 0.00625 0.027833001988071572
0 0.41640625 0.6421471172962226 0.008854166666666666 0.02584493041749503
0 0.3815104166666667 0.6505964214711729 0.0109375 0.03876739562624255
0 0.6385416666666667 0.6540755467196819 0.013541666666666667 0.04572564612326044
0 0.9877604166666667 0.6515904572564613 0.011979166666666667 0.032803180914512925
0 0.3494791666666667 0.6520874751491054 0.020833333333333332 0.027833001988071572
0 0.5302083333333333 0.6466202783300199 0.010416666666666666 0.012922465208747515
0 0.5002604166666667 0.658051689860835 0.013020833333333334 0.015904572564612324
0 0.44869791666666664 0.6724652087475149 0.009895833333333333 0.010934393638170975
0 0.4309895833333333 0.6749502982107356 0.011979166666666667 0.005964214711729622
0 0.3145833333333333 0.6883697813121272 0.016666666666666666 0.018886679920477135
0 0.603125 0.6978131212723658 0.0125 0.019880715705765408
0 0.47682291666666665 0.7032803180914513 0.0109375 0.0268389662027833
0 0.50390625 0.7027833001988072 0.009895833333333333 0.017892644135188866
0 0.19635416666666666 0.7162027833001988 0.010416666666666666 0.02485089463220676
0 0.30885416666666665 0.7181908548707754 0.014583333333333334 0.020874751491053677
0 0.6130208333333333 0.7281312127236581 0.0125 0.040755467196819085
0 0.6299479166666667 0.7181908548707754 0.008854166666666666 0.018886679920477135
0 0.4234375 0.7360834990059643 0.0125 0.04473161033797217
0 0.01171875 0.7410536779324056 0.0234375 0.042743538767395624
0 0.3541666666666667 0.7221669980119284 0.013541666666666667 0.006958250497017893
0 0.46927083333333336 0.7400596421471173 0.005208333333333333 0.018886679920477135
0 0.37552083333333336 0.7549701789264414 0.008333333333333333 0.032803180914512925
0 0.30130208333333336 0.7564612326043738 0.011979166666666667 0.02385685884691849
0 0.5572916666666666 0.7659045725646123 0.005208333333333333 0.02286282306163022
0 0.6953125 0.7808151093439364 0.013541666666666667 0.030815109343936383
0 0.8041666666666667 0.7818091451292246 0.020833333333333332 0.02485089463220676
0 0.4401041666666667 0.7823061630218688 0.013541666666666667 0.015904572564612324
0 0.00026041666666666666 0.8290258449304175 0.0005208333333333333 0.073558648111332
0 0.27369791666666665 0.8136182902584493 0.009895833333333333 0.02882703777335984
0 0.41041666666666665 0.81610337972167 0.016666666666666666 0.015904572564612324
0 0.49453125 0.8225646123260437 0.0036458333333333334 0.02286282306163022
0 0.35703125 0.8439363817097415 0.0140625 0.007952286282306162
0 0.3997395833333333 0.8543737574552683 0.011979166666666667 0.010934393638170975
0 0.45416666666666666 0.8563618290258449 0.019791666666666666 0.016898608349900597
0 0.6802083333333333 0.8707753479125249 0.008333333333333333 0.02982107355864811
0 0.6333333333333333 0.8941351888667992 0.015625 0.02882703777335984
0 0.15260416666666668 0.9020874751491054 0.007291666666666667 0.032803180914512925
0 0.4205729166666667 0.9065606361829026 0.019270833333333334 0.027833001988071572
0 0.0067708333333333336 0.9150099403578529 0.013541666666666667 0.02485089463220676
0 0.6955729166666667 0.9209741550695825 0.016145833333333335 0.0268389662027833
0 0.7453125 0.9254473161033797 0.008333333333333333 0.03578528827037773
0 0.6088541666666667 0.9343936381709742 0.0125 0.03180914512922465
0 0.00026041666666666666 0.9488071570576541 0.0005208333333333333 0.05467196819085487
0 0.72890625 0.9393638170974155 0.005729166666666666 0.02982107355864811
0 0.2643229166666667 0.9418489065606361 0.013020833333333334 0.030815109343936383
0 0.48828125 0.9458250497017893 0.0078125 0.032803180914512925
0 0.571875 0.9642147117296223 0.01875 0.055666003976143144
0 0.7958333333333333 0.959741550695825 0.015625 0.032803180914512925
0 0.32369791666666664 0.959741550695825 0.009895833333333333 0.02286282306163022
0 0.396875 0.9652087475149106 0.007291666666666667 0.019880715705765408
0 0.24427083333333333 0.9781312127236581 0.027083333333333334 0.041749502982107355
0 0.49713541666666666 0.9731610337972167 0.0046875 0.019880715705765408
0 0.86640625 0.9865805168986084 0.013020833333333334 0.02485089463220676
0 0.07161458333333333 0.9875745526838966 0.019270833333333334 0.02286282306163022
0 0.04401041666666667 0.9905566600397614 0.0140625 0.016898608349900597