0 0.4401041666666667 0.028330019880715707 0.00625 0.02286282306163022
0 0.725 0.04324055666003976 0.0125 0.032803180914512925
0 0.33489583333333334 0.07455268389662027 0.028125 0.04572564612326044
0 0.04869791666666667 0.09791252485089463 0.0234375 0.03876739562624255
0 0.39869791666666665 0.10685884691848907 0.0109375 0.02882703777335984
0 0.10260416666666666 0.1172962226640159 0.016666666666666666 0.02584493041749503
0 0.06171875 0.17246520874751492 0.021354166666666667 0.042743538767395624
0 0.4903645833333333 0.1610337972166998 0.0109375 0.019880715705765408
0 0.9611979166666667 0.176441351888668 0.0265625 0.04671968190854871
0 0.6364583333333333 0.176441351888668 0.019791666666666666 0.032803180914512925
0 0.23619791666666667 0.19284294234592445 0.011979166666666667 0.027833001988071572
0 0.32864583333333336 0.19980119284294234 0.009375 0.015904572564612324
0 0.6580729166666667 0.20675944333996024 0.008854166666666666 0.027833001988071572
0 0.012239583333333333 0.21868787276341947 0.011979166666666667 0.03777335984095427
0 0.57421875 0.21868787276341947 0.018229166666666668 0.027833001988071572
0 0.15807291666666667 0.2216699801192843 0.008854166666666666 0.03180914512922465
0 0.3171875 0.24353876739562624 0.015625 0.055666003976143144
0 0.7348958333333333 0.23757455268389663 0.010416666666666666 0.03180914512922465
0 0.41302083333333334 0.23807157057654074 0.007291666666666667 0.0268389662027833
0 0.035416666666666666 0.27037773359840955 0.008333333333333333 0.015904572564612324
0 0.30104166666666665 0.279324055666004 0.008333333333333333 0.03180914512922465
0 0.41171875 0.27634194831013914 0.0067708333333333336 0.02385685884691849
0 0.1421875 0.2788270377733598 0.020833333333333332 0.02485089463220676
0 0.07317708333333334 0.2823061630218688 0.022395833333333334 0.02584493041749503
0 0.6203125 0.2962226640159046 0.020833333333333332 0.04771371769383698
0 0.8674479166666667 0.29721669980119286 0.019270833333333334 0.04970178926441352
0 0.2796875 0.2837972166998012 0.017708333333333333 0.014910536779324055
0 0.36276041666666664 0.30119284294234594 0.013020833333333334 0.02385685884691849
0 0.6856770833333333 0.3036779324055666 0.015104166666666667 0.016898608349900597
0 0.49114583333333334 0.30566600397614313 0.014583333333333334 0.010934393638170975
0 0.17578125 0.32703777335984097 0.016145833333333335 0.05168986083499006
0 0.015104166666666667 0.3106361829025845 0.007291666666666667 0.012922465208747515
0 0.3104166666666667 0.31858846918489064 0.011458333333333333 0.014910536779324055
0 0.3380208333333333 0.3320079522862823 0.011458333333333333 0.02982107355864811
0 0.3575520833333333 0.3429423459244533 0.008854166666666666 0.039761431411530816
0 0.8578125 0.3399602385685885 0.008333333333333333 0.02584493041749503
0 0.16041666666666668 0.38618290258449306 0.0125 0.02286282306163022
0 0.4864583333333333 0.3911530815109344 0.014583333333333334 0.010934393638170975
0 0.44583333333333336 0.4085487077534791 0.010416666666666666 0.017892644135188866
0 0.4317708333333333 0.43489065606361826 0.008333333333333333 0.0268389662027833
0 0.023958333333333335 0.44681908548707755 0.016666666666666666 0.03876739562624255
0 0.8903645833333333 0.44681908548707755 0.019270833333333334 0.036779324055666
0 0.9572916666666667 0.444831013916501 0.019791666666666666 0.02286282306163022
0 0.3763020833333333 0.44880715705765406 0.015104166666666667 0.0268389662027833
0 0.73984375 0.4542743538767396 0.009895833333333333 0.03180914512922465
0 0.17447916666666666 0.4801192842942346 0.0125 0.0536779324055666
0 0.44869791666666664 0.4801192842942346 0.024479166666666666 0.03578528827037773
0 0.3640625 0.47813121272365805 0.007291666666666667 0.009940357852882704
0 0.5505208333333333 0.5019880715705766 0.013541666666666667 0.02186878727634195
0 0.4309895833333333 0.5149105367793241 0.0067708333333333336 0.02982107355864811
0 0.45989583333333334 0.510934393638171 0.009375 0.017892644135188866
0 0.25859375 0.5303180914512923 0.009895833333333333 0.018886679920477135
0 0.9 0.5342942345924453 0.005208333333333333 0.02286282306163022
0 0.23411458333333332 0.5680914512922465 0.024479166666666666 0.06858846918489066
0 0.5205729166666667 0.5447316103379721 0.021354166666666667 0.013916500994035786
0 0.77890625 0.5492047713717694 0.0203125 0.012922465208747515
0 0.37994791666666666 0.5670974155069582 0.0203125 0.0268389662027833
0 0.8427083333333333 0.5790258449304175 0.021875 0.03876739562624255
0 0.35598958333333336 0.581013916500994 0.013020833333333334 0.03479125248508946
0 0.5177083333333333 0.5780318091451292 0.004166666666666667 0.0268389662027833
0 0.46953125 0.5805168986083499 0.009895833333333333 0.02186878727634195
0 0.4122395833333333 0.6023856858846919 0.005729166666666666 0.03180914512922465
0 0.12864583333333332 0.6058648111332008 0.025 0.02485089463220676
0 0.39140625 0.6083499005964215 0.0067708333333333336 0.02385685884691849
0 0.47760416666666666 0.6267395626242545 0.008333333333333333 0.02485089463220676
0 0.08020833333333334 0.6416500994035785 0.020833333333333332 0.030815109343936383
0 0.26510416666666664 0.654572564612326 0.011458333333333333 0.048707753479125246
0 0.36484375 0.6486083499005965 0.0078125 0.020874751491053677
0 0.7046875 0.6466202783300199 0.020833333333333332 0.016898608349900597
0 0.29140625 0.672962226640159 0.015104166666666667 0.05168986083499006
0 0.2484375 0.6754473161033797 0.008333333333333333 0.03479125248508946
0 0.678125 0.6843936381709742 0.008333333333333333 0.030815109343936383
0 0.4395833333333333 0.7082504970178927 0.01875 0.03479125248508946
0 0.48880208333333336 0.7584493041749503 0.011979166666666667 0.019880715705765408
0 0.8184895833333333 0.76441351888668 0.024479166666666666 0.02186878727634195
0 0.42942708333333335 0.7599403578528827 0.011979166666666667 0.008946322067594433
0 0.27760416666666665 0.7763419483101391 0.015625 0.011928429423459244
0 0.23229166666666667 0.8006958250497018 0.017708333333333333 0.0268389662027833
0 0.2864583333333333 0.8180914512922465 0.013541666666666667 0.04572564612326044
0 0.5552083333333333 0.8056660039761432 0.013541666666666667 0.014910536779324055
0 0.7494791666666667 0.831013916500994 0.015625 0.04771371769383698
0 0.4981770833333333 0.8325049701789264 0.0046875 0.03479125248508946
0 0.22760416666666666 0.882703777335984 0.010416666666666666 0.02982107355864811
0 0.43333333333333335 0.8906560636182903 0.013541666666666667 0.039761431411530816
0 0.0609375 0.9055666003976143 0.020833333333333332 0.05765407554671968
0 0.7528645833333333 0.9020874751491054 0.019270833333333334 0.032803180914512925
0 0.4513020833333333 0.9075546719681908 0.015104166666666667 0.03180914512922465
0 0.5151041666666667 0.9090457256461233 0.014583333333333334 0.02485089463220676
0 0.26666666666666666 0.9398608349900597 0.013541666666666667 0.06858846918489066
0 0.1578125 0.9602385685884692 0.013541666666666667 0.04970178926441352
0 0.20677083333333332 0.9627236580516899 0.01875 0.012922465208747515
0 0.6466145833333333 0.9622266401590457 0.015104166666666667 0.013916500994035786
0 0.303125 0.9691848906560636 0.017708333333333333 0.015904572564612324
0 0.78046875 0.9935387673956262 0.019270833333333334 0.010934393638170975