0 0.04244791666666667 0.0004970178926441351 0.044270833333333336 0.0009940357852882703
0 0.21979166666666666 0.020874751491053677 0.011458333333333333 0.017892644135188866
0 0.7661458333333333 0.02485089463220676 0.007291666666666667 0.02385685884691849
0 0.42135416666666664 0.025347912524850896 0.007291666666666667 0.018886679920477135
0 0.2903645833333333 0.04572564612326044 0.009895833333333333 0.02186878727634195
0 0.0036458333333333334 0.041749502982107355 0.00625 0.013916500994035786
0 0.11354166666666667 0.10487077534791253 0.008333333333333333 0.02286282306163022
0 0.3143229166666667 0.10984095427435388 0.0067708333333333336 0.016898608349900597
0 0.04114583333333333 0.11928429423459244 0.010416666666666666 0.02186878727634195
0 0.09140625 0.12475149105367793 0.0140625 0.014910536779324055
0 0.5296875 0.13320079522862824 0.010416666666666666 0.019880715705765408
0 0.45598958333333334 0.1341948310139165 0.0067708333333333336 0.015904572564612324
0 0.88984375 0.16998011928429424 0.008854166666666666 0.017892644135188866
0 0.15677083333333333 0.17196819085487078 0.009375 0.019880715705765408
0 0.03515625 0.1863817097415507 0.019270833333333334 0.030815109343936383
0 0.7307291666666667 0.18538767395626243 0.007291666666666667 0.02485089463220676
0 0.5325520833333334 0.19980119284294234 0.009895833333333333 0.015904572564612324
0 0.64765625 0.21272365805168986 0.011979166666666667 0.02385685884691849
0 0.56875 0.213220675944334 0.011458333333333333 0.02485089463220676
0 0.4393229166666667 0.2345924453280318 0.013020833333333334 0.02982107355864811
0 0.60546875 0.2345924453280318 0.009895833333333333 0.019880715705765408
0 0.36380208333333336 0.24552683896620278 0.025520833333333333 0.041749502982107355
0 0.05260416666666667 0.2345924453280318 0.010416666666666666 0.019880715705765408
0 0.14609375 0.23658051689860835 0.016145833333333335 0.015904572564612324
0 0.5359375 0.24552683896620278 0.010416666666666666 0.009940357852882704
0 0.29765625 0.27087475149105367 0.008854166666666666 0.02485089463220676
0 0.004166666666666667 0.26938369781312127 0.007291666666666667 0.015904572564612324
0 0.60625 0.2798210735586481 0.011458333333333333 0.008946322067594433
0 0.11927083333333334 0.31510934393638174 0.010416666666666666 0.02584493041749503
0 0.30234375 0.3136182902584493 0.015104166666666667 0.020874751491053677
0 0.8390625 0.31709741550695825 0.00625 0.013916500994035786
0 0.63125 0.3414512922465209 0.0125 0.016898608349900597
0 0.38125 0.34592445328031807 0.009375 0.013916500994035786
0 0.1921875 0.3474155069582505 0.007291666666666667 0.016898608349900597
0 0.030208333333333334 0.36182902584493043 0.03229166666666667 0.03578528827037773
0 0.0515625 0.3682902584493042 0.011458333333333333 0.03479125248508946
0 0.0046875 0.36033797216699803 0.008333333333333333 0.016898608349900597
0 0.75 0.3687872763419483 0.005208333333333333 0.02584493041749503
0 0.2830729166666667 0.3697813121272366 0.013020833333333334 0.017892644135188866
0 0.15598958333333332 0.36779324055666 0.016145833333333335 0.013916500994035786
0 0.3723958333333333 0.3687872763419483 0.013541666666666667 0.007952286282306162
0 0.17760416666666667 0.3832007952286282 0.015625 0.010934393638170975
0 0.2453125 0.39214711729622265 0.010416666666666666 0.014910536779324055
0 0.5236979166666667 0.40506958250497016 0.008854166666666666 0.032803180914512925
0 0.059375 0.40357852882703776 0.007291666666666667 0.02584493041749503
0 0.25807291666666665 0.40506958250497016 0.013020833333333334 0.016898608349900597
0 0.2799479166666667 0.43290258449304175 0.0067708333333333336 0.02286282306163022
0 0.06979166666666667 0.44582504970178927 0.0125 0.016898608349900597
0 0.9283854166666666 0.4691848906560636 0.0067708333333333336 0.02982107355864811
0 0.6666666666666666 0.4726640159045726 0.004166666666666667 0.02286282306163022
0 0.08151041666666667 0.4676938369781312 0.011979166666666667 0.014910536779324055
0 0.22838541666666667 0.47664015904572565 0.013020833333333334 0.02286282306163022
0 0.25625 0.4731610337972167 0.014583333333333334 0.009940357852882704
0 0.32421875 0.47912524850894633 0.0067708333333333336 0.015904572564612324
0 0.6067708333333334 0.4840954274353877 0.009375 0.013916500994035786
0 0.07265625 0.5004970178926441 0.0109375 0.012922465208747515
0 0.2518229166666667 0.5089463220675944 0.0067708333333333336 0.02186878727634195
0 0.3341145833333333 0.5104373757455268 0.008854166666666666 0.010934393638170975
0 0.23151041666666666 0.5412524850894632 0.011979166666666667 0.05268389662027833
0 0.20208333333333334 0.5337972166998012 0.0125 0.015904572564612324
0 0.40963541666666664 0.5323061630218688 0.0140625 0.008946322067594433
0 0.39869791666666665 0.55168986083499 0.018229166666666668 0.03180914512922465
0 0.07317708333333334 0.5561630218687873 0.009895833333333333 0.020874751491053677
0 0.19348958333333333 0.5531809145129225 0.013020833333333334 0.010934393638170975
0 0.8481770833333333 0.5680914512922465 0.0140625 0.02882703777335984
0 0.29244791666666664 0.5730616302186878 0.0067708333333333336 0.036779324055666
0 0.9026041666666667 0.5646123260437376 0.014583333333333334 0.015904572564612324
0 0.44583333333333336 0.5805168986083499 0.010416666666666666 0.03180914512922465
0 0.37786458333333334 0.5735586481113321 0.008854166666666666 0.019880715705765408
0 0.18125 0.5735586481113321 0.010416666666666666 0.019880715705765408
0 0.028645833333333332 0.5730616302186878 0.0125 0.012922465208747515
0 0.2515625 0.5869781312127237 0.011458333333333333 0.014910536779324055
0 0.4078125 0.5964214711729622 0.016666666666666666 0.02584493041749503
0 0.95 0.5974155069582505 0.008333333333333333 0.02385685884691849
0 0.007552083333333333 0.6043737574552683 0.0140625 0.02186878727634195
0 0.30052083333333335 0.6053677932405567 0.009375 0.017892644135188866
0 0.10885416666666667 0.6153081510934394 0.0125 0.03777335984095427
0 0.8723958333333334 0.6078528827037774 0.014583333333333334 0.018886679920477135
0 0.3190104166666667 0.6058648111332008 0.0109375 0.012922465208747515
0 0.47109375 0.614314115308151 0.0067708333333333336 0.015904572564612324
0 0.26640625 0.6167992047713717 0.0140625 0.010934393638170975
0 0.55625 0.6307157057654076 0.022916666666666665 0.032803180914512925
0 0.18411458333333333 0.6192842942345924 0.015104166666666667 0.009940357852882704
0 0.2872395833333333 0.6406560636182903 0.008854166666666666 0.048707753479125246
0 0.3359375 0.639662027833002 0.01875 0.02882703777335984
0 0.38567708333333334 0.6381709741550696 0.0046875 0.02186878727634195
0 0.40078125 0.6500994035785288 0.0140625 0.019880715705765408
0 0.8854166666666666 0.6560636182902585 0.008333333333333333 0.02385685884691849
0 0.0359375 0.6674950298210736 0.016666666666666666 0.042743538767395624
0 0.5205729166666667 0.6660039761431411 0.0078125 0.03578528827037773
0 0.15208333333333332 0.6620278330019881 0.011458333333333333 0.009940357852882704
0 0.38177083333333334 0.6749502982107356 0.015625 0.02982107355864811
0 0.428125 0.6714711729622267 0.008333333333333333 0.020874751491053677
0 0.34661458333333334 0.6759443339960238 0.011979166666666667 0.02982107355864811
0 0.60625 0.6829025844930418 0.0125 0.017892644135188866
0 0.4 0.6814115308151093 0.010416666666666666 0.008946322067594433
0 0.44453125 0.6973161033797217 0.0078125 0.014910536779324055
0 0.16666666666666666 0.709741550695825 0.0125 0.015904572564612324
0 0.0328125 0.7082504970178927 0.017708333333333333 0.012922465208747515
0 0.42682291666666666 0.7231610337972167 0.0109375 0.012922465208747515
0 0.31692708333333336 0.7430417495029821 0.008854166666666666 0.040755467196819085
0 0.49453125 0.7340954274353877 0.009895833333333333 0.010934393638170975
0 0.16770833333333332 0.7490059642147118 0.020833333333333332 0.03876739562624255
0 0.39453125 0.7549701789264414 0.0067708333333333336 0.032803180914512925
0 0.5578125 0.7529821073558648 0.011458333333333333 0.016898608349900597
0 0.3768229166666667 0.7569582504970179 0.0046875 0.02286282306163022
0 0.36302083333333335 0.7659045725646123 0.0125 0.032803180914512925
0 0.0640625 0.7619284294234593 0.015625 0.012922465208747515
0 0.31796875 0.782803180914513 0.011979166666666667 0.018886679920477135
0 0.4361979166666667 0.7927435387673957 0.011979166666666667 0.03479125248508946
0 0.3609375 0.794234592445328 0.020833333333333332 0.02982107355864811
0 0.9260416666666667 0.7932405566600398 0.010416666666666666 0.02584493041749503
0 0.52421875 0.8036779324055666 0.016145833333333335 0.03479125248508946
0 0.054427083333333334 0.8006958250497018 0.009895833333333333 0.02882703777335984
0 0.38046875 0.794234592445328 0.009895833333333333 0.011928429423459244
0 0.2786458333333333 0.812624254473161 0.0125 0.0268389662027833
0 0.39348958333333334 0.8290258449304175 0.0078125 0.039761431411530816
0 0.24401041666666667 0.8195825049701789 0.005729166666666666 0.020874751491053677
0 0.21276041666666667 0.8195825049701789 0.0203125 0.014910536779324055
0 0.98046875 0.8389662027833003 0.0109375 0.03777335984095427
0 0.23203125 0.8379721669980119 0.0109375 0.015904572564612324
0 0.09010416666666667 0.8518886679920478 0.016666666666666666 0.011928429423459244
0 0.3171875 0.8518886679920478 0.013541666666666667 0.007952286282306162
0 0.29010416666666666 0.8588469184890656 0.010416666666666666 0.013916500994035786
0 0.17890625 0.8628230616302187 0.011979166666666667 0.007952286282306162
0 0.33645833333333336 0.8687872763419483 0.019791666666666666 0.015904572564612324
0 0.40703125 0.8727634194831014 0.0140625 0.02186878727634195
0 0.35390625 0.8702783300198808 0.013020833333333334 0.016898608349900597
0 0.15416666666666667 0.8782306163021869 0.016666666666666666 0.030815109343936383
0 0.04583333333333333 0.8732604373757455 0.026041666666666668 0.018886679920477135
0 0.5135416666666667 0.8851888667992047 0.007291666666666667 0.030815109343936383
0 0.44114583333333335 0.8976143141153081 0.0125 0.04771371769383698
0 0.31979166666666664 0.8861829025844931 0.010416666666666666 0.012922465208747515
0 0.365625 0.9005964214711729 0.010416666666666666 0.027833001988071572
0 0.02734375 0.8936381709741551 0.0140625 0.015904572564612324
0 0.33645833333333336 0.9010934393638171 0.011458333333333333 0.02485089463220676
0 0.30416666666666664 0.8966202783300199 0.008333333333333333 0.015904572564612324
0 0.2942708333333333 0.9075546719681908 0.0125 0.017892644135188866
0 0.4627604166666667 0.9214711729622267 0.011979166666666667 0.03777335984095427
0 0.34869791666666666 0.9179920477137177 0.0109375 0.030815109343936383
0 0.159375 0.9199801192842942 0.005208333333333333 0.0268389662027833
0 0.23411458333333332 0.9249502982107356 0.0140625 0.02485089463220676
0 0.3138020833333333 0.9358846918489065 0.021354166666666667 0.02882703777335984
0 0.278125 0.9333996023856859 0.005208333333333333 0.02186878727634195
0 0.5828125 0.93389662027833 0.008333333333333333 0.020874751491053677
0 0.05755208333333333 0.9333996023856859 0.0234375 0.019880715705765408
0 0.2546875 0.9343936381709742 0.010416666666666666 0.015904572564612324
0 0.2908854166666667 0.944831013916501 0.019270833333333334 0.02286282306163022
0 0.4140625 0.9418489065606361 0.020833333333333332 0.012922465208747515
0 0.1359375 0.9468190854870775 0.016666666666666666 0.02286282306163022
0 0.37057291666666664 0.9532803180914513 0.022395833333333334 0.02186878727634195
0 0.3411458333333333 0.9512922465208747 0.008333333333333333 0.015904572564612324
0 0.5421875 0.9517892644135189 0.015625 0.008946322067594433
0 0.7427083333333333 0.9657057654075547 0.005208333333333333 0.02286282306163022
0 0.44817708333333334 0.9657057654075547 0.008854166666666666 0.02286282306163022
0 0.42942708333333335 0.967196819085487 0.015104166666666667 0.015904572564612324
0 0.15182291666666667 0.9637176938369781 0.0140625 0.008946322067594433
0 0.35390625 0.9806163021868787 0.015104166666666667 0.036779324055666
0 0.31223958333333335 0.974155069582505 0.0171875 0.02385685884691849
0 0.47317708333333336 0.9791252485089463 0.008854166666666666 0.017892644135188866
0 0.17109375 0.9751491053677932 0.011979166666666667 0.011928429423459244
0 0.4044270833333333 0.9875745526838966 0.008854166666666666 0.02286282306163022
0 0.5338541666666666 0.989065606361829 0.00625 0.019880715705765408
0 0.24088541666666666 0.9860834990059643 0.0140625 0.011928429423459244
0 0.26276041666666666 0.9910536779324056 0.015104166666666667 0.009940357852882704