0 0.20364583333333333 0.005964214711729622 0.0375 0.011928429423459244
0 0.25625 0.007952286282306162 0.011458333333333333 0.015904572564612324
0 0.38333333333333336 0.01242544731610338 0.009375 0.02485089463220676
0 0.5901041666666667 0.008449304174950299 0.009375 0.016898608349900597
0 0.08151041666666667 0.07803180914512922 0.013020833333333334 0.018886679920477135
0 0.35260416666666666 0.07554671968190854 0.00625 0.013916500994035786
0 0.8263020833333333 0.10288270377733598 0.019270833333333334 0.030815109343936383
0 0.4010416666666667 0.1073558648111332 0.005208333333333333 0.027833001988071572
0 0.13619791666666667 0.10685884691848907 0.013020833333333334 0.02286282306163022
0 0.3580729166666667 0.11182902584493042 0.018229166666666668 0.02485089463220676
0 0.22083333333333333 0.1341948310139165 0.026041666666666668 0.03180914512922465
0 0.4510416666666667 0.1272365805168986 0.008333333333333333 0.017892644135188866
0 0.9932291666666667 0.15208747514910537 0.0125 0.03777335984095427
0 0.11015625 0.16749502982107356 0.008854166666666666 0.02485089463220676
0 0.34270833333333334 0.17246520874751492 0.017708333333333333 0.032803180914512925
0 0.41302083333333334 0.21570576540755468 0.020833333333333332 0.08548707753479125
0 0.26875 0.18986083499005965 0.019791666666666666 0.02982107355864811
0 0.31536458333333334 0.19234592445328033 0.016145833333333335 0.032803180914512925
0 0.23828125 0.22664015904572565 0.015104166666666667 0.041749502982107355
0 0.33828125 0.2271371769383698 0.018229166666666668 0.012922465208747515
0 0.9966145833333333 0.2659045725646123 0.005729166666666666 0.03479125248508946
0 0.37473958333333335 0.2659045725646123 0.016145833333333335 0.02286282306163022
0 0.02890625 0.27485089463220674 0.0203125 0.03479125248508946
0 0.30520833333333336 0.27634194831013914 0.021875 0.03180914512922465
0 0.047135416666666666 0.2957256461232604 0.022395833333333334 0.042743538767395624
0 0.9763020833333333 0.30119284294234594 0.009895833333333333 0.015904572564612324
0 0.3078125 0.31411530815109345 0.010416666666666666 0.027833001988071572
0 0.4080729166666667 0.3349900596421471 0.016145833333333335 0.05765407554671968
0 0.33619791666666665 0.3508946322067594 0.005729166666666666 0.015904572564612324
0 0.36432291666666666 0.3628230616302187 0.0109375 0.03578528827037773
0 0.4083333333333333 0.3802186878727634 0.017708333333333333 0.012922465208747515
0 0.7791666666666667 0.39015904572564614 0.013541666666666667 0.02882703777335984
0 0.23541666666666666 0.39015904572564614 0.020833333333333332 0.016898608349900597
0 0.26458333333333334 0.38767395626242546 0.008333333333333333 0.013916500994035786
0 0.334375 0.397117296222664 0.010416666666666666 0.030815109343936383
0 0.5572916666666666 0.4110337972166998 0.014583333333333334 0.02882703777335984
0 0.0018229166666666667 0.4165009940357853 0.0036458333333333334 0.02186878727634195
0 0.2552083333333333 0.4259443339960239 0.00625 0.02485089463220676
0 0.3763020833333333 0.4294234592445328 0.0109375 0.033797216699801194
0 0.45260416666666664 0.4269383697813121 0.008333333333333333 0.018886679920477135
0 0.465625 0.4577534791252485 0.011458333333333333 0.032803180914512925
0 0.3619791666666667 0.46570576540755465 0.015625 0.02882703777335984
0 0.22005208333333334 0.46819085487077533 0.0109375 0.015904572564612324
0 0.2604166666666667 0.47365805168986086 0.015625 0.0268389662027833
0 0.28984375 0.4711729622266402 0.0171875 0.013916500994035786
0 0.20364583333333333 0.4860834990059642 0.009375 0.03777335984095427
0 0.4510416666666667 0.48061630218687873 0.011458333333333333 0.02485089463220676
0 0.9286458333333333 0.48906560636182905 0.016666666666666666 0.027833001988071572
0 0.3880208333333333 0.48906560636182905 0.008333333333333333 0.019880715705765408
0 0.59140625 0.48906560636182905 0.011979166666666667 0.015904572564612324
0 0.35598958333333336 0.5029821073558648 0.009895833333333333 0.03777335984095427
0 0.2864583333333333 0.5044731610337972 0.015625 0.032803180914512925
0 0.3919270833333333 0.5124254473161034 0.015104166666666667 0.030815109343936383
0 0.3190104166666667 0.5129224652087475 0.021354166666666667 0.027833001988071572
0 0.4471354166666667 0.5283300198807157 0.0203125 0.04671968190854871
0 0.46875 0.5362823061630219 0.014583333333333334 0.02286282306163022
0 0.32421875 0.5511928429423459 0.015104166666666667 0.016898608349900597
0 0.8565104166666667 0.5546719681908548 0.021354166666666667 0.02584493041749503
0 0.23385416666666667 0.5576540755467196 0.00625 0.02584493041749503
0 0.46145833333333336 0.5601391650099403 0.014583333333333334 0.016898608349900597
0 0.4002604166666667 0.5790258449304175 0.0078125 0.032803180914512925
0 0.35078125 0.5800198807157058 0.0067708333333333336 0.030815109343936383
0 0.38177083333333334 0.5800198807157058 0.007291666666666667 0.014910536779324055
0 0.38776041666666666 0.6113320079522863 0.0171875 0.015904572564612324
0 0.42734375 0.6341948310139165 0.022395833333333334 0.039761431411530816
0 0.84453125 0.6307157057654076 0.019270833333333334 0.02286282306163022
0 0.37109375 0.6322067594433399 0.018229166666666668 0.02186878727634195
0 0.14453125 0.6764413518886679 0.013020833333333334 0.0268389662027833
0 0.4158854166666667 0.6804174950298211 0.019270833333333334 0.030815109343936383
0 0.43515625 0.6814115308151093 0.009895833333333333 0.02286282306163022
0 0.53828125 0.7052683896620279 0.011979166666666667 0.036779324055666
0 0.40625 0.713220675944334 0.017708333333333333 0.03479125248508946
0 0.26666666666666666 0.7122266401590457 0.007291666666666667 0.010934393638170975
0 0.45625 0.7152087475149106 0.010416666666666666 0.016898608349900597
0 0.371875 0.7296222664015904 0.020833333333333332 0.041749502982107355
0 0.20911458333333333 0.7281312127236581 0.009895833333333333 0.032803180914512925
0 0.47265625 0.73558648111332 0.024479166666666666 0.02982107355864811
0 0.2638020833333333 0.7326043737574552 0.0067708333333333336 0.019880715705765408
0 0.38359375 0.7480119284294234 0.005729166666666666 0.020874751491053677
0 0.5114583333333333 0.7793240556660039 0.027083333333333334 0.033797216699801194
0 0.2526041666666667 0.7813121272365805 0.01875 0.02385685884691849
0 0.51640625 0.8170974155069582 0.008854166666666666 0.033797216699801194
0 0.909375 0.8230616302186878 0.030208333333333334 0.039761431411530816
0 0.49244791666666665 0.8136182902584493 0.015104166666666667 0.008946322067594433
0 0.4359375 0.8275347912524851 0.009375 0.02882703777335984
0 0.46979166666666666 0.8290258449304175 0.009375 0.013916500994035786
0 0.26875 0.8518886679920478 0.013541666666666667 0.027833001988071572
0 0.5033854166666667 0.8538767395626242 0.025520833333333333 0.03180914512922465
0 0.24244791666666668 0.8623260437375746 0.005729166666666666 0.03479125248508946
0 0.18880208333333334 0.9130218687872763 0.011979166666666667 0.03479125248508946
0 0.32265625 0.9333996023856859 0.011979166666666667 0.03777335984095427
0 0.421875 0.9368787276341949 0.009375 0.032803180914512925