0 0.3921875 0.04771371769383698 0.01875 0.04970178926441352
0 0.45729166666666665 0.05069582504970179 0.013541666666666667 0.03180914512922465
0 0.35104166666666664 0.06660039761431412 0.008333333333333333 0.015904572564612324
0 0.21927083333333333 0.08250497017892644 0.010416666666666666 0.033797216699801194
0 0.8997395833333334 0.08250497017892644 0.019270833333333334 0.02982107355864811
0 0.4661458333333333 0.08101391650099403 0.011458333333333333 0.012922465208747515
0 0.43072916666666666 0.13568588469184892 0.0125 0.020874751491053677
0 0.40989583333333335 0.16351888667992048 0.019791666666666666 0.04671968190854871
0 0.7661458333333333 0.17246520874751492 0.023958333333333335 0.016898608349900597
0 0.34010416666666665 0.2062624254473161 0.022916666666666665 0.030815109343936383
0 0.76640625 0.20278330019880716 0.018229166666666668 0.013916500994035786
0 0.37447916666666664 0.20427435387673956 0.010416666666666666 0.010934393638170975
0 0.20052083333333334 0.2147117296222664 0.01875 0.02385685884691849
0 0.15286458333333333 0.23409542743538767 0.013020833333333334 0.03876739562624255
0 0.40729166666666666 0.22365805168986083 0.009375 0.009940357852882704
0 0.18541666666666667 0.23757455268389663 0.011458333333333333 0.02982107355864811
0 0.4140625 0.24751491053677932 0.008333333333333333 0.027833001988071572
0 0.38697916666666665 0.2673956262425447 0.029166666666666667 0.04572564612326044
0 0.16848958333333333 0.2932405566600398 0.0234375 0.041749502982107355
0 0.34010416666666665 0.30119284294234594 0.014583333333333334 0.033797216699801194
0 0.4140625 0.3101391650099404 0.009375 0.02186878727634195
0 0.8627604166666667 0.31709741550695825 0.005729166666666666 0.019880715705765408
0 0.4166666666666667 0.3523856858846918 0.013541666666666667 0.04473161033797217
0 0.32916666666666666 0.3499005964214712 0.015625 0.03578528827037773
0 0.3546875 0.35636182902584496 0.022916666666666665 0.016898608349900597
0 0.22994791666666667 0.3742544731610338 0.025520833333333333 0.02882703777335984
0 0.28958333333333336 0.4010934393638171 0.014583333333333334 0.03479125248508946
0 0.27005208333333336 0.4000994035785288 0.019270833333333334 0.030815109343936383
0 0.3515625 0.3981113320079523 0.0125 0.02485089463220676
0 0.10807291666666667 0.41302186878727637 0.019270833333333334 0.042743538767395624
0 0.21354166666666666 0.41848906560636184 0.028125 0.05168986083499006
0 0.3658854166666667 0.43687872763419483 0.0234375 0.030815109343936383
0 0.7427083333333333 0.4696819085487077 0.017708333333333333 0.042743538767395624
0 0.23020833333333332 0.470675944333996 0.019791666666666666 0.0268389662027833
0 0.2640625 0.4801192842942346 0.016666666666666666 0.019880715705765408
0 0.33619791666666665 0.5039761431411531 0.0109375 0.02186878727634195
0 0.375 0.5352882703777336 0.013541666666666667 0.03876739562624255
0 0.47161458333333334 0.5472166998011928 0.018229166666666668 0.040755467196819085
0 0.23619791666666667 0.5656063618290258 0.015104166666666667 0.0437375745526839
0 0.09973958333333334 0.5611332007952287 0.011979166666666667 0.010934393638170975
0 0.5372395833333333 0.5834990059642147 0.013020833333333334 0.03180914512922465
0 0.44479166666666664 0.5949304174950298 0.019791666666666666 0.040755467196819085
0 0.08619791666666667 0.6018886679920478 0.0067708333333333336 0.05268389662027833
0 0.13723958333333333 0.602882703777336 0.024479166666666666 0.03479125248508946
0 0.3625 0.6088469184890656 0.00625 0.02882703777335984
0 0.28203125 0.6277335984095428 0.0234375 0.040755467196819085
0 0.16692708333333334 0.6262425447316103 0.008854166666666666 0.013916500994035786
0 0.509375 0.6520874751491054 0.008333333333333333 0.019880715705765408
0 0.39947916666666666 0.6560636182902585 0.007291666666666667 0.013916500994035786
0 0.38046875 0.6878727634194831 0.0265625 0.03777335984095427
0 0.4088541666666667 0.6908548707753479 0.015625 0.027833001988071572
0 0.44192708333333336 0.6903578528827038 0.015104166666666667 0.02286282306163022
0 0.31302083333333336 0.717196819085487 0.008333333333333333 0.0268389662027833
0 0.38229166666666664 0.7370775347912525 0.014583333333333334 0.04473161033797217
0 0.17734375 0.7435387673956262 0.016145833333333335 0.03777335984095427
0 0.60546875 0.7380715705765407 0.005729166666666666 0.02286282306163022
0 0.19739583333333333 0.7614314115308151 0.010416666666666666 0.007952286282306162
0 0.04114583333333333 0.7788270377733598 0.00625 0.036779324055666
0 0.05911458333333333 0.8334990059642147 0.028645833333333332 0.08250497017892644
0 0.16901041666666666 0.8533797216699801 0.0140625 0.05268389662027833
0 0.15052083333333333 0.8757455268389662 0.020833333333333332 0.041749502982107355
0 0.3890625 0.8717693836978131 0.017708333333333333 0.011928429423459244
0 0.8026041666666667 0.8782306163021869 0.00625 0.02485089463220676
0 0.071875 0.8886679920477137 0.019791666666666666 0.033797216699801194
0 0.17421875 0.8981113320079522 0.013020833333333334 0.02286282306163022
0 0.33932291666666664 0.9204771371769384 0.0140625 0.027833001988071572
0 0.017447916666666667 0.9214711729622267 0.011979166666666667 0.02186878727634195
0 0.44973958333333336 0.9234592445328031 0.013020833333333334 0.02584493041749503
0 0.11197916666666667 0.9403578528827038 0.017708333333333333 0.02186878727634195
0 0.6369791666666667 0.9443339960238568 0.011458333333333333 0.013916500994035786