0 0.903125 0.009443339960238568 0.013541666666666667 0.018886679920477135
0 0.9953125 0.031312127236580514 0.009375 0.032803180914512925
0 0.6625 0.027833001988071572 0.008333333333333333 0.017892644135188866
0 0.69921875 0.05268389662027833 0.005729166666666666 0.02385685884691849
0 0.7658854166666667 0.08548707753479125 0.0067708333333333336 0.027833001988071572
0 0.18723958333333332 0.08846918489065607 0.0203125 0.017892644135188866
0 0.9799479166666667 0.09840954274353876 0.008854166666666666 0.02385685884691849
0 0.8229166666666666 0.11679920477137178 0.015625 0.016898608349900597
0 0.5247395833333334 0.16550695825049702 0.011979166666666667 0.018886679920477135
0 0.2557291666666667 0.19135188866799205 0.008333333333333333 0.02485089463220676
0 0.53203125 0.20576540755467196 0.0067708333333333336 0.015904572564612324
0 0.0234375 0.21123260437375746 0.0125 0.020874751491053677
0 0.04739583333333333 0.21421471172962225 0.020833333333333332 0.02286282306163022
0 0.546875 0.220675944333996 0.01875 0.013916500994035786
0 0.8442708333333333 0.24254473161033796 0.017708333333333333 0.02186878727634195
0 0.8247395833333333 0.26938369781312127 0.009895833333333333 0.013916500994035786
0 0.88203125 0.2813121272365805 0.008854166666666666 0.02186878727634195
0 0.3026041666666667 0.27634194831013914 0.007291666666666667 0.013916500994035786
0 0.16119791666666666 0.2778330019880716 0.005729166666666666 0.014910536779324055
0 0.7171875 0.2932405566600398 0.0125 0.013916500994035786
0 0.8901041666666667 0.3036779324055666 0.011458333333333333 0.014910536779324055
0 0.33932291666666664 0.3260437375745527 0.0078125 0.015904572564612324
0 0.5731770833333333 0.4070576540755467 0.0067708333333333336 0.036779324055666
0 0.7002604166666667 0.4105367793240557 0.0078125 0.02385685884691849
0 0.63984375 0.4542743538767396 0.005729166666666666 0.019880715705765408
0 0.5830729166666667 0.4870775347912525 0.011979166666666667 0.019880715705765408
0 0.5947916666666667 0.4855864811133201 0.008333333333333333 0.010934393638170975
0 0.60390625 0.5034791252485089 0.0078125 0.03479125248508946
0 0.6494791666666667 0.4975149105367793 0.008333333333333333 0.018886679920477135
0 0.6234375 0.5173956262425448 0.008333333333333333 0.0268389662027833
0 0.6325520833333333 0.5397614314115308 0.009895833333333333 0.027833001988071572
0 0.14088541666666668 0.5492047713717694 0.008854166666666666 0.02485089463220676
0 0.6098958333333333 0.5492047713717694 0.011458333333333333 0.012922465208747515
0 0.017708333333333333 0.5994035785288271 0.0125 0.02385685884691849
0 0.7630208333333334 0.6167992047713717 0.009375 0.018886679920477135
0 0.8471354166666667 0.6426441351888668 0.0067708333333333336 0.014910536779324055
0 0.025 0.6486083499005965 0.009375 0.0268389662027833
0 0.9104166666666667 0.6674950298210736 0.009375 0.016898608349900597
0 0.5802083333333333 0.6853876739562624 0.013541666666666667 0.02485089463220676
0 0.9768229166666667 0.7052683896620279 0.0203125 0.012922465208747515
0 0.84765625 0.7410536779324056 0.005729166666666666 0.020874751491053677
0 0.87109375 0.7430417495029821 0.0078125 0.020874751491053677
0 0.903125 0.786779324055666 0.011458333333333333 0.042743538767395624
0 0.8255208333333334 0.7992047713717694 0.011458333333333333 0.015904572564612324
0 0.509375 0.8101391650099403 0.009375 0.013916500994035786
0 0.30546875 0.8250497017892644 0.0067708333333333336 0.009940357852882704
0 0.7208333333333333 0.8772365805168986 0.014583333333333334 0.036779324055666
0 0.8841145833333334 0.9234592445328031 0.0067708333333333336 0.011928429423459244
0 0.85 0.9343936381709742 0.007291666666666667 0.015904572564612324
0 0.9703125 0.9428429423459245 0.014583333333333334 0.012922465208747515
0 0.9091145833333333 0.9577534791252486 0.0203125 0.040755467196819085
0 0.93046875 0.963220675944334 0.015104166666666667 0.02186878727634195
0 0.6950520833333333 0.9706759443339961 0.013020833333333334 0.03479125248508946
0 0.9859375 0.9691848906560636 0.008333333333333333 0.011928429423459244
0 0.4984375 0.9940357852882704 0.007291666666666667 0.009940357852882704