0 0.33697916666666666 0.0034791252485089465 0.0375 0.006958250497017893
0 0.41770833333333335 0.014910536779324055 0.042708333333333334 0.02982107355864811
0 0.48671875 0.012922465208747515 0.08177083333333333 0.02584493041749503
0 0.6244791666666667 0.010437375745526839 0.05625 0.020874751491053677
0 0.6901041666666666 0.0014910536779324055 0.06770833333333333 0.002982107355864811
0 0.75703125 0.01341948310139165 0.0609375 0.0268389662027833
0 0.88359375 0.010437375745526839 0.0640625 0.020874751491053677
0 0.04869791666666667 0.01341948310139165 0.0067708333333333336 0.012922465208747515
0 0.6640625 0.029324055666003976 0.00625 0.020874751491053677
0 0.82734375 0.03777335984095427 0.016145833333333335 0.03777335984095427
0 0.41458333333333336 0.027833001988071572 0.011458333333333333 0.013916500994035786
0 0.20963541666666666 0.05168986083499006 0.015104166666666667 0.02584493041749503
0 0.56953125 0.05864811133200795 0.03802083333333333 0.03180914512922465
0 0.6244791666666667 0.05666003976143141 0.011458333333333333 0.017892644135188866
0 0.7299479166666667 0.07703777335984095 0.0109375 0.04473161033797217
0 0.91015625 0.06510934393638171 0.0109375 0.018886679920477135
0 0.96875 0.06958250497017893 0.009375 0.019880715705765408
0 0.8393229166666667 0.08151093439363817 0.011979166666666667 0.033797216699801194
0 0.9434895833333333 0.08797216699801193 0.016145833333333335 0.02882703777335984
0 0.68828125 0.09741550695825049 0.009895833333333333 0.03180914512922465
0 0.33932291666666664 0.12127236580516898 0.0109375 0.0536779324055666
0 0.865625 0.10238568588469185 0.007291666666666667 0.015904572564612324
0 0.453125 0.10288270377733598 0.009375 0.012922465208747515
0 0.06276041666666667 0.11779324055666004 0.015104166666666667 0.03876739562624255
0 0.9763020833333333 0.10984095427435388 0.009895833333333333 0.016898608349900597
0 0.07864583333333333 0.11133200795228629 0.008333333333333333 0.017892644135188866
0 0.43515625 0.12972166998011928 0.021354166666666667 0.036779324055666
0 0.9955729166666667 0.13220675944333996 0.0078125 0.0437375745526839
0 0.28463541666666664 0.12326043737574553 0.022395833333333334 0.019880715705765408
0 0.7114583333333333 0.12524850894632206 0.022916666666666665 0.019880715705765408
0 0.8231770833333333 0.13021868787276342 0.008854166666666666 0.02186878727634195
0 0.378125 0.14463220675944333 0.010416666666666666 0.042743538767395624
0 0.97890625 0.13568588469184892 0.009895833333333333 0.02286282306163022
0 0.05 0.1426441351888668 0.015625 0.016898608349900597
0 0.86484375 0.1466202783300199 0.022395833333333334 0.02485089463220676
0 0.5018229166666667 0.1595427435387674 0.015104166666666667 0.02882703777335984
0 0.07369791666666667 0.19035785288270377 0.0421875 0.08846918489065607
0 0.8572916666666667 0.16749502982107356 0.017708333333333333 0.02485089463220676
0 0.013541666666666667 0.16600397614314116 0.008333333333333333 0.013916500994035786
0 0.27421875 0.17147117296222664 0.015104166666666667 0.0268389662027833
0 0.9966145833333333 0.1709741550695825 0.005729166666666666 0.02385685884691849
0 0.45807291666666666 0.16898608349900596 0.008854166666666666 0.017892644135188866
0 0.6268229166666667 0.1754473161033797 0.0078125 0.02485089463220676
0 0.21614583333333334 0.17892644135188868 0.021875 0.02982107355864811
0 0.4466145833333333 0.18290258449304175 0.0109375 0.02982107355864811
0 0.7208333333333333 0.20228628230616302 0.028125 0.03876739562624255
0 0.93125 0.19532803180914513 0.008333333333333333 0.016898608349900597
0 0.9966145833333333 0.19980119284294234 0.005729166666666666 0.02186878727634195
0 0.7 0.19831013916500995 0.007291666666666667 0.014910536779324055
0 0.9018229166666667 0.2062624254473161 0.0109375 0.030815109343936383
0 0.8375 0.20427435387673956 0.013541666666666667 0.02485089463220676
0 0.9182291666666667 0.2077534791252485 0.014583333333333334 0.03180914512922465
0 0.3143229166666667 0.20278330019880716 0.015104166666666667 0.013916500994035786
0 0.6236979166666666 0.21769383697813122 0.009895833333333333 0.0437375745526839
0 0.74765625 0.21371769383697814 0.028645833333333332 0.033797216699801194
0 0.14296875 0.2231610337972167 0.011979166666666667 0.036779324055666
0 0.8192708333333333 0.22415506958250497 0.015625 0.032803180914512925
0 0.52578125 0.22216699801192843 0.0265625 0.020874751491053677
0 0.890625 0.22465208747514911 0.007291666666666667 0.015904572564612324
0 0.04739583333333333 0.23757455268389663 0.010416666666666666 0.033797216699801194
0 0.35833333333333334 0.2276341948310139 0.007291666666666667 0.015904572564612324
0 0.9494791666666667 0.2355864811133201 0.011458333333333333 0.009940357852882704
0 0.16953125 0.25745526838966204 0.013020833333333334 0.04771371769383698
0 0.3651041666666667 0.2524850894632207 0.007291666666666667 0.03777335984095427
0 0.8403645833333333 0.2430417495029821 0.0078125 0.016898608349900597
0 0.3515625 0.24204771371769385 0.00625 0.012922465208747515
0 0.76015625 0.24353876739562624 0.008854166666666666 0.015904572564612324
0 0.0033854166666666668 0.26938369781312127 0.0067708333333333336 0.0636182902584493
0 0.12213541666666666 0.25198807157057657 0.008854166666666666 0.02882703777335984
0 0.9864583333333333 0.2678926441351889 0.026041666666666668 0.06063618290258449
0 0.6684895833333333 0.26093439363817095 0.011979166666666667 0.0268389662027833
0 0.035416666666666666 0.2614314115308151 0.015625 0.017892644135188866
0 0.8247395833333333 0.2639165009940358 0.0078125 0.02286282306163022
0 0.9236979166666667 0.26093439363817095 0.0140625 0.016898608349900597
0 0.14895833333333333 0.2673956262425447 0.008333333333333333 0.02186878727634195
0 0.13515625 0.27087475149105367 0.005729166666666666 0.0268389662027833
0 0.9763020833333333 0.2837972166998012 0.009895833333333333 0.014910536779324055
0 0.209375 0.29870775347912526 0.0125 0.040755467196819085
0 0.13072916666666667 0.2992047713717694 0.0125 0.019880715705765408
0 0.9963541666666667 0.3071570576540755 0.00625 0.03180914512922465
0 0.6307291666666667 0.3101391650099404 0.00625 0.033797216699801194
0 0.32005208333333335 0.30218687872763417 0.015104166666666667 0.013916500994035786
0 0.14036458333333332 0.31759443339960236 0.0078125 0.02882703777335984
0 0.13177083333333334 0.3210735586481113 0.010416666666666666 0.015904572564612324
0 0.2559895833333333 0.334493041749503 0.022395833333333334 0.040755467196819085
0 0.08697916666666666 0.3389662027833002 0.015625 0.039761431411530816
0 0.05963541666666667 0.36033797216699803 0.024479166666666666 0.05666003976143141
0 0.9463541666666667 0.33697813121272363 0.008333333333333333 0.011928429423459244
0 0.0033854166666666668 0.34095427435387676 0.0067708333333333336 0.013916500994035786
0 0.19947916666666668 0.34393638170974156 0.023958333333333335 0.02186878727634195
0 0.6083333333333333 0.34840954274353875 0.009375 0.030815109343936383
0 0.925 0.3429423459244533 0.013541666666666667 0.013916500994035786
0 0.5567708333333333 0.35636182902584496 0.015625 0.02485089463220676
0 0.15833333333333333 0.37673956262425445 0.013541666666666667 0.04572564612326044
0 0.18255208333333334 0.3663021868787276 0.0109375 0.02286282306163022
0 0.22369791666666666 0.37475149105367794 0.0171875 0.039761431411530816
0 0.8697916666666666 0.37673956262425445 0.017708333333333333 0.02982107355864811
0 0.40572916666666664 0.38220675944334 0.013541666666666667 0.030815109343936383
0 0.007552083333333333 0.40208747514910537 0.015104166666666667 0.05666003976143141
0 0.31302083333333336 0.40506958250497016 0.0125 0.014910536779324055
0 0.48125 0.4304174950298211 0.009375 0.039761431411530816
0 0.3684895833333333 0.43240556660039764 0.0109375 0.027833001988071572
0 0.33125 0.45278330019880714 0.016666666666666666 0.040755467196819085
0 0.3875 0.44980119284294234 0.016666666666666666 0.012922465208747515
0 0.353125 0.4587475149105368 0.017708333333333333 0.02485089463220676
0 0.21380208333333334 0.48061630218687873 0.008854166666666666 0.03479125248508946
0 0.9333333333333333 0.4860834990059642 0.030208333333333334 0.04771371769383698
0 0.3651041666666667 0.49254473161033796 0.015625 0.030815109343936383
0 0.24375 0.49502982107355864 0.011458333333333333 0.02385685884691849
0 0.3255208333333333 0.4900596421471173 0.007291666666666667 0.013916500994035786
0 0.2671875 0.507455268389662 0.022916666666666665 0.04473161033797217
0 0.58046875 0.49652087475149104 0.0234375 0.020874751491053677
0 0.015625 0.5114314115308151 0.021875 0.036779324055666
0 0.10026041666666667 0.5298210735586482 0.0203125 0.02584493041749503
0 0.9953125 0.5467196819085487 0.008333333333333333 0.04771371769383698
0 0.43984375 0.5511928429423459 0.0109375 0.036779324055666
0 0.42864583333333334 0.5417495029821073 0.00625 0.015904572564612324
0 0.7643229166666666 0.5452286282306164 0.018229166666666668 0.02286282306163022
0 0.27578125 0.5715705765407555 0.0078125 0.02385685884691849
0 0.5171875 0.5834990059642147 0.014583333333333334 0.017892644135188866
0 0.04088541666666667 0.6262425447316103 0.0171875 0.09542743538767395
0 0.9098958333333333 0.5904572564612326 0.014583333333333334 0.02385685884691849
0 0.5442708333333334 0.606858846918489 0.015625 0.02485089463220676
0 0.4088541666666667 0.6341948310139165 0.009375 0.03578528827037773
0 0.37942708333333336 0.6302186878727635 0.019270833333333334 0.02385685884691849
0 0.06744791666666666 0.6436381709741551 0.0265625 0.048707753479125246
0 0.32473958333333336 0.6336978131212724 0.0067708333333333336 0.010934393638170975
0 0.33932291666666664 0.6625248508946322 0.013020833333333334 0.020874751491053677
0 0.44140625 0.6679920477137177 0.016145833333333335 0.02385685884691849
0 0.4078125 0.6794234592445328 0.010416666666666666 0.040755467196819085
0 0.10598958333333333 0.6739562624254473 0.025520833333333333 0.019880715705765408
0 0.20234375 0.6918489065606361 0.009895833333333333 0.04572564612326044
0 0.4557291666666667 0.6933399602385686 0.0125 0.0268389662027833
0 0.39427083333333335 0.7191848906560636 0.011458333333333333 0.040755467196819085
0 0.4627604166666667 0.7365805168986084 0.0109375 0.0437375745526839
0 0.30520833333333336 0.7504970178926441 0.01875 0.02982107355864811
0 0.26848958333333334 0.7629224652087475 0.022395833333333334 0.02286282306163022
0 0.3572916666666667 0.7733598409542743 0.020833333333333332 0.02584493041749503
0 0.9018229166666667 0.7922465208747514 0.028645833333333332 0.039761431411530816
0 0.27760416666666665 0.7932405566600398 0.019791666666666666 0.03777335984095427
0 0.3609375 0.812624254473161 0.019791666666666666 0.05268389662027833
0 0.3065104166666667 0.812624254473161 0.0140625 0.0268389662027833
0 0.21484375 0.8245526838966203 0.009895833333333333 0.042743538767395624
0 0.39088541666666665 0.8414512922465208 0.016145833333333335 0.040755467196819085
0 0.19817708333333334 0.8503976143141153 0.0203125 0.032803180914512925
0 0.75703125 0.8653081510934394 0.0171875 0.042743538767395624
0 0.6783854166666666 0.8797216699801192 0.019270833333333334 0.03180914512922465
0 0.38125 0.9015904572564613 0.0125 0.04572564612326044
0 0.33125 0.8986083499005965 0.013541666666666667 0.017892644135188866
0 0.9307291666666667 0.915506958250497 0.014583333333333334 0.05168986083499006
0 0.9989583333333333 0.9319085487077535 0.0010416666666666667 0.05467196819085487