0 0.58359375 0.015407554671968192 0.005729166666666666 0.030815109343936383
0 0.20260416666666667 0.015904572564612324 0.008333333333333333 0.03180914512922465
0 0.9197916666666667 0.032803180914512925 0.019791666666666666 0.04771371769383698
0 0.25807291666666665 0.02982107355864811 0.015104166666666667 0.033797216699801194
0 0.5393229166666667 0.073558648111332 0.0203125 0.013916500994035786
0 0.8036458333333333 0.0805168986083499 0.014583333333333334 0.02385685884691849
0 0.9338541666666667 0.1341948310139165 0.01875 0.02385685884691849
0 0.7161458333333334 0.2047713717693837 0.016666666666666666 0.015904572564612324
0 0.6520833333333333 0.21073558648111332 0.021875 0.02385685884691849
0 0.7708333333333334 0.21570576540755468 0.015625 0.013916500994035786
0 0.7388020833333333 0.23359840954274355 0.018229166666666668 0.011928429423459244
0 0.22942708333333334 0.24403578528827038 0.0078125 0.032803180914512925
0 0.6786458333333333 0.24950298210735586 0.016666666666666666 0.011928429423459244
0 0.44869791666666664 0.2644135188866799 0.008854166666666666 0.02982107355864811
0 0.7260416666666667 0.2788270377733598 0.015625 0.020874751491053677
0 0.6346354166666667 0.297713717693837 0.019270833333333334 0.048707753479125246
0 0.45859375 0.297713717693837 0.013020833333333334 0.02485089463220676
0 0.85234375 0.3290258449304175 0.028645833333333332 0.04572564612326044
0 0.6859375 0.3320079522862823 0.015625 0.04771371769383698
0 0.9072916666666667 0.3290258449304175 0.023958333333333335 0.02385685884691849
0 0.058333333333333334 0.341948310139165 0.007291666666666667 0.03180914512922465
0 0.58984375 0.34542743538767395 0.008854166666666666 0.032803180914512925
0 0.4953125 0.3548707753479125 0.025 0.017892644135188866
0 0.04739583333333333 0.3742544731610338 0.011458333333333333 0.0268389662027833
0 0.88203125 0.3697813121272366 0.005729166666666666 0.013916500994035786
0 0.6731770833333334 0.378727634194831 0.027604166666666666 0.03180914512922465
0 0.5153645833333333 0.37773359840954274 0.0067708333333333336 0.013916500994035786
0 0.07239583333333334 0.38767395626242546 0.016666666666666666 0.027833001988071572
0 0.72890625 0.4000994035785288 0.022395833333333334 0.0268389662027833
0 0.6869791666666667 0.3976143141153082 0.010416666666666666 0.009940357852882704
0 0.68984375 0.41451292246520877 0.0109375 0.017892644135188866
0 0.7036458333333333 0.42047713717693835 0.011458333333333333 0.019880715705765408
0 0.8260416666666667 0.43190854870775347 0.009375 0.03876739562624255
0 0.7958333333333333 0.41998011928429424 0.009375 0.014910536779324055
0 0.63984375 0.43240556660039764 0.016145833333333335 0.033797216699801194
0 0.60859375 0.4279324055666004 0.0171875 0.012922465208747515
0 0.6947916666666667 0.45129224652087474 0.017708333333333333 0.02385685884691849
0 0.8588541666666667 0.4602385685884692 0.019791666666666666 0.033797216699801194
0 0.7098958333333333 0.455765407554672 0.010416666666666666 0.020874751491053677
0 0.8072916666666666 0.46371769383697814 0.013541666666666667 0.010934393638170975
0 0.7815104166666667 0.4726640159045726 0.011979166666666667 0.02485089463220676
0 0.64921875 0.4696819085487077 0.021354166666666667 0.018886679920477135
0 0.6674479166666667 0.470675944333996 0.0067708333333333336 0.010934393638170975
0 0.7502604166666667 0.47813121272365805 0.008854166666666666 0.009940357852882704
0 0.98203125 0.4995029821073559 0.009895833333333333 0.03876739562624255
0 0.5958333333333333 0.5139165009940357 0.009375 0.02584493041749503
0 0.10963541666666667 0.5119284294234593 0.022395833333333334 0.02385685884691849
0 0.66953125 0.5392644135188867 0.028645833333333332 0.06262425447316103
0 0.7736979166666667 0.5397614314115308 0.0296875 0.05168986083499006
0 0.4192708333333333 0.5233598409542743 0.020833333333333332 0.014910536779324055
0 0.6473958333333333 0.5482107355864811 0.007291666666666667 0.030815109343936383
0 0.6046875 0.5382703777335984 0.011458333333333333 0.008946322067594433
0 0.6291666666666667 0.55168986083499 0.009375 0.019880715705765408
0 0.7244791666666667 0.5596421471172962 0.01875 0.02385685884691849
0 0.8096354166666667 0.5656063618290258 0.021354166666666667 0.017892644135188866
0 0.8932291666666666 0.6093439363817097 0.020833333333333332 0.02584493041749503
0 0.6619791666666667 0.6307157057654076 0.028125 0.05268389662027833
0 0.5604166666666667 0.610337972166998 0.0125 0.009940357852882704
0 0.5703125 0.6416500994035785 0.021875 0.018886679920477135
0 0.7736979166666667 0.679920477137177 0.022395833333333334 0.05964214711729622
0 0.62109375 0.672962226640159 0.0171875 0.04771371769383698
0 0.40390625 0.6719681908548708 0.0067708333333333336 0.027833001988071572
0 0.44869791666666664 0.6973161033797217 0.011979166666666667 0.03876739562624255
0 0.7528645833333333 0.6993041749502982 0.0171875 0.014910536779324055
0 0.9 0.7206759443339961 0.019791666666666666 0.027833001988071572
0 0.1046875 0.724155069582505 0.011458333333333333 0.030815109343936383
0 0.6182291666666667 0.7296222664015904 0.005208333333333333 0.02385685884691849
0 0.5130208333333334 0.7440357852882704 0.009375 0.05069582504970179
0 0.6346354166666667 0.7301192842942346 0.0067708333333333336 0.016898608349900597
0 0.60078125 0.7579522862823062 0.0171875 0.048707753479125246
0 0.653125 0.7549701789264414 0.021875 0.030815109343936383
0 0.8966145833333333 0.7833001988071571 0.005729166666666666 0.019880715705765408
0 0.88203125 0.7833001988071571 0.0109375 0.015904572564612324
0 0.75625 0.7987077534791253 0.010416666666666666 0.03479125248508946
0 0.34010416666666665 0.8076540755467196 0.016666666666666666 0.042743538767395624
0 0.5661458333333333 0.8151093439363817 0.009375 0.019880715705765408
0 0.5880208333333333 0.8215705765407555 0.008333333333333333 0.014910536779324055
0 0.36041666666666666 0.8424453280318092 0.0125 0.02286282306163022
0 0.7526041666666666 0.8558648111332008 0.0125 0.04771371769383698
0 0.5356770833333333 0.852882703777336 0.024479166666666666 0.02982107355864811
0 0.6731770833333334 0.8777335984095428 0.008854166666666666 0.041749502982107355
0 0.5536458333333333 0.9100397614314115 0.017708333333333333 0.036779324055666
0 0.571875 0.9160039761431411 0.0125 0.032803180914512925
0 0.5447916666666667 0.9254473161033797 0.017708333333333333 0.03180914512922465
0 0.8645833333333334 0.9428429423459245 0.008333333333333333 0.030815109343936383
0 0.34739583333333335 0.98558648111332 0.01875 0.016898608349900597
0 0.859375 0.9895626242544732 0.011458333333333333 0.018886679920477135