0 0.37916666666666665 0.0064612326043737576 0.010416666666666666 0.012922465208747515
0 0.309375 0.015407554671968192 0.008333333333333333 0.030815109343936383
0 0.1015625 0.014910536779324055 0.014583333333333334 0.02982107355864811
0 0.014583333333333334 0.0004970178926441351 0.028125 0.0009940357852882703
0 0.44869791666666664 0.02584493041749503 0.008854166666666666 0.033797216699801194
0 0.6348958333333333 0.026341948310139165 0.026041666666666668 0.016898608349900597
0 0.8302083333333333 0.030815109343936383 0.016666666666666666 0.02385685884691849
0 0.7588541666666667 0.03926441351888668 0.00625 0.010934393638170975
0 0.48359375 0.0437375745526839 0.011979166666666667 0.019880715705765408
0 0.6872395833333333 0.055168986083499 0.0140625 0.03876739562624255
0 0.41901041666666666 0.055168986083499 0.0234375 0.016898608349900597
0 0.46640625 0.06510934393638171 0.013020833333333334 0.032803180914512925
0 0.6794270833333333 0.07952286282306163 0.015104166666666667 0.02186878727634195
0 0.01796875 0.08349900596421471 0.011979166666666667 0.02186878727634195
0 0.484375 0.13469184890656064 0.00625 0.02882703777335984
0 0.16953125 0.13767395626242546 0.0171875 0.032803180914512925
0 0.7184895833333333 0.1317097415506958 0.0171875 0.012922465208747515
0 0.9510416666666667 0.15357852882703776 0.028125 0.04473161033797217
0 0.8033854166666666 0.14512922465208747 0.005729166666666666 0.02584493041749503
0 0.24921875 0.15059642147117297 0.016145833333333335 0.02882703777335984
0 0.85078125 0.1709741550695825 0.019270833333333334 0.02186878727634195
0 0.6752604166666667 0.17395626242544732 0.018229166666666668 0.027833001988071572
0 0.6927083333333334 0.1779324055666004 0.007291666666666667 0.027833001988071572
0 0.7130208333333333 0.18588469184890655 0.020833333333333332 0.03180914512922465
0 0.15026041666666667 0.19681908548707752 0.019270833333333334 0.04970178926441352
0 0.61484375 0.18737574552683897 0.0067708333333333336 0.02485089463220676
0 0.3768229166666667 0.18737574552683897 0.0078125 0.0268389662027833
0 0.26197916666666665 0.20725646123260438 0.010416666666666666 0.04671968190854871
0 0.6294270833333333 0.20924453280318092 0.0078125 0.02882703777335984
0 0.5955729166666667 0.24552683896620278 0.0078125 0.03777335984095427
0 0.029947916666666668 0.2345924453280318 0.013020833333333334 0.017892644135188866
0 0.73125 0.24254473161033796 0.014583333333333334 0.027833001988071572
0 0.15572916666666667 0.2634194831013916 0.016666666666666666 0.03777335984095427
0 0.9536458333333333 0.2673956262425447 0.010416666666666666 0.03180914512922465
0 0.46927083333333336 0.2698807157057654 0.010416666666666666 0.018886679920477135
0 0.5364583333333334 0.28180914512922467 0.004166666666666667 0.02485089463220676
0 0.97734375 0.30069582504970177 0.025520833333333333 0.05467196819085487
0 0.68671875 0.2803180914512923 0.011979166666666667 0.011928429423459244
0 0.4669270833333333 0.3305168986083499 0.018229166666666668 0.014910536779324055
0 0.20546875 0.34840954274353875 0.019270833333333334 0.020874751491053677
0 0.9484375 0.3553677932405567 0.016666666666666666 0.018886679920477135
0 0.5114583333333333 0.35834990059642147 0.004166666666666667 0.0268389662027833
0 0.5828125 0.36530815109343934 0.013541666666666667 0.032803180914512925
0 0.996875 0.3717693836978131 0.00625 0.02385685884691849
0 0.9606770833333333 0.3742544731610338 0.015104166666666667 0.018886679920477135
0 0.51484375 0.40208747514910537 0.009895833333333333 0.036779324055666
0 0.7216145833333333 0.4085487077534791 0.0140625 0.02186878727634195
0 0.0140625 0.40308151093439365 0.01875 0.008946322067594433
0 0.23229166666666667 0.4120278330019881 0.009375 0.016898608349900597
0 0.8276041666666667 0.43290258449304175 0.017708333333333333 0.036779324055666
0 0.7841145833333333 0.4304174950298211 0.0067708333333333336 0.02186878727634195
0 0.61875 0.43439363817097415 0.010416666666666666 0.02982107355864811
0 0.5088541666666667 0.4423459244532803 0.005208333333333333 0.027833001988071572
0 0.8674479166666667 0.4617296222664016 0.016145833333333335 0.05069582504970179
0 0.9598958333333333 0.46123260437375746 0.019791666666666666 0.03777335984095427
0 0.353125 0.4567594433399602 0.010416666666666666 0.020874751491053677
0 0.29140625 0.4537773359840954 0.013020833333333334 0.014910536779324055
0 0.3411458333333333 0.45825049701789267 0.009375 0.015904572564612324
0 0.45989583333333334 0.4662027833001988 0.011458333333333333 0.02584493041749503
0 0.26223958333333336 0.46421471172962225 0.015104166666666667 0.02186878727634195
0 0.4734375 0.4761431411530815 0.009375 0.041749502982107355
0 0.32526041666666666 0.4647117296222664 0.013020833333333334 0.016898608349900597
0 0.6807291666666667 0.47962226640159045 0.015625 0.02882703777335984
0 0.11510416666666666 0.4885685884691849 0.029166666666666667 0.032803180914512925
0 0.9744791666666667 0.4970178926441352 0.014583333333333334 0.02186878727634195
0 0.28958333333333336 0.4970178926441352 0.0125 0.013916500994035786
0 0.36875 0.5104373757455268 0.013541666666666667 0.020874751491053677
0 0.9401041666666666 0.5233598409542743 0.014583333333333334 0.040755467196819085
0 0.85859375 0.5203777335984096 0.015104166666666667 0.032803180914512925
0 0.6002604166666666 0.5173956262425448 0.0078125 0.012922465208747515
0 0.99609375 0.5178926441351889 0.0078125 0.011928429423459244
0 0.6153645833333333 0.5193836978131213 0.0078125 0.010934393638170975
0 0.8153645833333333 0.5273359840954275 0.0109375 0.020874751491053677
0 0.32838541666666665 0.536779324055666 0.009895833333333333 0.027833001988071572
0 0.69453125 0.5427435387673957 0.0140625 0.03578528827037773
0 0.25286458333333334 0.5387673956262425 0.009895833333333333 0.02186878727634195
0 0.99765625 0.5472166998011928 0.0046875 0.02286282306163022
0 0.41484375 0.5467196819085487 0.0171875 0.013916500994035786
0 0.7239583333333334 0.5606361829025845 0.026041666666666668 0.03180914512922465
0 0.37526041666666665 0.558648111332008 0.016145833333333335 0.027833001988071572
0 0.30755208333333334 0.555168986083499 0.009895833333333333 0.016898608349900597
0 0.0828125 0.5656063618290258 0.01875 0.039761431411530816
0 0.7604166666666666 0.5670974155069582 0.028125 0.030815109343936383
0 0.8380208333333333 0.577037773359841 0.014583333333333334 0.040755467196819085
0 0.7921875 0.5780318091451292 0.007291666666666667 0.04473161033797217
0 0.35885416666666664 0.5765407554671969 0.00625 0.033797216699801194
0 0.8239583333333333 0.5745526838966203 0.013541666666666667 0.02584493041749503
0 0.7026041666666667 0.5740556660039762 0.016666666666666666 0.02485089463220676
0 0.61640625 0.5675944333996024 0.018229166666666668 0.011928429423459244
0 0.46328125 0.570079522862823 0.0109375 0.016898608349900597
0 0.3380208333333333 0.5839960238568589 0.008333333333333333 0.03876739562624255
0 0.54453125 0.5820079522862823 0.0067708333333333336 0.010934393638170975
0 0.7236979166666667 0.5924453280318092 0.018229166666666668 0.009940357852882704
0 0.6989583333333333 0.6018886679920478 0.010416666666666666 0.020874751491053677
0 0.5932291666666667 0.6148111332007953 0.019791666666666666 0.04671968190854871
0 0.49557291666666664 0.6197813121272365 0.019270833333333334 0.048707753479125246
0 0.6627604166666666 0.6158051689860835 0.0067708333333333336 0.030815109343936383
0 0.6776041666666667 0.6197813121272365 0.007291666666666667 0.02882703777335984
0 0.415625 0.6148111332007953 0.014583333333333334 0.012922465208747515
0 0.29270833333333335 0.6247514910536779 0.007291666666666667 0.02882703777335984
0 0.5333333333333333 0.6197813121272365 0.016666666666666666 0.014910536779324055
0 0.45026041666666666 0.6227634194831014 0.013020833333333334 0.018886679920477135
0 0.5611979166666666 0.6302186878727635 0.0078125 0.02584493041749503
0 0.6244791666666667 0.6336978131212724 0.009375 0.014910536779324055
0 0.47317708333333336 0.6376739562624254 0.0078125 0.02286282306163022
0 0.8049479166666667 0.6441351888667992 0.0067708333333333336 0.03180914512922465
0 0.008854166666666666 0.6456262425447317 0.016666666666666666 0.032803180914512925
0 0.7614583333333333 0.6456262425447317 0.009375 0.0268389662027833
0 0.54140625 0.6535785288270378 0.013020833333333334 0.03876739562624255
0 0.83125 0.6406560636182903 0.01875 0.010934393638170975
0 0.9901041666666667 0.6575546719681908 0.019791666666666666 0.03876739562624255
0 0.6565104166666667 0.6505964214711729 0.016145833333333335 0.0268389662027833
0 0.5822916666666667 0.6481113320079522 0.009375 0.017892644135188866
0 0.7166666666666667 0.6595427435387674 0.011458333333333333 0.030815109343936383
0 0.5041666666666667 0.6560636182902585 0.009375 0.011928429423459244
0 0.29348958333333336 0.6744532803180915 0.0203125 0.02882703777335984
0 0.93671875 0.691351888667992 0.0140625 0.05268389662027833
0 0.5057291666666667 0.6868787276341949 0.014583333333333334 0.039761431411530816
0 0.3671875 0.6928429423459245 0.008333333333333333 0.04970178926441352
0 0.19895833333333332 0.6814115308151093 0.028125 0.02882703777335984
0 0.95546875 0.6868787276341949 0.013020833333333334 0.033797216699801194
0 0.83515625 0.6963220675944334 0.015104166666666667 0.04671968190854871
0 0.24166666666666667 0.6843936381709742 0.010416666666666666 0.014910536779324055
0 0.7486979166666666 0.687375745526839 0.0234375 0.014910536779324055
0 0.2565104166666667 0.7047713717693836 0.005729166666666666 0.03578528827037773
0 0.5536458333333333 0.6998011928429424 0.022916666666666665 0.017892644135188866
0 0.12239583333333333 0.7052683896620279 0.009375 0.0268389662027833
0 0.3924479166666667 0.7077534791252486 0.015104166666666667 0.017892644135188866
0 0.7359375 0.713220675944334 0.03125 0.02485089463220676
0 0.49296875 0.7107355864811133 0.0203125 0.017892644135188866
0 0.21901041666666668 0.7291252485089463 0.0171875 0.030815109343936383
0 0.5057291666666667 0.7256461232604374 0.010416666666666666 0.013916500994035786
0 0.5278645833333333 0.7311133200795229 0.013020833333333334 0.008946322067594433
0 0.4046875 0.75 0.01875 0.030815109343936383
0 0.759375 0.7708747514910537 0.017708333333333333 0.03479125248508946
0 0.4515625 0.7673956262425448 0.017708333333333333 0.02982107355864811
0 0.02265625 0.7778330019880716 0.0067708333333333336 0.014910536779324055
0 0.57265625 0.794234592445328 0.019270833333333334 0.027833001988071572
0 0.81875 0.8066600397614314 0.016666666666666666 0.036779324055666
0 0.9877604166666667 0.8081510934393639 0.015104166666666667 0.03180914512922465
0 0.5018229166666667 0.808648111332008 0.013020833333333334 0.032803180914512925
0 0.5302083333333333 0.8136182902584493 0.020833333333333332 0.020874751491053677
0 0.9669270833333333 0.8166003976143141 0.0078125 0.020874751491053677
0 0.16744791666666667 0.8245526838966203 0.0140625 0.036779324055666
0 0.6098958333333333 0.820079522862823 0.020833333333333332 0.015904572564612324
0 0.38046875 0.8260437375745527 0.018229166666666668 0.02584493041749503
0 0.3390625 0.8349900596421471 0.016666666666666666 0.019880715705765408
0 0.23020833333333332 0.8414512922465208 0.011458333333333333 0.03479125248508946
0 0.99453125 0.8518886679920478 0.0109375 0.039761431411530816
0 0.7388020833333333 0.8558648111332008 0.015104166666666667 0.02584493041749503
0 0.77421875 0.8633200795228628 0.022395833333333334 0.02485089463220676
0 0.6184895833333334 0.864314115308151 0.0234375 0.0268389662027833
0 0.5958333333333333 0.8648111332007953 0.005208333333333333 0.02982107355864811
0 0.5 0.8667992047713717 0.009375 0.03180914512922465
0 0.26015625 0.8573558648111332 0.009895833333333333 0.014910536779324055
0 0.6848958333333334 0.8633200795228628 0.008333333333333333 0.02286282306163022
0 0.5778645833333333 0.8633200795228628 0.009895833333333333 0.020874751491053677
0 0.6947916666666667 0.8792246520874751 0.010416666666666666 0.042743538767395624
0 0.45625 0.8797216699801192 0.01875 0.033797216699801194
0 0.0328125 0.8752485089463221 0.009375 0.014910536779324055
0 0.8416666666666667 0.8876739562624254 0.016666666666666666 0.02186878727634195
0 0.7203125 0.8886679920477137 0.026041666666666668 0.02186878727634195
0 0.4822916666666667 0.8822067594433399 0.015625 0.008946322067594433
0 0.1953125 0.8961232604373758 0.0125 0.030815109343936383
0 0.6640625 0.9040755467196819 0.015625 0.03876739562624255
0 0.9864583333333333 0.9100397614314115 0.027083333333333334 0.04473161033797217
0 0.8057291666666667 0.904572564612326 0.021875 0.027833001988071572
0 0.5854166666666667 0.9100397614314115 0.009375 0.02485089463220676
0 0.77734375 0.9224652087475149 0.0067708333333333336 0.02584493041749503
0 0.02265625 0.9165009940357853 0.018229166666666668 0.009940357852882704
0 0.8192708333333333 0.9438369781312127 0.034375 0.05864811133200795
0 0.63828125 0.9309145129224652 0.015104166666666667 0.012922465208747515
0 0.67109375 0.9353876739562624 0.018229166666666668 0.015904572564612324
0 0.6072916666666667 0.9468190854870775 0.008333333333333333 0.02882703777335984
0 0.04088541666666667 0.9567594433399602 0.015104166666666667 0.032803180914512925
0 0.09609375 0.963220675944334 0.011979166666666667 0.013916500994035786
0 0.5744791666666667 0.9786282306163022 0.008333333333333333 0.040755467196819085
0 0.6325520833333333 0.989065606361829 0.0067708333333333336 0.019880715705765408
0 0.8377604166666667 0.9900596421471173 0.0109375 0.017892644135188866
0 0.023177083333333334 0.9850894632206759 0.025520833333333333 0.005964214711729622
0 0.24557291666666667 0.9955268389662028 0.0171875 0.006958250497017893