0 0.5484375 0.012922465208747515 0.027083333333333334 0.02584493041749503
0 0.26901041666666664 0.008449304174950299 0.0078125 0.016898608349900597
0 0.6114583333333333 0.03230616302186879 0.014583333333333334 0.042743538767395624
0 0.6919270833333333 0.03330019880715706 0.016145833333333335 0.02286282306163022
0 0.271875 0.045228628230616304 0.016666666666666666 0.042743538767395624
0 0.66640625 0.04572564612326044 0.011979166666666667 0.033797216699801194
0 0.4518229166666667 0.04025844930417495 0.0171875 0.020874751491053677
0 0.6348958333333333 0.05467196819085487 0.015625 0.02982107355864811
0 0.9755208333333333 0.07007952286282307 0.010416666666666666 0.02485089463220676
0 0.013802083333333333 0.07803180914512922 0.013020833333333334 0.02485089463220676
0 0.08776041666666666 0.08797216699801193 0.015104166666666667 0.0268389662027833
0 0.7684895833333333 0.08449304174950298 0.011979166666666667 0.013916500994035786
0 0.28958333333333336 0.0889662027833002 0.00625 0.02485089463220676
0 0.30130208333333336 0.09343936381709742 0.0067708333333333336 0.027833001988071572
0 0.68984375 0.09095427435387674 0.013020833333333334 0.016898608349900597
0 0.56015625 0.10337972166998012 0.0046875 0.027833001988071572
0 0.803125 0.10834990059642147 0.009375 0.033797216699801194
0 0.030729166666666665 0.11232604373757456 0.009375 0.0437375745526839
0 0.16692708333333334 0.10636182902584493 0.008854166666666666 0.027833001988071572
0 0.04296875 0.11630218687872763 0.008854166666666666 0.03180914512922465
0 0.3765625 0.1143141153081511 0.00625 0.02385685884691849
0 0.9765625 0.11481113320079522 0.017708333333333333 0.012922465208747515
0 0.2828125 0.12276341948310139 0.013541666666666667 0.02485089463220676
0 0.7408854166666666 0.1411530815109344 0.008854166666666666 0.039761431411530816
0 0.16536458333333334 0.14463220675944333 0.0140625 0.02485089463220676
0 0.20859375 0.16053677932405566 0.0109375 0.048707753479125246
0 0.6158854166666666 0.15109343936381708 0.009895833333333333 0.02584493041749503
0 0.2559895833333333 0.15308151093439365 0.0078125 0.02584493041749503
0 0.11536458333333334 0.1595427435387674 0.0109375 0.02286282306163022
0 0.46041666666666664 0.17345924453280318 0.0125 0.036779324055666
0 0.17473958333333334 0.1833996023856859 0.024479166666666666 0.042743538767395624
0 0.8528645833333334 0.19234592445328033 0.011979166666666667 0.0268389662027833
0 0.6388020833333333 0.22564612326043737 0.011979166666666667 0.015904572564612324
0 0.8703125 0.23856858846918488 0.015625 0.027833001988071572
0 0.5018229166666667 0.23757455268389663 0.0171875 0.02584493041749503
0 0.17473958333333334 0.2370775347912525 0.015104166666666667 0.02485089463220676
0 0.27447916666666666 0.24602385685884692 0.017708333333333333 0.018886679920477135
0 0.48072916666666665 0.24950298210735586 0.014583333333333334 0.015904572564612324
0 0.11328125 0.27286282306163023 0.016145833333333335 0.020874751491053677
0 0.5083333333333333 0.28727634194831014 0.019791666666666666 0.041749502982107355
0 0.921875 0.294234592445328 0.013541666666666667 0.0437375745526839
0 0.8572916666666667 0.2897614314115308 0.020833333333333332 0.018886679920477135
0 0.615625 0.2912524850894632 0.0125 0.019880715705765408
0 0.55 0.305168986083499 0.010416666666666666 0.033797216699801194
0 0.37578125 0.31262425447316106 0.0078125 0.02882703777335984
0 0.3421875 0.31312127236580517 0.010416666666666666 0.02584493041749503
0 0.6544270833333333 0.3106361829025845 0.0140625 0.014910536779324055
0 0.625 0.3136182902584493 0.015625 0.018886679920477135
0 0.21197916666666666 0.3091451292246521 0.017708333333333333 0.011928429423459244
0 0.7807291666666667 0.3275347912524851 0.013541666666666667 0.020874751491053677
0 0.30026041666666664 0.33399602385685884 0.0109375 0.03180914512922465
0 0.8223958333333333 0.3404572564612326 0.010416666666666666 0.032803180914512925
0 0.05755208333333333 0.3384691848906561 0.011979166666666667 0.030815109343936383
0 0.49635416666666665 0.34244532803180916 0.004166666666666667 0.0268389662027833
0 0.25625 0.35685884691848907 0.014583333333333334 0.0536779324055666
0 0.20546875 0.3533797216699801 0.0109375 0.042743538767395624
0 0.08723958333333333 0.3508946322067594 0.011979166666666667 0.03578528827037773
0 0.6153645833333333 0.34592445328031807 0.018229166666666668 0.017892644135188866
0 0.38385416666666666 0.3558648111332008 0.004166666666666667 0.02385685884691849
0 0.7833333333333333 0.3742544731610338 0.0125 0.02286282306163022
0 0.27682291666666664 0.3782306163021869 0.0140625 0.012922465208747515
0 0.36276041666666664 0.3951292246520875 0.024479166666666666 0.040755467196819085
0 0.6013020833333333 0.40059642147117297 0.0067708333333333336 0.027833001988071572
0 0.41953125 0.40059642147117297 0.0078125 0.02385685884691849
0 0.4984375 0.40904572564612324 0.007291666666666667 0.032803180914512925
0 0.6919270833333333 0.4135188866799205 0.009895833333333333 0.017892644135188866
0 0.6484375 0.4274353876739563 0.00625 0.03180914512922465
0 0.7072916666666667 0.4398608349900596 0.009375 0.030815109343936383
0 0.8028645833333333 0.4433399602385686 0.015104166666666667 0.02385685884691849
0 0.12369791666666667 0.45029821073558646 0.009895833333333333 0.011928429423459244
0 0.3619791666666667 0.4587475149105368 0.013541666666666667 0.012922465208747515
0 0.01875 0.4716699801192843 0.021875 0.03876739562624255
0 0.7953125 0.46570576540755465 0.015625 0.020874751491053677
0 0.9057291666666667 0.4647117296222664 0.014583333333333334 0.014910536779324055
0 0.9236979166666667 0.48061630218687873 0.0067708333333333336 0.0268389662027833
0 0.5895833333333333 0.4731610337972167 0.016666666666666666 0.013916500994035786
0 0.16458333333333333 0.47813121272365805 0.019791666666666666 0.019880715705765408
0 0.26510416666666664 0.49254473161033796 0.010416666666666666 0.032803180914512925
0 0.05130208333333333 0.4955268389662028 0.0171875 0.02485089463220676
0 0.7294270833333333 0.49502982107355864 0.0171875 0.013916500994035786
0 0.6255208333333333 0.49652087475149104 0.011458333333333333 0.014910536779324055
0 0.11953125 0.5054671968190855 0.0109375 0.020874751491053677
0 0.746875 0.5149105367793241 0.016666666666666666 0.017892644135188866
0 0.08203125 0.5139165009940357 0.0140625 0.015904572564612324
0 0.5213541666666667 0.5308151093439364 0.007291666666666667 0.0437375745526839
0 0.37083333333333335 0.5337972166998012 0.009375 0.02982107355864811
0 0.8145833333333333 0.5362823061630219 0.015625 0.02485089463220676
0 0.48203125 0.5531809145129225 0.0171875 0.030815109343936383
0 0.75703125 0.5621272365805169 0.0265625 0.018886679920477135
0 0.6013020833333333 0.5720675944333996 0.0109375 0.040755467196819085
0 0.6971354166666667 0.570079522862823 0.018229166666666668 0.0268389662027833
0 0.021354166666666667 0.5715705765407555 0.016666666666666666 0.02584493041749503
0 0.8911458333333333 0.5904572564612326 0.027083333333333334 0.0437375745526839
0 0.45807291666666666 0.5765407554671969 0.018229166666666668 0.015904572564612324
0 0.3098958333333333 0.5795228628230616 0.01875 0.02385685884691849
0 0.990625 0.5854870775347912 0.01875 0.03180914512922465
0 0.67421875 0.5849900596421471 0.0109375 0.02286282306163022
0 0.6200520833333333 0.5969184890656064 0.015104166666666667 0.036779324055666
0 0.5057291666666667 0.588469184890656 0.010416666666666666 0.02186878727634195
0 0.031510416666666666 0.5934393638170974 0.009895833333333333 0.013916500994035786
0 0.5697916666666667 0.6038767395626242 0.016666666666666666 0.032803180914512925
0 0.5455729166666666 0.6083499005964215 0.016145833333333335 0.03578528827037773
0 0.4622395833333333 0.6043737574552683 0.0203125 0.02584493041749503
0 0.5890625 0.606858846918489 0.00625 0.02286282306163022
0 0.7815104166666667 0.6088469184890656 0.0203125 0.02286282306163022
0 0.43723958333333335 0.6148111332007953 0.011979166666666667 0.02485089463220676
0 0.7067708333333333 0.6192842942345924 0.007291666666666667 0.02186878727634195
0 0.6778645833333333 0.6252485089463221 0.0109375 0.02982107355864811
0 0.1171875 0.621272365805169 0.013541666666666667 0.013916500994035786
0 0.49505208333333334 0.6282306163021869 0.0109375 0.019880715705765408
0 0.3611979166666667 0.6391650099403579 0.005729166666666666 0.02385685884691849
0 0.5828125 0.6411530815109344 0.009375 0.019880715705765408
0 0.45026041666666666 0.647117296222664 0.013020833333333334 0.02584493041749503
0 0.6919270833333333 0.6510934393638171 0.0067708333333333336 0.03180914512922465
0 0.7091145833333333 0.6491053677932406 0.013020833333333334 0.02385685884691849
0 0.8984375 0.6620278330019881 0.017708333333333333 0.04572564612326044
0 0.5231770833333333 0.6500994035785288 0.0109375 0.019880715705765408
0 0.6510416666666666 0.6535785288270378 0.01875 0.018886679920477135
0 0.5059895833333333 0.6570576540755467 0.013020833333333334 0.027833001988071572
0 0.5388020833333333 0.6739562624254473 0.015104166666666667 0.05765407554671968
0 0.8799479166666667 0.6565606361829026 0.015104166666666667 0.016898608349900597
0 0.48515625 0.6595427435387674 0.0140625 0.02286282306163022
0 0.5708333333333333 0.668986083499006 0.011458333333333333 0.02385685884691849
0 0.22473958333333333 0.6674950298210736 0.008854166666666666 0.018886679920477135
0 0.044270833333333336 0.6739562624254473 0.01875 0.027833001988071572
0 0.73671875 0.6784294234592445 0.0078125 0.02286282306163022
0 0.24791666666666667 0.6938369781312127 0.019791666666666666 0.04970178926441352
0 0.9190104166666667 0.6883697813121272 0.018229166666666668 0.016898608349900597
0 0.8106770833333333 0.6938369781312127 0.005729166666666666 0.02982107355864811
0 0.71875 0.7037773359840954 0.011458333333333333 0.04771371769383698
0 0.19661458333333334 0.6853876739562624 0.011979166666666667 0.012922465208747515
0 0.6908854166666667 0.6918489065606361 0.018229166666666668 0.019880715705765408
0 0.5635416666666667 0.7007952286282306 0.011458333333333333 0.02186878727634195
0 0.8729166666666667 0.7007952286282306 0.017708333333333333 0.015904572564612324
0 0.6169270833333333 0.7191848906560636 0.0067708333333333336 0.012922465208747515
0 0.6260416666666667 0.7251491053677932 0.009375 0.018886679920477135
0 0.3 0.7331013916500994 0.0125 0.016898608349900597
0 0.24973958333333332 0.739065606361829 0.008854166666666666 0.0268389662027833
0 0.6653645833333334 0.7400596421471173 0.008854166666666666 0.02485089463220676
0 0.52890625 0.7380715705765407 0.011979166666666667 0.014910536779324055
0 0.6901041666666666 0.7514910536779325 0.01875 0.03578528827037773
0 0.6028645833333334 0.7519880715705766 0.0140625 0.0268389662027833
0 0.4518229166666667 0.7589463220675944 0.005729166666666666 0.02882703777335984
0 0.10260416666666666 0.7529821073558648 0.013541666666666667 0.010934393638170975
0 0.25546875 0.7614314115308151 0.009895833333333333 0.02385685884691849
0 0.80859375 0.7664015904572564 0.021354166666666667 0.02584493041749503
0 0.6036458333333333 0.7713717693836978 0.00625 0.027833001988071572
0 0.49661458333333336 0.7713717693836978 0.009895833333333333 0.027833001988071572
0 0.12526041666666668 0.7634194831013916 0.0109375 0.013916500994035786
0 0.47317708333333336 0.7659045725646123 0.015104166666666667 0.012922465208747515
0 0.35390625 0.7688866799204771 0.015104166666666667 0.014910536779324055
0 0.6138020833333333 0.7738568588469185 0.011979166666666667 0.02286282306163022
0 0.10963541666666667 0.7803180914512923 0.011979166666666667 0.019880715705765408
0 0.40546875 0.7892644135188867 0.0046875 0.027833001988071572
0 0.42630208333333336 0.786779324055666 0.0109375 0.020874751491053677
0 0.5494791666666666 0.7852882703777336 0.016666666666666666 0.009940357852882704
0 0.69609375 0.7967196819085487 0.0234375 0.02286282306163022
0 0.9515625 0.8066600397614314 0.019791666666666666 0.03876739562624255
0 0.6109375 0.80168986083499 0.011458333333333333 0.02485089463220676
0 0.9244791666666666 0.8031809145129225 0.01875 0.019880715705765408
0 0.5671875 0.7997017892644135 0.00625 0.012922465208747515
0 0.5393229166666667 0.8141153081510935 0.008854166666666666 0.0437375745526839
0 0.81328125 0.8141153081510935 0.0109375 0.033797216699801194
0 0.8981770833333333 0.8175944333996024 0.0109375 0.036779324055666
0 0.75078125 0.8285288270377733 0.009895833333333333 0.042743538767395624
0 0.91484375 0.8369781312127237 0.011979166666666667 0.03578528827037773
0 0.6296875 0.8444333996023857 0.009375 0.02286282306163022
0 0.5838541666666667 0.8469184890656064 0.009375 0.02982107355864811
0 0.5625 0.8434393638170974 0.008333333333333333 0.012922465208747515
0 0.5143229166666666 0.8553677932405567 0.0171875 0.014910536779324055
0 0.33177083333333335 0.8563618290258449 0.007291666666666667 0.016898608349900597
0 0.5703125 0.8578528827037774 0.009375 0.015904572564612324
0 0.5515625 0.8583499005964215 0.007291666666666667 0.014910536779324055
0 0.45989583333333334 0.8752485089463221 0.015625 0.036779324055666
0 0.39036458333333335 0.8628230616302187 0.0203125 0.013916500994035786
0 0.9174479166666667 0.8727634194831014 0.013020833333333334 0.015904572564612324
0 0.146875 0.8752485089463221 0.013541666666666667 0.02286282306163022
0 0.70625 0.8832007952286283 0.011458333333333333 0.03479125248508946
0 0.7986979166666667 0.8817097415506958 0.0203125 0.019880715705765408
0 0.8713541666666667 0.8881709741550696 0.013541666666666667 0.018886679920477135
0 0.5690104166666666 0.8941351888667992 0.0203125 0.032803180914512925
0 0.9380208333333333 0.8986083499005965 0.010416666666666666 0.015904572564612324
0 0.17265625 0.9065606361829026 0.016145833333333335 0.02584493041749503
0 0.8890625 0.9030815109343936 0.0125 0.014910536779324055
0 0.8270833333333333 0.911530815109344 0.016666666666666666 0.02385685884691849
0 0.7486979166666666 0.9184890656063618 0.008854166666666666 0.03180914512922465
0 0.3411458333333333 0.9090457256461233 0.0125 0.012922465208747515
0 0.45416666666666666 0.9150099403578529 0.014583333333333334 0.010934393638170975
0 0.60546875 0.9179920477137177 0.0067708333333333336 0.008946322067594433
0 0.28932291666666665 0.9274353876739563 0.005729166666666666 0.027833001988071572
0 0.5424479166666667 0.9468190854870775 0.016145833333333335 0.048707753479125246
0 0.16380208333333332 0.9453280318091452 0.018229166666666668 0.0437375745526839
0 0.35625 0.9403578528827038 0.009375 0.027833001988071572
0 0.026041666666666668 0.9378727634194831 0.017708333333333333 0.014910536779324055
0 0.33307291666666666 0.9642147117296223 0.0109375 0.02584493041749503
0 0.2716145833333333 0.9676938369781312 0.0036458333333333334 0.030815109343936383
0 0.6580729166666667 0.9701789264413518 0.0140625 0.015904572564612324
0 0.3796875 0.992544731610338 0.009375 0.012922465208747515