0 0.05182291666666667 0.012922465208747515 0.027604166666666666 0.02584493041749503
0 0.005729166666666666 0.015407554671968192 0.010416666666666666 0.030815109343936383
0 0.7700520833333333 0.041749502982107355 0.008854166666666666 0.019880715705765408
0 0.7010416666666667 0.051192842942345926 0.009375 0.02286282306163022
0 0.20729166666666668 0.06262425447316103 0.013541666666666667 0.02186878727634195
0 0.396875 0.09393638170974156 0.014583333333333334 0.032803180914512925
0 0.11614583333333334 0.10437375745526839 0.009375 0.02385685884691849
0 0.22473958333333333 0.11878727634194831 0.011979166666666667 0.016898608349900597
0 0.08802083333333334 0.14612326043737575 0.008333333333333333 0.02584493041749503
0 0.46822916666666664 0.14165009940357853 0.010416666666666666 0.014910536779324055
0 0.06692708333333333 0.1540755467196819 0.008854166666666666 0.03578528827037773
0 0.41744791666666664 0.14612326043737575 0.0067708333333333336 0.015904572564612324
0 0.4479166666666667 0.15805168986083498 0.008333333333333333 0.017892644135188866
0 0.5192708333333333 0.16003976143141152 0.009375 0.017892644135188866
0 0.19505208333333332 0.16848906560636182 0.009895833333333333 0.030815109343936383
0 0.24296875 0.19831013916500995 0.019270833333333334 0.018886679920477135
0 0.28489583333333335 0.1978131212723658 0.013541666666666667 0.009940357852882704
0 0.41354166666666664 0.2117296222664016 0.009375 0.033797216699801194
0 0.7005208333333334 0.2062624254473161 0.0125 0.006958250497017893
0 0.25026041666666665 0.2231610337972167 0.013020833333333334 0.02286282306163022
0 0.35572916666666665 0.2355864811133201 0.008333333333333333 0.015904572564612324
0 0.59375 0.2345924453280318 0.010416666666666666 0.007952286282306162
0 0.40390625 0.24552683896620278 0.018229166666666668 0.02584493041749503
0 0.00390625 0.24900596421471172 0.0067708333333333336 0.020874751491053677
0 0.0875 0.25646123260437376 0.007291666666666667 0.02982107355864811
0 0.378125 0.2554671968190855 0.008333333333333333 0.015904572564612324
0 0.22838541666666667 0.2808151093439364 0.008854166666666666 0.012922465208747515
0 0.09453125 0.28677932405566603 0.011979166666666667 0.012922465208747515
0 0.2484375 0.294234592445328 0.0125 0.017892644135188866
0 0.3328125 0.30467196819085485 0.008333333333333333 0.014910536779324055
0 0.06666666666666667 0.3106361829025845 0.010416666666666666 0.02485089463220676
0 0.29375 0.31759443339960236 0.011458333333333333 0.030815109343936383
0 0.35390625 0.3195825049701789 0.0109375 0.020874751491053677
0 0.25625 0.31510934393638174 0.013541666666666667 0.007952286282306162
0 0.4984375 0.3225646123260437 0.009375 0.012922465208747515
0 0.03046875 0.32852882703777336 0.018229166666666668 0.020874751491053677
0 0.006510416666666667 0.33250497017892644 0.011979166666666667 0.02485089463220676
0 0.64921875 0.34542743538767395 0.013020833333333334 0.0268389662027833
0 0.5049479166666667 0.34244532803180916 0.013020833333333334 0.02286282306163022
0 0.9390625 0.34343936381709744 0.011458333333333333 0.016898608349900597
0 0.16458333333333333 0.3658051689860835 0.015625 0.027833001988071572
0 0.03203125 0.3817097415506958 0.018229166666666668 0.05765407554671968
0 0.4630208333333333 0.37226640159045726 0.014583333333333334 0.032803180914512925
0 0.23098958333333333 0.37673956262425445 0.005729166666666666 0.02385685884691849
0 0.371875 0.3772365805168986 0.007291666666666667 0.018886679920477135
0 0.4005208333333333 0.3797216699801193 0.004166666666666667 0.02186878727634195
0 0.4942708333333333 0.39214711729622265 0.009375 0.03479125248508946
0 0.171875 0.39165009940357853 0.014583333333333334 0.02584493041749503
0 0.4203125 0.3996023856858847 0.009375 0.02186878727634195
0 0.5276041666666667 0.40606361829025844 0.004166666666666667 0.0268389662027833
0 0.08723958333333333 0.40457256461232605 0.0140625 0.013916500994035786
0 0.01171875 0.4100397614314115 0.0140625 0.010934393638170975
0 0.03307291666666667 0.4284294234592445 0.011979166666666667 0.039761431411530816
0 0.3419270833333333 0.41699801192842945 0.009895833333333333 0.010934393638170975
0 0.44296875 0.41898608349900596 0.011979166666666667 0.006958250497017893
0 0.55859375 0.4259443339960239 0.009895833333333333 0.016898608349900597
0 0.3723958333333333 0.42296222664015903 0.014583333333333334 0.008946322067594433
0 0.446875 0.43687872763419483 0.007291666666666667 0.020874751491053677
0 0.16822916666666668 0.4383697813121272 0.011458333333333333 0.015904572564612324
0 0.5494791666666666 0.4408548707753479 0.009375 0.016898608349900597
0 0.2942708333333333 0.444831013916501 0.016666666666666666 0.020874751491053677
0 0.11927083333333334 0.4532803180914513 0.010416666666666666 0.033797216699801194
0 0.3958333333333333 0.45974155069582506 0.007291666666666667 0.02286282306163022
0 0.3489583333333333 0.4647117296222664 0.013541666666666667 0.030815109343936383
0 0.3841145833333333 0.4746520874751491 0.008854166666666666 0.018886679920477135
0 0.37109375 0.4970178926441352 0.009895833333333333 0.03578528827037773
0 0.25416666666666665 0.4860834990059642 0.017708333333333333 0.013916500994035786
0 0.1671875 0.49353876739562624 0.010416666666666666 0.018886679920477135
0 0.675 0.5039761431411531 0.013541666666666667 0.02385685884691849
0 0.6875 0.510934393638171 0.025 0.03180914512922465
0 0.3958333333333333 0.5119284294234593 0.008333333333333333 0.03180914512922465
0 0.007291666666666667 0.5084493041749503 0.013541666666666667 0.016898608349900597
0 0.44479166666666664 0.5198807157057654 0.00625 0.033797216699801194
0 0.1171875 0.5173956262425448 0.015625 0.018886679920477135
0 0.4244791666666667 0.5213717693836978 0.009375 0.02286282306163022
0 0.4984375 0.5308151093439364 0.013541666666666667 0.027833001988071572
0 0.08046875 0.5501988071570576 0.013020833333333334 0.032803180914512925
0 0.47604166666666664 0.5457256461232605 0.013541666666666667 0.019880715705765408
0 0.3802083333333333 0.5457256461232605 0.008333333333333333 0.017892644135188866
0 0.10729166666666666 0.547713717693837 0.007291666666666667 0.013916500994035786
0 0.8572916666666667 0.5745526838966203 0.0125 0.02584493041749503
0 0.19322916666666667 0.5765407554671969 0.010416666666666666 0.019880715705765408
0 0.2203125 0.5889662027833003 0.014583333333333334 0.03479125248508946
0 0.25833333333333336 0.5869781312127237 0.017708333333333333 0.014910536779324055
0 0.07552083333333333 0.5894632206759444 0.011458333333333333 0.013916500994035786
0 0.31692708333333336 0.5984095427435387 0.016145833333333335 0.011928429423459244
0 0.6604166666666667 0.6053677932405567 0.0125 0.015904572564612324
0 0.4739583333333333 0.6083499005964215 0.014583333333333334 0.017892644135188866
0 0.5463541666666667 0.6118290258449304 0.009375 0.020874751491053677
0 0.19869791666666667 0.6192842942345924 0.0140625 0.02982107355864811
0 0.45755208333333336 0.6257455268389662 0.011979166666666667 0.03876739562624255
0 0.59375 0.6148111332007953 0.009375 0.008946322067594433
0 0.6635416666666667 0.6381709741550696 0.01875 0.041749502982107355
0 0.6065104166666667 0.6282306163021869 0.005729166666666666 0.019880715705765408
0 0.44635416666666666 0.6406560636182903 0.00625 0.03876739562624255
0 0.4015625 0.632703777335984 0.010416666666666666 0.020874751491053677
0 0.31796875 0.6297216699801192 0.018229166666666668 0.012922465208747515
0 0.03802083333333333 0.6376739562624254 0.0125 0.0268389662027833
0 0.48463541666666665 0.6416500994035785 0.018229166666666668 0.018886679920477135
0 0.6072916666666667 0.6635188866799204 0.004166666666666667 0.02485089463220676
0 0.64609375 0.6600397614314115 0.011979166666666667 0.011928429423459244
0 0.4231770833333333 0.6684890656063618 0.009895833333333333 0.02485089463220676
0 0.47109375 0.6749502982107356 0.016145833333333335 0.03180914512922465
0 0.3109375 0.6640159045725647 0.0125 0.009940357852882704
0 0.5994791666666667 0.6699801192842942 0.007291666666666667 0.013916500994035786
0 0.3203125 0.6754473161033797 0.009375 0.02485089463220676
0 0.4895833333333333 0.6888667992047713 0.00625 0.033797216699801194
0 0.1078125 0.6903578528827038 0.011458333333333333 0.0268389662027833
0 0.4270833333333333 0.7032803180914513 0.017708333333333333 0.0268389662027833
0 0.35104166666666664 0.7027833001988072 0.026041666666666668 0.02186878727634195
0 0.17708333333333334 0.69831013916501 0.013541666666666667 0.012922465208747515
0 0.6546875 0.7087475149105368 0.007291666666666667 0.013916500994035786
0 0.3763020833333333 0.7166998011928429 0.019270833333333334 0.013916500994035786
0 0.8520833333333333 0.7226640159045725 0.010416666666666666 0.019880715705765408
0 0.4395833333333333 0.7246520874751491 0.014583333333333334 0.015904572564612324
0 0.5888020833333333 0.7301192842942346 0.018229166666666668 0.018886679920477135
0 0.3625 0.73558648111332 0.005208333333333333 0.02584493041749503
0 0.4908854166666667 0.7345924453280318 0.0171875 0.017892644135188866
0 0.07317708333333334 0.7410536779324056 0.015104166666666667 0.020874751491053677
0 0.4315104166666667 0.7465208747514911 0.009895833333333333 0.017892644135188866
0 0.3098958333333333 0.7604373757455268 0.007291666666666667 0.0437375745526839
0 0.5296875 0.7584493041749503 0.0125 0.027833001988071572
0 0.190625 0.7544731610337972 0.010416666666666666 0.019880715705765408
0 0.7338541666666667 0.7703777335984096 0.005208333333333333 0.03180914512922465
0 0.14557291666666666 0.7673956262425448 0.013020833333333334 0.017892644135188866
0 0.33828125 0.7768389662027833 0.0046875 0.02286282306163022
0 0.2953125 0.775844930417495 0.011458333333333333 0.010934393638170975
0 0.53984375 0.7937375745526839 0.0171875 0.02286282306163022
0 0.04869791666666667 0.7982107355864811 0.0171875 0.015904572564612324
0 0.35911458333333335 0.8036779324055666 0.0140625 0.02286282306163022
0 0.29635416666666664 0.7992047713717694 0.015625 0.013916500994035786
0 0.37994791666666666 0.812624254473161 0.025520833333333333 0.0268389662027833
0 0.50078125 0.8255467196819085 0.013020833333333334 0.040755467196819085
0 0.0234375 0.8170974155069582 0.0125 0.02186878727634195
0 0.14505208333333333 0.8180914512922465 0.009895833333333333 0.017892644135188866
0 0.32057291666666665 0.8245526838966203 0.008854166666666666 0.02485089463220676
0 0.20208333333333334 0.8170974155069582 0.011458333333333333 0.009940357852882704
0 0.2903645833333333 0.8374751491053678 0.018229166666666668 0.020874751491053677
0 0.7065104166666667 0.8424453280318092 0.0109375 0.018886679920477135
0 0.35546875 0.8658051689860835 0.022395833333333334 0.05964214711729622
0 0.19635416666666666 0.8474155069582505 0.008333333333333333 0.02286282306163022
0 0.44557291666666665 0.864314115308151 0.009895833333333333 0.03479125248508946
0 0.10494791666666667 0.8648111332007953 0.0109375 0.02982107355864811
0 0.1203125 0.8891650099403579 0.008333333333333333 0.032803180914512925
0 0.4515625 0.8901590457256461 0.011458333333333333 0.030815109343936383
0 0.290625 0.8886679920477137 0.0125 0.007952286282306162
0 0.23541666666666666 0.9025844930417495 0.01875 0.03777335984095427
0 0.47161458333333334 0.9055666003976143 0.0140625 0.019880715705765408
0 0.3763020833333333 0.9199801192842942 0.030729166666666665 0.03479125248508946
0 0.3296875 0.9140159045725647 0.008333333333333333 0.014910536779324055
0 0.10286458333333333 0.9398608349900597 0.0171875 0.06461232604373758
0 0.6924479166666667 0.915506958250497 0.015104166666666667 0.009940357852882704
0 0.16588541666666667 0.9388667992047713 0.0078125 0.036779324055666
0 0.6783854166666666 0.9314115308151093 0.0109375 0.017892644135188866
0 0.5473958333333333 0.9314115308151093 0.010416666666666666 0.019880715705765408
0 0.21588541666666666 0.9254473161033797 0.011979166666666667 0.007952286282306162
0 0.4075520833333333 0.9348906560636183 0.009895833333333333 0.012922465208747515
0 0.39479166666666665 0.9473161033797217 0.011458333333333333 0.03578528827037773
0 0.31744791666666666 0.9388667992047713 0.0234375 0.018886679920477135
0 0.34401041666666665 0.9542743538767395 0.024479166666666666 0.041749502982107355
0 0.5229166666666667 0.9493041749502982 0.007291666666666667 0.027833001988071572
0 0.27005208333333336 0.9458250497017893 0.009895833333333333 0.020874751491053677
0 0.24869791666666666 0.9567594433399602 0.0046875 0.02882703777335984
0 0.48463541666666665 0.9507952286282306 0.009895833333333333 0.014910536779324055
0 0.2877604166666667 0.9517892644135189 0.0067708333333333336 0.014910536779324055
0 0.37552083333333336 0.9607355864811133 0.010416666666666666 0.020874751491053677
0 0.6177083333333333 0.9577534791252486 0.014583333333333334 0.012922465208747515
0 0.3606770833333333 0.974155069582505 0.008854166666666666 0.041749502982107355
0 0.3098958333333333 0.9826043737574552 0.005208333333333333 0.02286282306163022
0 0.6158854166666666 0.9865805168986084 0.022395833333333334 0.018886679920477135
0 0.2630208333333333 0.98558648111332 0.011458333333333333 0.016898608349900597
0 0.48151041666666666 0.9895626242544732 0.008854166666666666 0.018886679920477135
0 0.7104166666666667 0.9910536779324056 0.008333333333333333 0.015904572564612324
0 0.2869791666666667 0.9885685884691849 0.016666666666666666 0.008946322067594433
0 0.11119791666666666 0.9915506958250497 0.0140625 0.014910536779324055