0 0.8479166666666667 0.005964214711729622 0.016666666666666666 0.011928429423459244
0 0.7932291666666667 0.0004970178926441351 0.030208333333333334 0.0009940357852882703
0 0.5583333333333333 0.003976143141153081 0.017708333333333333 0.007952286282306162
0 0.5375 0.007455268389662028 0.009375 0.014910536779324055
0 0.33255208333333336 0.007952286282306162 0.008854166666666666 0.015904572564612324
0 0.5856770833333333 0.03876739562624255 0.009895833333333333 0.02982107355864811
0 0.53671875 0.0621272365805169 0.015104166666666667 0.018886679920477135
0 0.2546875 0.09443339960238568 0.021875 0.02385685884691849
0 0.6705729166666666 0.110337972166998 0.013020833333333334 0.03777335984095427
0 0.9807291666666667 0.11381709741550695 0.014583333333333334 0.0268389662027833
0 0.4393229166666667 0.12872763419483102 0.013020833333333334 0.042743538767395624
0 0.5859375 0.14612326043737575 0.019791666666666666 0.02584493041749503
0 0.3338541666666667 0.14165009940357853 0.013541666666666667 0.010934393638170975
0 0.08177083333333333 0.147117296222664 0.008333333333333333 0.017892644135188866
0 0.4609375 0.1555666003976143 0.009375 0.0268389662027833
0 0.30520833333333336 0.18190854870775347 0.010416666666666666 0.03180914512922465
0 0.6565104166666667 0.1848906560636183 0.0203125 0.019880715705765408
0 0.8981770833333333 0.21620278330019882 0.019270833333333334 0.018886679920477135
0 0.88359375 0.24353876739562624 0.016145833333333335 0.02584493041749503
0 0.6484375 0.24801192842942346 0.014583333333333334 0.02882703777335984
0 0.128125 0.2897614314115308 0.020833333333333332 0.048707753479125246
0 0.2375 0.28429423459244535 0.015625 0.013916500994035786
0 0.134375 0.33250497017892644 0.010416666666666666 0.02286282306163022
0 0.6544270833333333 0.33548707753479123 0.0046875 0.02485089463220676
0 0.6208333333333333 0.3503976143141153 0.009375 0.02485089463220676
0 0.29791666666666666 0.34940357852882703 0.017708333333333333 0.010934393638170975
0 0.6536458333333334 0.3648111332007952 0.008333333333333333 0.013916500994035786
0 0.68984375 0.3742544731610338 0.0109375 0.020874751491053677
0 0.08854166666666667 0.3757455268389662 0.013541666666666667 0.02186878727634195
0 0.39817708333333335 0.4000994035785288 0.0171875 0.020874751491053677
0 0.6768229166666667 0.41451292246520877 0.011979166666666667 0.02385685884691849
0 0.26848958333333334 0.4120278330019881 0.0203125 0.012922465208747515
0 0.3106770833333333 0.42992047713717696 0.0046875 0.016898608349900597
0 0.715625 0.4388667992047714 0.0125 0.030815109343936383
0 0.40729166666666666 0.43240556660039764 0.016666666666666666 0.015904572564612324
0 0.67578125 0.4537773359840954 0.027604166666666666 0.04671968190854871
0 0.6364583333333333 0.4403578528827038 0.011458333333333333 0.019880715705765408
0 0.17369791666666667 0.4592445328031809 0.009895833333333333 0.011928429423459244
0 0.3763020833333333 0.47564612326043737 0.0078125 0.042743538767395624
0 0.6924479166666667 0.47514910536779326 0.0171875 0.011928429423459244
0 0.5971354166666667 0.4915506958250497 0.008854166666666666 0.036779324055666
0 0.56484375 0.47912524850894633 0.015104166666666667 0.009940357852882704
0 0.44947916666666665 0.4915506958250497 0.01875 0.02485089463220676
0 0.3296875 0.4945328031809145 0.008333333333333333 0.030815109343936383
0 0.5013020833333334 0.5069582504970179 0.009895833333333333 0.039761431411530816
0 0.26640625 0.5039761431411531 0.013020833333333334 0.02982107355864811
0 0.6765625 0.5079522862823062 0.0125 0.027833001988071572
0 0.56875 0.5188866799204771 0.009375 0.03777335984095427
0 0.7005208333333334 0.5188866799204771 0.016666666666666666 0.033797216699801194
0 0.7263020833333333 0.5114314115308151 0.011979166666666667 0.014910536779324055
0 0.5419270833333333 0.5193836978131213 0.0203125 0.020874751491053677
0 0.6109375 0.5278330019880716 0.009375 0.013916500994035786
0 0.43307291666666664 0.5263419483101391 0.0140625 0.012922465208747515
0 0.13151041666666666 0.5432405566600398 0.021354166666666667 0.04473161033797217
0 0.32916666666666666 0.5457256461232605 0.009375 0.0437375745526839
0 0.60625 0.562624254473161 0.010416666666666666 0.019880715705765408
0 0.6315104166666666 0.5755467196819085 0.0067708333333333336 0.039761431411530816
0 0.53984375 0.5820079522862823 0.0046875 0.02286282306163022
0 0.5869791666666667 0.6033797216699801 0.01875 0.055666003976143144
0 0.20416666666666666 0.5879721669980119 0.015625 0.02286282306163022
0 0.5513020833333333 0.5869781312127237 0.005729166666666666 0.018886679920477135
0 0.7799479166666666 0.6013916500994035 0.011979166666666667 0.027833001988071572
0 0.8765625 0.6088469184890656 0.019791666666666666 0.030815109343936383
0 0.62734375 0.6108349900596421 0.0203125 0.018886679920477135
0 0.6309895833333333 0.6366799204771372 0.033854166666666664 0.04671968190854871
0 0.8002604166666667 0.6257455268389662 0.0109375 0.012922465208747515
0 0.4674479166666667 0.6336978131212724 0.0046875 0.02485089463220676
0 0.7752604166666667 0.6332007952286283 0.016145833333333335 0.017892644135188866
0 0.8526041666666667 0.6719681908548708 0.021875 0.03180914512922465
0 0.778125 0.6774353876739563 0.008333333333333333 0.032803180914512925
0 0.5140625 0.691351888667992 0.017708333333333333 0.036779324055666
0 0.6645833333333333 0.6829025844930418 0.01875 0.011928429423459244
0 0.7924479166666667 0.6953280318091452 0.0078125 0.032803180914512925
0 0.21067708333333332 0.7002982107355865 0.0078125 0.036779324055666
0 0.4510416666666667 0.6953280318091452 0.01875 0.012922465208747515
0 0.6252604166666667 0.7281312127236581 0.0171875 0.030815109343936383
0 0.45078125 0.7296222664015904 0.009895833333333333 0.02584493041749503
0 0.3875 0.7455268389662028 0.017708333333333333 0.027833001988071572
0 0.8177083333333334 0.7524850894632207 0.013541666666666667 0.027833001988071572
0 0.5828125 0.7554671968190855 0.0125 0.015904572564612324
0 0.7765625 0.7718687872763419 0.026041666666666668 0.02485089463220676
0 0.6455729166666667 0.7668986083499006 0.016145833333333335 0.014910536779324055
0 0.5299479166666666 0.7957256461232605 0.0140625 0.014910536779324055
0 0.4440104166666667 0.8096421471172962 0.013020833333333334 0.030815109343936383
0 0.6567708333333333 0.8096421471172962 0.013541666666666667 0.0268389662027833
0 0.20807291666666666 0.8230616302186878 0.0203125 0.02982107355864811
0 0.7546875 0.8250497017892644 0.019791666666666666 0.013916500994035786
0 0.66796875 0.8399602385685885 0.018229166666666668 0.02982107355864811
0 0.22994791666666667 0.8503976143141153 0.016145833333333335 0.040755467196819085
0 0.6484375 0.856858846918489 0.01875 0.02186878727634195
0 0.19348958333333333 0.8727634194831014 0.0171875 0.05168986083499006
0 0.9963541666666667 0.8717693836978131 0.007291666666666667 0.015904572564612324
0 0.6302083333333334 0.8861829025844931 0.005208333333333333 0.03479125248508946
0 0.884375 0.897117296222664 0.014583333333333334 0.030815109343936383
0 0.9192708333333334 0.9085487077534792 0.016666666666666666 0.033797216699801194
0 0.5541666666666667 0.9199801192842942 0.008333333333333333 0.02882703777335984
0 0.6484375 0.9438369781312127 0.015625 0.06262425447316103
0 0.6065104166666667 0.929920477137177 0.008854166666666666 0.03479125248508946
0 0.8046875 0.9343936381709742 0.011458333333333333 0.03777335984095427
0 0.26588541666666665 0.9378727634194831 0.0140625 0.03479125248508946
0 0.6263020833333334 0.9592445328031809 0.0109375 0.03180914512922465
0 0.5932291666666667 0.9637176938369781 0.010416666666666666 0.036779324055666
0 0.9947916666666666 0.9652087475149106 0.010416666666666666 0.02186878727634195
0 0.31640625 0.9721669980119284 0.019270833333333334 0.03578528827037773
0 0.6893229166666667 0.9761431411530815 0.0109375 0.03578528827037773
0 0.8192708333333333 0.9875745526838966 0.019791666666666666 0.02286282306163022
0 0.18645833333333334 0.9910536779324056 0.013541666666666667 0.015904572564612324