0 0.91875 0.0004970178926441351 0.04583333333333333 0.0009940357852882703
0 0.6388020833333333 0.015904572564612324 0.0265625 0.03180914512922465
0 0.5390625 0.0054671968190854875 0.021875 0.010934393638170975
0 0.4703125 0.03180914512922465 0.008333333333333333 0.02982107355864811
0 0.22369791666666666 0.032803180914512925 0.011979166666666667 0.02186878727634195
0 0.30130208333333336 0.05019880715705766 0.0078125 0.036779324055666
0 0.4075520833333333 0.0705765407554672 0.013020833333333334 0.041749502982107355
0 0.9869791666666666 0.07007952286282307 0.010416666666666666 0.036779324055666
0 0.34661458333333334 0.07504970178926441 0.0078125 0.012922465208747515
0 0.378125 0.10884691848906561 0.013541666666666667 0.02485089463220676
0 0.6052083333333333 0.13021868787276342 0.025 0.02385685884691849
0 0.39895833333333336 0.15357852882703776 0.01875 0.02286282306163022
0 0.32526041666666666 0.1610337972166998 0.013020833333333334 0.033797216699801194
0 0.4388020833333333 0.16898608349900596 0.005729166666666666 0.027833001988071572
0 0.4708333333333333 0.19135188866799205 0.014583333333333334 0.03876739562624255
0 0.49114583333333334 0.20278330019880716 0.016666666666666666 0.033797216699801194
0 0.41770833333333335 0.2201789264413519 0.007291666666666667 0.016898608349900597
0 0.7526041666666666 0.23210735586481113 0.011458333333333333 0.016898608349900597
0 0.4625 0.23409542743538767 0.01875 0.018886679920477135
0 0.4315104166666667 0.25 0.0109375 0.032803180914512925
0 0.3046875 0.25198807157057657 0.014583333333333334 0.036779324055666
0 0.34036458333333336 0.2659045725646123 0.0171875 0.02882703777335984
0 0.44114583333333335 0.27485089463220674 0.00625 0.014910536779324055
0 0.2682291666666667 0.2803180914512923 0.0125 0.017892644135188866
0 0.9356770833333333 0.30268389662027834 0.0171875 0.02485089463220676
0 0.41302083333333334 0.3116302186878728 0.008333333333333333 0.020874751491053677
0 0.08385416666666666 0.334493041749503 0.029166666666666667 0.05864811133200795
0 0.2513020833333333 0.3250497017892644 0.0234375 0.03180914512922465
0 0.509375 0.323558648111332 0.007291666666666667 0.014910536779324055
0 0.5122395833333333 0.37475149105367794 0.0046875 0.03180914512922465
0 0.7395833333333334 0.37226640159045726 0.017708333333333333 0.014910536779324055
0 0.46536458333333336 0.408051689860835 0.009895833333333333 0.02286282306163022
0 0.47369791666666666 0.4388667992047714 0.022395833333333334 0.06262425447316103
0 0.6354166666666666 0.42296222664015903 0.019791666666666666 0.012922465208747515
0 0.3796875 0.4393638170974155 0.027083333333333334 0.0437375745526839
0 0.41640625 0.44582504970178927 0.016145833333333335 0.03479125248508946
0 0.4473958333333333 0.44433399602385687 0.007291666666666667 0.017892644135188866
0 0.31015625 0.4428429423459245 0.022395833333333334 0.014910536779324055
0 0.5984375 0.4647117296222664 0.016666666666666666 0.012922465208747515
0 0.33177083333333335 0.47564612326043737 0.014583333333333334 0.0268389662027833
0 0.49921875 0.4975149105367793 0.0078125 0.016898608349900597
0 0.6135416666666667 0.5392644135188867 0.01875 0.018886679920477135
0 0.41848958333333336 0.544234592445328 0.0203125 0.02882703777335984
0 0.4395833333333333 0.5571570576540755 0.00625 0.03479125248508946
0 0.4544270833333333 0.5631212723658051 0.005729166666666666 0.0268389662027833
0 0.5505208333333333 0.5641153081510935 0.020833333333333332 0.012922465208747515
0 0.615625 0.5765407554671969 0.013541666666666667 0.02186878727634195
0 0.35494791666666664 0.5869781312127237 0.0078125 0.016898608349900597
0 0.5828125 0.5984095427435387 0.0125 0.03578528827037773
0 0.3338541666666667 0.5869781312127237 0.011458333333333333 0.014910536779324055
0 0.8580729166666666 0.595427435387674 0.0203125 0.027833001988071572
0 0.46067708333333335 0.5894632206759444 0.008854166666666666 0.015904572564612324
0 0.41822916666666665 0.595427435387674 0.008333333333333333 0.02584493041749503
0 0.4440104166666667 0.5974155069582505 0.013020833333333334 0.019880715705765408
0 0.4661458333333333 0.614314115308151 0.007291666666666667 0.019880715705765408
0 0.48072916666666665 0.6148111332007953 0.00625 0.014910536779324055
0 0.5119791666666667 0.6297216699801192 0.005208333333333333 0.018886679920477135
0 0.2109375 0.6307157057654076 0.016666666666666666 0.02286282306163022
0 0.275 0.6466202783300199 0.013541666666666667 0.03479125248508946
0 0.51484375 0.6510934393638171 0.005729166666666666 0.015904572564612324
0 0.6815104166666667 0.6515904572564613 0.019270833333333334 0.012922465208747515
0 0.21484375 0.6600397614314115 0.018229166666666668 0.019880715705765408
0 0.4296875 0.6709741550695825 0.015625 0.015904572564612324
0 0.23880208333333333 0.6903578528827038 0.011979166666666667 0.04473161033797217
0 0.38984375 0.6804174950298211 0.013020833333333334 0.016898608349900597
0 0.3684895833333333 0.6883697813121272 0.009895833333333333 0.0268389662027833
0 0.14348958333333334 0.7196819085487077 0.013020833333333334 0.027833001988071572
0 0.36354166666666665 0.731610337972167 0.022916666666666665 0.03777335984095427
0 0.43125 0.7380715705765407 0.008333333333333333 0.030815109343936383
0 0.41067708333333336 0.7549701789264414 0.024479166666666666 0.02286282306163022
0 0.6018229166666667 0.7519880715705766 0.0203125 0.014910536779324055
0 0.4635416666666667 0.7564612326043738 0.019791666666666666 0.017892644135188866
0 0.19270833333333334 0.7708747514910537 0.010416666666666666 0.0268389662027833
0 0.39348958333333334 0.7708747514910537 0.013020833333333334 0.012922465208747515
0 0.5130208333333334 0.7897614314115308 0.007291666666666667 0.040755467196819085
0 0.87265625 0.8021868787276342 0.024479166666666666 0.02584493041749503
0 0.6864583333333333 0.8330019880715706 0.019791666666666666 0.015904572564612324
0 0.5169270833333334 0.8911530815109344 0.027604166666666666 0.05069582504970179
0 0.8203125 0.8936381709741551 0.008333333333333333 0.03777335984095427
0 0.3765625 0.8976143141153081 0.011458333333333333 0.02186878727634195
0 0.23463541666666668 0.9398608349900597 0.0109375 0.042743538767395624
0 0.5015625 0.9378727634194831 0.005208333333333333 0.02286282306163022
0 0.39166666666666666 0.944831013916501 0.008333333333333333 0.036779324055666
0 0.60703125 0.9577534791252486 0.0140625 0.030815109343936383
0 0.5494791666666666 0.9706759443339961 0.017708333333333333 0.010934393638170975
0 0.6 0.9840954274353877 0.010416666666666666 0.02982107355864811
0 0.7239583333333334 0.98558648111332 0.013541666666666667 0.0268389662027833