0 0.7356770833333334 0.03628230616302187 0.043229166666666666 0.07256461232604373
0 0.7291666666666666 0.006958250497017893 0.007291666666666667 0.013916500994035786
0 0.671875 0.008449304174950299 0.007291666666666667 0.016898608349900597
0 0.6161458333333333 0.022365805168986085 0.0125 0.04473161033797217
0 0.384375 0.02385685884691849 0.022916666666666665 0.04771371769383698
0 0.31927083333333334 0.015407554671968192 0.01875 0.030815109343936383
0 0.03958333333333333 0.010934393638170975 0.019791666666666666 0.02186878727634195
0 0.27239583333333334 0.01143141153081511 0.016666666666666666 0.016898608349900597
0 0.4822916666666667 0.03230616302186879 0.010416666666666666 0.036779324055666
0 0.46848958333333335 0.04324055666003976 0.019270833333333334 0.04671968190854871
0 0.89921875 0.04771371769383698 0.019270833333333334 0.02982107355864811
0 0.5802083333333333 0.04821073558648111 0.009375 0.014910536779324055
0 0.40546875 0.07256461232604373 0.0171875 0.05168986083499006
0 0.3223958333333333 0.07107355864811134 0.007291666666666667 0.03479125248508946
0 0.6033854166666667 0.07157057654075547 0.008854166666666666 0.017892644135188866
0 0.38229166666666664 0.08001988071570576 0.007291666666666667 0.02882703777335984
0 0.33255208333333336 0.08399602385685885 0.005729166666666666 0.032803180914512925
0 0.48463541666666665 0.08697813121272366 0.019270833333333334 0.032803180914512925
0 0.30572916666666666 0.09145129224652088 0.009375 0.027833001988071572
0 0.020833333333333332 0.10636182902584493 0.019791666666666666 0.039761431411530816
0 0.34479166666666666 0.10934393638170974 0.013541666666666667 0.019880715705765408
0 0.46041666666666664 0.11878727634194831 0.00625 0.032803180914512925
0 0.37395833333333334 0.11083499005964215 0.008333333333333333 0.014910536779324055
0 0.4934895833333333 0.12475149105367793 0.011979166666666667 0.036779324055666
0 0.22526041666666666 0.12823061630218688 0.027604166666666666 0.02584493041749503
0 0.005729166666666666 0.1327037773359841 0.010416666666666666 0.020874751491053677
0 0.33828125 0.13568588469184892 0.0078125 0.014910536779324055
0 0.06171875 0.1386679920477137 0.0078125 0.012922465208747515
0 0.4934895833333333 0.15457256461232605 0.018229166666666668 0.018886679920477135
0 0.509375 0.16401590457256462 0.00625 0.03578528827037773
0 0.46197916666666666 0.1679920477137177 0.009375 0.03180914512922465
0 0.525 0.176441351888668 0.013541666666666667 0.042743538767395624
0 0.97265625 0.17992047713717693 0.019270833333333334 0.039761431411530816
0 0.3921875 0.18141153081510936 0.013541666666666667 0.02485089463220676
0 0.45364583333333336 0.20874751491053678 0.022916666666666665 0.05168986083499006
0 0.34817708333333336 0.20825049701789264 0.022395833333333334 0.03479125248508946
0 0.6747395833333333 0.20377733598409542 0.0203125 0.02186878727634195
0 0.23671875 0.21868787276341947 0.009895833333333333 0.03180914512922465
0 0.3606770833333333 0.2509940357852883 0.011979166666666667 0.036779324055666
0 0.5111979166666667 0.24602385685884692 0.0109375 0.02485089463220676
0 0.43463541666666666 0.24751491053677932 0.008854166666666666 0.015904572564612324
0 0.4666666666666667 0.2634194831013916 0.00625 0.02982107355864811
0 0.9403645833333333 0.27286282306163023 0.005729166666666666 0.020874751491053677
0 0.6770833333333334 0.2808151093439364 0.022916666666666665 0.03876739562624255
0 0.43802083333333336 0.2738568588469185 0.016666666666666666 0.02485089463220676
0 0.53984375 0.2837972166998012 0.016145833333333335 0.040755467196819085
0 0.5533854166666666 0.294234592445328 0.011979166666666667 0.04572564612326044
0 0.42239583333333336 0.2952286282306163 0.016666666666666666 0.019880715705765408
0 0.46796875 0.30019880715705766 0.005729166666666666 0.019880715705765408
0 0.47682291666666665 0.3260437375745527 0.011979166666666667 0.041749502982107355
0 0.4583333333333333 0.33001988071570576 0.017708333333333333 0.015904572564612324
0 0.6830729166666667 0.34840954274353875 0.0203125 0.02882703777335984
0 0.5872395833333334 0.34592445328031807 0.019270833333333334 0.02584493041749503
0 0.4640625 0.36779324055666 0.014583333333333334 0.04970178926441352
0 0.4752604166666667 0.37475149105367794 0.0078125 0.02385685884691849
0 0.6059895833333333 0.38469184890656066 0.0171875 0.019880715705765408
0 0.3697916666666667 0.3976143141153082 0.017708333333333333 0.04572564612326044
0 0.4466145833333333 0.39065606361829025 0.009895833333333333 0.027833001988071572
0 0.2598958333333333 0.38916500994035785 0.021875 0.016898608349900597
0 0.39765625 0.4110337972166998 0.015104166666666667 0.032803180914512925
0 0.4875 0.41451292246520877 0.009375 0.027833001988071572
0 0.7291666666666666 0.4279324055666004 0.021875 0.036779324055666
0 0.4234375 0.4259443339960239 0.005208333333333333 0.0268389662027833
0 0.47239583333333335 0.42445328031809143 0.009375 0.019880715705765408
0 0.35546875 0.43489065606361826 0.0109375 0.02485089463220676
0 0.3234375 0.441351888667992 0.014583333333333334 0.03180914512922465
0 0.4796875 0.4507952286282306 0.010416666666666666 0.020874751491053677
0 0.4984375 0.45974155069582506 0.022916666666666665 0.03479125248508946
0 0.14453125 0.47365805168986086 0.0109375 0.05864811133200795
0 0.5768229166666666 0.46322067594433397 0.025520833333333333 0.02186878727634195
0 0.28541666666666665 0.46322067594433397 0.013541666666666667 0.017892644135188866
0 0.353125 0.4691848906560636 0.00625 0.015904572564612324
0 0.32109375 0.474155069582505 0.0171875 0.02385685884691849
0 0.2552083333333333 0.4865805168986084 0.016666666666666666 0.04473161033797217
0 0.15677083333333333 0.4831013916500994 0.008333333333333333 0.03180914512922465
0 0.39817708333333335 0.4835984095427435 0.0171875 0.020874751491053677
0 0.12265625 0.4955268389662028 0.011979166666666667 0.03479125248508946
0 0.5015625 0.4945328031809145 0.021875 0.02286282306163022
0 0.45260416666666664 0.5014910536779325 0.01875 0.02882703777335984
0 0.4140625 0.5054671968190855 0.019791666666666666 0.032803180914512925
0 0.3046875 0.5154075546719682 0.026041666666666668 0.02882703777335984
0 0.47213541666666664 0.5243538767395626 0.013020833333333334 0.02485089463220676
0 0.44557291666666665 0.5323061630218688 0.0078125 0.018886679920477135
0 0.6177083333333333 0.5357852882703777 0.011458333333333333 0.019880715705765408
0 0.2872395833333333 0.5506958250497018 0.0203125 0.03777335984095427
0 0.4630208333333333 0.5506958250497018 0.008333333333333333 0.02982107355864811
0 0.23333333333333334 0.5472166998011928 0.017708333333333333 0.014910536779324055
0 0.74140625 0.5581510934393639 0.0140625 0.0268389662027833
0 0.5005208333333333 0.5531809145129225 0.013541666666666667 0.016898608349900597
0 0.09114583333333333 0.5656063618290258 0.013541666666666667 0.02385685884691849
0 0.4895833333333333 0.5780318091451292 0.021875 0.02286282306163022
0 0.4309895833333333 0.5914512922465208 0.0046875 0.027833001988071572
0 0.6421875 0.6008946322067594 0.005208333333333333 0.020874751491053677
0 0.40598958333333335 0.610337972166998 0.024479166666666666 0.041749502982107355
0 0.35859375 0.6123260437375746 0.0234375 0.02982107355864811
0 0.45078125 0.6078528827037774 0.015104166666666667 0.010934393638170975
0 0.8088541666666667 0.6222664015904572 0.010416666666666666 0.03578528827037773
0 0.6927083333333334 0.6336978131212724 0.00625 0.040755467196819085
0 0.4010416666666667 0.6491053677932406 0.016666666666666666 0.02982107355864811
0 0.259375 0.6525844930417495 0.014583333333333334 0.03876739562624255
0 0.4515625 0.647117296222664 0.008333333333333333 0.015904572564612324
0 0.7447916666666666 0.6789264413518886 0.015625 0.033797216699801194
0 0.5955729166666667 0.6963220675944334 0.0140625 0.05069582504970179
0 0.4315104166666667 0.6804174950298211 0.0140625 0.006958250497017893
0 0.54375 0.7052683896620279 0.009375 0.036779324055666
0 0.4278645833333333 0.7107355864811133 0.011979166666666667 0.013916500994035786
0 0.10963541666666667 0.7296222664015904 0.033854166666666664 0.033797216699801194
0 0.5606770833333333 0.7281312127236581 0.011979166666666667 0.018886679920477135
0 0.8653645833333333 0.7440357852882704 0.018229166666666668 0.02485089463220676
0 0.47994791666666664 0.7664015904572564 0.0265625 0.0437375745526839
0 0.19817708333333334 0.7624254473161034 0.009895833333333333 0.03180914512922465
0 0.7015625 0.7659045725646123 0.028125 0.02286282306163022
0 0.45338541666666665 0.775844930417495 0.021354166666666667 0.0268389662027833
0 0.10364583333333334 0.7857852882703777 0.014583333333333334 0.030815109343936383
0 0.5346354166666667 0.7852882703777336 0.0109375 0.019880715705765408
0 0.8059895833333334 0.7852882703777336 0.0328125 0.017892644135188866
0 0.45078125 0.7962226640159046 0.030729166666666665 0.02385685884691849
0 0.65703125 0.8225646123260437 0.008854166666666666 0.042743538767395624
0 0.44973958333333336 0.8330019880715706 0.018229166666666668 0.03777335984095427
0 0.7013020833333333 0.831013916500994 0.015104166666666667 0.009940357852882704
0 0.80078125 0.8508946322067594 0.0171875 0.03180914512922465
0 0.378125 0.8424453280318092 0.017708333333333333 0.010934393638170975
0 0.32005208333333335 0.8548707753479126 0.022395833333333334 0.02584493041749503
0 0.3893229166666667 0.8747514910536779 0.0265625 0.05168986083499006
0 0.36796875 0.8861829025844931 0.0109375 0.032803180914512925
0 0.484375 0.8966202783300199 0.009375 0.03180914512922465
0 0.29375 0.9050695825049702 0.016666666666666666 0.020874751491053677
0 0.5276041666666667 0.9065606361829026 0.022916666666666665 0.02186878727634195
0 0.36744791666666665 0.9612326043737575 0.019270833333333334 0.027833001988071572
0 0.39401041666666664 0.9701789264413518 0.0109375 0.03578528827037773
0 0.14661458333333333 0.9706759443339961 0.018229166666666668 0.020874751491053677
0 0.6796875 0.9776341948310139 0.00625 0.02485089463220676