0 0.31276041666666665 0.008946322067594433 0.0109375 0.017892644135188866
0 0.41848958333333336 0.0034791252485089465 0.015104166666666667 0.006958250497017893
0 0.5356770833333333 0.02485089463220676 0.0171875 0.02584493041749503
0 0.33541666666666664 0.031312127236580514 0.01875 0.020874751491053677
0 0.39817708333333335 0.03827037773359841 0.011979166666666667 0.03479125248508946
0 0.41822916666666665 0.029324055666003976 0.017708333333333333 0.016898608349900597
0 0.26328125 0.06610337972166998 0.0140625 0.036779324055666
0 0.41822916666666665 0.05815109343936382 0.017708333333333333 0.02286282306163022
0 0.5989583333333334 0.06510934393638171 0.0125 0.014910536779324055
0 0.18072916666666666 0.09294234592445327 0.011458333333333333 0.06262425447316103
0 0.34088541666666666 0.07952286282306163 0.0203125 0.02186878727634195
0 0.228125 0.08300198807157058 0.015625 0.02286282306163022
0 0.3924479166666667 0.10387673956262425 0.0140625 0.05864811133200795
0 0.9940104166666667 0.09343936381709742 0.0109375 0.03578528827037773
0 0.51328125 0.10238568588469185 0.008854166666666666 0.02186878727634195
0 0.34921875 0.11630218687872763 0.0109375 0.027833001988071572
0 0.6299479166666667 0.12077534791252485 0.0234375 0.02882703777335984
0 0.1296875 0.12326043737574553 0.014583333333333334 0.02584493041749503
0 0.740625 0.1327037773359841 0.021875 0.020874751491053677
0 0.27395833333333336 0.1481113320079523 0.014583333333333334 0.033797216699801194
0 0.4739583333333333 0.14314115308151093 0.007291666666666667 0.017892644135188866
0 0.5604166666666667 0.16302186878727634 0.009375 0.05168986083499006
0 0.6903645833333333 0.15208747514910537 0.021354166666666667 0.027833001988071572
0 0.0484375 0.1595427435387674 0.019791666666666666 0.02286282306163022
0 0.2984375 0.1749502982107356 0.014583333333333334 0.019880715705765408
0 0.00625 0.19731610337972166 0.0125 0.06262425447316103
0 0.4390625 0.17992047713717693 0.009375 0.019880715705765408
0 0.20598958333333334 0.20178926441351888 0.025520833333333333 0.055666003976143144
0 0.38567708333333334 0.20228628230616302 0.0234375 0.04473161033797217
0 0.528125 0.20675944333996024 0.015625 0.04572564612326044
0 0.7341145833333333 0.19284294234592445 0.008854166666666666 0.011928429423459244
0 0.5729166666666666 0.20228628230616302 0.027083333333333334 0.02485089463220676
0 0.09296875 0.20576540755467196 0.016145833333333335 0.02584493041749503
0 0.10572916666666667 0.20228628230616302 0.007291666666666667 0.012922465208747515
0 0.43411458333333336 0.21023856858846918 0.0171875 0.02286282306163022
0 0.34739583333333335 0.21023856858846918 0.016666666666666666 0.014910536779324055
0 0.9817708333333334 0.23111332007952287 0.0125 0.02485089463220676
0 0.12630208333333334 0.25347912524850896 0.0140625 0.041749502982107355
0 0.3611979166666667 0.24950298210735586 0.016145833333333335 0.02982107355864811
0 0.08854166666666667 0.2485089463220676 0.013541666666666667 0.02186878727634195
0 0.4505208333333333 0.25944333996023855 0.0125 0.02186878727634195
0 0.3026041666666667 0.26888667992047716 0.009375 0.012922465208747515
0 0.1703125 0.2808151093439364 0.01875 0.02882703777335984
0 0.3502604166666667 0.28578528827037775 0.0171875 0.032803180914512925
0 0.565625 0.2922465208747515 0.009375 0.03578528827037773
0 0.65546875 0.2947316103379722 0.019270833333333334 0.02882703777335984
0 0.7854166666666667 0.2952286282306163 0.015625 0.027833001988071572
0 0.0625 0.32803180914512925 0.010416666666666666 0.033797216699801194
0 0.04635416666666667 0.34542743538767395 0.015625 0.042743538767395624
0 0.17473958333333334 0.3518886679920477 0.015104166666666667 0.015904572564612324
0 0.3450520833333333 0.37624254473161034 0.025520833333333333 0.06262425447316103
0 0.8302083333333333 0.3573558648111332 0.01875 0.012922465208747515
0 0.9106770833333333 0.3682902584493042 0.009895833333333333 0.02882703777335984
0 0.43307291666666664 0.3672962226640159 0.008854166666666666 0.018886679920477135
0 0.5783854166666667 0.37077534791252487 0.0109375 0.02385685884691849
0 0.39453125 0.40208747514910537 0.0203125 0.06262425447316103
0 0.46588541666666666 0.38817097415506957 0.008854166666666666 0.03479125248508946
0 0.05416666666666667 0.39015904572564614 0.020833333333333332 0.02485089463220676
0 0.19348958333333333 0.39065606361829025 0.013020833333333334 0.02584493041749503
0 0.615625 0.3941351888667992 0.008333333333333333 0.0268389662027833
0 0.25833333333333336 0.40457256461232605 0.008333333333333333 0.03578528827037773
0 0.6541666666666667 0.40457256461232605 0.011458333333333333 0.03578528827037773
0 0.10651041666666666 0.4120278330019881 0.0265625 0.04473161033797217
0 0.21640625 0.4095427435387674 0.019270833333333334 0.033797216699801194
0 0.7716145833333333 0.40656063618290256 0.0140625 0.02584493041749503
0 0.015104166666666667 0.40506958250497016 0.013541666666666667 0.020874751491053677
0 0.19010416666666666 0.4140159045725646 0.015625 0.02286282306163022
0 0.303125 0.4403578528827038 0.009375 0.0437375745526839
0 0.275 0.4378727634194831 0.014583333333333334 0.030815109343936383
0 0.325 0.44781312127236583 0.009375 0.05069582504970179
0 0.34661458333333334 0.44681908548707755 0.0078125 0.03479125248508946
0 0.41770833333333335 0.45029821073558646 0.023958333333333335 0.02982107355864811
0 0.13541666666666666 0.46222664015904574 0.017708333333333333 0.0437375745526839
0 0.17734375 0.45278330019880714 0.008854166666666666 0.014910536779324055
0 0.25885416666666666 0.4592445328031809 0.014583333333333334 0.02186878727634195
0 0.3802083333333333 0.4731610337972167 0.008333333333333333 0.039761431411530816
0 0.8481770833333333 0.46123260437375746 0.0078125 0.017892644135188866
0 0.008072916666666667 0.4990059642147117 0.016145833333333335 0.0775347912524851
0 0.16822916666666668 0.48111332007952284 0.01875 0.02982107355864811
0 0.08333333333333333 0.4960238568588469 0.01875 0.03180914512922465
0 0.51796875 0.4990059642147117 0.021354166666666667 0.02385685884691849
0 0.06354166666666666 0.5124254473161034 0.027083333333333334 0.0268389662027833
0 0.37552083333333336 0.5124254473161034 0.014583333333333334 0.02485089463220676
0 0.11380208333333333 0.5119284294234593 0.016145833333333335 0.017892644135188866
0 0.18411458333333333 0.5323061630218688 0.016145833333333335 0.03479125248508946
0 0.13229166666666667 0.5248508946322068 0.008333333333333333 0.011928429423459244
0 0.5763020833333333 0.5333001988071571 0.0203125 0.020874751491053677
0 0.4036458333333333 0.5392644135188867 0.009375 0.016898608349900597
0 0.41770833333333335 0.5571570576540755 0.015625 0.048707753479125246
0 0.48098958333333336 0.5447316103379721 0.008854166666666666 0.017892644135188866
0 0.3736979166666667 0.5601391650099403 0.011979166666666667 0.030815109343936383
0 0.3828125 0.5854870775347912 0.021875 0.04572564612326044
0 0.43828125 0.5834990059642147 0.024479166666666666 0.03777335984095427
0 0.11354166666666667 0.5775347912524851 0.0125 0.015904572564612324
0 0.48828125 0.584493041749503 0.005729166666666666 0.017892644135188866
0 0.46145833333333336 0.6023856858846919 0.008333333333333333 0.03777335984095427
0 0.17317708333333334 0.6038767395626242 0.015104166666666667 0.02286282306163022
0 0.15026041666666667 0.6053677932405567 0.025520833333333333 0.02385685884691849
0 0.41302083333333334 0.6108349900596421 0.013541666666666667 0.014910536779324055
0 0.03463541666666667 0.628727634194831 0.0140625 0.03876739562624255
0 0.35052083333333334 0.6277335984095428 0.01875 0.02882703777335984
0 0.39739583333333334 0.6332007952286283 0.008333333333333333 0.039761431411530816
0 0.5341145833333333 0.6182902584493042 0.015104166666666667 0.009940357852882704
0 0.5828125 0.6292246520874751 0.010416666666666666 0.015904572564612324
0 0.5739583333333333 0.6401590457256461 0.00625 0.011928429423459244
0 0.15390625 0.6481113320079522 0.009895833333333333 0.02584493041749503
0 0.9403645833333333 0.6704771371769384 0.015104166666666667 0.042743538767395624
0 0.10338541666666666 0.6684890656063618 0.015104166666666667 0.02882703777335984
0 0.18098958333333334 0.6724652087475149 0.018229166666666668 0.0268389662027833
0 0.4075520833333333 0.6769383697813122 0.016145833333333335 0.02385685884691849
0 0.15885416666666666 0.691351888667992 0.017708333333333333 0.03479125248508946
0 0.38619791666666664 0.6893638170974155 0.013020833333333334 0.032803180914512925
0 0.5981770833333333 0.6918489065606361 0.018229166666666668 0.009940357852882704
0 0.2578125 0.7112326043737575 0.010416666666666666 0.03876739562624255
0 0.1234375 0.7007952286282306 0.021875 0.015904572564612324
0 0.51875 0.702286282306163 0.020833333333333332 0.012922465208747515
0 0.4786458333333333 0.7157057654075547 0.0125 0.03777335984095427
0 0.9846354166666667 0.7206759443339961 0.019270833333333334 0.041749502982107355
0 0.6838541666666667 0.7256461232604374 0.007291666666666667 0.019880715705765408
0 0.14270833333333333 0.739065606361829 0.013541666666666667 0.04473161033797217
0 0.06380208333333333 0.7321073558648111 0.011979166666666667 0.018886679920477135
0 0.10833333333333334 0.7445328031809145 0.011458333333333333 0.02584493041749503
0 0.6265625 0.7405566600397614 0.009375 0.019880715705765408
0 0.6520833333333333 0.7480119284294234 0.017708333333333333 0.030815109343936383
0 0.23645833333333333 0.7465208747514911 0.01875 0.013916500994035786
0 0.2565104166666667 0.7649105367793241 0.016145833333333335 0.05268389662027833
0 0.2171875 0.7788270377733598 0.014583333333333334 0.03876739562624255
0 0.19947916666666668 0.7788270377733598 0.015625 0.030815109343936383
0 0.91015625 0.7922465208747514 0.021354166666666667 0.019880715705765408
0 0.17005208333333333 0.8136182902584493 0.008854166666666666 0.040755467196819085
0 0.43515625 0.8041749502982107 0.009895833333333333 0.015904572564612324
0 0.03854166666666667 0.8225646123260437 0.016666666666666666 0.02882703777335984
0 0.07395833333333333 0.8285288270377733 0.019791666666666666 0.02882703777335984
0 0.35859375 0.834493041749503 0.0171875 0.036779324055666
0 0.16015625 0.8593439363817097 0.019270833333333334 0.016898608349900597
0 0.2799479166666667 0.8618290258449304 0.019270833333333334 0.019880715705765408
0 0.3078125 0.8608349900596421 0.011458333333333333 0.009940357852882704
0 0.41484375 0.8996023856858847 0.016145833333333335 0.04771371769383698
0 0.14479166666666668 0.9040755467196819 0.026041666666666668 0.05069582504970179
0 0.6848958333333334 0.9100397614314115 0.0125 0.048707753479125246
0 0.8138020833333334 0.9095427435387674 0.019270833333333334 0.019880715705765408
0 0.5265625 0.9100397614314115 0.021875 0.016898608349900597
0 0.7098958333333333 0.9135188866799204 0.014583333333333334 0.02385685884691849
0 0.3 0.9507952286282306 0.013541666666666667 0.05666003976143141
0 0.23333333333333334 0.9602385685884692 0.011458333333333333 0.07157057654075547
0 0.61328125 0.9612326043737575 0.0140625 0.02385685884691849
0 0.7088541666666667 0.9706759443339961 0.007291666666666667 0.032803180914512925
0 0.5627604166666667 0.9696819085487077 0.0171875 0.018886679920477135
0 0.3971354166666667 0.9850894632206759 0.008854166666666666 0.027833001988071572
0 0.184375 0.9835984095427436 0.022916666666666665 0.016898608349900597
0 0.59609375 0.9845924453280318 0.013020833333333334 0.014910536779324055