0 0.19765625 0.009940357852882704 0.0078125 0.019880715705765408
0 0.6653645833333334 0.026341948310139165 0.009895833333333333 0.032803180914512925
0 0.9697916666666667 0.03330019880715706 0.007291666666666667 0.018886679920477135
0 0.6078125 0.03628230616302187 0.011458333333333333 0.020874751491053677
0 0.80703125 0.03777335984095427 0.008854166666666666 0.02584493041749503
0 0.9916666666666667 0.036779324055666 0.015625 0.019880715705765408
0 0.7731770833333333 0.0437375745526839 0.0171875 0.02584493041749503
0 0.9565104166666667 0.0437375745526839 0.008854166666666666 0.02385685884691849
0 0.7291666666666666 0.05864811133200795 0.011458333333333333 0.019880715705765408
0 0.5109375 0.06461232604373758 0.009375 0.017892644135188866
0 0.6916666666666667 0.07703777335984095 0.011458333333333333 0.014910536779324055
0 0.91015625 0.08946322067594434 0.016145833333333335 0.02186878727634195
0 0.9734375 0.09542743538767395 0.01875 0.02982107355864811
0 0.99296875 0.11481113320079522 0.013020833333333334 0.02286282306163022
0 0.6895833333333333 0.1595427435387674 0.011458333333333333 0.030815109343936383
0 0.40703125 0.1694831013916501 0.0109375 0.02485089463220676
0 0.5981770833333333 0.1824055666003976 0.0109375 0.030815109343936383
0 0.7825520833333334 0.17992047713717693 0.008854166666666666 0.017892644135188866
0 0.96171875 0.2191848906560636 0.013020833333333334 0.02485089463220676
0 0.9872395833333333 0.22514910536779323 0.011979166666666667 0.018886679920477135
0 0.07786458333333333 0.22962226640159045 0.0078125 0.015904572564612324
0 0.9486979166666667 0.23260437375745527 0.0140625 0.02186878727634195
0 0.984375 0.2698807157057654 0.0125 0.02286282306163022
0 0.88828125 0.2803180914512923 0.0109375 0.013916500994035786
0 0.9942708333333333 0.28330019880715707 0.010416666666666666 0.011928429423459244
0 0.4895833333333333 0.2882703777335984 0.005208333333333333 0.017892644135188866
0 0.6955729166666667 0.30318091451292245 0.0140625 0.03777335984095427
0 0.7424479166666667 0.30119284294234594 0.0140625 0.017892644135188866
0 0.159375 0.31510934393638174 0.013541666666666667 0.041749502982107355
0 0.7984375 0.3111332007952286 0.00625 0.02186878727634195
0 0.8361979166666667 0.3364811133200795 0.0067708333333333336 0.02882703777335984
0 0.953125 0.3394632206759443 0.015625 0.03479125248508946
0 0.47994791666666664 0.34840954274353875 0.0140625 0.016898608349900597
0 0.6377604166666667 0.34840954274353875 0.013020833333333334 0.018886679920477135
0 0.9346354166666667 0.35984095427435386 0.015104166666666667 0.02584493041749503
0 0.44296875 0.3672962226640159 0.0109375 0.0268389662027833
0 0.4627604166666667 0.4010934393638171 0.009895833333333333 0.03479125248508946
0 0.7484375 0.40755467196819084 0.013541666666666667 0.013916500994035786
0 0.63046875 0.41600397614314116 0.013020833333333334 0.02485089463220676
0 0.1140625 0.4234592445328032 0.010416666666666666 0.03777335984095427
0 0.7161458333333334 0.4274353876739563 0.007291666666666667 0.027833001988071572
0 0.7455729166666667 0.4418489065606362 0.009895833333333333 0.016898608349900597
0 0.52734375 0.4572564612326044 0.0109375 0.033797216699801194
0 0.9588541666666667 0.4532803180914513 0.014583333333333334 0.02186878727634195
0 0.6583333333333333 0.46272365805168986 0.021875 0.032803180914512925
0 0.5138020833333333 0.4835984095427435 0.011979166666666667 0.030815109343936383
0 0.9278645833333333 0.4826043737574553 0.0078125 0.02882703777335984
0 0.7122395833333334 0.5034791252485089 0.008854166666666666 0.02882703777335984
0 0.7838541666666666 0.5014910536779325 0.0125 0.012922465208747515
0 0.5328125 0.5104373757455268 0.0125 0.0268389662027833
0 0.9341145833333333 0.5059642147117296 0.015104166666666667 0.017892644135188866
0 0.875 0.5198807157057654 0.023958333333333335 0.033797216699801194
0 0.546875 0.5323061630218688 0.019791666666666666 0.03876739562624255
0 0.896875 0.5243538767395626 0.0125 0.010934393638170975
0 0.6528645833333333 0.5357852882703777 0.0046875 0.02982107355864811
0 0.5119791666666667 0.5412524850894632 0.010416666666666666 0.018886679920477135
0 0.69765625 0.5447316103379721 0.0109375 0.02385685884691849
0 0.8893229166666666 0.5526838966202783 0.0067708333333333336 0.027833001988071572
0 0.24192708333333332 0.5651093439363817 0.016145833333333335 0.032803180914512925
0 0.8049479166666667 0.5646123260437376 0.009895833333333333 0.017892644135188866
0 0.8283854166666667 0.5765407554671969 0.0067708333333333336 0.02982107355864811
0 0.9416666666666667 0.5750497017892644 0.015625 0.014910536779324055
0 0.8927083333333333 0.5899602385685885 0.016666666666666666 0.010934393638170975
0 0.27057291666666666 0.610337972166998 0.018229166666666668 0.02982107355864811
0 0.8934895833333333 0.6163021868787276 0.0390625 0.02982107355864811
0 0.020833333333333332 0.6257455268389662 0.010416666666666666 0.040755467196819085
0 0.73125 0.6341948310139165 0.016666666666666666 0.011928429423459244
0 0.6390625 0.6635188866799204 0.013541666666666667 0.010934393638170975
0 0.29270833333333335 0.6665009940357853 0.014583333333333334 0.008946322067594433
0 0.6552083333333333 0.6883697813121272 0.0125 0.0268389662027833
0 0.8625 0.6928429423459245 0.015625 0.011928429423459244
0 0.9200520833333333 0.6958250497017893 0.015104166666666667 0.013916500994035786
0 0.8221354166666667 0.7032803180914513 0.0140625 0.020874751491053677
0 0.70390625 0.7087475149105368 0.013020833333333334 0.027833001988071572
0 0.7317708333333334 0.7360834990059643 0.016666666666666666 0.06461232604373758
0 0.1453125 0.7226640159045725 0.0125 0.02385685884691849
0 0.65390625 0.7335984095427436 0.013020833333333334 0.013916500994035786
0 0.625 0.7370775347912525 0.011458333333333333 0.010934393638170975
0 0.9299479166666667 0.7485089463220675 0.022395833333333334 0.02186878727634195
0 0.8841145833333334 0.7524850894632207 0.0140625 0.02186878727634195
0 0.9971354166666667 0.7554671968190855 0.0046875 0.027833001988071572
0 0.9119791666666667 0.7664015904572564 0.025 0.03777335984095427
0 0.6294270833333333 0.7594433399602386 0.015104166666666667 0.009940357852882704
0 0.7661458333333333 0.7798210735586482 0.015625 0.02286282306163022
0 0.8044270833333333 0.7808151093439364 0.008854166666666666 0.020874751491053677
0 0.37552083333333336 0.7912524850894632 0.00625 0.02982107355864811
0 0.46979166666666666 0.80168986083499 0.005208333333333333 0.032803180914512925
0 0.8184895833333333 0.797713717693837 0.0109375 0.018886679920477135
0 0.48723958333333334 0.7972166998011928 0.0140625 0.009940357852882704
0 0.10703125 0.8076540755467196 0.0140625 0.02286282306163022
0 0.77421875 0.8116302186878728 0.0078125 0.02286282306163022
0 0.63359375 0.8121272365805169 0.0171875 0.015904572564612324
0 0.91484375 0.8166003976143141 0.013020833333333334 0.020874751491053677
0 0.6940104166666666 0.8195825049701789 0.0078125 0.020874751491053677
0 0.7291666666666666 0.8170974155069582 0.0125 0.011928429423459244
0 0.7893229166666667 0.8290258449304175 0.0067708333333333336 0.033797216699801194
0 0.7572916666666667 0.8220675944333996 0.0125 0.009940357852882704
0 0.7192708333333333 0.8334990059642147 0.009375 0.02485089463220676
0 0.24244791666666668 0.8399602385685885 0.011979166666666667 0.027833001988071572
0 0.9036458333333334 0.8444333996023857 0.01875 0.036779324055666
0 0.6458333333333334 0.8374751491053678 0.00625 0.018886679920477135
0 0.8716145833333333 0.8374751491053678 0.0109375 0.016898608349900597
0 0.7497395833333333 0.8429423459244533 0.011979166666666667 0.013916500994035786
0 0.8361979166666667 0.8628230616302187 0.011979166666666667 0.041749502982107355
0 0.18984375 0.8653081510934394 0.016145833333333335 0.032803180914512925
0 0.45338541666666665 0.8573558648111332 0.011979166666666667 0.018886679920477135
0 0.21119791666666668 0.8742544731610338 0.015104166666666667 0.04473161033797217
0 0.04895833333333333 0.8687872763419483 0.013541666666666667 0.02982107355864811
0 0.7596354166666667 0.8697813121272365 0.013020833333333334 0.019880715705765408
0 0.17395833333333333 0.8737574552683897 0.009375 0.02186878727634195
0 0.60390625 0.8782306163021869 0.0067708333333333336 0.02286282306163022
0 0.5473958333333333 0.8846918489065606 0.007291666666666667 0.02584493041749503
0 0.56484375 0.8891650099403579 0.015104166666666667 0.03479125248508946
0 0.6666666666666666 0.8901590457256461 0.007291666666666667 0.036779324055666
0 0.7588541666666667 0.9095427435387674 0.010416666666666666 0.02982107355864811
0 0.9153645833333334 0.9249502982107356 0.0328125 0.06262425447316103
0 0.5401041666666667 0.9140159045725647 0.014583333333333334 0.02882703777335984
0 0.6940104166666666 0.9110337972166997 0.0109375 0.020874751491053677
0 0.17473958333333334 0.9165009940357853 0.013020833333333334 0.02186878727634195
0 0.72578125 0.9194831013916501 0.0171875 0.013916500994035786
0 0.8143229166666667 0.9224652087475149 0.013020833333333334 0.011928429423459244
0 0.6846354166666667 0.93389662027833 0.0078125 0.02485089463220676
0 0.8276041666666667 0.9408548707753479 0.010416666666666666 0.030815109343936383
0 0.4903645833333333 0.941351888667992 0.013020833333333334 0.02186878727634195
0 0.5770833333333333 0.9478131212723658 0.007291666666666667 0.02882703777335984
0 0.13671875 0.9433399602385686 0.0078125 0.013916500994035786
0 0.24270833333333333 0.9577534791252486 0.011458333333333333 0.03876739562624255
0 0.696875 0.9527833001988072 0.007291666666666667 0.030815109343936383
0 0.7669270833333334 0.9686878727634195 0.021354166666666667 0.03479125248508946
0 0.5973958333333333 0.9716699801192843 0.011458333333333333 0.03479125248508946
0 0.8671875 0.974155069582505 0.014583333333333334 0.02584493041749503
0 0.12109375 0.9746520874751491 0.021354166666666667 0.016898608349900597
0 0.6765625 0.9796222664015904 0.013541666666666667 0.018886679920477135
0 0.6151041666666667 0.9870775347912525 0.03229166666666667 0.02385685884691849
0 0.9640625 0.9895626242544732 0.029166666666666667 0.018886679920477135
0 0.5872395833333334 0.9930417495029821 0.0078125 0.011928429423459244