0 0.9359375 0.01143141153081511 0.020833333333333332 0.02286282306163022
0 0.44427083333333334 0.011928429423459244 0.019791666666666666 0.02385685884691849
0 0.4114583333333333 0.019383697813121274 0.036458333333333336 0.03876739562624255
0 0.29270833333333335 0.02485089463220676 0.007291666666666667 0.03180914512922465
0 0.37526041666666665 0.037276341948310136 0.011979166666666667 0.0268389662027833
0 0.9015625 0.045228628230616304 0.014583333333333334 0.03479125248508946
0 0.74296875 0.04125248508946322 0.024479166666666666 0.02485089463220676
0 0.47994791666666664 0.04324055666003976 0.0203125 0.02286282306163022
0 0.1859375 0.06660039761431412 0.029166666666666667 0.041749502982107355
0 0.41744791666666664 0.0636182902584493 0.0109375 0.027833001988071572
0 0.74921875 0.08548707753479125 0.015104166666666667 0.041749502982107355
0 0.6770833333333334 0.08598409542743539 0.007291666666666667 0.020874751491053677
0 0.85703125 0.08996023856858847 0.015104166666666667 0.0268389662027833
0 0.5453125 0.09542743538767395 0.020833333333333332 0.03180914512922465
0 0.459375 0.10934393638170974 0.010416666666666666 0.03777335984095427
0 0.5369791666666667 0.11779324055666004 0.013541666666666667 0.032803180914512925
0 0.39895833333333336 0.11679920477137178 0.021875 0.030815109343936383
0 0.6950520833333333 0.12276341948310139 0.008854166666666666 0.02882703777335984
0 0.9403645833333333 0.1317097415506958 0.0171875 0.018886679920477135
0 0.51640625 0.15904572564612326 0.011979166666666667 0.03180914512922465
0 0.5588541666666667 0.15854870775347912 0.013541666666666667 0.02485089463220676
0 0.25859375 0.16998011928429424 0.0140625 0.02584493041749503
0 0.44088541666666664 0.18588469184890655 0.011979166666666667 0.02584493041749503
0 0.18723958333333332 0.18389662027833 0.016145833333333335 0.02186878727634195
0 0.6377604166666667 0.19532803180914513 0.009895833333333333 0.030815109343936383
0 0.58671875 0.19483101391650098 0.0109375 0.02982107355864811
0 0.46067708333333335 0.2047713717693837 0.027604166666666666 0.039761431411530816
0 0.6747395833333333 0.20178926441351888 0.019270833333333334 0.03180914512922465
0 0.57265625 0.21819085487077536 0.009895833333333333 0.04473161033797217
0 0.25026041666666665 0.21669980119284293 0.0203125 0.02186878727634195
0 0.4895833333333333 0.2276341948310139 0.007291666666666667 0.027833001988071572
0 0.16354166666666667 0.2355864811133201 0.010416666666666666 0.03180914512922465
0 0.23489583333333333 0.23906560636182903 0.015625 0.02485089463220676
0 0.30963541666666666 0.24652087475149106 0.013020833333333334 0.017892644135188866
0 0.36041666666666666 0.2644135188866799 0.023958333333333335 0.02584493041749503
0 0.53828125 0.2659045725646123 0.0078125 0.016898608349900597
0 0.5153645833333333 0.26888667992047716 0.013020833333333334 0.02286282306163022
0 0.09947916666666666 0.27634194831013914 0.011458333333333333 0.02982107355864811
0 0.8895833333333333 0.2837972166998012 0.019791666666666666 0.0268389662027833
0 0.9791666666666666 0.2778330019880716 0.007291666666666667 0.010934393638170975
0 0.5856770833333333 0.2912524850894632 0.013020833333333334 0.02584493041749503
0 0.18828125 0.29721669980119286 0.021354166666666667 0.019880715705765408
0 0.6145833333333334 0.29721669980119286 0.01875 0.013916500994035786
0 0.9830729166666666 0.30566600397614313 0.013020833333333334 0.02485089463220676
0 0.9486979166666667 0.31461232604373757 0.015104166666666667 0.0268389662027833
0 0.41848958333333336 0.3230616302186879 0.015104166666666667 0.03578528827037773
0 0.51953125 0.32007952286282304 0.011979166666666667 0.019880715705765408
0 0.9416666666666667 0.34244532803180916 0.013541666666666667 0.018886679920477135
0 0.08489583333333334 0.3508946322067594 0.014583333333333334 0.019880715705765408
0 0.7322916666666667 0.36530815109343934 0.013541666666666667 0.030815109343936383
0 0.5744791666666667 0.37922465208747513 0.025 0.032803180914512925
0 0.49244791666666665 0.39314115308151093 0.0171875 0.030815109343936383
0 0.46328125 0.39214711729622265 0.016145833333333335 0.0268389662027833
0 0.5145833333333333 0.41699801192842945 0.017708333333333333 0.04473161033797217
0 0.46979166666666666 0.4418489065606362 0.021875 0.042743538767395624
0 0.6325520833333333 0.44582504970178927 0.0171875 0.030815109343936383
0 0.20911458333333333 0.45129224652087474 0.0109375 0.03777335984095427
0 0.6125 0.4562624254473161 0.010416666666666666 0.033797216699801194
0 0.5421875 0.4537773359840954 0.016666666666666666 0.02882703777335984
0 0.4875 0.46123260437375746 0.020833333333333332 0.03180914512922465
0 0.7744791666666667 0.4602385685884692 0.020833333333333332 0.015904572564612324
0 0.19192708333333333 0.49055666003976145 0.0140625 0.03876739562624255
0 0.50234375 0.48807157057654077 0.0140625 0.02385685884691849
0 0.6466145833333333 0.4995029821073559 0.0067708333333333336 0.03876739562624255
0 0.44947916666666665 0.49105367793240556 0.014583333333333334 0.009940357852882704
0 0.10104166666666667 0.5054671968190855 0.015625 0.036779324055666
0 0.175 0.5024850894632207 0.0125 0.020874751491053677
0 0.0171875 0.5248508946322068 0.016666666666666666 0.039761431411530816
0 0.8140625 0.5238568588469185 0.010416666666666666 0.02982107355864811
0 0.9244791666666666 0.5333001988071571 0.014583333333333334 0.042743538767395624
0 0.5075520833333333 0.5337972166998012 0.0265625 0.033797216699801194
0 0.7901041666666667 0.5352882703777336 0.014583333333333334 0.020874751491053677
0 0.5940104166666667 0.5308151093439364 0.0203125 0.011928429423459244
0 0.3890625 0.5407554671968191 0.014583333333333334 0.013916500994035786
0 0.7690104166666667 0.5710735586481114 0.028645833333333332 0.05268389662027833
0 0.628125 0.5606361829025845 0.016666666666666666 0.02385685884691849
0 0.3059895833333333 0.5705765407554672 0.008854166666666666 0.0437375745526839
0 0.48828125 0.5651093439363817 0.016145833333333335 0.014910536779324055
0 0.48802083333333335 0.5899602385685885 0.008333333333333333 0.02882703777335984
0 0.47734375 0.5904572564612326 0.0078125 0.02584493041749503
0 0.25 0.606858846918489 0.025 0.05467196819085487
0 0.41901041666666666 0.5959244532803181 0.022395833333333334 0.0268389662027833
0 0.63984375 0.6123260437375746 0.013020833333333334 0.0437375745526839
0 0.56484375 0.6063618290258449 0.011979166666666667 0.02584493041749503
0 0.38125 0.6351888667992047 0.023958333333333335 0.03777335984095427
0 0.4283854166666667 0.635685884691849 0.0203125 0.020874751491053677
0 0.29270833333333335 0.6535785288270378 0.023958333333333335 0.0268389662027833
0 0.44869791666666664 0.6610337972166997 0.0078125 0.02186878727634195
0 0.4895833333333333 0.6640159045725647 0.008333333333333333 0.011928429423459244
0 0.4744791666666667 0.6699801192842942 0.007291666666666667 0.019880715705765408
0 0.39401041666666664 0.6734592445328031 0.0078125 0.0268389662027833
0 0.33515625 0.6744532803180915 0.019270833333333334 0.020874751491053677
0 0.6192708333333333 0.7007952286282306 0.009375 0.03777335984095427
0 0.41822916666666665 0.6903578528827038 0.007291666666666667 0.014910536779324055
0 0.37447916666666664 0.6993041749502982 0.019791666666666666 0.012922465208747515
0 0.6533854166666667 0.7251491053677932 0.019270833333333334 0.05069582504970179
0 0.5244791666666667 0.717196819085487 0.023958333333333335 0.02485089463220676
0 0.4200520833333333 0.7166998011928429 0.0078125 0.015904572564612324
0 0.021614583333333333 0.7326043737574552 0.0140625 0.03180914512922465
0 0.47890625 0.7301192842942346 0.019270833333333334 0.020874751491053677
0 0.3263020833333333 0.7415506958250497 0.0109375 0.039761431411530816
0 0.4046875 0.7321073558648111 0.008333333333333333 0.014910536779324055
0 0.20078125 0.7455268389662028 0.0296875 0.041749502982107355
0 0.39140625 0.7460238568588469 0.0067708333333333336 0.02882703777335984
0 0.4473958333333333 0.7519880715705766 0.022916666666666665 0.020874751491053677
0 0.5872395833333334 0.7629224652087475 0.0171875 0.020874751491053677
0 0.0953125 0.7818091451292246 0.014583333333333334 0.042743538767395624
0 0.321875 0.7803180914512923 0.0125 0.03180914512922465
0 0.12083333333333333 0.7967196819085487 0.022916666666666665 0.02882703777335984
0 0.6651041666666667 0.8170974155069582 0.021875 0.04572564612326044
0 0.7455729166666667 0.8141153081510935 0.016145833333333335 0.03578528827037773
0 0.33177083333333335 0.8230616302186878 0.011458333333333333 0.011928429423459244
0 0.36276041666666664 0.8409542743538767 0.015104166666666667 0.0437375745526839
0 0.47734375 0.8479125248508946 0.0046875 0.02982107355864811
0 0.3268229166666667 0.856858846918489 0.016145833333333335 0.02584493041749503
0 0.38203125 0.8772365805168986 0.008854166666666666 0.04671968190854871
0 0.240625 0.8797216699801192 0.019791666666666666 0.02982107355864811
0 0.08203125 0.8986083499005965 0.011979166666666667 0.033797216699801194
0 0.05182291666666667 0.8991053677932406 0.03697916666666667 0.032803180914512925
0 0.44765625 0.9060636182902585 0.0109375 0.03479125248508946
0 0.3359375 0.9030815109343936 0.022916666666666665 0.020874751491053677
0 0.83203125 0.9105367793240556 0.024479166666666666 0.017892644135188866
0 0.03828125 0.9194831013916501 0.015104166666666667 0.013916500994035786
0 0.8127604166666667 0.9398608349900597 0.0140625 0.018886679920477135
0 0.5416666666666666 0.9512922465208747 0.009375 0.041749502982107355
0 0.34453125 0.9453280318091452 0.0078125 0.02982107355864811
0 0.5096354166666667 0.9428429423459245 0.0203125 0.016898608349900597
0 0.018229166666666668 0.9498011928429424 0.022916666666666665 0.02882703777335984
0 0.5114583333333333 0.9860834990059643 0.020833333333333332 0.015904572564612324