0 0.01640625 0.0004970178926441351 0.0328125 0.0009940357852882703
0 0.12734375 0.021371769383697812 0.018229166666666668 0.014910536779324055
0 0.9989583333333333 0.04025844930417495 0.0010416666666666667 0.05268389662027833
0 0.928125 0.028330019880715707 0.017708333333333333 0.02286282306163022
0 0.81796875 0.04324055666003976 0.013020833333333334 0.03876739562624255
0 0.5341145833333333 0.05864811133200795 0.0171875 0.033797216699801194
0 0.8674479166666667 0.0775347912524851 0.013020833333333334 0.02982107355864811
0 0.28541666666666665 0.11232604373757456 0.009375 0.03180914512922465
0 0.49244791666666665 0.11530815109343936 0.016145833333333335 0.011928429423459244
0 0.9981770833333333 0.15606361829025844 0.0026041666666666665 0.06560636182902585
0 0.509375 0.1625248508946322 0.009375 0.040755467196819085
0 0.7052083333333333 0.15805168986083498 0.019791666666666666 0.03180914512922465
0 0.7513020833333334 0.16451292246520874 0.011979166666666667 0.03876739562624255
0 0.73515625 0.18886679920477137 0.019270833333333334 0.03180914512922465
0 0.4557291666666667 0.20278330019880716 0.017708333333333333 0.04970178926441352
0 0.8966145833333333 0.22912524850894633 0.015104166666666667 0.04671968190854871
0 0.20755208333333333 0.26043737574552683 0.016145833333333335 0.015904572564612324
0 0.41380208333333335 0.2654075546719682 0.0046875 0.02584493041749503
0 0.2872395833333333 0.2673956262425447 0.018229166666666668 0.019880715705765408
0 0.3580729166666667 0.2668986083499006 0.019270833333333334 0.014910536779324055
0 0.79375 0.2753479125248509 0.016666666666666666 0.02584493041749503
0 0.3802083333333333 0.28330019880715707 0.013541666666666667 0.033797216699801194
0 0.440625 0.27485089463220674 0.020833333333333332 0.014910536779324055
0 0.019010416666666665 0.30218687872763417 0.0140625 0.04572564612326044
0 0.6908854166666667 0.3081510934393638 0.013020833333333334 0.017892644135188866
0 0.5036458333333333 0.31560636182902585 0.011458333333333333 0.02286282306163022
0 0.2552083333333333 0.341948310139165 0.023958333333333335 0.0437375745526839
0 0.4713541666666667 0.3349900596421471 0.013541666666666667 0.017892644135188866
0 0.008854166666666666 0.3548707753479125 0.0125 0.03180914512922465
0 0.7044270833333334 0.3961232604373757 0.0109375 0.03876739562624255
0 0.18671875 0.4095427435387674 0.0109375 0.02982107355864811
0 0.06354166666666666 0.408051689860835 0.016666666666666666 0.02286282306163022
0 0.39765625 0.42296222664015903 0.0046875 0.02882703777335984
0 0.4440104166666667 0.4428429423459245 0.0140625 0.008946322067594433
0 0.3932291666666667 0.4547713717693837 0.011458333333333333 0.02286282306163022
0 0.42916666666666664 0.4617296222664016 0.029166666666666667 0.030815109343936383
0 0.5036458333333333 0.4537773359840954 0.0125 0.014910536779324055
0 0.26145833333333335 0.4686878727634195 0.014583333333333334 0.014910536779324055
0 0.16666666666666666 0.49353876739562624 0.025 0.020874751491053677
0 0.44921875 0.48906560636182905 0.015104166666666667 0.011928429423459244
0 0.98984375 0.4985089463220676 0.015104166666666667 0.02882703777335984
0 0.9239583333333333 0.49652087475149104 0.013541666666666667 0.016898608349900597
0 0.546875 0.5094433399602386 0.011458333333333333 0.02286282306163022
0 0.38359375 0.5134194831013916 0.0140625 0.016898608349900597
0 0.33515625 0.5223658051689861 0.024479166666666666 0.020874751491053677
0 0.95703125 0.5208747514910537 0.0067708333333333336 0.017892644135188866
0 0.4283854166666667 0.5313121272365805 0.011979166666666667 0.03479125248508946
0 0.36432291666666666 0.5313121272365805 0.018229166666666668 0.030815109343936383
0 0.3958333333333333 0.5283300198807157 0.009375 0.020874751491053677
0 0.4119791666666667 0.5283300198807157 0.011458333333333333 0.016898608349900597
0 0.7778645833333333 0.5417495029821073 0.011979166666666667 0.03180914512922465
0 0.10703125 0.5601391650099403 0.015104166666666667 0.05467196819085487
0 0.3104166666666667 0.5487077534791253 0.0125 0.02584493041749503
0 0.45338541666666665 0.5452286282306164 0.005729166666666666 0.016898608349900597
0 0.3807291666666667 0.55168986083499 0.0125 0.02385685884691849
0 0.46197916666666666 0.5616302186878728 0.009375 0.019880715705765408
0 0.12838541666666667 0.5666003976143141 0.015104166666666667 0.015904572564612324
0 0.23619791666666667 0.5710735586481114 0.021354166666666667 0.0268389662027833
0 0.41041666666666665 0.5656063618290258 0.014583333333333334 0.013916500994035786
0 0.20885416666666667 0.5745526838966203 0.017708333333333333 0.02584493041749503
0 0.8015625 0.5680914512922465 0.010416666666666666 0.012922465208747515
0 0.29609375 0.5780318091451292 0.0171875 0.02286282306163022
0 0.5247395833333334 0.5780318091451292 0.0109375 0.02286282306163022
0 0.07291666666666667 0.5899602385685885 0.021875 0.036779324055666
0 0.384375 0.5755467196819085 0.011458333333333333 0.007952286282306162
0 0.42552083333333335 0.5834990059642147 0.016666666666666666 0.02385685884691849
0 0.31302083333333336 0.5889662027833003 0.014583333333333334 0.02485089463220676
0 0.3927083333333333 0.5849900596421471 0.010416666666666666 0.008946322067594433
0 0.9283854166666666 0.5859840954274353 0.009895833333333333 0.012922465208747515
0 0.7080729166666667 0.591948310139165 0.0078125 0.010934393638170975
0 0.32890625 0.6108349900596421 0.016145833333333335 0.04671968190854871
0 0.4041666666666667 0.6098409542743539 0.019791666666666666 0.03479125248508946
0 0.5427083333333333 0.6058648111332008 0.0125 0.018886679920477135
0 0.44140625 0.6043737574552683 0.013020833333333334 0.009940357852882704
0 0.4666666666666667 0.6237574552683897 0.013541666666666667 0.03876739562624255
0 0.7065104166666667 0.6177932405566601 0.009895833333333333 0.02485089463220676
0 0.44895833333333335 0.6277335984095428 0.011458333333333333 0.02485089463220676
0 0.37838541666666664 0.6297216699801192 0.019270833333333334 0.016898608349900597
0 0.38671875 0.654572564612326 0.0078125 0.032803180914512925
0 0.5059895833333333 0.6481113320079522 0.018229166666666668 0.019880715705765408
0 0.66015625 0.6535785288270378 0.015104166666666667 0.030815109343936383
0 0.2994791666666667 0.661530815109344 0.015625 0.032803180914512925
0 0.40182291666666664 0.6625248508946322 0.0171875 0.03479125248508946
0 0.4752604166666667 0.6570576540755467 0.0140625 0.009940357852882704
0 0.26927083333333335 0.6704771371769384 0.014583333333333334 0.018886679920477135
0 0.37109375 0.6724652087475149 0.008854166666666666 0.010934393638170975
0 0.3171875 0.6833996023856859 0.00625 0.0268389662027833
0 0.06171875 0.6943339960238568 0.013020833333333334 0.02882703777335984
0 0.4713541666666667 0.7017892644135189 0.013541666666666667 0.0437375745526839
0 0.5533854166666666 0.7017892644135189 0.0140625 0.03180914512922465
0 0.8997395833333334 0.7107355864811133 0.018229166666666668 0.05168986083499006
0 0.3299479166666667 0.7062624254473161 0.011979166666666667 0.03479125248508946
0 0.35104166666666664 0.7037773359840954 0.013541666666666667 0.011928429423459244
0 0.40234375 0.7062624254473161 0.015104166666666667 0.016898608349900597
0 0.4940104166666667 0.7331013916500994 0.013020833333333334 0.030815109343936383
0 0.44635416666666666 0.7340954274353877 0.004166666666666667 0.02485089463220676
0 0.425 0.7385685884691849 0.005208333333333333 0.015904572564612324
0 0.025 0.7569582504970179 0.011458333333333333 0.02882703777335984
0 0.409375 0.76441351888668 0.016666666666666666 0.041749502982107355
0 0.2552083333333333 0.757455268389662 0.013541666666666667 0.02186878727634195
0 0.12786458333333334 0.7673956262425448 0.018229166666666668 0.03777335984095427
0 0.32708333333333334 0.7579522862823062 0.013541666666666667 0.012922465208747515
0 0.47760416666666666 0.7703777335984096 0.025 0.033797216699801194
0 0.34375 0.7708747514910537 0.017708333333333333 0.014910536779324055
0 0.5270833333333333 0.7872763419483101 0.015625 0.03180914512922465
0 0.5963541666666666 0.7952286282306164 0.010416666666666666 0.039761431411530816
0 0.41484375 0.8066600397614314 0.0140625 0.020874751491053677
0 0.5083333333333333 0.8081510934393639 0.016666666666666666 0.02186878727634195
0 0.44505208333333335 0.81610337972167 0.011979166666666667 0.027833001988071572
0 0.99140625 0.8111332007952287 0.016145833333333335 0.017892644135188866
0 0.3723958333333333 0.8225646123260437 0.013541666666666667 0.030815109343936383
0 0.24713541666666666 0.8170974155069582 0.0171875 0.015904572564612324
0 0.32447916666666665 0.8235586481113321 0.011458333333333333 0.02882703777335984
0 0.5588541666666667 0.8215705765407555 0.009375 0.0268389662027833
0 0.48671875 0.834493041749503 0.022395833333333334 0.040755467196819085
0 0.46901041666666665 0.8444333996023857 0.005729166666666666 0.0268389662027833
0 0.40286458333333336 0.8474155069582505 0.008854166666666666 0.02286282306163022
0 0.6221354166666667 0.8459244532803181 0.0203125 0.017892644135188866
0 0.43984375 0.8444333996023857 0.018229166666666668 0.012922465208747515
0 0.45625 0.856858846918489 0.008333333333333333 0.02385685884691849
0 0.48671875 0.8633200795228628 0.015104166666666667 0.012922465208747515
0 0.4296875 0.8792246520874751 0.010416666666666666 0.036779324055666
0 0.3684895833333333 0.8757455268389662 0.0171875 0.02186878727634195
0 0.3919270833333333 0.8886679920477137 0.013020833333333334 0.041749502982107355
0 0.23723958333333334 0.897117296222664 0.008854166666666666 0.030815109343936383
0 0.30130208333333336 0.8926441351888668 0.021354166666666667 0.02186878727634195
0 0.68046875 0.8981113320079522 0.011979166666666667 0.032803180914512925
0 0.09010416666666667 0.9274353876739563 0.025 0.02385685884691849
0 0.5153645833333333 0.9289264413518886 0.008854166666666666 0.0268389662027833
0 0.3893229166666667 0.929920477137177 0.0067708333333333336 0.016898608349900597
0 0.93515625 0.9507952286282306 0.018229166666666668 0.036779324055666
0 0.5752604166666667 0.955765407554672 0.009895833333333333 0.02485089463220676
0 0.5083333333333333 0.9612326043737575 0.013541666666666667 0.011928429423459244
0 0.5434895833333333 0.9706759443339961 0.0203125 0.018886679920477135
0 0.4453125 0.9835984095427436 0.022916666666666665 0.030815109343936383
0 0.6359375 0.9950298210735586 0.017708333333333333 0.007952286282306162