0 0.6703125 0.040755467196819085 0.01875 0.04771371769383698
0 0.8817708333333333 0.04324055666003976 0.01875 0.036779324055666
0 0.459375 0.04473161033797217 0.010416666666666666 0.03777335984095427
0 0.63828125 0.06063618290258449 0.024479166666666666 0.039761431411530816
0 0.6604166666666667 0.08449304174950298 0.019791666666666666 0.027833001988071572
0 0.6200520833333333 0.09990059642147117 0.019270833333333334 0.04671968190854871
0 0.7755208333333333 0.08797216699801193 0.017708333333333333 0.018886679920477135
0 0.9091145833333333 0.1073558648111332 0.018229166666666668 0.019880715705765408
0 0.2328125 0.12823061630218688 0.016666666666666666 0.039761431411530816
0 0.56640625 0.13021868787276342 0.022395833333333334 0.03180914512922465
0 0.83203125 0.13369781312127235 0.0109375 0.02286282306163022
0 0.7369791666666666 0.13817097415506957 0.011458333333333333 0.02982107355864811
0 0.59375 0.15308151093439365 0.01875 0.02186878727634195
0 0.5533854166666666 0.16898608349900596 0.018229166666666668 0.027833001988071572
0 0.90703125 0.20377733598409542 0.019270833333333334 0.04771371769383698
0 0.55546875 0.20328031809145128 0.0109375 0.014910536779324055
0 0.3463541666666667 0.21371769383697814 0.010416666666666666 0.02584493041749503
0 0.6 0.21222664015904572 0.008333333333333333 0.018886679920477135
0 0.8450520833333334 0.23856858846918488 0.018229166666666668 0.05168986083499006
0 0.5903645833333333 0.2370775347912525 0.013020833333333334 0.03479125248508946
0 0.4317708333333333 0.23210735586481113 0.020833333333333332 0.016898608349900597
0 0.007291666666666667 0.27335984095427435 0.013541666666666667 0.08946322067594434
0 0.8877604166666667 0.2485089463220676 0.022395833333333334 0.02584493041749503
0 0.6859375 0.2664015904572565 0.009375 0.019880715705765408
0 0.07890625 0.28479125248508946 0.0171875 0.040755467196819085
0 0.7848958333333333 0.2882703777335984 0.014583333333333334 0.03180914512922465
0 0.7265625 0.28429423459244535 0.013541666666666667 0.02186878727634195
0 0.3802083333333333 0.29970178926441354 0.019791666666666666 0.05069582504970179
0 0.0390625 0.3230616302186879 0.029166666666666667 0.03777335984095427
0 0.9953125 0.3275347912524851 0.009375 0.014910536779324055
0 0.9783854166666667 0.33548707753479123 0.0140625 0.018886679920477135
0 0.7114583333333333 0.3379721669980119 0.019791666666666666 0.02385685884691849
0 0.8033854166666666 0.33697813121272363 0.009895833333333333 0.013916500994035786
0 0.9895833333333334 0.3697813121272366 0.020833333333333332 0.0536779324055666
0 0.4940104166666667 0.36083499005964215 0.008854166666666666 0.033797216699801194
0 0.06302083333333333 0.36232604373757454 0.008333333333333333 0.020874751491053677
0 0.29739583333333336 0.36779324055666 0.008333333333333333 0.02982107355864811
0 0.07604166666666666 0.40407554671968193 0.03125 0.06461232604373758
0 0.42994791666666665 0.40308151093439365 0.0067708333333333336 0.032803180914512925
0 0.7408854166666666 0.4000994035785288 0.015104166666666667 0.02286282306163022
0 0.5161458333333333 0.4085487077534791 0.007291666666666667 0.017892644135188866
0 0.2794270833333333 0.40606361829025844 0.015104166666666667 0.014910536779324055
0 0.6296875 0.4115308151093439 0.0125 0.019880715705765408
0 0.6182291666666667 0.4567594433399602 0.004166666666666667 0.018886679920477135
0 0.5856770833333333 0.46669980119284293 0.0203125 0.02286282306163022
0 0.75 0.47962226640159045 0.009375 0.03479125248508946
0 0.39869791666666665 0.47514910536779326 0.0078125 0.02584493041749503
0 0.5307291666666667 0.48061630218687873 0.014583333333333334 0.016898608349900597
0 0.7682291666666666 0.48807157057654077 0.00625 0.02584493041749503
0 0.9130208333333333 0.4865805168986084 0.016666666666666666 0.020874751491053677
0 0.6611979166666667 0.4870775347912525 0.0078125 0.017892644135188866
0 0.46067708333333335 0.5044731610337972 0.0109375 0.03876739562624255
0 0.87890625 0.5039761431411531 0.0109375 0.02584493041749503
0 0.7802083333333333 0.5208747514910537 0.00625 0.03777335984095427
0 0.0046875 0.5173956262425448 0.008333333333333333 0.030815109343936383
0 0.5328125 0.5168986083499006 0.007291666666666667 0.02186878727634195
0 0.7513020833333334 0.5159045725646123 0.016145833333333335 0.015904572564612324
0 0.7390625 0.5198807157057654 0.00625 0.013916500994035786
0 0.54375 0.5541749502982107 0.0125 0.032803180914512925
0 0.3296875 0.5641153081510935 0.022916666666666665 0.02485089463220676
0 0.14375 0.5805168986083499 0.021875 0.02982107355864811
0 0.6453125 0.5849900596421471 0.014583333333333334 0.030815109343936383
0 0.4908854166666667 0.581013916500994 0.008854166666666666 0.018886679920477135
0 0.5703125 0.5874751491053678 0.013541666666666667 0.027833001988071572
0 0.87265625 0.6043737574552683 0.024479166666666666 0.02385685884691849
0 0.13802083333333334 0.6133200795228628 0.016666666666666666 0.017892644135188866
0 0.11875 0.6247514910536779 0.015625 0.02485089463220676
0 0.6325520833333333 0.6341948310139165 0.019270833333333334 0.019880715705765408
0 0.9200520833333333 0.6451292246520874 0.022395833333333334 0.027833001988071572
0 0.07135416666666666 0.6605367793240556 0.03125 0.018886679920477135
0 0.21875 0.6749502982107356 0.025 0.02385685884691849
0 0.875 0.6958250497017893 0.016666666666666666 0.04771371769383698
0 0.5020833333333333 0.6883697813121272 0.010416666666666666 0.0268389662027833
0 0.70234375 0.6933399602385686 0.025520833333333333 0.020874751491053677
0 0.58125 0.7037773359840954 0.015625 0.02186878727634195
0 0.684375 0.7286282306163022 0.019791666666666666 0.02584493041749503
0 0.5106770833333333 0.7599403578528827 0.009895833333333333 0.02286282306163022
0 0.5302083333333333 0.8041749502982107 0.011458333333333333 0.03777335984095427
0 0.32421875 0.8031809145129225 0.018229166666666668 0.03578528827037773
0 0.7140625 0.8151093439363817 0.015625 0.03777335984095427
0 0.6375 0.8484095427435387 0.011458333333333333 0.048707753479125246
0 0.5682291666666667 0.8394632206759444 0.011458333333333333 0.020874751491053677
0 0.8109375 0.867296222664016 0.007291666666666667 0.020874751491053677
0 0.7747395833333334 0.9055666003976143 0.008854166666666666 0.0437375745526839
0 0.6713541666666667 0.9150099403578529 0.015625 0.020874751491053677
0 0.5375 0.9194831013916501 0.011458333333333333 0.02982107355864811
0 0.4861979166666667 0.9130218687872763 0.0140625 0.016898608349900597
0 0.9356770833333333 0.9219681908548708 0.024479166666666666 0.030815109343936383
0 0.15234375 0.9269383697813122 0.019270833333333334 0.018886679920477135
0 0.7348958333333333 0.9289264413518886 0.015625 0.016898608349900597
0 0.64453125 0.9363817097415507 0.0078125 0.02584493041749503
0 0.2755208333333333 0.9428429423459245 0.013541666666666667 0.0268389662027833
0 0.48046875 0.9527833001988072 0.0171875 0.018886679920477135
0 0.26953125 0.9761431411530815 0.016145833333333335 0.02584493041749503
0 0.8541666666666666 0.9915506958250497 0.016666666666666666 0.014910536779324055