0 0.2669270833333333 0.08001988071570576 0.011979166666666667 0.010934393638170975
0 0.16901041666666666 0.18439363817097415 0.013020833333333334 0.018886679920477135
0 0.38359375 0.2897614314115308 0.0078125 0.018886679920477135
0 0.18177083333333333 0.30019880715705766 0.010416666666666666 0.017892644135188866
0 0.020833333333333332 0.3250497017892644 0.013541666666666667 0.02385685884691849
0 0.2734375 0.3588469184890656 0.010416666666666666 0.009940357852882704
0 0.09765625 0.37524850894632206 0.0067708333333333336 0.018886679920477135
0 0.29322916666666665 0.47862823061630216 0.015625 0.030815109343936383
0 0.05677083333333333 0.5760437375745527 0.009375 0.032803180914512925
0 0.5986979166666667 0.577037773359841 0.0078125 0.02882703777335984
0 0.33958333333333335 0.5999005964214712 0.011458333333333333 0.016898608349900597
0 0.3294270833333333 0.6739562624254473 0.0036458333333333334 0.02385685884691849
0 0.19791666666666666 0.6749502982107356 0.0125 0.027833001988071572
0 0.5497395833333333 0.702286282306163 0.009895833333333333 0.02286282306163022
0 0.36484375 0.6943339960238568 0.0109375 0.006958250497017893
0 0.30755208333333334 0.7365805168986084 0.009895833333333333 0.015904572564612324
0 0.18125 0.7455268389662028 0.011458333333333333 0.009940357852882704
0 0.47109375 0.786779324055666 0.0171875 0.014910536779324055
0 0.33645833333333336 0.7932405566600398 0.015625 0.017892644135188866
0 0.47708333333333336 0.8131212723658051 0.011458333333333333 0.007952286282306162
0 0.4466145833333333 0.8225646123260437 0.011979166666666667 0.02485089463220676
0 0.375 0.8180914512922465 0.017708333333333333 0.015904572564612324
0 0.36171875 0.838469184890656 0.0046875 0.02882703777335984
0 0.2875 0.8469184890656064 0.013541666666666667 0.02982107355864811
0 0.18723958333333332 0.8459244532803181 0.0109375 0.027833001988071572
0 0.46979166666666666 0.8474155069582505 0.003125 0.02485089463220676
0 0.51796875 0.8588469184890656 0.0109375 0.019880715705765408
0 0.12942708333333333 0.8707753479125249 0.015104166666666667 0.02584493041749503
0 0.35911458333333335 0.8762425447316103 0.008854166666666666 0.030815109343936383
0 0.5041666666666667 0.8802186878727635 0.005208333333333333 0.0268389662027833
0 0.45286458333333335 0.8792246520874751 0.0078125 0.016898608349900597
0 0.5572916666666666 0.8772365805168986 0.007291666666666667 0.010934393638170975
0 0.013541666666666667 0.8812127236580517 0.016666666666666666 0.018886679920477135
0 0.5450520833333333 0.8832007952286283 0.0078125 0.010934393638170975
0 0.39505208333333336 0.8946322067594433 0.011979166666666667 0.017892644135188866
0 0.23541666666666666 0.8986083499005965 0.005208333333333333 0.02186878727634195
0 0.35078125 0.9065606361829026 0.009895833333333333 0.02982107355864811
0 0.34661458333333334 0.9269383697813122 0.013020833333333334 0.0268389662027833
0 0.15963541666666667 0.9438369781312127 0.021354166666666667 0.03876739562624255
0 0.3028645833333333 0.9403578528827038 0.016145833333333335 0.027833001988071572
0 0.39088541666666665 0.9363817097415507 0.0078125 0.011928429423459244
0 0.40260416666666665 0.9493041749502982 0.027083333333333334 0.02186878727634195
0 0.4588541666666667 0.94831013916501 0.010416666666666666 0.009940357852882704
0 0.48385416666666664 0.9582504970178927 0.009375 0.015904572564612324
0 0.1296875 0.9552683896620279 0.016666666666666666 0.011928429423459244
0 0.16640625 0.9776341948310139 0.018229166666666668 0.030815109343936383
0 0.44817708333333334 0.9771371769383698 0.013020833333333334 0.017892644135188866
0 0.43359375 0.9781312127236581 0.0109375 0.02186878727634195
0 0.3484375 0.9756461232604374 0.0125 0.010934393638170975
0 0.5880208333333333 0.9905566600397614 0.008333333333333333 0.016898608349900597
0 0.47994791666666664 0.9870775347912525 0.009895833333333333 0.009940357852882704