0 0.1921875 0.16053677932405566 0.0125 0.016898608349900597
0 0.42734375 0.24453280318091453 0.018229166666666668 0.02385685884691849
0 0.25677083333333334 0.46272365805168986 0.013541666666666667 0.016898608349900597
0 0.14921875 0.4955268389662028 0.019270833333333334 0.014910536779324055
0 0.1265625 0.5293240556660039 0.014583333333333334 0.012922465208747515
0 0.029427083333333333 0.581013916500994 0.015104166666666667 0.016898608349900597
0 0.21614583333333334 0.6317097415506958 0.013541666666666667 0.010934393638170975
0 0.43333333333333335 0.672962226640159 0.00625 0.02982107355864811
0 0.5140625 0.7017892644135189 0.00625 0.017892644135188866
0 0.2513020833333333 0.7291252485089463 0.011979166666666667 0.014910536779324055
0 0.14348958333333334 0.7321073558648111 0.011979166666666667 0.020874751491053677
0 0.19895833333333332 0.7693836978131213 0.008333333333333333 0.02385685884691849
0 0.07213541666666666 0.7673956262425448 0.0140625 0.017892644135188866
0 0.4817708333333333 0.7768389662027833 0.014583333333333334 0.012922465208747515
0 0.5890625 0.7972166998011928 0.015625 0.03180914512922465
0 0.07109375 0.8285288270377733 0.008854166666666666 0.02882703777335984
0 0.014583333333333334 0.8439363817097415 0.01875 0.02385685884691849
0 0.278125 0.841948310139165 0.014583333333333334 0.015904572564612324
0 0.29791666666666666 0.8533797216699801 0.007291666666666667 0.014910536779324055
0 0.30703125 0.8702783300198808 0.008854166666666666 0.02485089463220676
0 0.3453125 0.8807157057654076 0.010416666666666666 0.019880715705765408
0 0.46588541666666666 0.8866799204771372 0.0109375 0.011928429423459244
0 0.45078125 0.8981113320079522 0.005729166666666666 0.030815109343936383
0 0.08828125 0.9005964214711729 0.005729166666666666 0.02982107355864811
0 0.10130208333333333 0.9090457256461233 0.016145833333333335 0.03479125248508946
0 0.41510416666666666 0.9120278330019881 0.015625 0.02882703777335984
0 0.31354166666666666 0.9169980119284294 0.016666666666666666 0.016898608349900597
0 0.25416666666666665 0.9224652087475149 0.011458333333333333 0.013916500994035786
0 0.21354166666666666 0.9592445328031809 0.014583333333333334 0.02385685884691849
0 0.33880208333333334 0.9642147117296223 0.0171875 0.02186878727634195
0 0.48723958333333334 0.9786282306163022 0.0203125 0.040755467196819085
0 0.3731770833333333 0.9756461232604374 0.0046875 0.02882703777335984
0 0.46588541666666666 0.989065606361829 0.0140625 0.009940357852882704