0 0.115625 0.0044731610337972166 0.0625 0.008946322067594433
0 0.04088541666666667 0.002982107355864811 0.08072916666666667 0.005964214711729622
0 0.0020833333333333333 0.07703777335984095 0.003125 0.09045725646123261
0 0.4440104166666667 0.19234592445328033 0.0140625 0.018886679920477135
0 0.59765625 0.2231610337972167 0.011979166666666667 0.02485089463220676
0 0.34661458333333334 0.22266401590457258 0.008854166666666666 0.019880715705765408
0 0.22421875 0.24701789264413518 0.009895833333333333 0.0268389662027833
0 0.33177083333333335 0.26888667992047716 0.014583333333333334 0.030815109343936383
0 0.37109375 0.2753479125248509 0.0109375 0.027833001988071572
0 0.059375 0.279324055666004 0.015625 0.03578528827037773
0 0.21770833333333334 0.28926441351888665 0.013541666666666667 0.007952286282306162
0 0.5526041666666667 0.2962226640159046 0.009375 0.013916500994035786
0 0.50078125 0.3096421471172962 0.0109375 0.012922465208747515
0 0.5419270833333333 0.31709741550695825 0.0109375 0.02385685884691849
0 0.29140625 0.3364811133200795 0.009895833333333333 0.016898608349900597
0 0.3890625 0.33548707753479123 0.013541666666666667 0.010934393638170975
0 0.6114583333333333 0.36381709741550694 0.007291666666666667 0.027833001988071572
0 0.6528645833333333 0.3658051689860835 0.0109375 0.009940357852882704
0 0.5575520833333333 0.38916500994035785 0.0203125 0.020874751491053677
0 0.6401041666666667 0.3866799204771372 0.011458333333333333 0.007952286282306162
0 0.47239583333333335 0.42147117296222664 0.01875 0.019880715705765408
0 0.590625 0.4284294234592445 0.009375 0.011928429423459244
0 0.44244791666666666 0.4532803180914513 0.009895833333333333 0.02584493041749503
0 0.31354166666666666 0.48906560636182905 0.008333333333333333 0.019880715705765408
0 0.2630208333333333 0.49403578528827036 0.023958333333333335 0.02385685884691849
0 0.20625 0.5104373757455268 0.020833333333333332 0.014910536779324055
0 0.5958333333333333 0.5303180914512923 0.0125 0.010934393638170975
0 0.7611979166666667 0.5735586481113321 0.015104166666666667 0.015904572564612324
0 0.22916666666666666 0.584493041749503 0.0125 0.011928429423459244
0 0.64609375 0.6033797216699801 0.013020833333333334 0.019880715705765408
0 0.41015625 0.6292246520874751 0.016145833333333335 0.015904572564612324
0 0.68984375 0.6336978131212724 0.009895833333333333 0.016898608349900597
0 0.34322916666666664 0.6401590457256461 0.007291666666666667 0.02385685884691849
0 0.43723958333333335 0.6466202783300199 0.0171875 0.016898608349900597
0 0.41953125 0.6620278330019881 0.0067708333333333336 0.02584493041749503
0 0.2838541666666667 0.661530815109344 0.008333333333333333 0.02286282306163022
0 0.6091145833333333 0.6625248508946322 0.0140625 0.016898608349900597
0 0.4361979166666667 0.6704771371769384 0.016145833333333335 0.012922465208747515
0 0.5403645833333334 0.6779324055666004 0.0078125 0.02385685884691849
0 0.6515625 0.6868787276341949 0.01875 0.027833001988071572
0 0.6768229166666667 0.6963220675944334 0.018229166666666668 0.018886679920477135
0 0.6106770833333334 0.6953280318091452 0.016145833333333335 0.014910536779324055
0 0.43776041666666665 0.705765407554672 0.019270833333333334 0.02385685884691849
0 0.4153645833333333 0.7107355864811133 0.008854166666666666 0.027833001988071572
0 0.39427083333333335 0.7072564612326043 0.008333333333333333 0.020874751491053677
0 0.26197916666666665 0.7321073558648111 0.014583333333333334 0.032803180914512925
0 0.08020833333333334 0.7246520874751491 0.0125 0.015904572564612324
0 0.6143229166666667 0.7455268389662028 0.009895833333333333 0.015904572564612324
0 0.5752604166666667 0.7554671968190855 0.0078125 0.027833001988071572
0 0.43671875 0.7475149105367793 0.018229166666666668 0.013916500994035786
0 0.46901041666666665 0.7569582504970179 0.009895833333333333 0.0268389662027833
0 0.31927083333333334 0.75 0.015625 0.010934393638170975
0 0.5260416666666666 0.7947316103379721 0.016666666666666666 0.07654075546719682
0 0.19947916666666668 0.7783300198807157 0.014583333333333334 0.013916500994035786
0 0.6794270833333333 0.7847912524850894 0.021354166666666667 0.018886679920477135
0 0.5729166666666666 0.8056660039761432 0.010416666666666666 0.036779324055666
0 0.54140625 0.8046719681908548 0.015104166666666667 0.03479125248508946
0 0.2515625 0.7967196819085487 0.011458333333333333 0.020874751491053677
0 0.5010416666666667 0.8166003976143141 0.017708333333333333 0.05268389662027833
0 0.5609375 0.8071570576540755 0.004166666666666667 0.02385685884691849
0 0.4315104166666667 0.8195825049701789 0.008854166666666666 0.03479125248508946
0 0.30859375 0.8166003976143141 0.016145833333333335 0.018886679920477135
0 0.28802083333333334 0.8235586481113321 0.007291666666666667 0.030815109343936383
0 0.4778645833333333 0.8394632206759444 0.0234375 0.042743538767395624
0 0.6651041666666667 0.838469184890656 0.015625 0.018886679920477135
0 0.5815104166666667 0.845427435387674 0.0109375 0.008946322067594433
0 0.5645833333333333 0.856858846918489 0.015625 0.015904572564612324
0 0.52265625 0.8717693836978131 0.009895833333333333 0.017892644135188866
0 0.5572916666666666 0.885685884691849 0.015625 0.02584493041749503
0 0.5018229166666667 0.8851888667992047 0.015104166666666667 0.02485089463220676
0 0.29348958333333336 0.8822067594433399 0.0171875 0.014910536779324055
0 0.5299479166666666 0.9020874751491054 0.0265625 0.03876739562624255
0 0.4622395833333333 0.8936381709741551 0.009895833333333333 0.019880715705765408
0 0.4434895833333333 0.9070576540755467 0.024479166666666666 0.036779324055666
0 0.35859375 0.8976143141153081 0.0203125 0.017892644135188866
0 0.5565104166666667 0.9169980119284294 0.0265625 0.04473161033797217
0 0.4986979166666667 0.9100397614314115 0.0046875 0.014910536779324055
0 0.42552083333333335 0.9249502982107356 0.017708333333333333 0.016898608349900597
0 0.5002604166666667 0.929920477137177 0.0203125 0.014910536779324055
0 0.5286458333333334 0.9567594433399602 0.0375 0.048707753479125246
0 0.46380208333333334 0.9453280318091452 0.009895833333333333 0.017892644135188866
0 0.7109375 0.9542743538767395 0.01875 0.03180914512922465
0 0.6072916666666667 0.9547713717693836 0.01875 0.02882703777335984
0 0.44453125 0.9607355864811133 0.0046875 0.02882703777335984
0 0.2375 0.955765407554672 0.011458333333333333 0.018886679920477135
0 0.55546875 0.9637176938369781 0.03697916666666667 0.032803180914512925
0 0.4984375 0.9835984095427436 0.028125 0.030815109343936383
0 0.29296875 0.9840954274353877 0.0140625 0.011928429423459244
0 0.3653645833333333 0.992544731610338 0.011979166666666667 0.012922465208747515
0 0.66796875 0.9930417495029821 0.0078125 0.011928429423459244
0 0.5463541666666667 0.9930417495029821 0.009375 0.011928429423459244