0 0.7395833333333334 0.018886679920477135 0.010416666666666666 0.02982107355864811
0 0.6033854166666667 0.017892644135188866 0.0140625 0.017892644135188866
0 0.7669270833333334 0.027335984095427434 0.0140625 0.03479125248508946
0 0.6361979166666667 0.06809145129224652 0.015104166666666667 0.020874751491053677
0 0.30520833333333336 0.08946322067594434 0.009375 0.02584493041749503
0 0.9932291666666667 0.0889662027833002 0.0125 0.020874751491053677
0 0.9671875 0.09940357852882704 0.010416666666666666 0.017892644135188866
0 0.8981770833333333 0.13021868787276342 0.018229166666666668 0.019880715705765408
0 0.9270833333333334 0.14463220675944333 0.009375 0.0268389662027833
0 0.9041666666666667 0.1540755467196819 0.013541666666666667 0.017892644135188866
0 0.8778645833333333 0.16003976143141152 0.0109375 0.02584493041749503
0 0.6893229166666667 0.1555666003976143 0.011979166666666667 0.012922465208747515
0 0.9559895833333333 0.16053677932405566 0.009895833333333333 0.02485089463220676
0 0.7447916666666666 0.17345924453280318 0.014583333333333334 0.03876739562624255
0 0.8106770833333333 0.16351888667992048 0.015104166666666667 0.010934393638170975
0 0.6041666666666666 0.21819085487077536 0.007291666666666667 0.018886679920477135
0 0.58671875 0.2261431411530815 0.0067708333333333336 0.014910536779324055
0 0.90078125 0.23260437375745527 0.0078125 0.02584493041749503
0 0.859375 0.24602385685884692 0.010416666666666666 0.016898608349900597
0 0.8890625 0.25497017892644136 0.036458333333333336 0.03479125248508946
0 0.7856770833333333 0.27037773359840955 0.022395833333333334 0.04970178926441352
0 0.65078125 0.27037773359840955 0.005729166666666666 0.027833001988071572
0 0.8341145833333333 0.2639165009940358 0.0140625 0.012922465208747515
0 0.9809895833333333 0.27087475149105367 0.0078125 0.020874751491053677
0 0.8427083333333333 0.2922465208747515 0.015625 0.013916500994035786
0 0.8653645833333333 0.29721669980119286 0.0109375 0.019880715705765408
0 0.634375 0.3111332007952286 0.01875 0.019880715705765408
0 0.6973958333333333 0.3106361829025845 0.014583333333333334 0.018886679920477135
0 0.128125 0.31809145129224653 0.00625 0.02186878727634195
0 0.9721354166666667 0.32007952286282304 0.018229166666666668 0.017892644135188866
0 0.8244791666666667 0.32703777335984097 0.016666666666666666 0.015904572564612324
0 0.5075520833333333 0.3474155069582505 0.0171875 0.018886679920477135
0 0.8924479166666667 0.36133200795228626 0.011979166666666667 0.048707753479125246
0 0.97734375 0.3518886679920477 0.011979166666666667 0.027833001988071572
0 0.6877604166666667 0.3687872763419483 0.009895833333333333 0.027833001988071572
0 0.7971354166666667 0.3667992047713718 0.0109375 0.017892644135188866
0 0.8677083333333333 0.3841948310139165 0.01875 0.020874751491053677
0 0.39166666666666666 0.3941351888667992 0.00625 0.02286282306163022
0 0.7981770833333334 0.40606361829025844 0.005729166666666666 0.020874751491053677
0 0.72578125 0.43439363817097415 0.021354166666666667 0.02584493041749503
0 0.4 0.45974155069582506 0.009375 0.032803180914512925
0 0.9583333333333334 0.45825049701789267 0.011458333333333333 0.03180914512922465
0 0.6799479166666667 0.4542743538767396 0.0109375 0.011928429423459244
0 0.4901041666666667 0.46819085487077533 0.00625 0.02584493041749503
0 0.8424479166666666 0.47713717693836977 0.011979166666666667 0.02584493041749503
0 0.7122395833333334 0.47912524850894633 0.005729166666666666 0.02385685884691849
0 0.8140625 0.4860834990059642 0.0125 0.02186878727634195
0 0.725 0.4826043737574553 0.007291666666666667 0.012922465208747515
0 0.1140625 0.49403578528827036 0.01875 0.02385685884691849
0 0.24296875 0.5014910536779325 0.0171875 0.03876739562624255
0 0.9848958333333333 0.518389662027833 0.013541666666666667 0.02485089463220676
0 0.48385416666666664 0.5208747514910537 0.010416666666666666 0.02584493041749503
0 0.9255208333333333 0.5318091451292246 0.008333333333333333 0.03180914512922465
0 0.6260416666666667 0.5407554671968191 0.008333333333333333 0.02385685884691849
0 0.7265625 0.5467196819085487 0.016666666666666666 0.017892644135188866
0 0.8309895833333333 0.562624254473161 0.011979166666666667 0.027833001988071572
0 0.27265625 0.5720675944333996 0.0078125 0.016898608349900597
0 0.9869791666666666 0.5834990059642147 0.007291666666666667 0.02584493041749503
0 0.7458333333333333 0.5820079522862823 0.011458333333333333 0.008946322067594433
0 0.6614583333333334 0.5899602385685885 0.014583333333333334 0.020874751491053677
0 0.7369791666666666 0.591948310139165 0.0125 0.02485089463220676
0 0.9635416666666666 0.5899602385685885 0.013541666666666667 0.014910536779324055
0 0.60703125 0.6033797216699801 0.011979166666666667 0.03180914512922465
0 0.8520833333333333 0.5969184890656064 0.015625 0.018886679920477135
0 0.70703125 0.6048707753479126 0.0140625 0.012922465208747515
0 0.9848958333333333 0.6222664015904572 0.020833333333333332 0.039761431411530816
0 0.5528645833333333 0.6197813121272365 0.005729166666666666 0.0268389662027833
0 0.91875 0.6187872763419483 0.00625 0.02286282306163022
0 0.6643229166666667 0.6332007952286283 0.0078125 0.02385685884691849
0 0.8822916666666667 0.6481113320079522 0.011458333333333333 0.033797216699801194
0 0.67890625 0.643141153081511 0.0140625 0.009940357852882704
0 0.76953125 0.6684890656063618 0.0109375 0.016898608349900597
0 0.6911458333333333 0.6774353876739563 0.009375 0.014910536779324055
0 0.81171875 0.691351888667992 0.009895833333333333 0.032803180914512925
0 0.8440104166666667 0.6963220675944334 0.0109375 0.042743538767395624
0 0.87109375 0.6888667992047713 0.011979166666666667 0.027833001988071572
0 0.89375 0.6829025844930418 0.0125 0.015904572564612324
0 0.9205729166666666 0.7027833001988072 0.033854166666666664 0.0536779324055666
0 0.5736979166666667 0.7107355864811133 0.0109375 0.04572564612326044
0 0.41796875 0.7037773359840954 0.0078125 0.02186878727634195
0 0.78828125 0.7127236580516899 0.0171875 0.03180914512922465
0 0.825 0.7246520874751491 0.007291666666666667 0.03180914512922465
0 0.6625 0.7335984095427436 0.011458333333333333 0.03777335984095427
0 0.75078125 0.7321073558648111 0.018229166666666668 0.032803180914512925
0 0.5145833333333333 0.7306163021868787 0.00625 0.02584493041749503
0 0.9385416666666667 0.7335984095427436 0.023958333333333335 0.033797216699801194
0 0.68515625 0.7435387673956262 0.013020833333333334 0.0437375745526839
0 0.6278645833333333 0.7450298210735586 0.008854166666666666 0.042743538767395624
0 0.5986979166666667 0.7549701789264414 0.0171875 0.02286282306163022
0 0.5682291666666667 0.7659045725646123 0.019791666666666666 0.03479125248508946
0 0.7653645833333333 0.7604373757455268 0.0109375 0.019880715705765408
0 0.7489583333333333 0.7673956262425448 0.01875 0.02385685884691849
0 0.9184895833333333 0.7852882703777336 0.0171875 0.04970178926441352
0 0.7744791666666667 0.7753479125248509 0.00625 0.013916500994035786
0 0.7067708333333333 0.7987077534791253 0.00625 0.02286282306163022
0 0.7143229166666667 0.8141153081510935 0.011979166666666667 0.05168986083499006
0 0.7364583333333333 0.797713717693837 0.015625 0.012922465208747515
0 0.7658854166666667 0.80168986083499 0.0140625 0.016898608349900597
0 0.8942708333333333 0.8136182902584493 0.013541666666666667 0.02882703777335984
0 0.5833333333333334 0.805168986083499 0.011458333333333333 0.009940357852882704
0 0.3684895833333333 0.8166003976143141 0.024479166666666666 0.0268389662027833
0 0.65546875 0.8180914512922465 0.022395833333333334 0.015904572564612324
0 0.41822916666666665 0.8220675944333996 0.0125 0.015904572564612324
0 0.5440104166666667 0.8255467196819085 0.0067708333333333336 0.02286282306163022
0 0.7674479166666667 0.8250497017892644 0.0171875 0.013916500994035786
0 0.7309895833333333 0.8320079522862823 0.009895833333333333 0.02186878727634195
0 0.67890625 0.8364811133200796 0.0046875 0.02882703777335984
0 0.5658854166666667 0.8369781312127237 0.013020833333333334 0.017892644135188866
0 0.61640625 0.8449304174950298 0.016145833333333335 0.027833001988071572
0 0.6971354166666667 0.8389662027833003 0.0046875 0.017892644135188866
0 0.005989583333333334 0.8533797216699801 0.011979166666666667 0.040755467196819085
0 0.88828125 0.8449304174950298 0.015104166666666667 0.015904572564612324
0 0.7921875 0.8508946322067594 0.005208333333333333 0.02584493041749503
0 0.5877604166666667 0.8508946322067594 0.0109375 0.015904572564612324
0 0.9130208333333333 0.8513916500994035 0.013541666666666667 0.010934393638170975
0 0.7458333333333333 0.8623260437375746 0.008333333333333333 0.020874751491053677
0 0.6005208333333333 0.8707753479125249 0.011458333333333333 0.02982107355864811
0 0.8575520833333333 0.8792246520874751 0.018229166666666668 0.040755467196819085
0 0.71171875 0.8747514910536779 0.0171875 0.015904572564612324
0 0.93828125 0.8901590457256461 0.0234375 0.048707753479125246
0 0.9708333333333333 0.8851888667992047 0.015625 0.018886679920477135
0 0.6140625 0.8916500994035785 0.007291666666666667 0.02584493041749503
0 0.7375 0.9025844930417495 0.011458333333333333 0.02584493041749503
0 0.7221354166666667 0.911530815109344 0.0109375 0.019880715705765408
0 0.8848958333333333 0.9179920477137177 0.027083333333333334 0.030815109343936383
0 0.6200520833333333 0.9145129224652088 0.0109375 0.02186878727634195
0 0.91953125 0.915506958250497 0.011979166666666667 0.019880715705765408
0 0.9869791666666666 0.9169980119284294 0.016666666666666666 0.02286282306163022
0 0.49166666666666664 0.9234592445328031 0.015625 0.02982107355864811
0 0.596875 0.9358846918489065 0.0125 0.04473161033797217
0 0.36328125 0.9209741550695825 0.013020833333333334 0.006958250497017893
0 0.90625 0.9309145129224652 0.011458333333333333 0.016898608349900597
0 0.7932291666666667 0.9398608349900597 0.014583333333333334 0.02882703777335984
0 0.6515625 0.9408548707753479 0.011458333333333333 0.016898608349900597
0 0.71875 0.9383697813121272 0.016666666666666666 0.011928429423459244
0 0.9203125 0.9468190854870775 0.007291666666666667 0.02882703777335984
0 0.6963541666666667 0.9527833001988072 0.016666666666666666 0.03876739562624255
0 0.6692708333333334 0.9473161033797217 0.014583333333333334 0.017892644135188866
0 0.4700520833333333 0.9507952286282306 0.0046875 0.016898608349900597
0 0.446875 0.9507952286282306 0.0125 0.008946322067594433
0 0.9859375 0.9552683896620279 0.014583333333333334 0.019880715705765408
0 0.6286458333333333 0.9612326043737575 0.013541666666666667 0.02385685884691849
0 0.5359375 0.9602385685884692 0.014583333333333334 0.017892644135188866
0 0.48671875 0.9686878727634195 0.0171875 0.02882703777335984
0 0.68359375 0.9686878727634195 0.0078125 0.02286282306163022
0 0.78671875 0.9746520874751491 0.013020833333333334 0.02286282306163022
0 0.6705729166666666 0.9721669980119284 0.0078125 0.013916500994035786
0 0.71953125 0.9726640159045725 0.0140625 0.014910536779324055
0 0.6533854166666667 0.9910536779324056 0.018229166666666668 0.015904572564612324