0 0.0033854166666666668 0.017892644135188866 0.0067708333333333336 0.03578528827037773
0 0.029947916666666668 0.009443339960238568 0.015104166666666667 0.018886679920477135
0 0.07109375 0.010934393638170975 0.0328125 0.02186878727634195
0 0.34661458333333334 0.020874751491053677 0.019270833333333334 0.041749502982107355
0 0.45338541666666665 0.019383697813121274 0.016145833333333335 0.03876739562624255
0 0.88515625 0.01341948310139165 0.024479166666666666 0.0268389662027833
0 0.528125 0.02982107355864811 0.014583333333333334 0.017892644135188866
0 0.1015625 0.03578528827037773 0.008333333333333333 0.02584493041749503
0 0.9390625 0.051192842942345926 0.014583333333333334 0.040755467196819085
0 0.20677083333333332 0.044234592445328035 0.013541666666666667 0.016898608349900597
0 0.4348958333333333 0.05019880715705766 0.013541666666666667 0.02882703777335984
0 0.4830729166666667 0.05019880715705766 0.022395833333333334 0.020874751491053677
0 0.965625 0.05069582504970179 0.013541666666666667 0.015904572564612324
0 0.5794270833333334 0.05616302186878728 0.011979166666666667 0.018886679920477135
0 0.9208333333333333 0.05815109343936382 0.008333333333333333 0.020874751491053677
0 0.32708333333333334 0.06660039761431412 0.015625 0.033797216699801194
0 0.9536458333333333 0.0636182902584493 0.010416666666666666 0.019880715705765408
0 0.30442708333333335 0.07256461232604373 0.008854166666666666 0.033797216699801194
0 0.3848958333333333 0.07604373757455268 0.00625 0.02882703777335984
0 0.8427083333333333 0.0775347912524851 0.008333333333333333 0.015904572564612324
0 0.47890625 0.09045725646123261 0.0203125 0.02982107355864811
0 0.61171875 0.0874751491053678 0.011979166666666667 0.013916500994035786
0 0.9333333333333333 0.10437375745526839 0.016666666666666666 0.0437375745526839
0 0.09921875 0.11083499005964215 0.019270833333333334 0.04671968190854871
0 0.1203125 0.11083499005964215 0.021875 0.04473161033797217
0 0.40520833333333334 0.0989065606361829 0.007291666666666667 0.012922465208747515
0 0.4552083333333333 0.10884691848906561 0.015625 0.032803180914512925
0 0.37395833333333334 0.10984095427435388 0.019791666666666666 0.030815109343936383
0 0.07682291666666667 0.11381709741550695 0.0140625 0.02286282306163022
0 0.2559895833333333 0.12077534791252485 0.021354166666666667 0.036779324055666
0 0.6401041666666667 0.11282306163021869 0.0125 0.018886679920477135
0 0.43307291666666664 0.12524850894632206 0.016145833333333335 0.033797216699801194
0 0.9205729166666666 0.12375745526838966 0.0109375 0.016898608349900597
0 0.20703125 0.13667992047713717 0.0078125 0.03876739562624255
0 0.03723958333333333 0.12872763419483102 0.0078125 0.016898608349900597
0 0.6567708333333333 0.13568588469184892 0.026041666666666668 0.030815109343936383
0 0.8940104166666667 0.13071570576540756 0.0171875 0.018886679920477135
0 0.7307291666666667 0.14512922465208747 0.014583333333333334 0.02186878727634195
0 0.8791666666666667 0.15009940357852883 0.008333333333333333 0.02584493041749503
0 0.3651041666666667 0.1525844930417495 0.007291666666666667 0.0268389662027833
0 0.40989583333333335 0.1550695825049702 0.00625 0.017892644135188866
0 0.95625 0.16302186878727634 0.017708333333333333 0.033797216699801194
0 0.020833333333333332 0.1550695825049702 0.009375 0.013916500994035786
0 0.16953125 0.1709741550695825 0.013020833333333334 0.03777335984095427
0 0.006510416666666667 0.17345924453280318 0.013020833333333334 0.03876739562624255
0 0.11328125 0.1988071570576541 0.0234375 0.08946322067594434
0 0.45677083333333335 0.1779324055666004 0.03229166666666667 0.041749502982107355
0 0.6393229166666666 0.17246520874751492 0.018229166666666668 0.012922465208747515
0 0.22369791666666666 0.176441351888668 0.013020833333333334 0.016898608349900597
0 0.8658854166666666 0.17594433399602386 0.008854166666666666 0.011928429423459244
0 0.3067708333333333 0.19135188866799205 0.015625 0.020874751491053677
0 0.18229166666666666 0.20079522862823063 0.019791666666666666 0.03578528827037773
0 0.6997395833333333 0.19284294234592445 0.0109375 0.017892644135188866
0 0.5390625 0.21023856858846918 0.009375 0.032803180914512925
0 0.3375 0.19980119284294234 0.015625 0.007952286282306162
0 0.49244791666666665 0.21819085487077536 0.027604166666666666 0.040755467196819085
0 0.06302083333333333 0.21023856858846918 0.009375 0.016898608349900597
0 0.23776041666666667 0.21520874751491054 0.016145833333333335 0.0268389662027833
0 0.9140625 0.22514910536779323 0.016666666666666666 0.030815109343936383
0 0.0453125 0.24900596421471172 0.029166666666666667 0.05467196819085487
0 0.8799479166666667 0.23409542743538767 0.016145833333333335 0.020874751491053677
0 0.37994791666666666 0.24502982107355864 0.008854166666666666 0.030815109343936383
0 0.9609375 0.24502982107355864 0.009375 0.014910536779324055
0 0.8700520833333333 0.25497017892644136 0.021354166666666667 0.0268389662027833
0 0.12161458333333333 0.26093439363817095 0.0140625 0.03479125248508946
0 0.3138020833333333 0.2634194831013916 0.0078125 0.03180914512922465
0 0.34010416666666665 0.25944333996023855 0.011458333333333333 0.02385685884691849
0 0.14791666666666667 0.2659045725646123 0.00625 0.02485089463220676
0 0.2953125 0.2629224652087475 0.009375 0.008946322067594433
0 0.02734375 0.2813121272365805 0.0140625 0.03578528827037773
0 0.13072916666666667 0.3071570576540755 0.020833333333333332 0.06560636182902585
0 0.5486979166666667 0.30119284294234594 0.0234375 0.039761431411530816
0 0.9223958333333333 0.2907554671968191 0.009375 0.018886679920477135
0 0.016145833333333335 0.30566600397614313 0.016666666666666666 0.036779324055666
0 0.9872395833333333 0.3210735586481113 0.009895833333333333 0.02385685884691849
0 0.28411458333333334 0.32703777335984097 0.0078125 0.009940357852882704
0 0.9953125 0.3389662027833002 0.008333333333333333 0.019880715705765408
0 0.01015625 0.3429423459244533 0.013020833333333334 0.019880715705765408
0 0.9671875 0.34443339960238567 0.009375 0.016898608349900597
0 0.9421875 0.3429423459244533 0.010416666666666666 0.011928429423459244
0 0.33932291666666664 0.3663021868787276 0.011979166666666667 0.05268389662027833
0 0.29661458333333335 0.3682902584493042 0.011979166666666667 0.02286282306163022
0 0.2015625 0.4234592445328032 0.013541666666666667 0.02385685884691849
0 0.21692708333333333 0.4378727634194831 0.0140625 0.030815109343936383
0 0.2908854166666667 0.441351888667992 0.009895833333333333 0.027833001988071572
0 0.37005208333333334 0.44831013916500995 0.019270833333333334 0.033797216699801194
0 0.171875 0.4676938369781312 0.030208333333333334 0.02882703777335984
0 0.32395833333333335 0.46322067594433397 0.010416666666666666 0.02186878727634195
0 0.3580729166666667 0.4801192842942346 0.008854166666666666 0.019880715705765408
0 0.3736979166666667 0.48956262425447317 0.008854166666666666 0.02882703777335984
0 0.43411458333333336 0.49652087475149104 0.013020833333333334 0.020874751491053677
0 0.30911458333333336 0.5039761431411531 0.009895833333333333 0.02982107355864811
0 0.32447916666666665 0.5198807157057654 0.017708333333333333 0.039761431411530816
0 0.4401041666666667 0.5313121272365805 0.015625 0.02485089463220676
0 0.3390625 0.5333001988071571 0.007291666666666667 0.020874751491053677
0 0.51328125 0.5382703777335984 0.016145833333333335 0.032803180914512925
0 0.19973958333333333 0.5462226640159046 0.022395833333333334 0.0268389662027833
0 0.8002604166666667 0.540258449304175 0.018229166666666668 0.012922465208747515
0 0.43984375 0.5730616302186878 0.015104166666666667 0.04473161033797217
0 0.33619791666666665 0.5670974155069582 0.009895833333333333 0.016898608349900597
0 0.32369791666666664 0.5790258449304175 0.009895833333333333 0.02286282306163022
0 0.10598958333333333 0.5849900596421471 0.0171875 0.030815109343936383
0 0.4484375 0.606858846918489 0.009375 0.030815109343936383
0 0.25755208333333335 0.6038767395626242 0.0203125 0.012922465208747515
0 0.40286458333333336 0.6182902584493042 0.016145833333333335 0.03578528827037773
0 0.3692708333333333 0.6307157057654076 0.0125 0.02882703777335984
0 0.6044270833333333 0.6346918489065606 0.0140625 0.036779324055666
0 0.7546875 0.6585487077534792 0.01875 0.02485089463220676
0 0.7557291666666667 0.6978131212723658 0.010416666666666666 0.027833001988071572
0 0.3536458333333333 0.6993041749502982 0.019791666666666666 0.018886679920477135
0 0.3846354166666667 0.7256461232604374 0.028645833333333332 0.05765407554671968
0 0.3328125 0.7147117296222664 0.015625 0.027833001988071572
0 0.46041666666666664 0.7087475149105368 0.017708333333333333 0.011928429423459244
0 0.7596354166666667 0.7211729622266402 0.0067708333333333336 0.012922465208747515
0 0.30807291666666664 0.7340954274353877 0.019270833333333334 0.0268389662027833
0 0.6705729166666666 0.7321073558648111 0.0078125 0.014910536779324055
0 0.25859375 0.7495029821073559 0.0067708333333333336 0.033797216699801194
0 0.3580729166666667 0.7554671968190855 0.0067708333333333336 0.02385685884691849
0 0.72578125 0.768389662027833 0.0109375 0.041749502982107355
0 0.4466145833333333 0.7589463220675944 0.009895833333333333 0.020874751491053677
0 0.39817708333333335 0.7688866799204771 0.019270833333333334 0.014910536779324055
0 0.5028645833333333 0.827037773359841 0.011979166666666667 0.039761431411530816
0 0.1953125 0.834493041749503 0.010416666666666666 0.036779324055666
0 0.2830729166666667 0.8240556660039762 0.0067708333333333336 0.011928429423459244
0 0.084375 0.8484095427435387 0.027083333333333334 0.03479125248508946
0 0.27421875 0.8394632206759444 0.009895833333333333 0.016898608349900597
0 0.5606770833333333 0.852882703777336 0.0140625 0.03180914512922465
0 0.009635416666666667 0.856858846918489 0.019270833333333334 0.033797216699801194
0 0.43671875 0.9070576540755467 0.0067708333333333336 0.030815109343936383
0 0.23984375 0.9438369781312127 0.015104166666666667 0.04671968190854871
0 0.0049479166666666664 0.9637176938369781 0.009895833333333333 0.0705765407554672
0 0.3796875 0.9900596421471173 0.022916666666666665 0.017892644135188866