0 0.014583333333333334 0.0004970178926441351 0.028125 0.0009940357852882703
0 0.8473958333333333 0.030318091451292245 0.011458333333333333 0.020874751491053677
0 0.34296875 0.05666003976143141 0.013020833333333334 0.009940357852882704
0 0.5713541666666667 0.06809145129224652 0.014583333333333334 0.030815109343936383
0 0.84140625 0.07504970178926441 0.018229166666666668 0.03479125248508946
0 0.5635416666666667 0.09343936381709742 0.0125 0.009940357852882704
0 0.5471354166666667 0.11580516898608349 0.013020833333333334 0.032803180914512925
0 0.06692708333333333 0.1242544731610338 0.0109375 0.02186878727634195
0 0.06744791666666666 0.15755467196819087 0.0171875 0.03479125248508946
0 0.14010416666666667 0.1679920477137177 0.008333333333333333 0.03578528827037773
0 0.7611979166666667 0.2077534791252485 0.008854166666666666 0.027833001988071572
0 0.52421875 0.2077534791252485 0.016145833333333335 0.027833001988071572
0 0.40130208333333334 0.21123260437375746 0.019270833333333334 0.020874751491053677
0 0.5518229166666667 0.20974155069582506 0.0140625 0.013916500994035786
0 0.5088541666666667 0.23807157057654074 0.0125 0.008946322067594433
0 0.9513020833333333 0.275844930417495 0.009895833333333333 0.040755467196819085
0 0.37421875 0.2788270377733598 0.021354166666666667 0.02882703777335984
0 0.57578125 0.29970178926441354 0.011979166666666667 0.02286282306163022
0 0.5971354166666667 0.3195825049701789 0.0140625 0.008946322067594433
0 0.26796875 0.3260437375745527 0.018229166666666668 0.017892644135188866
0 0.9419270833333333 0.3349900596421471 0.0078125 0.027833001988071572
0 0.69375 0.3305168986083499 0.014583333333333334 0.008946322067594433
0 0.7661458333333333 0.3553677932405567 0.013541666666666667 0.040755467196819085
0 0.6283854166666667 0.3588469184890656 0.015104166666666667 0.04572564612326044
0 0.29322916666666665 0.3508946322067594 0.014583333333333334 0.027833001988071572
0 0.6106770833333334 0.378727634194831 0.0203125 0.05964214711729622
0 0.4276041666666667 0.3648111332007952 0.009375 0.02385685884691849
0 0.9770833333333333 0.37524850894632206 0.015625 0.030815109343936383
0 0.57265625 0.3802186878727634 0.009895833333333333 0.02882703777335984
0 0.9596354166666666 0.38469184890656066 0.013020833333333334 0.03180914512922465
0 0.86484375 0.39314115308151093 0.022395833333333334 0.018886679920477135
0 0.34765625 0.4105367793240557 0.0140625 0.03578528827037773
0 0.9903645833333333 0.4179920477137177 0.019270833333333334 0.0268389662027833
0 0.8440104166666667 0.4274353876739563 0.021354166666666667 0.02584493041749503
0 0.64453125 0.43190854870775347 0.0203125 0.012922465208747515
0 0.5848958333333333 0.4363817097415507 0.01875 0.019880715705765408
0 0.15989583333333332 0.44681908548707755 0.013541666666666667 0.02485089463220676
0 0.01640625 0.4542743538767396 0.022395833333333334 0.027833001988071572
0 0.7026041666666667 0.4532803180914513 0.010416666666666666 0.019880715705765408
0 0.0703125 0.4602385685884692 0.01875 0.03180914512922465
0 0.35625 0.4587475149105368 0.017708333333333333 0.02286282306163022
0 0.8338541666666667 0.46669980119284293 0.008333333333333333 0.036779324055666
0 0.49765625 0.4592445328031809 0.016145833333333335 0.007952286282306162
0 0.92109375 0.47514910536779326 0.015104166666666667 0.027833001988071572
0 0.6419270833333334 0.481610337972167 0.021354166666666667 0.02485089463220676
0 0.6015625 0.4835984095427435 0.010416666666666666 0.02882703777335984
0 0.53671875 0.47862823061630216 0.016145833333333335 0.010934393638170975
0 0.2359375 0.49304174950298213 0.029166666666666667 0.039761431411530816
0 0.20989583333333334 0.4970178926441352 0.010416666666666666 0.015904572564612324
0 0.65859375 0.5069582504970179 0.015104166666666667 0.02385685884691849
0 0.9567708333333333 0.5178926441351889 0.029166666666666667 0.0437375745526839
0 0.43854166666666666 0.525844930417495 0.03229166666666667 0.0437375745526839
0 0.7393229166666667 0.5437375745526839 0.013020833333333334 0.07157057654075547
0 0.0734375 0.5203777335984096 0.016666666666666666 0.020874751491053677
0 0.8221354166666667 0.5288270377733598 0.016145833333333335 0.02584493041749503
0 0.22604166666666667 0.5392644135188867 0.009375 0.030815109343936383
0 0.6661458333333333 0.5347912524850894 0.017708333333333333 0.013916500994035786
0 0.25416666666666665 0.5352882703777336 0.015625 0.014910536779324055
0 0.19765625 0.5531809145129225 0.0203125 0.040755467196819085
0 0.6098958333333333 0.5457256461232605 0.013541666666666667 0.015904572564612324
0 0.16041666666666668 0.562624254473161 0.021875 0.02982107355864811
0 0.5614583333333333 0.5685884691848907 0.009375 0.02584493041749503
0 0.6731770833333334 0.5750497017892644 0.019270833333333334 0.03479125248508946
0 0.6276041666666666 0.5666003976143141 0.007291666666666667 0.009940357852882704
0 0.81953125 0.5745526838966203 0.013020833333333334 0.019880715705765408
0 0.08046875 0.5820079522862823 0.015104166666666667 0.032803180914512925
0 0.2671875 0.5894632206759444 0.008333333333333333 0.02982107355864811
0 0.9661458333333334 0.5899602385685885 0.009375 0.014910536779324055
0 0.6458333333333334 0.5879721669980119 0.014583333333333334 0.010934393638170975
0 0.46432291666666664 0.591948310139165 0.005729166666666666 0.018886679920477135
0 0.4388020833333333 0.5949304174950298 0.015104166666666667 0.0268389662027833
0 0.6359375 0.6093439363817097 0.014583333333333334 0.041749502982107355
0 0.09192708333333334 0.5964214711729622 0.0109375 0.013916500994035786
0 0.4125 0.6013916500994035 0.017708333333333333 0.013916500994035786
0 0.9135416666666667 0.602882703777336 0.01875 0.014910536779324055
0 0.5888020833333333 0.6123260437375746 0.008854166666666666 0.02186878727634195
0 0.24557291666666667 0.6113320079522863 0.0140625 0.019880715705765408
0 0.9598958333333333 0.6148111332007953 0.009375 0.020874751491053677
0 0.8955729166666667 0.6217693836978131 0.009895833333333333 0.030815109343936383
0 0.6875 0.6187872763419483 0.01875 0.0268389662027833
0 0.5333333333333333 0.6207753479125249 0.01875 0.030815109343936383
0 0.04869791666666667 0.6133200795228628 0.009895833333333333 0.013916500994035786
0 0.5747395833333333 0.6262425447316103 0.013020833333333334 0.03578528827037773
0 0.46796875 0.6197813121272365 0.005729166666666666 0.014910536779324055
0 0.3802083333333333 0.6222664015904572 0.015625 0.015904572564612324
0 0.08932291666666667 0.6302186878727635 0.0067708333333333336 0.013916500994035786
0 0.5950520833333334 0.6341948310139165 0.013020833333333334 0.017892644135188866
0 0.0734375 0.6709741550695825 0.01875 0.06958250497017893
0 0.5643229166666667 0.6456262425447317 0.0140625 0.016898608349900597
0 0.5869791666666667 0.6704771371769384 0.027083333333333334 0.05467196819085487
0 0.45 0.6500994035785288 0.011458333333333333 0.011928429423459244
0 0.52734375 0.6709741550695825 0.013020833333333334 0.04970178926441352
0 0.9903645833333333 0.6669980119284294 0.0140625 0.02982107355864811
0 0.5692708333333333 0.6709741550695825 0.0125 0.02982107355864811
0 0.24427083333333333 0.6764413518886679 0.010416666666666666 0.03479125248508946
0 0.3684895833333333 0.6893638170974155 0.005729166666666666 0.036779324055666
0 0.5052083333333334 0.6868787276341949 0.020833333333333332 0.02385685884691849
0 0.6169270833333333 0.6998011928429424 0.0265625 0.033797216699801194
0 0.44895833333333335 0.6928429423459245 0.023958333333333335 0.017892644135188866
0 0.9559895833333333 0.7027833001988072 0.015104166666666667 0.02982107355864811
0 0.58984375 0.702286282306163 0.0171875 0.0268389662027833
0 0.48098958333333336 0.7007952286282306 0.0078125 0.011928429423459244
0 0.46848958333333335 0.7047713717693836 0.011979166666666667 0.015904572564612324
0 0.7966145833333333 0.7281312127236581 0.016145833333333335 0.014910536779324055
0 0.31354166666666666 0.7306163021868787 0.008333333333333333 0.017892644135188866
0 0.45546875 0.739065606361829 0.0171875 0.012922465208747515
0 0.3028645833333333 0.7465208747514911 0.009895833333333333 0.019880715705765408
0 0.7846354166666667 0.7554671968190855 0.009895833333333333 0.02982107355864811
0 0.71171875 0.7639165009940357 0.0171875 0.030815109343936383
0 0.6567708333333333 0.7703777335984096 0.00625 0.03180914512922465
0 0.6778645833333333 0.7723658051689861 0.008854166666666666 0.02982107355864811
0 0.6299479166666667 0.7748508946322068 0.015104166666666667 0.0268389662027833
0 0.4630208333333333 0.7957256461232605 0.00625 0.02286282306163022
0 0.5713541666666667 0.81610337972167 0.005208333333333333 0.03180914512922465
0 0.3078125 0.8210735586481114 0.021875 0.03578528827037773
0 0.4328125 0.8185884691848907 0.010416666666666666 0.02485089463220676
0 0.62109375 0.8364811133200796 0.008854166666666666 0.010934393638170975
0 0.6932291666666667 0.8583499005964215 0.007291666666666667 0.042743538767395624
0 0.6591145833333333 0.8444333996023857 0.0171875 0.014910536779324055
0 0.5234375 0.8489065606361829 0.0125 0.02186878727634195
0 0.3489583333333333 0.8613320079522863 0.0125 0.036779324055666
0 0.2953125 0.8727634194831014 0.010416666666666666 0.04970178926441352
0 0.43776041666666665 0.864314115308151 0.019270833333333334 0.020874751491053677
0 0.6640625 0.8648111332007953 0.015625 0.017892644135188866
0 0.46484375 0.8802186878727635 0.0046875 0.02485089463220676
0 0.28359375 0.878727634194831 0.009895833333333333 0.02186878727634195
0 0.22317708333333333 0.8747514910536779 0.0171875 0.013916500994035786
0 0.81640625 0.8817097415506958 0.016145833333333335 0.011928429423459244
0 0.3763020833333333 0.8936381709741551 0.0140625 0.02385685884691849
0 0.17057291666666666 0.8996023856858847 0.0140625 0.02584493041749503
0 0.33984375 0.9020874751491054 0.0109375 0.02882703777335984
0 0.6544270833333333 0.9040755467196819 0.015104166666666667 0.02882703777335984
0 0.49609375 0.9249502982107356 0.0140625 0.04671968190854871
0 0.5299479166666666 0.9199801192842942 0.016145833333333335 0.02485089463220676
0 0.4630208333333333 0.9284294234592445 0.010416666666666666 0.03777335984095427
0 0.6364583333333333 0.9184890656063618 0.011458333333333333 0.009940357852882704
0 0.3640625 0.9214711729622267 0.014583333333333334 0.015904572564612324
0 0.03619791666666667 0.9304174950298211 0.0171875 0.02982107355864811
0 0.3302083333333333 0.9507952286282306 0.01875 0.032803180914512925
0 0.4825520833333333 0.9547713717693836 0.0067708333333333336 0.032803180914512925
0 0.018489583333333334 0.9622266401590457 0.0140625 0.02584493041749503
0 0.9455729166666667 0.9721669980119284 0.018229166666666668 0.041749502982107355
0 0.31953125 0.9850894632206759 0.0109375 0.027833001988071572
0 0.7908854166666667 0.9885685884691849 0.0109375 0.020874751491053677
0 0.646875 0.9860834990059643 0.015625 0.011928429423459244
0 0.39453125 0.989065606361829 0.0046875 0.019880715705765408