0 0.9036458333333334 0.0064612326043737576 0.023958333333333335 0.012922465208747515
0 0.9502604166666667 0.025347912524850896 0.021354166666666667 0.03479125248508946
0 0.5888020833333333 0.042743538767395624 0.013020833333333334 0.03180914512922465
0 0.03619791666666667 0.05019880715705766 0.024479166666666666 0.03876739562624255
0 0.4940104166666667 0.06958250497017893 0.0078125 0.04572564612326044
0 0.30182291666666666 0.07852882703777336 0.011979166666666667 0.027833001988071572
0 0.2484375 0.08300198807157058 0.015625 0.012922465208747515
0 0.40260416666666665 0.12027833001988071 0.011458333333333333 0.04771371769383698
0 0.9372395833333333 0.11679920477137178 0.0140625 0.02485089463220676
0 0.04088541666666667 0.11679920477137178 0.0171875 0.016898608349900597
0 0.76640625 0.1172962226640159 0.016145833333333335 0.015904572564612324
0 0.29140625 0.12375745526838966 0.0109375 0.02485089463220676
0 0.8424479166666666 0.1341948310139165 0.0234375 0.027833001988071572
0 0.0109375 0.1411530815109344 0.015625 0.02186878727634195
0 0.9322916666666666 0.15656063618290258 0.015625 0.0268389662027833
0 0.6419270833333334 0.1754473161033797 0.015104166666666667 0.02485089463220676
0 0.3372395833333333 0.21123260437375746 0.008854166666666666 0.032803180914512925
0 0.46380208333333334 0.21819085487077536 0.018229166666666668 0.02882703777335984
0 0.2375 0.21868787276341947 0.016666666666666666 0.019880715705765408
0 0.5518229166666667 0.27485089463220674 0.0078125 0.020874751491053677
0 0.978125 0.30218687872763417 0.01875 0.033797216699801194
0 0.08020833333333334 0.30268389662027834 0.005208333333333333 0.0268389662027833
0 0.3578125 0.3036779324055666 0.017708333333333333 0.018886679920477135
0 0.86796875 0.31709741550695825 0.0140625 0.033797216699801194
0 0.3609375 0.33548707753479123 0.0125 0.036779324055666
0 0.10338541666666666 0.33151093439363816 0.013020833333333334 0.018886679920477135
0 0.3893229166666667 0.32952286282306165 0.009895833333333333 0.016898608349900597
0 0.67109375 0.3359840954274354 0.0078125 0.027833001988071572
0 0.15442708333333333 0.32803180914512925 0.018229166666666668 0.009940357852882704
0 0.38333333333333336 0.3513916500994036 0.009375 0.036779324055666
0 0.4557291666666667 0.3523856858846918 0.014583333333333334 0.014910536779324055
0 0.41041666666666665 0.35934393638170975 0.008333333333333333 0.02485089463220676
0 0.061197916666666664 0.3672962226640159 0.011979166666666667 0.036779324055666
0 0.3138020833333333 0.36530815109343934 0.0078125 0.030815109343936383
0 0.4265625 0.37226640159045726 0.007291666666666667 0.018886679920477135
0 0.6692708333333334 0.38866799204771374 0.007291666666666667 0.027833001988071572
0 0.14583333333333334 0.3981113320079523 0.014583333333333334 0.040755467196819085
0 0.378125 0.4125248508946322 0.00625 0.02385685884691849
0 0.396875 0.43489065606361826 0.010416666666666666 0.03876739562624255
0 0.5067708333333333 0.4274353876739563 0.005208333333333333 0.017892644135188866
0 0.48854166666666665 0.43339960238568587 0.00625 0.02584493041749503
0 0.41328125 0.4617296222664016 0.015104166666666667 0.03479125248508946
0 0.7278645833333334 0.4562624254473161 0.0203125 0.019880715705765408
0 0.6567708333333333 0.46421471172962225 0.008333333333333333 0.03180914512922465
0 0.8427083333333333 0.4562624254473161 0.017708333333333333 0.015904572564612324
0 0.9203125 0.4691848906560636 0.014583333333333334 0.02982107355864811
0 0.44375 0.4696819085487077 0.011458333333333333 0.0268389662027833
0 0.2375 0.4870775347912525 0.010416666666666666 0.05168986083499006
0 0.1265625 0.48956262425447317 0.01875 0.014910536779324055
0 0.7395833333333334 0.5 0.011458333333333333 0.03180914512922465
0 0.628125 0.5159045725646123 0.015625 0.03777335984095427
0 0.46588541666666666 0.5139165009940357 0.0046875 0.02982107355864811
0 0.4940104166666667 0.5119284294234593 0.018229166666666668 0.013916500994035786
0 0.71875 0.5159045725646123 0.019791666666666666 0.019880715705765408
0 0.4549479166666667 0.5228628230616302 0.0046875 0.02584493041749503
0 0.20026041666666666 0.5188866799204771 0.0067708333333333336 0.013916500994035786
0 0.4109375 0.536779324055666 0.0125 0.027833001988071572
0 0.4864583333333333 0.5372763419483101 0.013541666666666667 0.004970178926441352
0 0.4890625 0.577037773359841 0.029166666666666667 0.05268389662027833
0 0.1671875 0.5656063618290258 0.013541666666666667 0.015904572564612324
0 0.35625 0.5680914512922465 0.011458333333333333 0.008946322067594433
0 0.40963541666666664 0.5780318091451292 0.018229166666666668 0.02882703777335984
0 0.44375 0.5825049701789264 0.00625 0.02584493041749503
0 0.49973958333333335 0.5879721669980119 0.009895833333333333 0.018886679920477135
0 0.57578125 0.5934393638170974 0.0046875 0.02385685884691849
0 0.20755208333333333 0.5969184890656064 0.0046875 0.02286282306163022
0 0.9770833333333333 0.614314115308151 0.014583333333333334 0.03578528827037773
0 0.28828125 0.6158051689860835 0.011979166666666667 0.036779324055666
0 0.012760416666666666 0.6118290258449304 0.0203125 0.02286282306163022
0 0.22213541666666667 0.6202783300198808 0.0140625 0.03578528827037773
0 0.34739583333333335 0.6083499005964215 0.013541666666666667 0.013916500994035786
0 0.4705729166666667 0.6133200795228628 0.019270833333333334 0.017892644135188866
0 0.4869791666666667 0.6153081510934394 0.008333333333333333 0.02385685884691849
0 0.5052083333333334 0.6277335984095428 0.007291666666666667 0.04473161033797217
0 0.3390625 0.6312127236580517 0.007291666666666667 0.03777335984095427
0 0.5234375 0.6252485089463221 0.025 0.02385685884691849
0 0.8315104166666667 0.6411530815109344 0.0171875 0.019880715705765408
0 0.8848958333333333 0.6456262425447317 0.010416666666666666 0.0268389662027833
0 0.45703125 0.6530815109343936 0.015104166666666667 0.027833001988071572
0 0.24010416666666667 0.668986083499006 0.009375 0.039761431411530816
0 0.48671875 0.6610337972166997 0.0140625 0.013916500994035786
0 0.6986979166666667 0.6669980119284294 0.011979166666666667 0.02186878727634195
0 0.11848958333333333 0.6848906560636183 0.008854166666666666 0.03578528827037773
0 0.41692708333333334 0.6863817097415507 0.016145833333333335 0.030815109343936383
0 0.3328125 0.6819085487077535 0.0125 0.015904572564612324
0 0.46067708333333335 0.6819085487077535 0.0265625 0.017892644135188866
0 0.14557291666666666 0.6928429423459245 0.0109375 0.02186878727634195
0 0.6833333333333333 0.6963220675944334 0.010416666666666666 0.02286282306163022
0 0.48489583333333336 0.702286282306163 0.00625 0.0268389662027833
0 0.2703125 0.7077534791252486 0.015625 0.02982107355864811
0 0.36770833333333336 0.702286282306163 0.0125 0.012922465208747515
0 0.12213541666666666 0.7142147117296223 0.0067708333333333336 0.02485089463220676
0 0.45026041666666666 0.7127236580516899 0.0067708333333333336 0.017892644135188866
0 0.4315104166666667 0.7186878727634195 0.0046875 0.02385685884691849
0 0.41692708333333334 0.7181908548707754 0.008854166666666666 0.016898608349900597
0 0.3541666666666667 0.7435387673956262 0.023958333333333335 0.0437375745526839
0 0.46171875 0.7340954274353877 0.0234375 0.020874751491053677
0 0.48151041666666666 0.7311133200795229 0.0067708333333333336 0.012922465208747515
0 0.6510416666666666 0.7321073558648111 0.013541666666666667 0.008946322067594433
0 0.8825520833333333 0.7340954274353877 0.0067708333333333336 0.010934393638170975
0 0.4119791666666667 0.7470178926441352 0.01875 0.030815109343936383
0 0.8236979166666667 0.7395626242544732 0.011979166666666667 0.013916500994035786
0 0.24609375 0.739065606361829 0.0140625 0.008946322067594433
0 0.4669270833333333 0.7519880715705766 0.0078125 0.020874751491053677
0 0.6986979166666667 0.7514910536779325 0.0171875 0.017892644135188866
0 0.85859375 0.7688866799204771 0.013020833333333334 0.02286282306163022
0 0.6932291666666667 0.7693836978131213 0.016666666666666666 0.015904572564612324
0 0.44036458333333334 0.7748508946322068 0.0109375 0.018886679920477135
0 0.28802083333333334 0.7852882703777336 0.017708333333333333 0.03578528827037773
0 0.1125 0.7887673956262425 0.025 0.03479125248508946
0 0.2203125 0.7833001988071571 0.011458333333333333 0.02584493041749503
0 0.39479166666666665 0.7877733598409543 0.021875 0.030815109343936383
0 0.4700520833333333 0.790258449304175 0.0067708333333333336 0.02385685884691849
0 0.76953125 0.797713717693837 0.015104166666666667 0.032803180914512925
0 0.25625 0.7912524850894632 0.013541666666666667 0.009940357852882704
0 0.44166666666666665 0.7997017892644135 0.01875 0.018886679920477135
0 0.828125 0.8036779324055666 0.0125 0.02485089463220676
0 0.49322916666666666 0.8011928429423459 0.0125 0.013916500994035786
0 0.30625 0.812624254473161 0.004166666666666667 0.02485089463220676
0 0.26953125 0.8091451292246521 0.013020833333333334 0.013916500994035786
0 0.40677083333333336 0.8146123260437376 0.0125 0.006958250497017893
0 0.253125 0.8260437375745527 0.016666666666666666 0.019880715705765408
0 0.2864583333333333 0.8369781312127237 0.027083333333333334 0.041749502982107355
0 0.45729166666666665 0.8255467196819085 0.017708333333333333 0.010934393638170975
0 0.6171875 0.8260437375745527 0.011458333333333333 0.011928429423459244
0 0.43333333333333335 0.8285288270377733 0.013541666666666667 0.012922465208747515
0 0.11927083333333334 0.8449304174950298 0.008333333333333333 0.013916500994035786
0 0.30703125 0.8523856858846919 0.005729166666666666 0.02286282306163022
0 0.35598958333333336 0.8523856858846919 0.0140625 0.020874751491053677
0 0.325 0.8618290258449304 0.005208333333333333 0.02584493041749503
0 0.40546875 0.856858846918489 0.0078125 0.011928429423459244
0 0.6026041666666667 0.8583499005964215 0.016666666666666666 0.016898608349900597
0 0.24348958333333334 0.871272365805169 0.018229166666666668 0.0268389662027833
0 0.2682291666666667 0.8692842942345924 0.016666666666666666 0.020874751491053677
0 0.2877604166666667 0.8697813121272365 0.0078125 0.013916500994035786
0 0.9106770833333333 0.8707753479125249 0.009895833333333333 0.011928429423459244
0 0.42109375 0.8802186878727635 0.0078125 0.02882703777335984
0 0.89375 0.8846918489065606 0.020833333333333332 0.027833001988071572
0 0.27005208333333336 0.8996023856858847 0.0265625 0.04572564612326044
0 0.1515625 0.8881709741550696 0.017708333333333333 0.018886679920477135
0 0.9856770833333334 0.8906560636182903 0.0171875 0.02584493041749503
0 0.23463541666666668 0.8891650099403579 0.015104166666666667 0.018886679920477135
0 0.4674479166666667 0.911530815109344 0.0234375 0.04771371769383698
0 0.6278645833333333 0.897117296222664 0.019270833333333334 0.016898608349900597
0 0.3734375 0.9035785288270378 0.005208333333333333 0.027833001988071572
0 0.6700520833333333 0.9075546719681908 0.005729166666666666 0.03180914512922465
0 0.48984375 0.9085487077534792 0.0078125 0.019880715705765408
0 0.6424479166666667 0.908051689860835 0.0140625 0.016898608349900597
0 0.23854166666666668 0.9304174950298211 0.014583333333333334 0.03180914512922465
0 0.33307291666666666 0.9319085487077535 0.0067708333333333336 0.02485089463220676
0 0.7291666666666666 0.9264413518886679 0.014583333333333334 0.013916500994035786
0 0.0984375 0.9473161033797217 0.007291666666666667 0.03578528827037773
0 0.24921875 0.9398608349900597 0.0078125 0.018886679920477135
0 0.17083333333333334 0.9602385685884692 0.03333333333333333 0.05765407554671968
0 0.28958333333333336 0.9527833001988072 0.007291666666666667 0.030815109343936383
0 0.85390625 0.9716699801192843 0.0171875 0.05467196819085487
0 0.38984375 0.9622266401590457 0.008854166666666666 0.03180914512922465
0 0.8927083333333333 0.9582504970178927 0.015625 0.02385685884691849
0 0.3611979166666667 0.9657057654075547 0.015104166666666667 0.036779324055666
0 0.24661458333333333 0.9666998011928429 0.011979166666666667 0.0268389662027833
0 0.07630208333333334 0.9602385685884692 0.0140625 0.009940357852882704
0 0.37604166666666666 0.9676938369781312 0.0125 0.014910536779324055
0 0.7799479166666666 0.9766401590457257 0.0067708333333333336 0.02882703777335984
0 0.9609375 0.9681908548707754 0.036458333333333336 0.013916500994035786
0 0.1890625 0.974155069582505 0.0125 0.019880715705765408
0 0.7940104166666667 0.9721669980119284 0.013020833333333334 0.017892644135188866
0 0.7208333333333333 0.9771371769383698 0.009375 0.015904572564612324
0 0.52265625 0.989065606361829 0.011979166666666667 0.019880715705765408
0 0.63046875 0.989065606361829 0.011979166666666667 0.019880715705765408
0 0.5869791666666667 0.9915506958250497 0.00625 0.014910536779324055