0 0.9513020833333333 0.0004970178926441351 0.04010416666666667 0.0009940357852882703
0 0.9911458333333333 0.04224652087475149 0.016666666666666666 0.08449304174950298
0 0.7510416666666667 0.03827037773359841 0.013541666666666667 0.016898608349900597
0 0.6505208333333333 0.04622266401590457 0.011458333333333333 0.010934393638170975
0 0.8213541666666667 0.11083499005964215 0.014583333333333334 0.016898608349900597
0 0.6755208333333333 0.12077534791252485 0.010416666666666666 0.0268389662027833
0 0.7973958333333333 0.13220675944333996 0.008333333333333333 0.02186878727634195
0 0.35572916666666665 0.1327037773359841 0.011458333333333333 0.018886679920477135
0 0.6955729166666667 0.1456262425447316 0.0109375 0.020874751491053677
0 0.31979166666666664 0.16003976143141152 0.013541666666666667 0.027833001988071572
0 0.6377604166666667 0.21073558648111332 0.009895833333333333 0.013916500994035786
0 0.8080729166666667 0.23409542743538767 0.011979166666666667 0.010934393638170975
0 0.6283854166666667 0.2524850894632207 0.008854166666666666 0.009940357852882704
0 0.6997395833333333 0.2539761431411531 0.013020833333333334 0.010934393638170975
0 0.9286458333333333 0.27634194831013914 0.014583333333333334 0.017892644135188866
0 0.9018229166666667 0.2952286282306163 0.011979166666666667 0.011928429423459244
0 0.9033854166666667 0.3389662027833002 0.0078125 0.027833001988071572
0 0.46901041666666665 0.3429423459244533 0.013020833333333334 0.015904572564612324
0 0.8721354166666667 0.34343936381709744 0.009895833333333333 0.014910536779324055
0 0.7390625 0.3543737574552684 0.005208333333333333 0.020874751491053677
0 0.76796875 0.3667992047713718 0.016145833333333335 0.03777335984095427
0 0.70390625 0.3836978131212724 0.016145833333333335 0.013916500994035786
0 0.8869791666666667 0.3981113320079523 0.007291666666666667 0.02286282306163022
0 0.8213541666666667 0.42047713717693835 0.014583333333333334 0.017892644135188866
0 0.3489583333333333 0.4239562624254473 0.008333333333333333 0.02286282306163022
0 0.8677083333333333 0.43439363817097415 0.00625 0.02186878727634195
0 0.19661458333333334 0.444831013916501 0.008854166666666666 0.03876739562624255
0 0.6536458333333334 0.4403578528827038 0.00625 0.02186878727634195
0 0.7065104166666667 0.43538767395626243 0.011979166666666667 0.011928429423459244
0 0.9919270833333333 0.4433399602385686 0.015104166666666667 0.019880715705765408
0 0.9611979166666667 0.444831013916501 0.009895833333333333 0.016898608349900597
0 0.6854166666666667 0.4567594433399602 0.00625 0.016898608349900597
0 0.7315104166666667 0.47514910536779326 0.0140625 0.02385685884691849
0 0.9546875 0.47664015904572565 0.01875 0.020874751491053677
0 0.8510416666666667 0.47962226640159045 0.010416666666666666 0.014910536779324055
0 0.40859375 0.4860834990059642 0.013020833333333334 0.015904572564612324
0 0.8153645833333333 0.49055666003976145 0.011979166666666667 0.02485089463220676
0 0.73984375 0.4985089463220676 0.0140625 0.010934393638170975
0 0.9807291666666667 0.5069582504970179 0.019791666666666666 0.02982107355864811
0 0.85703125 0.518389662027833 0.0067708333333333336 0.02485089463220676
0 0.5364583333333334 0.5164015904572564 0.011458333333333333 0.012922465208747515
0 0.8802083333333334 0.5213717693836978 0.016666666666666666 0.020874751491053677
0 0.8291666666666667 0.5337972166998012 0.014583333333333334 0.011928429423459244
0 0.596875 0.5601391650099403 0.004166666666666667 0.02286282306163022
0 0.67890625 0.5576540755467196 0.0109375 0.013916500994035786
0 0.6403645833333333 0.56610337972167 0.011979166666666667 0.0268389662027833
0 0.26666666666666666 0.5710735586481114 0.010416666666666666 0.012922465208747515
0 0.559375 0.5765407554671969 0.007291666666666667 0.02385685884691849
0 0.8111979166666666 0.5830019880715706 0.009895833333333333 0.03479125248508946
0 0.9427083333333334 0.5790258449304175 0.013541666666666667 0.014910536779324055
0 0.92265625 0.5879721669980119 0.011979166666666667 0.014910536779324055
0 0.75546875 0.6108349900596421 0.0140625 0.016898608349900597
0 0.60703125 0.6242544731610338 0.024479166666666666 0.02186878727634195
0 0.9533854166666667 0.6421471172962226 0.008854166666666666 0.015904572564612324
0 0.7393229166666667 0.6500994035785288 0.0078125 0.02982107355864811
0 0.63671875 0.6530815109343936 0.009895833333333333 0.027833001988071572
0 0.61875 0.6650099403578529 0.020833333333333332 0.02982107355864811
0 0.9065104166666667 0.6759443339960238 0.015104166666666667 0.009940357852882704
0 0.8713541666666667 0.6868787276341949 0.009375 0.02385685884691849
0 0.5296875 0.6923459244532804 0.01875 0.02485089463220676
0 0.5994791666666667 0.6908548707753479 0.019791666666666666 0.015904572564612324
0 0.7096354166666666 0.7077534791252486 0.011979166666666667 0.017892644135188866
0 0.5643229166666667 0.7157057654075547 0.009895833333333333 0.027833001988071572
0 0.6947916666666667 0.7122266401590457 0.005208333333333333 0.020874751491053677
0 0.6283854166666667 0.713220675944334 0.008854166666666666 0.016898608349900597
0 0.5932291666666667 0.7251491053677932 0.011458333333333333 0.02485089463220676
0 0.6052083333333333 0.7410536779324056 0.004166666666666667 0.02882703777335984
0 0.5455729166666666 0.7495029821073559 0.008854166666666666 0.015904572564612324
0 0.6354166666666666 0.7629224652087475 0.00625 0.030815109343936383
0 0.6190104166666667 0.7544731610337972 0.013020833333333334 0.009940357852882704
0 0.7052083333333333 0.7544731610337972 0.015625 0.011928429423459244
0 0.67890625 0.7554671968190855 0.013020833333333334 0.009940357852882704
0 0.8067708333333333 0.760934393638171 0.011458333333333333 0.018886679920477135
0 0.4166666666666667 0.7882703777335984 0.010416666666666666 0.033797216699801194
0 0.6526041666666667 0.7773359840954275 0.013541666666666667 0.013916500994035786
0 0.8119791666666667 0.7837972166998012 0.013541666666666667 0.008946322067594433
0 0.6296875 0.7907554671968191 0.00625 0.020874751491053677
0 0.6575520833333334 0.8001988071570576 0.0140625 0.02186878727634195
0 0.5375 0.8066600397614314 0.009375 0.020874751491053677
0 0.5734375 0.8339960238568589 0.010416666666666666 0.03578528827037773
0 0.6278645833333333 0.8260437375745527 0.0171875 0.017892644135188866
0 0.6135416666666667 0.8578528827037774 0.016666666666666666 0.03180914512922465
0 0.68671875 0.8737574552683897 0.0109375 0.02186878727634195
0 0.59453125 0.8722664015904572 0.0140625 0.014910536779324055
0 0.7044270833333334 0.8836978131212724 0.008854166666666666 0.03180914512922465
0 0.5609375 0.8926441351888668 0.009375 0.02385685884691849
0 0.7877604166666666 0.893141153081511 0.011979166666666667 0.02286282306163022
0 0.6018229166666667 0.9040755467196819 0.0109375 0.02485089463220676
0 0.9916666666666667 0.9070576540755467 0.011458333333333333 0.020874751491053677
0 0.6354166666666666 0.9179920477137177 0.017708333333333333 0.014910536779324055
0 0.5231770833333333 0.9249502982107356 0.0067708333333333336 0.020874751491053677
0 0.70703125 0.9269383697813122 0.0109375 0.018886679920477135
0 0.53515625 0.9279324055666004 0.0109375 0.016898608349900597
0 0.8356770833333333 0.9274353876739563 0.0109375 0.009940357852882704
0 0.8223958333333333 0.9443339960238568 0.01875 0.011928429423459244
0 0.48776041666666664 0.9512922465208747 0.0036458333333333334 0.02385685884691849
0 0.5770833333333333 0.9473161033797217 0.008333333333333333 0.015904572564612324
0 0.6815104166666667 0.9627236580516899 0.0078125 0.02882703777335984
0 0.47708333333333336 0.9592445328031809 0.005208333333333333 0.017892644135188866
0 0.40911458333333334 0.9637176938369781 0.013020833333333334 0.020874751491053677
0 0.5200520833333333 0.9642147117296223 0.011979166666666667 0.015904572564612324
0 0.50546875 0.9721669980119284 0.005729166666666666 0.02186878727634195
0 0.6971354166666667 0.9746520874751491 0.0109375 0.020874751491053677
0 0.7377604166666667 0.9811133200795229 0.008854166666666666 0.02385685884691849
0 0.8596354166666667 0.9766401590457257 0.013020833333333334 0.014910536779324055
0 0.51796875 0.9850894632206759 0.0171875 0.013916500994035786
0 0.45677083333333335 0.98558648111332 0.011458333333333333 0.012922465208747515
0 0.6190104166666667 0.9850894632206759 0.0140625 0.011928429423459244
0 0.48854166666666665 0.9900596421471173 0.00625 0.017892644135188866