0 0.4627604166666667 0.03628230616302187 0.0067708333333333336 0.02286282306163022
0 0.19713541666666667 0.20675944333996024 0.018229166666666668 0.04771371769383698
0 0.4078125 0.2947316103379722 0.017708333333333333 0.016898608349900597
0 0.2752604166666667 0.31759443339960236 0.008854166666666666 0.012922465208747515
0 0.35911458333333335 0.3588469184890656 0.022395833333333334 0.06560636182902585
0 0.33958333333333335 0.3384691848906561 0.010416666666666666 0.014910536779324055
0 0.33541666666666664 0.36232604373757454 0.009375 0.012922465208747515
0 0.27057291666666666 0.39314115308151093 0.0234375 0.04473161033797217
0 0.39401041666666664 0.378727634194831 0.0140625 0.013916500994035786
0 0.24270833333333333 0.3981113320079523 0.008333333333333333 0.02485089463220676
0 0.4122395833333333 0.4120278330019881 0.0078125 0.016898608349900597
0 0.36171875 0.4135188866799205 0.0046875 0.015904572564612324
0 0.2830729166666667 0.4403578528827038 0.0328125 0.039761431411530816
0 0.33359375 0.4696819085487077 0.008854166666666666 0.016898608349900597
0 0.48098958333333336 0.481610337972167 0.019270833333333334 0.020874751491053677
0 0.3809895833333333 0.5 0.0046875 0.019880715705765408
0 0.32864583333333336 0.5198807157057654 0.00625 0.02982107355864811
0 0.45364583333333336 0.5253479125248509 0.016666666666666666 0.02882703777335984
0 0.37604166666666666 0.5392644135188867 0.007291666666666667 0.048707753479125246
0 0.40286458333333336 0.5337972166998012 0.015104166666666667 0.02186878727634195
0 0.5596354166666667 0.5720675944333996 0.016145833333333335 0.016898608349900597
0 0.38333333333333336 0.6227634194831014 0.009375 0.014910536779324055
0 0.35859375 0.6575546719681908 0.0109375 0.018886679920477135
0 0.4125 0.679920477137177 0.008333333333333333 0.03777335984095427
0 0.38177083333333334 0.8215705765407555 0.0125 0.03876739562624255
0 0.35625 0.8295228628230616 0.015625 0.048707753479125246