0 0.5151041666666667 0.05417495029821073 0.009375 0.016898608349900597
0 0.209375 0.06858846918489066 0.013541666666666667 0.019880715705765408
0 0.0010416666666666667 0.14860834990059643 0.0010416666666666667 0.15805168986083498
0 0.09114583333333333 0.09741550695825049 0.010416666666666666 0.02584493041749503
0 0.2859375 0.13071570576540756 0.016666666666666666 0.018886679920477135
0 0.1734375 0.1466202783300199 0.010416666666666666 0.02882703777335984
0 0.39895833333333336 0.15904572564612326 0.007291666666666667 0.02385685884691849
0 0.22942708333333334 0.16650099403578528 0.011979166666666667 0.012922465208747515
0 0.06041666666666667 0.1754473161033797 0.0125 0.02485089463220676
0 0.33125 0.21272365805168986 0.005208333333333333 0.017892644135188866
0 0.075 0.21819085487077536 0.016666666666666666 0.020874751491053677
0 0.0609375 0.2331013916500994 0.009375 0.018886679920477135
0 0.33203125 0.24602385685884692 0.013020833333333334 0.016898608349900597
0 0.52109375 0.2634194831013916 0.018229166666666668 0.02186878727634195
0 0.45546875 0.2624254473161034 0.008854166666666666 0.017892644135188866
0 0.4354166666666667 0.26938369781312127 0.005208333333333333 0.015904572564612324
0 0.48984375 0.2783300198807157 0.008854166666666666 0.013916500994035786
0 0.36953125 0.2937375745526839 0.0067708333333333336 0.016898608349900597
0 0.2981770833333333 0.30069582504970177 0.011979166666666667 0.016898608349900597
0 0.35859375 0.3076540755467197 0.013020833333333334 0.010934393638170975
0 0.225 0.31660039761431413 0.008333333333333333 0.018886679920477135
0 0.11875 0.3225646123260437 0.017708333333333333 0.020874751491053677
0 0.5630208333333333 0.32803180914512925 0.009375 0.015904572564612324
0 0.5947916666666667 0.3687872763419483 0.0125 0.017892644135188866
0 0.6075520833333333 0.42196819085487075 0.013020833333333334 0.02882703777335984
0 0.2638020833333333 0.4194831013916501 0.011979166666666667 0.011928429423459244
0 0.55078125 0.44681908548707755 0.009895833333333333 0.010934393638170975
0 0.46432291666666664 0.46272365805168986 0.009895833333333333 0.014910536779324055
0 0.5502604166666667 0.4721669980119284 0.0078125 0.02385685884691849
0 0.5778645833333333 0.4945328031809145 0.005729166666666666 0.020874751491053677
0 0.2015625 0.5263419483101391 0.009375 0.02882703777335984
0 0.4861979166666667 0.5303180914512923 0.0078125 0.014910536779324055
0 0.3255208333333333 0.5278330019880716 0.014583333333333334 0.009940357852882704
0 0.6908854166666667 0.536779324055666 0.011979166666666667 0.019880715705765408
0 0.546875 0.5417495029821073 0.016666666666666666 0.02385685884691849
0 0.82109375 0.555168986083499 0.0109375 0.02485089463220676
0 0.6825520833333333 0.5680914512922465 0.005729166666666666 0.032803180914512925
0 0.30182291666666666 0.5745526838966203 0.005729166666666666 0.013916500994035786
0 0.6088541666666667 0.5989065606361829 0.0125 0.012922465208747515
0 0.42864583333333334 0.6043737574552683 0.00625 0.02385685884691849
0 0.334375 0.5994035785288271 0.01875 0.015904572564612324
0 0.4401041666666667 0.6078528827037774 0.00625 0.0268389662027833
0 0.3765625 0.6108349900596421 0.004166666666666667 0.02485089463220676
0 0.40677083333333336 0.6083499005964215 0.0125 0.013916500994035786
0 0.19817708333333334 0.6182902584493042 0.011979166666666667 0.013916500994035786
0 0.4505208333333333 0.6242544731610338 0.017708333333333333 0.02186878727634195
0 0.5489583333333333 0.6441351888667992 0.015625 0.039761431411530816
0 0.5291666666666667 0.6426441351888668 0.005208333333333333 0.02485089463220676
0 0.45286458333333335 0.6520874751491054 0.0067708333333333336 0.011928429423459244
0 0.5963541666666666 0.6595427435387674 0.010416666666666666 0.006958250497017893
0 0.5145833333333333 0.6669980119284294 0.013541666666666667 0.015904572564612324
0 0.15130208333333334 0.6665009940357853 0.005729166666666666 0.014910536779324055
0 0.5317708333333333 0.6739562624254473 0.007291666666666667 0.02584493041749503
0 0.4484375 0.6709741550695825 0.005208333333333333 0.017892644135188866
0 0.5471354166666667 0.6833996023856859 0.0078125 0.016898608349900597
0 0.5088541666666667 0.691351888667992 0.0125 0.02286282306163022
0 0.5401041666666667 0.691351888667992 0.009375 0.018886679920477135
0 0.6869791666666667 0.6908548707753479 0.013541666666666667 0.013916500994035786
0 0.4119791666666667 0.7027833001988072 0.010416666666666666 0.019880715705765408
0 0.14114583333333333 0.7191848906560636 0.00625 0.014910536779324055
0 0.6322916666666667 0.7311133200795229 0.005208333333333333 0.032803180914512925
0 0.26640625 0.7385685884691849 0.011979166666666667 0.015904572564612324
0 0.5765625 0.7649105367793241 0.013541666666666667 0.04473161033797217
0 0.31927083333333334 0.7564612326043738 0.015625 0.019880715705765408
0 0.54140625 0.7793240556660039 0.009895833333333333 0.02982107355864811
0 0.15104166666666666 0.7718687872763419 0.013541666666666667 0.012922465208747515
0 0.42291666666666666 0.7773359840954275 0.015625 0.011928429423459244
0 0.51796875 0.8220675944333996 0.013020833333333334 0.061630218687872766
0 0.061197916666666664 0.8096421471172962 0.0046875 0.020874751491053677
0 0.11979166666666667 0.8091451292246521 0.014583333333333334 0.015904572564612324
0 0.3984375 0.8230616302186878 0.007291666666666667 0.02385685884691849
0 0.29010416666666666 0.8230616302186878 0.015625 0.02584493041749503
0 0.8510416666666667 0.838469184890656 0.008333333333333333 0.030815109343936383
0 0.4236979166666667 0.8389662027833003 0.0140625 0.011928429423459244
0 0.7044270833333334 0.8439363817097415 0.011979166666666667 0.015904572564612324
0 0.40182291666666664 0.8518886679920478 0.0140625 0.027833001988071572
0 0.6677083333333333 0.8474155069582505 0.011458333333333333 0.012922465208747515
0 0.24557291666666667 0.8553677932405567 0.008854166666666666 0.030815109343936383
0 0.3359375 0.856858846918489 0.008333333333333333 0.02385685884691849
0 0.5151041666666667 0.8598409542743539 0.008333333333333333 0.02186878727634195
0 0.46119791666666665 0.8682902584493042 0.009895833333333333 0.020874751491053677
0 0.4421875 0.8762425447316103 0.015625 0.012922465208747515
0 0.47942708333333334 0.8881709741550696 0.011979166666666667 0.0268389662027833
0 0.012760416666666666 0.8851888667992047 0.0078125 0.018886679920477135
0 0.5151041666666667 0.8961232604373758 0.015625 0.03479125248508946
0 0.32447916666666665 0.8911530815109344 0.0125 0.012922465208747515
0 0.5338541666666666 0.9090457256461233 0.010416666666666666 0.040755467196819085
0 0.5817708333333333 0.897117296222664 0.015625 0.010934393638170975
0 0.4578125 0.9110337972166997 0.005208333333333333 0.020874751491053677
0 0.019270833333333334 0.9214711729622267 0.017708333333333333 0.041749502982107355
0 0.6005208333333333 0.9214711729622267 0.014583333333333334 0.033797216699801194
0 0.75 0.9174950298210736 0.013541666666666667 0.013916500994035786
0 0.12760416666666666 0.9165009940357853 0.009375 0.011928429423459244
0 0.4828125 0.9274353876739563 0.010416666666666666 0.02385685884691849
0 0.5421875 0.9408548707753479 0.009375 0.02286282306163022
0 0.5080729166666667 0.9443339960238568 0.015104166666666667 0.02584493041749503
0 0.49166666666666664 0.9453280318091452 0.011458333333333333 0.009940357852882704
0 0.5921875 0.9612326043737575 0.025 0.03777335984095427
0 0.2786458333333333 0.9478131212723658 0.013541666666666667 0.010934393638170975
0 0.790625 0.9662027833001988 0.013541666666666667 0.033797216699801194
0 0.5161458333333333 0.9706759443339961 0.016666666666666666 0.042743538767395624
0 0.44296875 0.9706759443339961 0.009895833333333333 0.03876739562624255
0 0.4231770833333333 0.9637176938369781 0.015104166666666667 0.02286282306163022
0 0.4890625 0.9647117296222664 0.011458333333333333 0.02286282306163022
0 0.5359375 0.9811133200795229 0.023958333333333335 0.03578528827037773
0 0.48072916666666665 0.9791252485089463 0.005208333333333333 0.02385685884691849
0 0.08151041666666667 0.9791252485089463 0.009895833333333333 0.02186878727634195
0 0.16302083333333334 0.9801192842942346 0.007291666666666667 0.015904572564612324
0 0.57734375 0.9895626242544732 0.008854166666666666 0.018886679920477135