0 0.9315104166666667 0.02186878727634195 0.015104166666666667 0.0437375745526839
0 0.015104166666666667 0.011928429423459244 0.029166666666666667 0.02385685884691849
0 0.8471354166666667 0.02385685884691849 0.018229166666666668 0.011928429423459244
0 0.9666666666666667 0.06908548707753479 0.011458333333333333 0.0268389662027833
0 0.9763020833333333 0.0720675944333996 0.005729166666666666 0.014910536779324055
0 0.9942708333333333 0.11133200795228629 0.011458333333333333 0.0775347912524851
0 0.49895833333333334 0.10238568588469185 0.017708333333333333 0.02584493041749503
0 0.9330729166666667 0.12624254473161034 0.016145833333333335 0.0636182902584493
0 0.9479166666666666 0.12127236580516898 0.010416666666666666 0.015904572564612324
0 0.9455729166666667 0.14463220675944333 0.0109375 0.030815109343936383
0 0.47994791666666664 0.176441351888668 0.019270833333333334 0.02485089463220676
0 0.88984375 0.20178926441351888 0.011979166666666667 0.03578528827037773
0 0.9908854166666666 0.20825049701789264 0.0109375 0.02286282306163022
0 0.83984375 0.21570576540755468 0.009895833333333333 0.03180914512922465
0 0.99453125 0.24652087475149106 0.0109375 0.06759443339960239
0 0.23072916666666668 0.24602385685884692 0.021875 0.03479125248508946
0 0.9760416666666667 0.23807157057654074 0.009375 0.016898608349900597
0 0.346875 0.33697813121272363 0.023958333333333335 0.02982107355864811
0 0.5731770833333333 0.40457256461232605 0.0171875 0.02982107355864811
0 0.9088541666666666 0.4115308151093439 0.016666666666666666 0.03180914512922465
0 0.7080729166666667 0.415506958250497 0.0109375 0.033797216699801194
0 0.99765625 0.4517892644135189 0.0046875 0.0268389662027833
0 0.8125 0.5238568588469185 0.007291666666666667 0.02186878727634195
0 0.2630208333333333 0.5949304174950298 0.021875 0.036779324055666
0 0.7549479166666667 0.6630218687872763 0.0067708333333333336 0.013916500994035786
0 0.990625 0.7455268389662028 0.01875 0.055666003976143144
0 0.39401041666666664 0.7415506958250497 0.0171875 0.04572564612326044
0 0.10651041666666666 0.7783300198807157 0.021354166666666667 0.03777335984095427
0 0.8486979166666667 0.7743538767395626 0.0078125 0.019880715705765408
0 0.9950520833333333 0.8175944333996024 0.009895833333333333 0.02882703777335984
0 0.8677083333333333 0.8195825049701789 0.027083333333333334 0.032803180914512925
0 0.7052083333333333 0.8121272365805169 0.007291666666666667 0.013916500994035786
0 0.3145833333333333 0.8851888667992047 0.010416666666666666 0.03479125248508946
0 0.9528645833333333 0.889662027833002 0.013020833333333334 0.027833001988071572
0 0.61640625 0.9254473161033797 0.0171875 0.033797216699801194
0 0.9997395833333333 0.9468190854870775 0.0005208333333333333 0.05268389662027833
0 0.7869791666666667 0.9835984095427436 0.010416666666666666 0.030815109343936383