0 0.121875 0.008449304174950299 0.0125 0.012922465208747515
0 0.8075520833333333 0.018886679920477135 0.011979166666666667 0.03180914512922465
0 0.26119791666666664 0.032803180914512925 0.013020833333333334 0.017892644135188866
0 0.41328125 0.06809145129224652 0.018229166666666668 0.07256461232604373
0 0.13046875 0.052186878727634195 0.0234375 0.036779324055666
0 0.3809895833333333 0.05815109343936382 0.0067708333333333336 0.02882703777335984
0 0.07734375 0.05069582504970179 0.009895833333333333 0.011928429423459244
0 0.19895833333333332 0.061630218687872766 0.019791666666666666 0.02584493041749503
0 0.72734375 0.0621272365805169 0.021354166666666667 0.0268389662027833
0 0.3609375 0.06312127236580517 0.014583333333333334 0.02485089463220676
0 0.290625 0.0636182902584493 0.016666666666666666 0.019880715705765408
0 0.43255208333333334 0.07306163021868788 0.009895833333333333 0.040755467196819085
0 0.9609375 0.07654075546719682 0.020833333333333332 0.027833001988071572
0 0.5619791666666667 0.07554671968190854 0.016666666666666666 0.017892644135188866
0 0.15234375 0.08548707753479125 0.021354166666666667 0.02584493041749503
0 0.33489583333333334 0.08996023856858847 0.014583333333333334 0.02882703777335984
0 0.38255208333333335 0.11530815109343936 0.011979166666666667 0.04771371769383698
0 0.20859375 0.10685884691848907 0.03697916666666667 0.02286282306163022
0 0.17552083333333332 0.11580516898608349 0.01875 0.030815109343936383
0 0.521875 0.10884691848906561 0.0125 0.014910536779324055
0 0.71328125 0.12922465208747516 0.0140625 0.017892644135188866
0 0.2630208333333333 0.1386679920477137 0.01875 0.0268389662027833
0 0.37057291666666664 0.1466202783300199 0.0078125 0.03479125248508946
0 0.3229166666666667 0.15308151093439365 0.008333333333333333 0.041749502982107355
0 0.98828125 0.1496023856858847 0.022395833333333334 0.032803180914512925
0 0.23307291666666666 0.15805168986083498 0.016145833333333335 0.041749502982107355
0 0.9411458333333333 0.16749502982107356 0.016666666666666666 0.040755467196819085
0 0.6921875 0.16699801192842942 0.011458333333333333 0.03578528827037773
0 0.2552083333333333 0.17147117296222664 0.017708333333333333 0.03876739562624255
0 0.30833333333333335 0.18290258449304175 0.017708333333333333 0.033797216699801194
0 0.48046875 0.17743538767395625 0.0067708333333333336 0.014910536779324055
0 0.6671875 0.1918489065606362 0.005208333333333333 0.033797216699801194
0 0.9744791666666667 0.20278330019880716 0.019791666666666666 0.0437375745526839
0 0.33046875 0.19831013916500995 0.019270833333333334 0.012922465208747515
0 0.7666666666666667 0.22365805168986083 0.022916666666666665 0.05168986083499006
0 0.30234375 0.20924453280318092 0.0203125 0.016898608349900597
0 0.15572916666666667 0.21819085487077536 0.008333333333333333 0.02286282306163022
0 0.7325520833333333 0.23807157057654074 0.016145833333333335 0.03479125248508946
0 0.44869791666666664 0.23508946322067595 0.019270833333333334 0.02485089463220676
0 0.07057291666666667 0.25198807157057657 0.0140625 0.042743538767395624
0 0.5518229166666667 0.2360834990059642 0.0067708333333333336 0.010934393638170975
0 0.9799479166666667 0.2584493041749503 0.0140625 0.04572564612326044
0 0.5408854166666667 0.24900596421471172 0.011979166666666667 0.016898608349900597
0 0.64140625 0.25795228628230615 0.0171875 0.03479125248508946
0 0.99453125 0.2639165009940358 0.009895833333333333 0.03876739562624255
0 0.0921875 0.2654075546719682 0.019791666666666666 0.02385685884691849
0 0.30807291666666664 0.2798210735586481 0.021354166666666667 0.036779324055666
0 0.3997395833333333 0.28330019880715707 0.016145833333333335 0.02982107355864811
0 0.5119791666666667 0.2937375745526839 0.015625 0.040755467196819085
0 0.23958333333333334 0.3190854870775348 0.016666666666666666 0.08548707753479125
0 0.53515625 0.2912524850894632 0.016145833333333335 0.011928429423459244
0 0.709375 0.30318091451292245 0.014583333333333334 0.03578528827037773
0 0.17994791666666668 0.31411530815109345 0.0234375 0.039761431411530816
0 0.10520833333333333 0.3076540755467197 0.01875 0.016898608349900597
0 0.6958333333333333 0.3111332007952286 0.01875 0.02385685884691849
0 0.63515625 0.3210735586481113 0.019270833333333334 0.033797216699801194
0 0.83984375 0.31510934393638174 0.022395833333333334 0.02385685884691849
0 0.6846354166666667 0.3305168986083499 0.0171875 0.0268389662027833
0 0.8640625 0.3742544731610338 0.014583333333333334 0.048707753479125246
0 0.3020833333333333 0.3812127236580517 0.013541666666666667 0.0268389662027833
0 0.6018229166666667 0.3782306163021869 0.0171875 0.014910536779324055
0 0.43359375 0.3797216699801193 0.0067708333333333336 0.013916500994035786
0 0.5744791666666667 0.3866799204771372 0.017708333333333333 0.017892644135188866
0 0.79921875 0.39065606361829025 0.015104166666666667 0.02186878727634195
0 0.8221354166666667 0.3991053677932406 0.021354166666666667 0.020874751491053677
0 0.3541666666666667 0.4125248508946322 0.013541666666666667 0.02385685884691849
0 0.44427083333333334 0.41749502982107356 0.017708333333333333 0.019880715705765408
0 0.8619791666666666 0.4304174950298211 0.028125 0.03180914512922465
0 0.3390625 0.4309145129224652 0.019791666666666666 0.02882703777335984
0 0.5020833333333333 0.43538767395626243 0.013541666666666667 0.033797216699801194
0 0.82109375 0.43489065606361826 0.009895833333333333 0.032803180914512925
0 0.43203125 0.4284294234592445 0.0067708333333333336 0.013916500994035786
0 0.6481770833333333 0.4378727634194831 0.013020833333333334 0.030815109343936383
0 0.58203125 0.4438369781312127 0.018229166666666668 0.03479125248508946
0 0.2760416666666667 0.4403578528827038 0.009375 0.017892644135188866
0 0.75390625 0.45278330019880714 0.018229166666666668 0.042743538767395624
0 0.9638020833333333 0.4507952286282306 0.022395833333333334 0.03876739562624255
0 0.4197916666666667 0.4423459244532803 0.013541666666666667 0.019880715705765408
0 0.3692708333333333 0.4507952286282306 0.011458333333333333 0.02286282306163022
0 0.17265625 0.455765407554672 0.0140625 0.02882703777335984
0 0.26458333333333334 0.4567594433399602 0.009375 0.032803180914512925
0 0.6674479166666667 0.46520874751491054 0.0140625 0.03578528827037773
0 0.8796875 0.46520874751491054 0.016666666666666666 0.027833001988071572
0 0.3846354166666667 0.47664015904572565 0.025520833333333333 0.036779324055666
0 0.9916666666666667 0.4731610337972167 0.005208333333333333 0.02186878727634195
0 0.521875 0.4831013916500994 0.005208333333333333 0.02982107355864811
0 0.36614583333333334 0.5079522862823062 0.005208333333333333 0.027833001988071572
0 0.45729166666666665 0.5308151093439364 0.013541666666666667 0.04771371769383698
0 0.9885416666666667 0.5104373757455268 0.009375 0.008946322067594433
0 0.76640625 0.5357852882703777 0.0171875 0.04970178926441352
0 0.25833333333333336 0.5243538767395626 0.015625 0.02485089463220676
0 0.48020833333333335 0.5298210735586482 0.016666666666666666 0.02982107355864811
0 0.4200520833333333 0.5248508946322068 0.0140625 0.017892644135188866
0 0.7518229166666667 0.5521868787276342 0.013020833333333334 0.042743538767395624
0 0.15625 0.5651093439363817 0.015625 0.02882703777335984
0 0.20520833333333333 0.5775347912524851 0.009375 0.0437375745526839
0 0.5044270833333333 0.5651093439363817 0.0140625 0.018886679920477135
0 0.7234375 0.5815109343936382 0.007291666666666667 0.04572564612326044
0 0.37552083333333336 0.5750497017892644 0.019791666666666666 0.0268389662027833
0 0.22838541666666667 0.5849900596421471 0.005729166666666666 0.032803180914512925
0 0.34921875 0.5839960238568589 0.021354166666666667 0.032803180914512925
0 0.48515625 0.6118290258449304 0.011979166666666667 0.02485089463220676
0 0.1703125 0.6307157057654076 0.016666666666666666 0.048707753479125246
0 0.37447916666666664 0.6207753479125249 0.008333333333333333 0.02286282306163022
0 0.3927083333333333 0.6267395626242545 0.008333333333333333 0.032803180914512925
0 0.4192708333333333 0.6167992047713717 0.009375 0.014910536779324055
0 0.7372395833333333 0.621272365805169 0.018229166666666668 0.017892644135188866
0 0.35234375 0.635685884691849 0.0203125 0.032803180914512925
0 0.45 0.6505964214711729 0.005208333333333333 0.02882703777335984
0 0.4158854166666667 0.6699801192842942 0.0140625 0.039761431411530816
0 0.46432291666666664 0.6769383697813122 0.009895833333333333 0.033797216699801194
0 0.72890625 0.6819085487077535 0.0109375 0.03180914512922465
0 0.8359375 0.6809145129224652 0.020833333333333332 0.02385685884691849
0 0.15494791666666666 0.705765407554672 0.013020833333333334 0.041749502982107355
0 0.33177083333333335 0.7062624254473161 0.021875 0.040755467196819085
0 0.35520833333333335 0.7127236580516899 0.029166666666666667 0.055666003976143144
0 0.4661458333333333 0.7102385685884692 0.015625 0.012922465208747515
0 0.5541666666666667 0.7301192842942346 0.007291666666666667 0.036779324055666
0 0.9630208333333333 0.7286282306163022 0.036458333333333336 0.033797216699801194
0 0.12161458333333333 0.7256461232604374 0.028645833333333332 0.02186878727634195
0 0.6401041666666667 0.7276341948310139 0.014583333333333334 0.02584493041749503
0 0.8466145833333333 0.7271371769383698 0.018229166666666668 0.016898608349900597
0 0.89140625 0.7350894632206759 0.016145833333333335 0.018886679920477135
0 0.634375 0.7604373757455268 0.016666666666666666 0.02982107355864811
0 0.6723958333333333 0.7539761431411531 0.01875 0.018886679920477135
0 0.73359375 0.7624254473161034 0.018229166666666668 0.017892644135188866
0 0.10416666666666667 0.7713717693836978 0.019791666666666666 0.02584493041749503
0 0.1609375 0.7783300198807157 0.0125 0.03180914512922465
0 0.8471354166666667 0.7852882703777336 0.022395833333333334 0.02982107355864811
0 0.5255208333333333 0.8001988071570576 0.007291666666666667 0.03578528827037773
0 0.36223958333333334 0.8081510934393639 0.0203125 0.041749502982107355
0 0.3346354166666667 0.8026838966202783 0.016145833333333335 0.02882703777335984
0 0.4322916666666667 0.808648111332008 0.016666666666666666 0.032803180914512925
0 0.08046875 0.8240556660039762 0.024479166666666666 0.03578528827037773
0 0.4783854166666667 0.8166003976143141 0.019270833333333334 0.020874751491053677
0 0.94453125 0.838469184890656 0.0203125 0.05864811133200795
0 0.25546875 0.8439363817097415 0.018229166666666668 0.033797216699801194
0 0.3302083333333333 0.8479125248508946 0.028125 0.02385685884691849
0 0.5734375 0.8479125248508946 0.017708333333333333 0.02385685884691849
0 0.7901041666666667 0.8494035785288271 0.026041666666666668 0.0268389662027833
0 0.4635416666666667 0.8608349900596421 0.017708333333333333 0.02584493041749503
0 0.24739583333333334 0.8732604373757455 0.019791666666666666 0.020874751491053677
0 0.5932291666666667 0.8792246520874751 0.008333333333333333 0.03479125248508946
0 0.3619791666666667 0.8752485089463221 0.013541666666666667 0.02286282306163022
0 0.47213541666666664 0.8906560636182903 0.0171875 0.03777335984095427
0 0.41041666666666665 0.8946322067594433 0.013541666666666667 0.03777335984095427
0 0.09088541666666666 0.8941351888667992 0.009895833333333333 0.032803180914512925
0 0.26171875 0.9055666003976143 0.011979166666666667 0.019880715705765408
0 0.13385416666666666 0.922962226640159 0.017708333333333333 0.03479125248508946
0 0.5455729166666666 0.9234592445328031 0.019270833333333334 0.02385685884691849
0 0.3614583333333333 0.9314115308151093 0.015625 0.033797216699801194
0 0.384375 0.9309145129224652 0.011458333333333333 0.020874751491053677
0 0.5619791666666667 0.9493041749502982 0.021875 0.03578528827037773
0 0.83828125 0.9507952286282306 0.024479166666666666 0.02485089463220676
0 0.50234375 0.9512922465208747 0.0109375 0.02186878727634195
0 0.5286458333333334 0.974155069582505 0.026041666666666668 0.04970178926441352
0 0.3578125 0.9731610337972167 0.015625 0.03578528827037773
0 0.4440104166666667 0.9811133200795229 0.0140625 0.03578528827037773
0 0.3796875 0.9826043737574552 0.015625 0.032803180914512925