0 0.14557291666666666 0.01242544731610338 0.025520833333333333 0.02485089463220676
0 0.48098958333333336 0.01341948310139165 0.0067708333333333336 0.0268389662027833
0 0.6208333333333333 0.007455268389662028 0.009375 0.014910536779324055
0 0.6494791666666667 0.012922465208747515 0.023958333333333335 0.02584493041749503
0 0.6018229166666667 0.014910536779324055 0.0109375 0.019880715705765408
0 0.7986979166666667 0.04224652087475149 0.024479166666666666 0.03479125248508946
0 0.1875 0.04821073558648111 0.008333333333333333 0.03479125248508946
0 0.5143229166666666 0.04970178926441352 0.0140625 0.033797216699801194
0 0.2596354166666667 0.04622266401590457 0.0140625 0.012922465208747515
0 0.13645833333333332 0.06262425447316103 0.008333333333333333 0.027833001988071572
0 0.20026041666666666 0.06411530815109344 0.0109375 0.030815109343936383
0 0.3177083333333333 0.073558648111332 0.011458333333333333 0.015904572564612324
0 0.5721354166666667 0.09493041749502983 0.011979166666666667 0.030815109343936383
0 0.29348958333333336 0.11878727634194831 0.021354166666666667 0.048707753479125246
0 0.55703125 0.12176938369781312 0.011979166666666667 0.03876739562624255
0 0.3658854166666667 0.1143141153081511 0.0067708333333333336 0.015904572564612324
0 0.7856770833333333 0.12127236580516898 0.0203125 0.02982107355864811
0 0.3265625 0.12773359840954274 0.013541666666666667 0.018886679920477135
0 0.8755208333333333 0.14165009940357853 0.016666666666666666 0.036779324055666
0 0.37083333333333335 0.13767395626242546 0.007291666666666667 0.016898608349900597
0 0.5278645833333333 0.15009940357852883 0.0203125 0.0437375745526839
0 0.33203125 0.16003976143141152 0.008854166666666666 0.011928429423459244
0 0.121875 0.17743538767395625 0.020833333333333332 0.030815109343936383
0 0.36953125 0.176441351888668 0.03177083333333333 0.0268389662027833
0 0.48880208333333336 0.18886679920477137 0.0171875 0.02982107355864811
0 0.5502604166666667 0.1893638170974155 0.0109375 0.020874751491053677
0 0.7614583333333333 0.20079522862823063 0.01875 0.03777335984095427
0 0.3171875 0.21570576540755468 0.021875 0.02982107355864811
0 0.7919270833333333 0.22415506958250497 0.0109375 0.04671968190854871
0 0.56015625 0.21123260437375746 0.005729166666666666 0.018886679920477135
0 0.9684895833333333 0.21669980119284293 0.021354166666666667 0.02982107355864811
0 0.4278645833333333 0.2360834990059642 0.027604166666666666 0.05069582504970179
0 0.5697916666666667 0.23161033797216699 0.013541666666666667 0.02982107355864811
0 0.07369791666666667 0.24055666003976142 0.016145833333333335 0.015904572564612324
0 0.48385416666666664 0.25894632206759444 0.015625 0.048707753479125246
0 0.6739583333333333 0.2584493041749503 0.015625 0.04771371769383698
0 0.5955729166666667 0.2529821073558648 0.005729166666666666 0.03479125248508946
0 0.8666666666666667 0.2504970178926441 0.013541666666666667 0.02982107355864811
0 0.6026041666666667 0.2927435387673956 0.017708333333333333 0.03876739562624255
0 0.5653645833333333 0.30019880715705766 0.0109375 0.04771371769383698
0 0.8783854166666667 0.30218687872763417 0.015104166666666667 0.03777335984095427
0 0.8005208333333333 0.3101391650099404 0.01875 0.039761431411530816
0 0.5833333333333334 0.32952286282306165 0.023958333333333335 0.03876739562624255
0 0.47734375 0.3573558648111332 0.0203125 0.02882703777335984
0 0.7325520833333333 0.3667992047713718 0.0067708333333333336 0.03578528827037773
0 0.7557291666666667 0.3643141153081511 0.017708333333333333 0.02882703777335984
0 0.0671875 0.3573558648111332 0.009375 0.010934393638170975
0 0.3140625 0.3717693836978131 0.015625 0.03777335984095427
0 0.5869791666666667 0.36232604373757454 0.008333333333333333 0.018886679920477135
0 0.44244791666666666 0.36033797216699803 0.009895833333333333 0.010934393638170975
0 0.43333333333333335 0.3871769383697813 0.021875 0.020874751491053677
0 0.5450520833333333 0.38469184890656066 0.0109375 0.015904572564612324
0 0.3268229166666667 0.3946322067594433 0.019270833333333334 0.019880715705765408
0 0.5247395833333334 0.3946322067594433 0.0109375 0.015904572564612324
0 0.6361979166666667 0.4209741550695825 0.0171875 0.03876739562624255
0 0.5325520833333334 0.42147117296222664 0.011979166666666667 0.03578528827037773
0 0.8973958333333333 0.4279324055666004 0.020833333333333332 0.04473161033797217
0 0.6013020833333333 0.42196819085487075 0.0140625 0.02485089463220676
0 0.8463541666666666 0.4507952286282306 0.014583333333333334 0.05069582504970179
0 0.46171875 0.44980119284294234 0.015104166666666667 0.014910536779324055
0 0.8640625 0.4711729622266402 0.011458333333333333 0.041749502982107355
0 0.4278645833333333 0.4647117296222664 0.011979166666666667 0.014910536779324055
0 0.26484375 0.4870775347912525 0.022395833333333334 0.02385685884691849
0 0.5434895833333333 0.48807157057654077 0.009895833333333333 0.013916500994035786
0 0.49505208333333334 0.4955268389662028 0.008854166666666666 0.02286282306163022
0 0.5046875 0.5099403578528827 0.007291666666666667 0.03777335984095427
0 0.7205729166666667 0.5129224652087475 0.008854166666666666 0.03180914512922465
0 0.48984375 0.5248508946322068 0.016145833333333335 0.05168986083499006
0 0.5244791666666667 0.5119284294234593 0.005208333333333333 0.02385685884691849
0 0.6315104166666666 0.5149105367793241 0.0078125 0.013916500994035786
0 0.3927083333333333 0.5213717693836978 0.016666666666666666 0.012922465208747515
0 0.22630208333333332 0.5412524850894632 0.0234375 0.036779324055666
0 0.3802083333333333 0.5437375745526839 0.015625 0.027833001988071572
0 0.6260416666666667 0.5531809145129225 0.011458333333333333 0.03479125248508946
0 0.6041666666666666 0.5621272365805169 0.020833333333333332 0.03479125248508946
0 0.41067708333333336 0.5581510934393639 0.019270833333333334 0.014910536779324055
0 0.27447916666666666 0.5879721669980119 0.01875 0.042743538767395624
0 0.48385416666666664 0.5834990059642147 0.008333333333333333 0.011928429423459244
0 0.3828125 0.5964214711729622 0.010416666666666666 0.02584493041749503
0 0.4859375 0.6108349900596421 0.007291666666666667 0.03479125248508946
0 0.6197916666666666 0.6048707753479126 0.009375 0.010934393638170975
0 0.6565104166666667 0.6242544731610338 0.018229166666666668 0.02186878727634195
0 0.6171875 0.6277335984095428 0.0125 0.008946322067594433
0 0.33255208333333336 0.6535785288270378 0.013020833333333334 0.030815109343936383
0 0.35598958333333336 0.6674950298210736 0.009895833333333333 0.030815109343936383
0 0.4432291666666667 0.6635188866799204 0.017708333333333333 0.02286282306163022
0 0.3815104166666667 0.6630218687872763 0.019270833333333334 0.013916500994035786
0 0.5377604166666666 0.6724652087475149 0.0140625 0.018886679920477135
0 0.6015625 0.6769383697813122 0.020833333333333332 0.027833001988071572
0 0.3385416666666667 0.6848906560636183 0.011458333333333333 0.03180914512922465
0 0.5309895833333333 0.6973161033797217 0.0140625 0.032803180914512925
0 0.14166666666666666 0.7122266401590457 0.0125 0.03479125248508946
0 0.5497395833333333 0.7037773359840954 0.011979166666666667 0.013916500994035786
0 0.47734375 0.7077534791252486 0.011979166666666667 0.011928429423459244
0 0.5072916666666667 0.7360834990059643 0.028125 0.0705765407554672
0 0.8325520833333333 0.7246520874751491 0.019270833333333334 0.04771371769383698
0 0.45234375 0.7251491053677932 0.015104166666666667 0.018886679920477135
0 0.66796875 0.7266401590457257 0.022395833333333334 0.02186878727634195
0 0.5161458333333333 0.7519880715705766 0.007291666666666667 0.016898608349900597
0 0.6864583333333333 0.7763419483101391 0.011458333333333333 0.04970178926441352
0 0.59296875 0.8151093439363817 0.018229166666666668 0.019880715705765408
0 0.5114583333333333 0.8265407554671969 0.026041666666666668 0.03876739562624255
0 0.39947916666666666 0.8464214711729622 0.015625 0.03876739562624255
0 0.45651041666666664 0.845427435387674 0.0046875 0.030815109343936383
0 0.3143229166666667 0.8508946322067594 0.008854166666666666 0.02982107355864811
0 0.5296875 0.864314115308151 0.010416666666666666 0.036779324055666
0 0.6666666666666666 0.8523856858846919 0.007291666666666667 0.012922465208747515
0 0.975 0.8697813121272365 0.03229166666666667 0.039761431411530816
0 0.8661458333333333 0.9269383697813122 0.021875 0.02485089463220676
0 0.67734375 0.9358846918489065 0.011979166666666667 0.032803180914512925
0 0.8072916666666666 0.9353876739562624 0.019791666666666666 0.027833001988071572
0 0.4140625 0.9418489065606361 0.0125 0.03479125248508946
0 0.93828125 0.9517892644135189 0.024479166666666666 0.0268389662027833
0 0.4856770833333333 0.9647117296222664 0.0067708333333333336 0.032803180914512925
0 0.39557291666666666 0.9791252485089463 0.0067708333333333336 0.033797216699801194