0 0.03463541666666667 0.0004970178926441351 0.034895833333333334 0.0009940357852882703
0 0.007552083333333333 0.011928429423459244 0.0140625 0.02385685884691849
0 0.34869791666666666 0.014910536779324055 0.0067708333333333336 0.015904572564612324
0 0.071875 0.044234592445328035 0.013541666666666667 0.0268389662027833
0 0.14635416666666667 0.06063618290258449 0.01875 0.015904572564612324
0 0.24140625 0.08648111332007952 0.0140625 0.015904572564612324
0 0.709375 0.10834990059642147 0.011458333333333333 0.02186878727634195
0 0.07057291666666667 0.13021868787276342 0.008854166666666666 0.015904572564612324
0 0.80625 0.14015904572564614 0.009375 0.019880715705765408
0 0.7114583333333333 0.14860834990059643 0.007291666666666667 0.0268389662027833
0 0.15338541666666666 0.15656063618290258 0.0067708333333333336 0.02286282306163022
0 0.4296875 0.15656063618290258 0.008333333333333333 0.014910536779324055
0 0.2890625 0.17147117296222664 0.00625 0.012922465208747515
0 0.5872395833333334 0.17992047713717693 0.005729166666666666 0.02385685884691849
0 0.29296875 0.19831013916500995 0.0078125 0.020874751491053677
0 0.67109375 0.20974155069582506 0.0140625 0.017892644135188866
0 0.21640625 0.20825049701789264 0.0067708333333333336 0.014910536779324055
0 0.16119791666666666 0.24353876739562624 0.009895833333333333 0.013916500994035786
0 0.13307291666666668 0.24353876739562624 0.008854166666666666 0.011928429423459244
0 0.33828125 0.2828031809145129 0.0109375 0.018886679920477135
0 0.059375 0.30119284294234594 0.017708333333333333 0.017892644135188866
0 0.7481770833333333 0.31411530815109345 0.0109375 0.02584493041749503
0 0.69609375 0.3250497017892644 0.0140625 0.015904572564612324
0 0.06901041666666667 0.3240556660039761 0.013020833333333334 0.011928429423459244
0 0.22265625 0.3389662027833002 0.008854166666666666 0.017892644135188866
0 0.08463541666666667 0.3727634194831014 0.0109375 0.02186878727634195
0 0.20494791666666667 0.37077534791252487 0.0140625 0.013916500994035786
0 0.6697916666666667 0.3702783300198807 0.014583333333333334 0.010934393638170975
0 0.010416666666666666 0.38469184890656066 0.019791666666666666 0.017892644135188866
0 0.03333333333333333 0.40457256461232605 0.010416666666666666 0.027833001988071572
0 0.5893229166666667 0.40656063618290256 0.0140625 0.009940357852882704
0 0.2984375 0.4100397614314115 0.017708333333333333 0.010934393638170975
0 0.49166666666666664 0.4284294234592445 0.009375 0.033797216699801194
0 0.22916666666666666 0.4294234592445328 0.007291666666666667 0.02982107355864811
0 0.14869791666666668 0.4269383697813121 0.0067708333333333336 0.016898608349900597
0 0.06510416666666667 0.46123260437375746 0.013541666666666667 0.009940357852882704
0 0.09010416666666667 0.47514910536779326 0.00625 0.02385685884691849
0 0.11614583333333334 0.47713717693836977 0.008333333333333333 0.02385685884691849
0 0.4674479166666667 0.4831013916500994 0.0171875 0.015904572564612324
0 0.5484375 0.49055666003976145 0.009375 0.02882703777335984
0 0.4203125 0.5054671968190855 0.008333333333333333 0.016898608349900597
0 0.062239583333333334 0.5119284294234593 0.0265625 0.02982107355864811
0 0.46536458333333336 0.5188866799204771 0.008854166666666666 0.039761431411530816
0 0.5143229166666666 0.5218687872763419 0.011979166666666667 0.03777335984095427
0 0.6731770833333334 0.5129224652087475 0.0067708333333333336 0.015904572564612324
0 0.13671875 0.5173956262425448 0.009895833333333333 0.018886679920477135
0 0.7346354166666667 0.5233598409542743 0.0046875 0.020874751491053677
0 0.5059895833333333 0.5412524850894632 0.013020833333333334 0.036779324055666
0 0.4895833333333333 0.5347912524850894 0.013541666666666667 0.013916500994035786
0 0.0859375 0.5412524850894632 0.00625 0.0268389662027833
0 0.271875 0.5526838966202783 0.008333333333333333 0.02584493041749503
0 0.5236979166666667 0.5541749502982107 0.013020833333333334 0.012922465208747515
0 0.8385416666666666 0.5596421471172962 0.015625 0.013916500994035786
0 0.10833333333333334 0.5641153081510935 0.011458333333333333 0.02286282306163022
0 0.5020833333333333 0.5730616302186878 0.016666666666666666 0.02882703777335984
0 0.18880208333333334 0.5616302186878728 0.0140625 0.007952286282306162
0 0.3611979166666667 0.5695825049701789 0.008854166666666666 0.013916500994035786
0 0.23151041666666666 0.577037773359841 0.011979166666666667 0.012922465208747515
0 0.48151041666666666 0.5949304174950298 0.016145833333333335 0.02882703777335984
0 0.2640625 0.5959244532803181 0.014583333333333334 0.014910536779324055
0 0.90546875 0.621272365805169 0.0171875 0.02982107355864811
0 0.4125 0.6177932405566601 0.016666666666666666 0.018886679920477135
0 0.6919270833333333 0.6158051689860835 0.0067708333333333336 0.012922465208747515
0 0.5010416666666667 0.621272365805169 0.020833333333333332 0.02186878727634195
0 0.2630208333333333 0.6247514910536779 0.016666666666666666 0.014910536779324055
0 0.096875 0.6496023856858847 0.010416666666666666 0.02286282306163022
0 0.5703125 0.6620278330019881 0.010416666666666666 0.033797216699801194
0 0.51171875 0.6674950298210736 0.0140625 0.02485089463220676
0 0.16953125 0.6684890656063618 0.013020833333333334 0.018886679920477135
0 0.609375 0.6814115308151093 0.007291666666666667 0.03876739562624255
0 0.3859375 0.6819085487077535 0.0125 0.015904572564612324
0 0.21067708333333332 0.7077534791252486 0.0109375 0.017892644135188866
0 0.18645833333333334 0.7052683896620279 0.015625 0.012922465208747515
0 0.45625 0.713220675944334 0.007291666666666667 0.02485089463220676
0 0.26875 0.7127236580516899 0.005208333333333333 0.019880715705765408
0 0.31302083333333336 0.7236580516898609 0.010416666666666666 0.03777335984095427
0 0.5052083333333334 0.7286282306163022 0.011458333333333333 0.041749502982107355
0 0.24661458333333333 0.7271371769383698 0.009895833333333333 0.02485089463220676
0 0.3020833333333333 0.7415506958250497 0.011458333333333333 0.03777335984095427
0 0.38229166666666664 0.7306163021868787 0.013541666666666667 0.009940357852882704
0 0.19661458333333334 0.731610337972167 0.011979166666666667 0.013916500994035786
0 0.33671875 0.7534791252485089 0.0067708333333333336 0.015904572564612324
0 0.5447916666666667 0.7539761431411531 0.016666666666666666 0.008946322067594433
0 0.4390625 0.7688866799204771 0.014583333333333334 0.018886679920477135
0 0.5005208333333333 0.7947316103379721 0.016666666666666666 0.020874751491053677
0 0.37265625 0.7972166998011928 0.0078125 0.013916500994035786
0 0.55390625 0.8061630218687873 0.008854166666666666 0.02385685884691849
0 0.4791666666666667 0.8210735586481114 0.009375 0.0437375745526839
0 0.44921875 0.808648111332008 0.019270833333333334 0.016898608349900597
0 0.028125 0.8250497017892644 0.010416666666666666 0.03777335984095427
0 0.3611979166666667 0.8339960238568589 0.0171875 0.033797216699801194
0 0.6692708333333334 0.8364811133200796 0.008333333333333333 0.02485089463220676
0 0.6528645833333333 0.8414512922465208 0.009895833333333333 0.02485089463220676
0 0.5026041666666666 0.8414512922465208 0.0125 0.02485089463220676
0 0.42604166666666665 0.8533797216699801 0.011458333333333333 0.03876739562624255
0 0.6286458333333333 0.8439363817097415 0.011458333333333333 0.015904572564612324
0 0.32890625 0.852882703777336 0.0203125 0.019880715705765408
0 0.011197916666666667 0.8608349900596421 0.0109375 0.03180914512922465
0 0.31171875 0.8677932405566601 0.019270833333333334 0.03578528827037773
0 0.3580729166666667 0.8822067594433399 0.0296875 0.06063618290258449
0 0.43776041666666665 0.8802186878727635 0.013020833333333334 0.040755467196819085
0 0.54296875 0.8727634194831014 0.0171875 0.02186878727634195
0 0.4895833333333333 0.8762425447316103 0.003125 0.0268389662027833
0 0.33958333333333335 0.8737574552683897 0.007291666666666667 0.017892644135188866
0 0.15052083333333333 0.8871769383697813 0.014583333333333334 0.042743538767395624
0 0.28854166666666664 0.882703777335984 0.016666666666666666 0.013916500994035786
0 0.4669270833333333 0.885685884691849 0.0078125 0.011928429423459244
0 0.4791666666666667 0.9040755467196819 0.0125 0.042743538767395624
0 0.3692708333333333 0.9000994035785288 0.011458333333333333 0.02286282306163022
0 0.4549479166666667 0.9055666003976143 0.019270833333333334 0.03180914512922465
0 0.5229166666666667 0.9020874751491054 0.0125 0.020874751491053677
0 0.24375 0.9020874751491054 0.007291666666666667 0.012922465208747515
0 0.5401041666666667 0.911530815109344 0.013541666666666667 0.02584493041749503
0 0.2984375 0.9219681908548708 0.030208333333333334 0.048707753479125246
0 0.004427083333333333 0.9085487077534792 0.0078125 0.011928429423459244
0 0.3880208333333333 0.9204771371769384 0.0125 0.02982107355864811
0 0.0921875 0.9209741550695825 0.00625 0.012922465208747515
0 0.2552083333333333 0.941351888667992 0.015625 0.039761431411530816
0 0.3497395833333333 0.9304174950298211 0.0109375 0.009940357852882704
0 0.6036458333333333 0.9383697813121272 0.016666666666666666 0.015904572564612324
0 0.4161458333333333 0.9403578528827038 0.016666666666666666 0.02186878727634195
0 0.21354166666666666 0.9498011928429424 0.020833333333333332 0.030815109343936383
0 0.3609375 0.944831013916501 0.0125 0.008946322067594433
0 0.5098958333333333 0.9542743538767395 0.020833333333333332 0.015904572564612324
0 0.4359375 0.9617296222664016 0.0125 0.0268389662027833
0 0.19947916666666668 0.9686878727634195 0.007291666666666667 0.02286282306163022
0 0.5151041666666667 0.9681908548707754 0.013541666666666667 0.011928429423459244
0 0.4158854166666667 0.9786282306163022 0.011979166666666667 0.030815109343936383
0 0.33177083333333335 0.9786282306163022 0.019791666666666666 0.0268389662027833
0 0.07838541666666667 0.9875745526838966 0.005729166666666666 0.02286282306163022
0 0.1328125 0.9860834990059643 0.014583333333333334 0.017892644135188866
0 0.5388020833333333 0.9905566600397614 0.0234375 0.016898608349900597
0 0.6807291666666667 0.9920477137176938 0.01875 0.013916500994035786