0 0.0125 0.01143141153081511 0.014583333333333334 0.02286282306163022
0 0.062239583333333334 0.023359840954274354 0.024479166666666666 0.04671968190854871
0 0.09739583333333333 0.015904572564612324 0.01875 0.03180914512922465
0 0.9794270833333333 0.015407554671968192 0.0296875 0.030815109343936383
0 0.9671875 0.02584493041749503 0.0125 0.02186878727634195
0 0.00390625 0.05417495029821073 0.0078125 0.020874751491053677
0 0.012760416666666666 0.06461232604373758 0.016145833333333335 0.03777335984095427
0 0.8557291666666667 0.09095427435387674 0.021875 0.032803180914512925
0 0.32890625 0.09045725646123261 0.013020833333333334 0.013916500994035786
0 0.47942708333333334 0.09940357852882704 0.022395833333333334 0.02385685884691849
0 0.2989583333333333 0.11083499005964215 0.017708333333333333 0.040755467196819085
0 0.0036458333333333334 0.11133200795228629 0.007291666666666667 0.02186878727634195
0 0.27786458333333336 0.12972166998011928 0.0171875 0.042743538767395624
0 0.9552083333333333 0.13220675944333996 0.010416666666666666 0.03180914512922465
0 0.6302083333333334 0.15009940357852883 0.0125 0.027833001988071572
0 0.0515625 0.1555666003976143 0.016666666666666666 0.012922465208747515
0 0.26197916666666665 0.15904572564612326 0.010416666666666666 0.015904572564612324
0 0.009895833333333333 0.16650099403578528 0.011458333333333333 0.02286282306163022
0 0.27265625 0.16401590457256462 0.0109375 0.013916500994035786
0 0.028645833333333332 0.176441351888668 0.00625 0.016898608349900597
0 0.5328125 0.17842942345924453 0.010416666666666666 0.008946322067594433
0 0.67109375 0.20228628230616302 0.0109375 0.03479125248508946
0 0.978125 0.23807157057654074 0.019791666666666666 0.02485089463220676
0 0.61953125 0.25646123260437376 0.008854166666666666 0.02584493041749503
0 0.3614583333333333 0.27087475149105367 0.011458333333333333 0.040755467196819085
0 0.4546875 0.2634194831013916 0.016666666666666666 0.017892644135188866
0 0.5510416666666667 0.27335984095427435 0.010416666666666666 0.033797216699801194
0 0.15989583333333332 0.27435387673956263 0.020833333333333332 0.02982107355864811
0 0.440625 0.26888667992047716 0.009375 0.012922465208747515
0 0.47291666666666665 0.2932405566600398 0.008333333333333333 0.041749502982107355
0 0.4518229166666667 0.3036779324055666 0.0046875 0.0268389662027833
0 0.49947916666666664 0.3320079522862823 0.013541666666666667 0.03578528827037773
0 0.2786458333333333 0.32952286282306165 0.013541666666666667 0.02286282306163022
0 0.40989583333333335 0.33399602385685884 0.010416666666666666 0.017892644135188866
0 0.07369791666666667 0.34095427435387676 0.0203125 0.019880715705765408
0 0.39036458333333335 0.3533797216699801 0.0109375 0.02485089463220676
0 0.019791666666666666 0.3648111332007952 0.019791666666666666 0.02584493041749503
0 0.5330729166666667 0.3827037773359841 0.015104166666666667 0.03777335984095427
0 0.6630208333333333 0.38916500994035785 0.0125 0.02485089463220676
0 0.19973958333333333 0.3996023856858847 0.0067708333333333336 0.033797216699801194
0 0.98359375 0.3941351888667992 0.025520833333333333 0.010934393638170975
0 0.020052083333333335 0.41600397614314116 0.016145833333333335 0.03479125248508946
0 0.16119791666666666 0.4304174950298211 0.022395833333333334 0.039761431411530816
0 0.4088541666666667 0.42047713717693835 0.004166666666666667 0.017892644135188866
0 0.46171875 0.41898608349900596 0.0078125 0.016898608349900597
0 0.1875 0.4279324055666004 0.010416666666666666 0.0268389662027833
0 0.5419270833333333 0.4249502982107356 0.0067708333333333336 0.014910536779324055
0 0.5161458333333333 0.43538767395626243 0.014583333333333334 0.02982107355864811
0 0.5622395833333333 0.43439363817097415 0.009895833333333333 0.015904572564612324
0 0.22161458333333334 0.441351888667992 0.009895833333333333 0.02584493041749503
0 0.4197916666666667 0.44831013916500995 0.014583333333333334 0.02982107355864811
0 0.6526041666666667 0.44433399602385687 0.010416666666666666 0.02186878727634195
0 0.0609375 0.46123260437375746 0.013541666666666667 0.039761431411530816
0 0.44479166666666664 0.4562624254473161 0.009375 0.027833001988071572
0 0.66796875 0.44930417495029823 0.013020833333333334 0.011928429423459244
0 0.7278645833333334 0.45129224652087474 0.0171875 0.013916500994035786
0 0.46796875 0.4721669980119284 0.0203125 0.04771371769383698
0 0.42890625 0.4801192842942346 0.025520833333333333 0.05168986083499006
0 0.5291666666666667 0.4691848906560636 0.025 0.02186878727634195
0 0.1484375 0.47862823061630216 0.010416666666666666 0.036779324055666
0 0.4578125 0.474155069582505 0.011458333333333333 0.02186878727634195
0 0.4041666666666667 0.48061630218687873 0.00625 0.032803180914512925
0 0.5497395833333333 0.4865805168986084 0.018229166666666668 0.02882703777335984
0 0.19921875 0.48807157057654077 0.016145833333333335 0.017892644135188866
0 0.6208333333333333 0.49105367793240556 0.013541666666666667 0.02584493041749503
0 0.49166666666666664 0.48956262425447317 0.010416666666666666 0.018886679920477135
0 0.3580729166666667 0.5124254473161034 0.0078125 0.02882703777335984
0 0.671875 0.510934393638171 0.009375 0.011928429423459244
0 0.03515625 0.5228628230616302 0.018229166666666668 0.02982107355864811
0 0.21588541666666666 0.5168986083499006 0.018229166666666668 0.017892644135188866
0 0.47604166666666664 0.5218687872763419 0.009375 0.02584493041749503
0 0.8736979166666666 0.5159045725646123 0.019270833333333334 0.015904572564612324
0 0.3411458333333333 0.5208747514910537 0.0125 0.02186878727634195
0 0.4596354166666667 0.5268389662027833 0.019270833333333334 0.03180914512922465
0 0.5614583333333333 0.5178926441351889 0.0125 0.013916500994035786
0 0.7716145833333333 0.5298210735586482 0.0140625 0.033797216699801194
0 0.5 0.5218687872763419 0.010416666666666666 0.011928429423459244
0 0.4908854166666667 0.5342942345924453 0.0078125 0.02286282306163022
0 0.23645833333333333 0.5432405566600398 0.009375 0.03876739562624255
0 0.40677083333333336 0.5427435387673957 0.009375 0.019880715705765408
0 0.20885416666666667 0.5561630218687873 0.020833333333333332 0.032803180914512925
0 0.3145833333333333 0.5472166998011928 0.011458333333333333 0.014910536779324055
0 0.4393229166666667 0.5501988071570576 0.0140625 0.010934393638170975
0 0.62734375 0.5636182902584493 0.021354166666666667 0.02982107355864811
0 0.4708333333333333 0.5656063618290258 0.009375 0.03180914512922465
0 0.5393229166666667 0.5651093439363817 0.0109375 0.020874751491053677
0 0.17447916666666666 0.5745526838966203 0.014583333333333334 0.019880715705765408
0 0.33151041666666664 0.5750497017892644 0.018229166666666668 0.018886679920477135
0 0.43802083333333336 0.5750497017892644 0.014583333333333334 0.016898608349900597
0 0.22526041666666666 0.5820079522862823 0.011979166666666667 0.020874751491053677
0 0.39895833333333336 0.5899602385685885 0.00625 0.02485089463220676
0 0.4234375 0.5894632206759444 0.00625 0.02385685884691849
0 0.2877604166666667 0.5964214711729622 0.0109375 0.027833001988071572
0 0.016145833333333335 0.591948310139165 0.011458333333333333 0.016898608349900597
0 0.55234375 0.5924453280318092 0.021354166666666667 0.015904572564612324
0 0.56484375 0.602882703777336 0.009895833333333333 0.020874751491053677
0 0.25494791666666666 0.602882703777336 0.015104166666666667 0.018886679920477135
0 0.0067708333333333336 0.617296222664016 0.013541666666666667 0.041749502982107355
0 0.2713541666666667 0.6153081510934394 0.011458333333333333 0.02584493041749503
0 0.4203125 0.617296222664016 0.007291666666666667 0.013916500994035786
0 0.19817708333333334 0.6247514910536779 0.009895833333333333 0.020874751491053677
0 0.4 0.6202783300198808 0.009375 0.011928429423459244
0 0.47291666666666665 0.643141153081511 0.008333333333333333 0.02584493041749503
0 0.38333333333333336 0.6416500994035785 0.014583333333333334 0.016898608349900597
0 0.5578125 0.6550695825049702 0.013541666666666667 0.03180914512922465
0 0.309375 0.6650099403578529 0.016666666666666666 0.02186878727634195
0 0.22135416666666666 0.6759443339960238 0.014583333333333334 0.02584493041749503
0 0.08151041666666667 0.6789264413518886 0.009895833333333333 0.027833001988071572
0 0.36770833333333336 0.6804174950298211 0.010416666666666666 0.030815109343936383
0 0.4119791666666667 0.68389662027833 0.021875 0.02186878727634195
0 0.5557291666666667 0.679920477137177 0.014583333333333334 0.009940357852882704
0 0.8502604166666666 0.6898608349900597 0.018229166666666668 0.02584493041749503
0 0.3890625 0.6918489065606361 0.005208333333333333 0.02385685884691849
0 0.34375 0.6998011928429424 0.019791666666666666 0.03180914512922465
0 0.99609375 0.6968190854870775 0.0067708333333333336 0.011928429423459244
0 0.0078125 0.7052683896620279 0.0125 0.016898608349900597
0 0.6239583333333333 0.7047713717693836 0.005208333333333333 0.013916500994035786
0 0.7536458333333333 0.7186878727634195 0.027083333333333334 0.039761431411530816
0 0.9859375 0.7142147117296223 0.0125 0.020874751491053677
0 0.6278645833333333 0.7236580516898609 0.0067708333333333336 0.013916500994035786
0 0.5966145833333333 0.7261431411530815 0.013020833333333334 0.014910536779324055
0 0.65703125 0.7340954274353877 0.011979166666666667 0.020874751491053677
0 0.5833333333333334 0.7460238568588469 0.010416666666666666 0.02485089463220676
0 0.08125 0.7445328031809145 0.009375 0.019880715705765408
0 0.5015625 0.7490059642147118 0.005208333333333333 0.02882703777335984
0 0.3255208333333333 0.7599403578528827 0.010416666666666666 0.02485089463220676
0 0.07682291666666667 0.7634194831013916 0.0067708333333333336 0.015904572564612324
0 0.8223958333333333 0.7872763419483101 0.03125 0.05765407554671968
0 0.2518229166666667 0.7788270377733598 0.011979166666666667 0.02286282306163022
0 0.5755208333333334 0.7847912524850894 0.015625 0.03479125248508946
0 0.48385416666666664 0.7932405566600398 0.008333333333333333 0.02385685884691849
0 0.5473958333333333 0.8071570576540755 0.016666666666666666 0.041749502982107355
0 0.6580729166666667 0.7972166998011928 0.0046875 0.017892644135188866
0 0.025 0.8260437375745527 0.016666666666666666 0.041749502982107355
0 0.6296875 0.8141153081510935 0.016666666666666666 0.015904572564612324
0 0.5322916666666667 0.8180914512922465 0.00625 0.013916500994035786
0 0.38385416666666666 0.8349900596421471 0.021875 0.009940357852882704
0 0.22864583333333333 0.8414512922465208 0.025 0.018886679920477135
0 0.990625 0.8404572564612326 0.011458333333333333 0.016898608349900597
0 0.6559895833333333 0.8518886679920478 0.0067708333333333336 0.02584493041749503
0 0.7072916666666667 0.8469184890656064 0.013541666666666667 0.015904572564612324
0 0.4752604166666667 0.8489065606361829 0.009895833333333333 0.013916500994035786
0 0.5026041666666666 0.8677932405566601 0.009375 0.0437375745526839
0 0.15260416666666668 0.8702783300198808 0.010416666666666666 0.0268389662027833
0 0.27005208333333336 0.8866799204771372 0.0140625 0.04572564612326044
0 0.41380208333333335 0.8817097415506958 0.008854166666666666 0.02385685884691849
0 0.22161458333333334 0.9065606361829026 0.016145833333333335 0.02385685884691849
0 0.35546875 0.9110337972166997 0.019270833333333334 0.02286282306163022
0 0.39010416666666664 0.9085487077534792 0.008333333333333333 0.013916500994035786
0 0.5572916666666666 0.9140159045725647 0.010416666666666666 0.02286282306163022
0 0.9817708333333334 0.9314115308151093 0.035416666666666666 0.05964214711729622
0 0.49322916666666666 0.9224652087475149 0.011458333333333333 0.02982107355864811
0 0.60703125 0.9179920477137177 0.019270833333333334 0.012922465208747515
0 0.6463541666666667 0.9378727634194831 0.026041666666666668 0.030815109343936383
0 0.68828125 0.9319085487077535 0.0140625 0.016898608349900597
0 0.40729166666666666 0.9378727634194831 0.010416666666666666 0.02485089463220676
0 0.32916666666666666 0.9587475149105368 0.007291666666666667 0.02882703777335984
0 0.8955729166666667 0.9577534791252486 0.015104166666666667 0.020874751491053677
0 0.55703125 0.9726640159045725 0.011979166666666667 0.03876739562624255
0 0.38958333333333334 0.9666998011928429 0.009375 0.016898608349900597
0 0.9697916666666667 0.9637176938369781 0.023958333333333335 0.010934393638170975
0 0.4875 0.9811133200795229 0.0125 0.015904572564612324
0 0.8731770833333333 0.9860834990059643 0.015104166666666667 0.02584493041749503
0 0.7994791666666666 0.9900596421471173 0.008333333333333333 0.017892644135188866
0 0.5190104166666667 0.9910536779324056 0.0078125 0.015904572564612324