0 0.3143229166666667 0.09343936381709742 0.0109375 0.03578528827037773
0 0.15026041666666667 0.21719681908548708 0.009895833333333333 0.018886679920477135
0 0.15286458333333333 0.2415506958250497 0.008854166666666666 0.013916500994035786
0 0.044270833333333336 0.3230616302186879 0.015625 0.02584493041749503
0 0.2559895833333333 0.3414512922465209 0.0109375 0.03479125248508946
0 0.5325520833333334 0.3802186878727634 0.0109375 0.032803180914512925
0 0.49583333333333335 0.39065606361829025 0.017708333333333333 0.033797216699801194
0 0.31354166666666666 0.5054671968190855 0.027083333333333334 0.020874751491053677
0 0.40963541666666664 0.540258449304175 0.0140625 0.030815109343936383
0 0.5315104166666667 0.5407554671968191 0.008854166666666666 0.017892644135188866
0 0.38385416666666666 0.5467196819085487 0.020833333333333332 0.02186878727634195
0 0.12395833333333334 0.5745526838966203 0.020833333333333332 0.03777335984095427
0 0.3966145833333333 0.5864811133200796 0.028645833333333332 0.02186878727634195
0 0.2875 0.654572564612326 0.008333333333333333 0.02286282306163022
0 0.03333333333333333 0.7012922465208747 0.017708333333333333 0.02286282306163022
0 0.06927083333333334 0.7549701789264414 0.008333333333333333 0.03479125248508946
0 0.4315104166666667 0.8518886679920478 0.0109375 0.02385685884691849
0 0.071875 0.9662027833001988 0.01875 0.03777335984095427