0 0.1484375 0.01143141153081511 0.0125 0.02286282306163022
0 0.5385416666666667 0.01441351888667992 0.008333333333333333 0.02882703777335984
0 0.6888020833333334 0.018886679920477135 0.018229166666666668 0.03180914512922465
0 0.9940104166666667 0.028330019880715707 0.0109375 0.014910536779324055
0 0.7765625 0.07654075546719682 0.011458333333333333 0.019880715705765408
0 0.4427083333333333 0.08499005964214712 0.014583333333333334 0.008946322067594433
0 0.2794270833333333 0.13220675944333996 0.009895833333333333 0.041749502982107355
0 0.3203125 0.12326043737574553 0.014583333333333334 0.02584493041749503
0 0.0375 0.14065606361829025 0.019791666666666666 0.05666003976143141
0 0.9234375 0.12176938369781312 0.009375 0.018886679920477135
0 0.9557291666666666 0.13220675944333996 0.0125 0.015904572564612324
0 0.38046875 0.17345924453280318 0.005729166666666666 0.02485089463220676
0 0.7294270833333333 0.1893638170974155 0.016145833333333335 0.012922465208747515
0 0.5455729166666666 0.20328031809145128 0.0109375 0.020874751491053677
0 0.96484375 0.22216699801192843 0.015104166666666667 0.036779324055666
0 0.12734375 0.22664015904572565 0.016145833333333335 0.03578528827037773
0 0.6619791666666667 0.21620278330019882 0.011458333333333333 0.010934393638170975
0 0.35182291666666665 0.24950298210735586 0.005729166666666666 0.02982107355864811
0 0.78984375 0.2415506958250497 0.015104166666666667 0.011928429423459244
0 0.5510416666666667 0.2644135188866799 0.008333333333333333 0.019880715705765408
0 0.6479166666666667 0.26093439363817095 0.016666666666666666 0.014910536779324055
0 0.97421875 0.27435387673956263 0.011979166666666667 0.041749502982107355
0 0.08723958333333333 0.28628230616302186 0.008854166666666666 0.02982107355864811
0 0.6479166666666667 0.28628230616302186 0.008333333333333333 0.027833001988071572
0 0.8473958333333333 0.3036779324055666 0.013541666666666667 0.02485089463220676
0 0.1203125 0.30318091451292245 0.015625 0.019880715705765408
0 0.3809895833333333 0.308648111332008 0.0067708333333333336 0.020874751491053677
0 0.9364583333333333 0.30566600397614313 0.007291666666666667 0.014910536779324055
0 0.7953125 0.3320079522862823 0.008333333333333333 0.039761431411530816
0 0.3223958333333333 0.34542743538767395 0.007291666666666667 0.02286282306163022
0 0.3372395833333333 0.3687872763419483 0.015104166666666667 0.011928429423459244
0 0.35442708333333334 0.37773359840954274 0.008854166666666666 0.02385685884691849
0 0.153125 0.3832007952286282 0.015625 0.012922465208747515
0 0.3419270833333333 0.38618290258449306 0.011979166666666667 0.018886679920477135
0 0.6736979166666667 0.4125248508946322 0.008854166666666666 0.019880715705765408
0 0.478125 0.4234592445328032 0.011458333333333333 0.019880715705765408
0 0.04973958333333333 0.4363817097415507 0.016145833333333335 0.019880715705765408
0 0.41510416666666666 0.4507952286282306 0.0125 0.03876739562624255
0 0.5130208333333334 0.45129224652087474 0.008333333333333333 0.03578528827037773
0 0.026822916666666665 0.4517892644135189 0.021354166666666667 0.03479125248508946
0 0.43802083333333336 0.45029821073558646 0.013541666666666667 0.017892644135188866
0 0.4557291666666667 0.46073558648111335 0.00625 0.02286282306163022
0 0.5653645833333333 0.47365805168986086 0.0171875 0.018886679920477135
0 0.540625 0.4865805168986084 0.0125 0.03479125248508946
0 0.18645833333333334 0.4915506958250497 0.007291666666666667 0.02485089463220676
0 0.99453125 0.5034791252485089 0.009895833333333333 0.048707753479125246
0 0.033854166666666664 0.5 0.016666666666666666 0.015904572564612324
0 0.40234375 0.5084493041749503 0.0109375 0.030815109343936383
0 0.29140625 0.5079522862823062 0.0203125 0.02186878727634195
0 0.734375 0.5149105367793241 0.004166666666666667 0.02584493041749503
0 0.453125 0.5129224652087475 0.009375 0.013916500994035786
0 0.42734375 0.5387673956262425 0.0067708333333333336 0.027833001988071572
0 0.49505208333333334 0.536779324055666 0.016145833333333335 0.02385685884691849
0 0.26536458333333335 0.5323061630218688 0.0140625 0.010934393638170975
0 0.3346354166666667 0.5422465208747514 0.0109375 0.018886679920477135
0 0.5947916666666667 0.5467196819085487 0.010416666666666666 0.027833001988071572
0 0.47760416666666666 0.5397614314115308 0.007291666666666667 0.011928429423459244
0 0.346875 0.5526838966202783 0.008333333333333333 0.033797216699801194
0 0.31276041666666665 0.5546719681908548 0.005729166666666666 0.033797216699801194
0 0.4434895833333333 0.5556660039761432 0.008854166666666666 0.019880715705765408
0 0.471875 0.5745526838966203 0.030208333333333334 0.05765407554671968
0 0.5028645833333333 0.5666003976143141 0.0234375 0.02385685884691849
0 0.48541666666666666 0.5725646123260437 0.007291666666666667 0.027833001988071572
0 0.6515625 0.5720675944333996 0.010416666666666666 0.02485089463220676
0 0.9958333333333333 0.5680914512922465 0.007291666666666667 0.016898608349900597
0 0.54921875 0.5740556660039762 0.005729166666666666 0.02286282306163022
0 0.43828125 0.5834990059642147 0.0078125 0.011928429423459244
0 0.004427083333333333 0.6033797216699801 0.008854166666666666 0.02982107355864811
0 0.40911458333333334 0.6163021868787276 0.0203125 0.03578528827037773
0 0.7065104166666667 0.6257455268389662 0.013020833333333334 0.036779324055666
0 0.6208333333333333 0.6307157057654076 0.0125 0.020874751491053677
0 0.46979166666666666 0.6351888667992047 0.014583333333333334 0.027833001988071572
0 0.45026041666666666 0.6466202783300199 0.0234375 0.036779324055666
0 0.12473958333333333 0.6461232604373758 0.008854166666666666 0.03180914512922465
0 0.8854166666666666 0.6510934393638171 0.010416666666666666 0.033797216699801194
0 0.40963541666666664 0.6441351888667992 0.015104166666666667 0.015904572564612324
0 0.55390625 0.6500994035785288 0.011979166666666667 0.009940357852882704
0 0.43411458333333336 0.6714711729622267 0.0140625 0.0268389662027833
0 0.34427083333333336 0.6744532803180915 0.023958333333333335 0.030815109343936383
0 0.13177083333333334 0.6734592445328031 0.010416666666666666 0.018886679920477135
0 0.26953125 0.6848906560636183 0.0067708333333333336 0.03180914512922465
0 0.16510416666666666 0.7027833001988072 0.017708333333333333 0.03777335984095427
0 0.3338541666666667 0.702286282306163 0.016666666666666666 0.0268389662027833
0 0.4747395833333333 0.6968190854870775 0.011979166666666667 0.013916500994035786
0 0.36875 0.6978131212723658 0.008333333333333333 0.011928429423459244
0 0.20729166666666668 0.7117296222664016 0.01875 0.02584493041749503
0 0.5908854166666667 0.7082504970178927 0.0109375 0.010934393638170975
0 0.3848958333333333 0.7271371769383698 0.00625 0.020874751491053677
0 0.7856770833333333 0.7261431411530815 0.018229166666666668 0.016898608349900597
0 0.3265625 0.7271371769383698 0.014583333333333334 0.010934393638170975
0 0.46510416666666665 0.7345924453280318 0.020833333333333332 0.013916500994035786
0 0.7609375 0.7495029821073559 0.009375 0.03777335984095427
0 0.04583333333333333 0.7470178926441352 0.016666666666666666 0.02485089463220676
0 0.34088541666666666 0.7420477137176938 0.016145833333333335 0.014910536779324055
0 0.015364583333333333 0.7733598409542743 0.030729166666666665 0.06759443339960239
0 0.09869791666666666 0.7485089463220675 0.019270833333333334 0.019880715705765408
0 0.7989583333333333 0.7470178926441352 0.009375 0.016898608349900597
0 0.51640625 0.7604373757455268 0.0171875 0.03777335984095427
0 0.5934895833333333 0.7559642147117296 0.005729166666666666 0.02882703777335984
0 0.42083333333333334 0.7619284294234593 0.007291666666666667 0.02882703777335984
0 0.47942708333333334 0.7907554671968191 0.0067708333333333336 0.020874751491053677
0 0.30546875 0.8021868787276342 0.0078125 0.03578528827037773
0 0.8645833333333334 0.7952286282306164 0.014583333333333334 0.017892644135188866
0 0.36744791666666665 0.8111332007952287 0.0109375 0.02385685884691849
0 0.20364583333333333 0.8170974155069582 0.011458333333333333 0.033797216699801194
0 0.5421875 0.8151093439363817 0.016666666666666666 0.02385685884691849
0 0.78828125 0.8215705765407555 0.0140625 0.02485089463220676
0 0.44557291666666665 0.8230616302186878 0.0109375 0.017892644135188866
0 0.46979166666666666 0.8449304174950298 0.007291666666666667 0.033797216699801194
0 0.03177083333333333 0.8518886679920478 0.013541666666666667 0.02584493041749503
0 0.2825520833333333 0.8578528827037774 0.008854166666666666 0.02385685884691849
0 0.91875 0.8558648111332008 0.016666666666666666 0.019880715705765408
0 0.35989583333333336 0.8608349900596421 0.014583333333333334 0.019880715705765408
0 0.6713541666666667 0.8583499005964215 0.022916666666666665 0.016898608349900597
0 0.09713541666666667 0.8772365805168986 0.016145833333333335 0.042743538767395624
0 0.39739583333333334 0.8747514910536779 0.009375 0.033797216699801194
0 0.965625 0.8687872763419483 0.008333333333333333 0.019880715705765408
0 0.6463541666666667 0.8782306163021869 0.009375 0.030815109343936383
0 0.22317708333333333 0.8951292246520874 0.0140625 0.020874751491053677
0 0.6765625 0.9269383697813122 0.020833333333333332 0.02882703777335984
0 0.28880208333333335 0.9279324055666004 0.015104166666666667 0.012922465208747515
0 0.39114583333333336 0.9343936381709742 0.0125 0.013916500994035786
0 0.9575520833333333 0.9463220675944334 0.0203125 0.03777335984095427
0 0.33984375 0.9502982107355865 0.0109375 0.015904572564612324