0 0.5744791666666667 0.010437375745526839 0.013541666666666667 0.020874751491053677
0 0.9341145833333333 0.04125248508946322 0.0046875 0.02485089463220676
0 0.5005208333333333 0.04622266401590457 0.016666666666666666 0.016898608349900597
0 0.6958333333333333 0.1242544731610338 0.01875 0.017892644135188866
0 0.7901041666666667 0.1496023856858847 0.014583333333333334 0.02485089463220676
0 0.6895833333333333 0.15705765407554673 0.019791666666666666 0.041749502982107355
0 0.66171875 0.1848906560636183 0.009895833333333333 0.019880715705765408
0 0.71328125 0.1993041749502982 0.0140625 0.0268389662027833
0 0.62421875 0.21868787276341947 0.016145833333333335 0.02584493041749503
0 0.03723958333333333 0.2117296222664016 0.008854166666666666 0.011928429423459244
0 0.30546875 0.21819085487077536 0.016145833333333335 0.014910536779324055
0 0.3578125 0.23260437375745527 0.020833333333333332 0.02385685884691849
0 0.63515625 0.2360834990059642 0.0078125 0.02882703777335984
0 0.9869791666666666 0.25795228628230615 0.014583333333333334 0.036779324055666
0 0.67265625 0.26093439363817095 0.0109375 0.018886679920477135
0 0.8510416666666667 0.2614314115308151 0.00625 0.015904572564612324
0 0.3932291666666667 0.26192842942345923 0.017708333333333333 0.014910536779324055
0 0.8630208333333333 0.26888667992047716 0.007291666666666667 0.0268389662027833
0 0.04114583333333333 0.2629224652087475 0.007291666666666667 0.010934393638170975
0 0.70546875 0.28727634194831014 0.0140625 0.03777335984095427
0 0.7692708333333333 0.2937375745526839 0.022916666666666665 0.032803180914512925
0 0.33151041666666664 0.2912524850894632 0.0140625 0.02584493041749503
0 0.73046875 0.2947316103379722 0.008854166666666666 0.02286282306163022
0 0.3765625 0.308648111332008 0.0125 0.0268389662027833
0 0.6122395833333333 0.3250497017892644 0.009895833333333333 0.027833001988071572
0 0.16614583333333333 0.334493041749503 0.010416666666666666 0.03479125248508946
0 0.6877604166666667 0.33548707753479123 0.018229166666666668 0.0268389662027833
0 0.6830729166666667 0.3533797216699801 0.021354166666666667 0.018886679920477135
0 0.7028645833333333 0.3697813121272366 0.015104166666666667 0.03777335984095427
0 0.4671875 0.3727634194831014 0.0125 0.019880715705765408
0 0.2552083333333333 0.4000994035785288 0.011458333333333333 0.02882703777335984
0 0.6859375 0.40208747514910537 0.016666666666666666 0.016898608349900597
0 0.55859375 0.4388667992047714 0.0171875 0.04671968190854871
0 0.7908854166666667 0.43141153081510936 0.015104166666666667 0.013916500994035786
0 0.7591145833333334 0.4701789264413519 0.0171875 0.04970178926441352
0 0.8028645833333333 0.46222664015904574 0.0328125 0.027833001988071572
0 0.6442708333333333 0.4671968190854871 0.009375 0.017892644135188866
0 0.5783854166666667 0.4716699801192843 0.015104166666666667 0.020874751491053677
0 0.8963541666666667 0.4975149105367793 0.009375 0.030815109343936383
0 0.02109375 0.4900596421471173 0.0140625 0.011928429423459244
0 0.2635416666666667 0.49652087475149104 0.011458333333333333 0.010934393638170975
0 0.68984375 0.518389662027833 0.009895833333333333 0.02485089463220676
0 0.6283854166666667 0.5218687872763419 0.019270833333333334 0.02385685884691849
0 0.48463541666666665 0.5397614314115308 0.005729166666666666 0.02385685884691849
0 0.6723958333333333 0.5631212723658051 0.01875 0.040755467196819085
0 0.5869791666666667 0.558648111332008 0.022916666666666665 0.02982107355864811
0 0.946875 0.5606361829025845 0.015625 0.02584493041749503
0 0.5635416666666667 0.5576540755467196 0.007291666666666667 0.019880715705765408
0 0.159375 0.5775347912524851 0.007291666666666667 0.013916500994035786
0 0.509375 0.5869781312127237 0.007291666666666667 0.02485089463220676
0 0.7895833333333333 0.5909542743538767 0.013541666666666667 0.02286282306163022
0 0.027604166666666666 0.6023856858846919 0.015625 0.04572564612326044
0 0.5875 0.614314115308151 0.007291666666666667 0.027833001988071572
0 0.8325520833333333 0.6307157057654076 0.018229166666666668 0.018886679920477135
0 0.5755208333333334 0.6351888667992047 0.007291666666666667 0.027833001988071572
0 0.5505208333333333 0.6332007952286283 0.015625 0.011928429423459244
0 0.6544270833333333 0.6535785288270378 0.015104166666666667 0.032803180914512925
0 0.62109375 0.6500994035785288 0.0171875 0.02186878727634195
0 0.5393229166666667 0.6709741550695825 0.027604166666666666 0.055666003976143144
0 0.5919270833333333 0.6739562624254473 0.013020833333333334 0.03180914512922465
0 0.7140625 0.679920477137177 0.022916666666666665 0.03578528827037773
0 0.6291666666666667 0.6943339960238568 0.015625 0.03479125248508946
0 0.44635416666666666 0.6908548707753479 0.015625 0.013916500994035786
0 0.5770833333333333 0.7037773359840954 0.017708333333333333 0.019880715705765408
0 0.6455729166666667 0.7221669980119284 0.0078125 0.02882703777335984
0 0.5104166666666666 0.7326043737574552 0.035416666666666666 0.04572564612326044
0 0.61328125 0.7370775347912525 0.015104166666666667 0.032803180914512925
0 0.8549479166666667 0.7703777335984096 0.024479166666666666 0.03578528827037773
0 0.7049479166666667 0.8036779324055666 0.0234375 0.030815109343936383
0 0.7497395833333333 0.8091451292246521 0.018229166666666668 0.02385685884691849
0 0.44817708333333334 0.8066600397614314 0.011979166666666667 0.018886679920477135
0 0.6625 0.8121272365805169 0.010416666666666666 0.02385685884691849
0 0.5244791666666667 0.8325049701789264 0.013541666666666667 0.02485089463220676
0 0.70234375 0.838469184890656 0.009895833333333333 0.032803180914512925
0 0.86171875 0.8812127236580517 0.0171875 0.048707753479125246
0 0.721875 0.8916500994035785 0.0125 0.03777335984095427
0 0.5307291666666667 0.9065606361829026 0.008333333333333333 0.02385685884691849