0 0.7752604166666667 0.010437375745526839 0.0067708333333333336 0.020874751491053677
0 0.40859375 0.2355864811133201 0.0109375 0.03180914512922465
0 0.3421875 0.30417495029821073 0.01875 0.05765407554671968
0 0.353125 0.37524850894632206 0.021875 0.05268389662027833
0 0.43828125 0.378727634194831 0.0140625 0.03180914512922465
0 0.023958333333333335 0.4105367793240557 0.015625 0.02385685884691849
0 0.37864583333333335 0.43439363817097415 0.0125 0.027833001988071572
0 0.9036458333333334 0.5959244532803181 0.010416666666666666 0.010934393638170975
0 0.7786458333333334 0.6023856858846919 0.021875 0.017892644135188866
0 0.9591145833333333 0.6232604373757455 0.0067708333333333336 0.03777335984095427
0 0.6171875 0.6555666003976143 0.016666666666666666 0.02882703777335984
0 0.5783854166666667 0.6754473161033797 0.0140625 0.014910536779324055
0 0.7963541666666667 0.6848906560636183 0.007291666666666667 0.02385685884691849
0 0.3927083333333333 0.6953280318091452 0.011458333333333333 0.036779324055666
0 0.8065104166666667 0.7102385685884692 0.018229166666666668 0.03876739562624255
0 0.29192708333333334 0.7350894632206759 0.019270833333333334 0.03876739562624255
0 0.3614583333333333 0.8066600397614314 0.021875 0.03479125248508946
0 0.39505208333333336 0.8394632206759444 0.015104166666666667 0.0268389662027833
0 0.57109375 0.8757455268389662 0.0067708333333333336 0.015904572564612324
0 0.27447916666666666 0.8996023856858847 0.014583333333333334 0.0437375745526839
0 0.5653645833333333 0.9219681908548708 0.016145833333333335 0.0268389662027833
0 0.3421875 0.9587475149105368 0.014583333333333334 0.042743538767395624
0 0.35989583333333336 0.9587475149105368 0.0125 0.040755467196819085
0 0.20052083333333334 0.9662027833001988 0.019791666666666666 0.0536779324055666
0 0.65859375 0.9771371769383698 0.015104166666666667 0.015904572564612324