0 0.9450520833333333 0.01441351888667992 0.024479166666666666 0.02882703777335984
0 0.80625 0.011928429423459244 0.0125 0.019880715705765408
0 0.6572916666666667 0.05069582504970179 0.022916666666666665 0.05964214711729622
0 0.6770833333333334 0.05666003976143141 0.00625 0.041749502982107355
0 0.85546875 0.05715705765407555 0.015104166666666667 0.032803180914512925
0 0.9377604166666667 0.04821073558648111 0.011979166666666667 0.012922465208747515
0 0.7794270833333333 0.08200795228628231 0.0171875 0.016898608349900597
0 0.6143229166666667 0.10984095427435388 0.0078125 0.040755467196819085
0 0.37916666666666665 0.10785288270377734 0.019791666666666666 0.0268389662027833
0 0.7497395833333333 0.11878727634194831 0.0171875 0.0268389662027833
0 0.6752604166666667 0.12922465208747516 0.019270833333333334 0.027833001988071572
0 0.58671875 0.1456262425447316 0.015104166666666667 0.016898608349900597
0 0.4903645833333333 0.15208747514910537 0.015104166666666667 0.02584493041749503
0 0.75859375 0.1625248508946322 0.0171875 0.02882703777335984
0 0.4283854166666667 0.19731610337972166 0.03177083333333333 0.05268389662027833
0 0.5338541666666666 0.1878727634194831 0.010416666666666666 0.011928429423459244
0 0.18463541666666666 0.20427435387673956 0.028645833333333332 0.036779324055666
0 0.5684895833333333 0.2077534791252485 0.024479166666666666 0.015904572564612324
0 0.5479166666666667 0.22465208747514911 0.010416666666666666 0.02186878727634195
0 0.5317708333333333 0.2415506958250497 0.027083333333333334 0.03578528827037773
0 0.58671875 0.25198807157057657 0.0171875 0.016898608349900597
0 0.4901041666666667 0.2967196819085487 0.010416666666666666 0.014910536779324055
0 0.5447916666666667 0.3066600397614314 0.021875 0.02485089463220676
0 0.48072916666666665 0.31858846918489064 0.005208333333333333 0.014910536779324055
0 0.6028645833333334 0.3648111332007952 0.015104166666666667 0.03777335984095427
0 0.44244791666666666 0.3648111332007952 0.011979166666666667 0.015904572564612324
0 0.546875 0.3757455268389662 0.00625 0.027833001988071572
0 0.4036458333333333 0.39065606361829025 0.021875 0.02982107355864811
0 0.4661458333333333 0.3981113320079523 0.008333333333333333 0.032803180914512925
0 0.4231770833333333 0.40308151093439365 0.011979166666666667 0.0268389662027833
0 0.5114583333333333 0.4010934393638171 0.008333333333333333 0.014910536779324055
0 0.7276041666666667 0.41600397614314116 0.013541666666666667 0.02286282306163022
0 0.6208333333333333 0.42445328031809143 0.009375 0.013916500994035786
0 0.6794270833333333 0.4269383697813121 0.016145833333333335 0.018886679920477135
0 0.39375 0.43588469184890655 0.007291666666666667 0.02286282306163022
0 0.6109375 0.46819085487077533 0.009375 0.03578528827037773
0 0.97109375 0.4686878727634195 0.015104166666666667 0.032803180914512925
0 0.5213541666666667 0.4746520874751491 0.013541666666666667 0.02485089463220676
0 0.4114583333333333 0.4900596421471173 0.009375 0.039761431411530816
0 0.5390625 0.49652087475149104 0.0125 0.04671968190854871
0 0.8916666666666667 0.48906560636182905 0.011458333333333333 0.027833001988071572
0 0.6411458333333333 0.4915506958250497 0.00625 0.016898608349900597
0 0.3893229166666667 0.5079522862823062 0.005729166666666666 0.03180914512922465
0 0.4705729166666667 0.5059642147117296 0.016145833333333335 0.027833001988071572
0 0.6065104166666667 0.5064612326043738 0.009895833333333333 0.02882703777335984
0 0.7375 0.5134194831013916 0.009375 0.042743538767395624
0 0.0375 0.507455268389662 0.021875 0.018886679920477135
0 0.58046875 0.5119284294234593 0.011979166666666667 0.019880715705765408
0 0.43072916666666666 0.5233598409542743 0.005208333333333333 0.032803180914512925
0 0.38567708333333334 0.5576540755467196 0.0078125 0.027833001988071572
0 0.50625 0.5755467196819085 0.005208333333333333 0.02186878727634195
0 0.5799479166666667 0.5949304174950298 0.0296875 0.05268389662027833
0 0.6083333333333333 0.588469184890656 0.008333333333333333 0.02385685884691849
0 0.5440104166666667 0.6058648111332008 0.015104166666666667 0.0268389662027833
0 0.8341145833333333 0.6078528827037774 0.025520833333333333 0.032803180914512925
0 0.5317708333333333 0.6416500994035785 0.027083333333333334 0.09642147117296222
0 0.7286458333333333 0.6088469184890656 0.0125 0.0268389662027833
0 0.34401041666666665 0.6341948310139165 0.015104166666666667 0.039761431411530816
0 0.465625 0.6555666003976143 0.017708333333333333 0.02882703777335984
0 0.7828125 0.6565606361829026 0.008333333333333333 0.014910536779324055
0 0.29583333333333334 0.6809145129224652 0.013541666666666667 0.041749502982107355
0 0.36484375 0.6918489065606361 0.0067708333333333336 0.039761431411530816
0 0.5778645833333333 0.6958250497017893 0.0078125 0.02385685884691849
0 0.4432291666666667 0.7102385685884692 0.01875 0.030815109343936383
0 0.6658854166666667 0.7152087475149106 0.0067708333333333336 0.02286282306163022
0 0.5158854166666667 0.7251491053677932 0.0171875 0.030815109343936383
0 0.53046875 0.7266401590457257 0.0067708333333333336 0.017892644135188866
0 0.5247395833333334 0.75 0.005729166666666666 0.030815109343936383
0 0.16276041666666666 0.7649105367793241 0.019270833333333334 0.014910536779324055
0 0.31744791666666666 0.7733598409542743 0.0109375 0.03180914512922465
0 0.4869791666666667 0.7833001988071571 0.01875 0.02385685884691849
0 0.33307291666666666 0.7927435387673957 0.018229166666666668 0.02882703777335984
0 0.35520833333333335 0.8076540755467196 0.013541666666666667 0.02485089463220676
0 0.4979166666666667 0.8091451292246521 0.00625 0.019880715705765408
0 0.4705729166666667 0.820079522862823 0.005729166666666666 0.027833001988071572
0 0.35911458333333335 0.834493041749503 0.0078125 0.03479125248508946
0 0.43125 0.8593439363817097 0.009375 0.030815109343936383
0 0.9153645833333334 0.8553677932405567 0.019270833333333334 0.020874751491053677
0 0.37526041666666665 0.8653081510934394 0.0067708333333333336 0.03479125248508946
0 0.4158854166666667 0.8762425447316103 0.0078125 0.04671968190854871
0 0.33567708333333335 0.8727634194831014 0.0171875 0.02982107355864811
0 0.45208333333333334 0.8976143141153081 0.007291666666666667 0.041749502982107355
0 0.23020833333333332 0.9070576540755467 0.015625 0.032803180914512925
0 0.4557291666666667 0.9562624254473161 0.017708333333333333 0.03777335984095427
0 0.32734375 0.9706759443339961 0.0067708333333333336 0.032803180914512925
0 0.27760416666666665 0.9870775347912525 0.014583333333333334 0.02385685884691849