0 0.062239583333333334 0.009940357852882704 0.034895833333333334 0.019880715705765408
0 0.5638020833333334 0.010934393638170975 0.028645833333333332 0.02186878727634195
0 0.9786458333333333 0.0004970178926441351 0.041666666666666664 0.0009940357852882703
0 0.60703125 0.01341948310139165 0.009895833333333333 0.020874751491053677
0 0.007552083333333333 0.02286282306163022 0.008854166666666666 0.027833001988071572
0 0.31666666666666665 0.045228628230616304 0.013541666666666667 0.018886679920477135
0 0.4158854166666667 0.05268389662027833 0.021354166666666667 0.03180914512922465
0 0.3606770833333333 0.07654075546719682 0.008854166666666666 0.03180914512922465
0 0.8713541666666667 0.08648111332007952 0.009375 0.033797216699801194
0 0.3190104166666667 0.08499005964214712 0.008854166666666666 0.0268389662027833
0 0.196875 0.09095427435387674 0.025 0.02882703777335984
0 0.37578125 0.10039761431411531 0.011979166666666667 0.0437375745526839
0 0.14505208333333333 0.09940357852882704 0.0109375 0.03578528827037773
0 0.23854166666666668 0.09493041749502983 0.016666666666666666 0.016898608349900597
0 0.990625 0.110337972166998 0.017708333333333333 0.04771371769383698
0 0.009635416666666667 0.1058648111332008 0.019270833333333334 0.02485089463220676
0 0.06354166666666666 0.10934393638170974 0.019791666666666666 0.02982107355864811
0 0.29401041666666666 0.1172962226640159 0.009895833333333333 0.03578528827037773
0 0.25052083333333336 0.12972166998011928 0.008333333333333333 0.02882703777335984
0 0.19635416666666666 0.1327037773359841 0.015625 0.018886679920477135
0 0.7052083333333333 0.13717693836978131 0.014583333333333334 0.019880715705765408
0 0.7591145833333334 0.14065606361829025 0.0140625 0.0268389662027833
0 0.4315104166666667 0.14910536779324055 0.016145833333333335 0.033797216699801194
0 0.37213541666666666 0.15109343936381708 0.0203125 0.02584493041749503
0 0.04479166666666667 0.18141153081510936 0.01875 0.030815109343936383
0 0.3299479166666667 0.18290258449304175 0.0067708333333333336 0.02982107355864811
0 0.22421875 0.18290258449304175 0.018229166666666668 0.02584493041749503
0 0.28229166666666666 0.1893638170974155 0.009375 0.03479125248508946
0 0.453125 0.18836978131212723 0.019791666666666666 0.018886679920477135
0 0.5190104166666667 0.1893638170974155 0.011979166666666667 0.012922465208747515
0 0.15052083333333333 0.1988071570576541 0.010416666666666666 0.017892644135188866
0 0.6145833333333334 0.21371769383697814 0.016666666666666666 0.013916500994035786
0 0.0859375 0.2216699801192843 0.014583333333333334 0.02385685884691849
0 0.3299479166666667 0.23210735586481113 0.013020833333333334 0.02485089463220676
0 0.45729166666666665 0.24403578528827038 0.009375 0.032803180914512925
0 0.09114583333333333 0.25198807157057657 0.014583333333333334 0.03479125248508946
0 0.17526041666666667 0.27137176938369784 0.024479166666666666 0.03578528827037773
0 0.80859375 0.27037773359840955 0.015104166666666667 0.017892644135188866
0 0.3734375 0.2897614314115308 0.020833333333333332 0.020874751491053677
0 0.84921875 0.2912524850894632 0.018229166666666668 0.02186878727634195
0 0.11640625 0.29721669980119286 0.0067708333333333336 0.017892644135188866
0 0.34296875 0.3076540755467197 0.0171875 0.040755467196819085
0 0.41015625 0.30019880715705766 0.009895833333333333 0.02385685884691849
0 0.3828125 0.31858846918489064 0.013541666666666667 0.040755467196819085
0 0.43385416666666665 0.3195825049701789 0.025 0.020874751491053677
0 0.8895833333333333 0.3265407554671968 0.019791666666666666 0.02882703777335984
0 0.39895833333333336 0.34592445328031807 0.019791666666666666 0.0536779324055666
0 0.15833333333333333 0.341948310139165 0.021875 0.02982107355864811
0 0.8630208333333333 0.3499005964214712 0.011458333333333333 0.033797216699801194
0 0.09453125 0.3474155069582505 0.011979166666666667 0.02286282306163022
0 0.18671875 0.34940357852882703 0.0203125 0.02882703777335984
0 0.3171875 0.3489065606361829 0.017708333333333333 0.027833001988071572
0 0.2596354166666667 0.3523856858846918 0.013020833333333334 0.02485089463220676
0 0.425 0.36381709741550694 0.0125 0.02584493041749503
0 0.3619791666666667 0.37475149105367794 0.016666666666666666 0.0437375745526839
0 0.8895833333333333 0.3697813121272366 0.014583333333333334 0.02584493041749503
0 0.30234375 0.3757455268389662 0.028645833333333332 0.019880715705765408
0 0.65 0.3782306163021869 0.009375 0.0268389662027833
0 0.41380208333333335 0.3772365805168986 0.0067708333333333336 0.020874751491053677
0 0.590625 0.3832007952286282 0.0125 0.02882703777335984
0 0.11432291666666666 0.37673956262425445 0.009895833333333333 0.011928429423459244
0 0.04192708333333333 0.38469184890656066 0.019270833333333334 0.02385685884691849
0 0.5328125 0.3841948310139165 0.00625 0.012922465208747515
0 0.4505208333333333 0.39314115308151093 0.027083333333333334 0.016898608349900597
0 0.5223958333333333 0.40208747514910537 0.013541666666666667 0.02286282306163022
0 0.14479166666666668 0.41302186878727637 0.014583333333333334 0.020874751491053677
0 0.47708333333333336 0.4224652087475149 0.020833333333333332 0.03180914512922465
0 0.7044270833333334 0.4224652087475149 0.015104166666666667 0.019880715705765408
0 0.3859375 0.42992047713717696 0.00625 0.016898608349900597
0 0.025260416666666667 0.4403578528827038 0.015104166666666667 0.03180914512922465
0 0.6640625 0.43489065606361826 0.008333333333333333 0.020874751491053677
0 0.4942708333333333 0.44831013916500995 0.00625 0.03578528827037773
0 0.5221354166666666 0.4532803180914513 0.019270833333333334 0.033797216699801194
0 0.4828125 0.452286282306163 0.00625 0.027833001988071572
0 0.44114583333333335 0.45825049701789267 0.027083333333333334 0.03578528827037773
0 0.7408854166666666 0.44781312127236583 0.018229166666666668 0.010934393638170975
0 0.40911458333333334 0.4711729622266402 0.0140625 0.04970178926441352
0 0.016666666666666666 0.4870775347912525 0.01875 0.03578528827037773
0 0.296875 0.4900596421471173 0.011458333333333333 0.039761431411530816
0 0.31171875 0.48956262425447317 0.0078125 0.03876739562624255
0 0.5526041666666667 0.4821073558648111 0.019791666666666666 0.017892644135188866
0 0.33229166666666665 0.49204771371769385 0.010416666666666666 0.033797216699801194
0 0.13984375 0.4885685884691849 0.0067708333333333336 0.02485089463220676
0 0.2713541666666667 0.4995029821073559 0.01875 0.03479125248508946
0 0.6453125 0.5 0.020833333333333332 0.02385685884691849
0 0.030729166666666665 0.5168986083499006 0.036458333333333336 0.0437375745526839
0 0.5770833333333333 0.5069582504970179 0.015625 0.015904572564612324
0 0.68828125 0.5208747514910537 0.0078125 0.02584493041749503
0 0.6700520833333333 0.5168986083499006 0.016145833333333335 0.013916500994035786
0 0.8893229166666666 0.5372763419483101 0.011979166666666667 0.03479125248508946
0 0.2752604166666667 0.5342942345924453 0.019270833333333334 0.020874751491053677
0 0.4244791666666667 0.5362823061630219 0.0125 0.02286282306163022
0 0.46953125 0.5392644135188867 0.0171875 0.02286282306163022
0 0.6528645833333333 0.5382703777335984 0.008854166666666666 0.012922465208747515
0 0.2359375 0.5487077534791253 0.0125 0.02982107355864811
0 0.21744791666666666 0.5576540755467196 0.0078125 0.033797216699801194
0 0.7184895833333333 0.5467196819085487 0.015104166666666667 0.013916500994035786
0 0.04609375 0.5670974155069582 0.022395833333333334 0.04671968190854871
0 0.24557291666666667 0.5695825049701789 0.008854166666666666 0.027833001988071572
0 0.265625 0.577037773359841 0.022916666666666665 0.0268389662027833
0 0.62890625 0.5785288270377733 0.0109375 0.02186878727634195
0 0.5385416666666667 0.5795228628230616 0.005208333333333333 0.019880715705765408
0 0.52109375 0.5815109343936382 0.0078125 0.019880715705765408
0 0.42291666666666666 0.5849900596421471 0.005208333333333333 0.02286282306163022
0 0.22447916666666667 0.5889662027833003 0.014583333333333334 0.02485089463220676
0 0.46875 0.6093439363817097 0.016666666666666666 0.05964214711729622
0 0.35625 0.5899602385685885 0.005208333333333333 0.016898608349900597
0 0.5122395833333333 0.5964214711729622 0.0109375 0.027833001988071572
0 0.4484375 0.5969184890656064 0.00625 0.018886679920477135
0 0.49192708333333335 0.6093439363817097 0.011979166666666667 0.039761431411530816
0 0.6427083333333333 0.6023856858846919 0.014583333333333334 0.02385685884691849
0 0.38359375 0.6008946322067594 0.008854166666666666 0.016898608349900597
0 0.31197916666666664 0.6058648111332008 0.009375 0.018886679920477135
0 0.296875 0.6187872763419483 0.014583333333333334 0.020874751491053677
0 0.4440104166666667 0.6207753479125249 0.008854166666666666 0.02286282306163022
0 0.76328125 0.6292246520874751 0.0203125 0.019880715705765408
0 0.34010416666666665 0.6456262425447317 0.028125 0.04671968190854871
0 0.08385416666666666 0.6371769383697813 0.014583333333333334 0.02385685884691849
0 0.3731770833333333 0.6446322067594433 0.015104166666666667 0.03876739562624255
0 0.044270833333333336 0.643141153081511 0.010416666666666666 0.02186878727634195
0 0.35442708333333334 0.6441351888667992 0.008854166666666666 0.017892644135188866
0 0.134375 0.6520874751491054 0.010416666666666666 0.02982107355864811
0 0.65859375 0.6476143141153081 0.011979166666666667 0.018886679920477135
0 0.40677083333333336 0.6590457256461233 0.0125 0.039761431411530816
0 0.7442708333333333 0.6491053677932406 0.014583333333333334 0.011928429423459244
0 0.8380208333333333 0.6500994035785288 0.01875 0.013916500994035786
0 0.09661458333333334 0.6570576540755467 0.009895833333333333 0.015904572564612324
0 0.7674479166666667 0.6640159045725647 0.024479166666666666 0.02186878727634195
0 0.07890625 0.6739562624254473 0.022395833333333334 0.02982107355864811
0 0.36796875 0.6908548707753479 0.0203125 0.013916500994035786
0 0.7375 0.6943339960238568 0.014583333333333334 0.008946322067594433
0 0.0421875 0.7137176938369781 0.01875 0.0437375745526839
0 0.4401041666666667 0.7052683896620279 0.013541666666666667 0.0268389662027833
0 0.4010416666666667 0.7236580516898609 0.008333333333333333 0.015904572564612324
0 0.5455729166666666 0.7475149105367793 0.009895833333333333 0.03180914512922465
0 0.35651041666666666 0.7495029821073559 0.018229166666666668 0.02982107355864811
0 0.20338541666666668 0.75 0.019270833333333334 0.0268389662027833
0 0.50859375 0.7529821073558648 0.005729166666666666 0.032803180914512925
0 0.04921875 0.7564612326043738 0.015104166666666667 0.02982107355864811
0 0.005208333333333333 0.7594433399602386 0.010416666666666666 0.02584493041749503
0 0.7044270833333334 0.7544731610337972 0.005729166666666666 0.015904572564612324
0 0.56484375 0.7753479125248509 0.009895833333333333 0.02584493041749503
0 0.09583333333333334 0.786779324055666 0.017708333333333333 0.014910536779324055
0 0.21510416666666668 0.820079522862823 0.03958333333333333 0.05765407554671968
0 0.93359375 0.8280318091451292 0.019270833333333334 0.015904572564612324
0 0.7669270833333334 0.8687872763419483 0.009895833333333333 0.033797216699801194
0 0.659375 0.8782306163021869 0.014583333333333334 0.036779324055666
0 0.2513020833333333 0.8737574552683897 0.0234375 0.017892644135188866
0 0.70078125 0.885685884691849 0.0171875 0.02982107355864811
0 0.22838541666666667 0.8881709741550696 0.016145833333333335 0.018886679920477135
0 0.30520833333333336 0.9015904572564613 0.014583333333333334 0.027833001988071572
0 0.5958333333333333 0.9120278330019881 0.019791666666666666 0.042743538767395624
0 0.2565104166666667 0.922962226640159 0.0067708333333333336 0.03479125248508946
0 0.5375 0.9130218687872763 0.017708333333333333 0.014910536779324055
0 0.3575520833333333 0.9343936381709742 0.025520833333333333 0.0536779324055666
0 0.29322916666666665 0.9343936381709742 0.010416666666666666 0.02584493041749503
0 0.3203125 0.9418489065606361 0.011458333333333333 0.03479125248508946
0 0.23359375 0.9512922465208747 0.011979166666666667 0.027833001988071572
0 0.9869791666666666 0.9617296222664016 0.025 0.04671968190854871
0 0.4515625 0.9592445328031809 0.013541666666666667 0.03180914512922465
0 0.3888020833333333 0.9676938369781312 0.013020833333333334 0.03479125248508946
0 0.15026041666666667 0.9786282306163022 0.025520833333333333 0.03479125248508946
0 0.49505208333333334 0.9821073558648111 0.016145833333333335 0.02186878727634195
0 0.8268229166666666 0.9870775347912525 0.0171875 0.02385685884691849
0 0.6356770833333333 0.9900596421471173 0.0171875 0.017892644135188866
0 0.5828125 0.992544731610338 0.019791666666666666 0.012922465208747515
0 0.16223958333333333 0.9945328031809145 0.0067708333333333336 0.008946322067594433