0 0.0036458333333333334 0.023359840954274354 0.007291666666666667 0.032803180914512925
0 0.1453125 0.029324055666003976 0.021875 0.020874751491053677
0 0.04765625 0.03777335984095427 0.021354166666666667 0.02186878727634195
0 0.14791666666666667 0.08598409542743539 0.016666666666666666 0.016898608349900597
0 0.0046875 0.10188866799204771 0.009375 0.0268389662027833
0 0.04635416666666667 0.11829025844930417 0.016666666666666666 0.03777335984095427
0 0.11510416666666666 0.20129224652087474 0.009375 0.030815109343936383
0 0.37838541666666664 0.2286282306163022 0.009895833333333333 0.017892644135188866
0 0.215625 0.25497017892644136 0.021875 0.02286282306163022
0 0.34713541666666664 0.3275347912524851 0.013020833333333334 0.02882703777335984
0 0.13255208333333332 0.3832007952286282 0.018229166666666668 0.02286282306163022
0 0.10182291666666667 0.5790258449304175 0.015104166666666667 0.03876739562624255
0 0.17213541666666668 0.6843936381709742 0.025520833333333333 0.02882703777335984
0 0.2328125 0.9662027833001988 0.023958333333333335 0.033797216699801194