0 0.23098958333333333 0.009940357852882704 0.018229166666666668 0.019880715705765408
0 0.11588541666666667 0.01143141153081511 0.024479166666666666 0.02286282306163022
0 0.0171875 0.0004970178926441351 0.03333333333333333 0.0009940357852882703
0 0.06197916666666667 0.03180914512922465 0.0125 0.013916500994035786
0 0.8372395833333334 0.06809145129224652 0.018229166666666668 0.032803180914512925
0 0.00625 0.07852882703777336 0.011458333333333333 0.019880715705765408
0 0.7463541666666667 0.09343936381709742 0.010416666666666666 0.013916500994035786
0 0.4861979166666667 0.1058648111332008 0.008854166666666666 0.016898608349900597
0 0.4127604166666667 0.1441351888667992 0.0046875 0.015904572564612324
0 0.04791666666666667 0.1824055666003976 0.008333333333333333 0.02485089463220676
0 0.21692708333333333 0.18687872763419483 0.0067708333333333336 0.02385685884691849
0 0.09557291666666666 0.22216699801192843 0.011979166666666667 0.014910536779324055
0 0.12604166666666666 0.22962226640159045 0.009375 0.015904572564612324
0 0.39921875 0.2644135188866799 0.0078125 0.02584493041749503
0 0.6484375 0.2813121272365805 0.008333333333333333 0.019880715705765408
0 0.09791666666666667 0.28926441351888665 0.011458333333333333 0.02584493041749503
0 0.9041666666666667 0.3349900596421471 0.013541666666666667 0.02982107355864811
0 0.10729166666666666 0.3538767395626243 0.021875 0.041749502982107355
0 0.014583333333333334 0.3841948310139165 0.028125 0.05268389662027833
0 0.3411458333333333 0.3797216699801193 0.009375 0.019880715705765408
0 0.5098958333333333 0.4070576540755467 0.014583333333333334 0.05069582504970179
0 0.3453125 0.4110337972166998 0.007291666666666667 0.02286282306163022
0 0.0046875 0.42992047713717696 0.008333333333333333 0.032803180914512925
0 0.19401041666666666 0.4438369781312127 0.0078125 0.018886679920477135
0 0.2794270833333333 0.46669980119284293 0.018229166666666668 0.030815109343936383
0 0.3453125 0.4761431411530815 0.0125 0.02186878727634195
0 0.51015625 0.47564612326043737 0.009895833333333333 0.018886679920477135
0 0.042708333333333334 0.47713717693836977 0.010416666666666666 0.019880715705765408
0 0.21640625 0.47813121272365805 0.016145833333333335 0.017892644135188866
0 0.07916666666666666 0.5417495029821073 0.007291666666666667 0.02186878727634195
0 0.05520833333333333 0.5427435387673957 0.023958333333333335 0.02584493041749503
0 0.09973958333333334 0.544234592445328 0.0067708333333333336 0.02286282306163022
0 0.4708333333333333 0.5994035785288271 0.010416666666666666 0.02186878727634195
0 0.006510416666666667 0.6038767395626242 0.011979166666666667 0.030815109343936383
0 0.30078125 0.6033797216699801 0.0078125 0.02186878727634195
0 0.2864583333333333 0.602882703777336 0.014583333333333334 0.014910536779324055
0 0.06875 0.635685884691849 0.021875 0.02286282306163022
0 0.23984375 0.6530815109343936 0.024479166666666666 0.019880715705765408
0 0.38984375 0.6620278330019881 0.008854166666666666 0.02584493041749503
0 0.20807291666666666 0.6535785288270378 0.013020833333333334 0.008946322067594433
0 0.028125 0.6699801192842942 0.016666666666666666 0.02186878727634195
0 0.24765625 0.6918489065606361 0.0140625 0.013916500994035786
0 0.3533854166666667 0.6933399602385686 0.015104166666666667 0.008946322067594433
0 0.37395833333333334 0.7082504970178927 0.00625 0.02485089463220676
0 0.2760416666666667 0.7112326043737575 0.010416666666666666 0.02485089463220676
0 0.36223958333333334 0.7162027833001988 0.0046875 0.0268389662027833
0 0.4236979166666667 0.7206759443339961 0.013020833333333334 0.015904572564612324
0 0.23098958333333333 0.724155069582505 0.009895833333333333 0.016898608349900597
0 0.32005208333333335 0.7301192842942346 0.016145833333333335 0.016898608349900597
0 0.24869791666666666 0.7435387673956262 0.018229166666666668 0.033797216699801194
0 0.21354166666666666 0.7490059642147118 0.008333333333333333 0.032803180914512925
0 0.4479166666666667 0.7485089463220675 0.011458333333333333 0.02385685884691849
0 0.3059895833333333 0.7524850894632207 0.0109375 0.017892644135188866
0 0.1328125 0.768389662027833 0.025 0.03777335984095427
0 0.9184895833333333 0.7877733598409543 0.0078125 0.02882703777335984
0 0.19583333333333333 0.7877733598409543 0.008333333333333333 0.02485089463220676
0 0.27760416666666665 0.7922465208747514 0.0125 0.015904572564612324
0 0.2359375 0.7997017892644135 0.008333333333333333 0.02485089463220676
0 0.5533854166666666 0.8001988071570576 0.009895833333333333 0.017892644135188866
0 0.062239583333333334 0.8106361829025845 0.011979166666666667 0.016898608349900597
0 0.28958333333333336 0.8175944333996024 0.017708333333333333 0.014910536779324055
0 0.4471354166666667 0.8280318091451292 0.0109375 0.02982107355864811
0 0.36822916666666666 0.8320079522862823 0.019791666666666666 0.03578528827037773
0 0.19661458333333334 0.834493041749503 0.009895833333333333 0.0268389662027833
0 0.7869791666666667 0.8439363817097415 0.0125 0.03777335984095427
0 0.3888020833333333 0.8513916500994035 0.0078125 0.03479125248508946
0 0.421875 0.8523856858846919 0.005208333333333333 0.032803180914512925
0 0.23567708333333334 0.8479125248508946 0.011979166666666667 0.02186878727634195
0 0.22213541666666667 0.8518886679920478 0.0109375 0.02385685884691849
0 0.34479166666666666 0.8583499005964215 0.005208333333333333 0.0268389662027833
0 0.46953125 0.871272365805169 0.0036458333333333334 0.0268389662027833
0 0.403125 0.8742544731610338 0.005208333333333333 0.02485089463220676
0 0.21588541666666666 0.8782306163021869 0.005729166666666666 0.030815109343936383
0 0.9330729166666667 0.8762425447316103 0.013020833333333334 0.018886679920477135
0 0.7338541666666667 0.8841948310139165 0.021875 0.016898608349900597
0 0.42239583333333336 0.8822067594433399 0.013541666666666667 0.012922465208747515
0 0.64453125 0.9000994035785288 0.005729166666666666 0.02882703777335984
0 0.33151041666666664 0.8936381709741551 0.0067708333333333336 0.013916500994035786
0 0.11432291666666666 0.9025844930417495 0.018229166666666668 0.033797216699801194
0 0.3059895833333333 0.8981113320079522 0.0109375 0.012922465208747515
0 0.046875 0.9090457256461233 0.020833333333333332 0.03479125248508946
0 0.33151041666666664 0.922962226640159 0.015104166666666667 0.02485089463220676
0 0.075 0.9274353876739563 0.015625 0.02385685884691849
0 0.3065104166666667 0.9363817097415507 0.0171875 0.02982107355864811
0 0.2864583333333333 0.937375745526839 0.017708333333333333 0.02186878727634195
0 0.23489583333333333 0.9398608349900597 0.005208333333333333 0.02882703777335984
0 0.45598958333333334 0.9358846918489065 0.008854166666666666 0.014910536779324055
0 0.013020833333333334 0.9428429423459245 0.008333333333333333 0.030815109343936383
0 0.3098958333333333 0.94831013916501 0.011458333333333333 0.017892644135188866
0 0.2596354166666667 0.9488071570576541 0.0171875 0.016898608349900597
0 0.09036458333333333 0.9582504970178927 0.018229166666666668 0.02385685884691849
0 0.321875 0.9587475149105368 0.00625 0.018886679920477135
0 0.7484375 0.9582504970178927 0.013541666666666667 0.009940357852882704
0 0.18385416666666668 0.9791252485089463 0.014583333333333334 0.039761431411530816
0 0.5609375 0.974155069582505 0.014583333333333334 0.019880715705765408
0 0.35963541666666665 0.9831013916500994 0.013020833333333334 0.03180914512922465
0 0.39401041666666664 0.9895626242544732 0.0046875 0.018886679920477135
0 0.5401041666666667 0.9905566600397614 0.010416666666666666 0.016898608349900597
0 0.43046875 0.9910536779324056 0.0140625 0.015904572564612324