0 0.09739583333333333 0.011928429423459244 0.011458333333333333 0.013916500994035786
0 0.06302083333333333 0.019880715705765408 0.008333333333333333 0.02982107355864811
0 0.008333333333333333 0.02186878727634195 0.015625 0.033797216699801194
0 0.9807291666666667 0.018389662027833 0.008333333333333333 0.020874751491053677
0 0.078125 0.02385685884691849 0.019791666666666666 0.027833001988071572
0 0.10208333333333333 0.03777335984095427 0.013541666666666667 0.02982107355864811
0 0.99765625 0.05417495029821073 0.0046875 0.040755467196819085
0 0.06875 0.04771371769383698 0.017708333333333333 0.02385685884691849
0 0.009114583333333334 0.073558648111332 0.0171875 0.07554671968190854
0 0.11015625 0.061630218687872766 0.009895833333333333 0.015904572564612324
0 0.065625 0.07952286282306163 0.013541666666666667 0.033797216699801194
0 0.37786458333333334 0.08349900596421471 0.008854166666666666 0.017892644135188866
0 0.096875 0.091948310139165 0.007291666666666667 0.0268389662027833
0 0.03177083333333333 0.11332007952286283 0.03125 0.04970178926441352
0 0.07708333333333334 0.12276341948310139 0.011458333333333333 0.03479125248508946
0 0.0049479166666666664 0.12176938369781312 0.008854166666666666 0.02485089463220676
0 0.06484375 0.14065606361829025 0.011979166666666667 0.014910536779324055
0 0.013541666666666667 0.1679920477137177 0.026041666666666668 0.07157057654075547
0 0.04114583333333333 0.15656063618290258 0.016666666666666666 0.02485089463220676
0 0.9213541666666667 0.15705765407554673 0.010416666666666666 0.015904572564612324
0 0.9989583333333333 0.18588469184890655 0.0020833333333333333 0.06560636182902585
0 0.0546875 0.17246520874751492 0.008333333333333333 0.03479125248508946
0 0.034895833333333334 0.18886679920477137 0.025 0.03180914512922465
0 0.005208333333333333 0.24254473161033796 0.009375 0.04970178926441352
0 0.028645833333333332 0.27286282306163023 0.020833333333333332 0.02286282306163022
0 0.0020833333333333333 0.9408548707753479 0.003125 0.07455268389662027