0 0.7622395833333333 0.0352882703777336 0.0203125 0.018886679920477135
0 0.8966145833333333 0.06858846918489066 0.019270833333333334 0.03180914512922465
0 0.9385416666666667 0.09145129224652088 0.008333333333333333 0.02584493041749503
0 0.8596354166666667 0.1456262425447316 0.008854166666666666 0.016898608349900597
0 0.7080729166666667 0.15805168986083498 0.009895833333333333 0.017892644135188866
0 0.7588541666666667 0.16202783300198806 0.010416666666666666 0.019880715705765408
0 0.20078125 0.25 0.025520833333333333 0.03876739562624255
0 0.5690104166666666 0.28479125248508946 0.009895833333333333 0.02286282306163022
0 0.715625 0.2912524850894632 0.00625 0.019880715705765408
0 0.8606770833333334 0.29970178926441354 0.0109375 0.014910536779324055
0 0.7684895833333333 0.31560636182902585 0.011979166666666667 0.010934393638170975
0 0.0984375 0.3379721669980119 0.014583333333333334 0.03180914512922465
0 0.6010416666666667 0.3305168986083499 0.015625 0.010934393638170975
0 0.6526041666666667 0.3374751491053678 0.005208333333333333 0.02286282306163022
0 0.95390625 0.3414512922465209 0.008854166666666666 0.020874751491053677
0 0.71015625 0.34393638170974156 0.0078125 0.019880715705765408
0 0.6713541666666667 0.35685884691848907 0.004166666666666667 0.027833001988071572
0 0.9713541666666666 0.3553677932405567 0.010416666666666666 0.020874751491053677
0 0.24557291666666667 0.3836978131212724 0.021354166666666667 0.03578528827037773
0 0.63359375 0.4194831013916501 0.0046875 0.027833001988071572
0 0.9388020833333334 0.4254473161033797 0.0140625 0.02186878727634195
0 0.9723958333333333 0.44731610337972166 0.013541666666666667 0.02385685884691849
0 0.16145833333333334 0.46570576540755465 0.013541666666666667 0.012922465208747515
0 0.87421875 0.49801192842942343 0.016145833333333335 0.015904572564612324
0 0.8888020833333333 0.4995029821073559 0.005729166666666666 0.014910536779324055
0 0.9669270833333333 0.4990059642147117 0.0109375 0.011928429423459244
0 0.9354166666666667 0.5337972166998012 0.011458333333333333 0.011928429423459244
0 0.7463541666666667 0.5606361829025845 0.014583333333333334 0.02186878727634195
0 0.46848958333333335 0.5611332007952287 0.009895833333333333 0.010934393638170975
0 0.8588541666666667 0.5730616302186878 0.008333333333333333 0.0268389662027833
0 0.8458333333333333 0.5805168986083499 0.0125 0.019880715705765408
0 0.8013020833333333 0.5834990059642147 0.013020833333333334 0.02186878727634195
0 0.584375 0.595427435387674 0.023958333333333335 0.027833001988071572
0 0.5619791666666667 0.5984095427435387 0.020833333333333332 0.013916500994035786
0 0.58359375 0.6177932405566601 0.008854166666666666 0.012922465208747515
0 0.10182291666666667 0.6351888667992047 0.013020833333333334 0.015904572564612324
0 0.13046875 0.7012922465208747 0.015104166666666667 0.02286282306163022
0 0.728125 0.7077534791252486 0.007291666666666667 0.015904572564612324
0 0.9802083333333333 0.7201789264413518 0.011458333333333333 0.0268389662027833
0 0.71796875 0.7176938369781312 0.009895833333333333 0.011928429423459244
0 0.6375 0.7340954274353877 0.007291666666666667 0.02485089463220676
0 0.8825520833333333 0.7395626242544732 0.015104166666666667 0.02186878727634195
0 0.7247395833333333 0.7495029821073559 0.033854166666666664 0.033797216699801194
0 0.6541666666666667 0.7768389662027833 0.015625 0.032803180914512925
0 0.71875 0.8006958250497018 0.023958333333333335 0.02485089463220676
0 0.028385416666666666 0.8190854870775348 0.011979166666666667 0.02385685884691849
0 0.64609375 0.8151093439363817 0.009895833333333333 0.015904572564612324
0 0.6192708333333333 0.8175944333996024 0.009375 0.014910536779324055
0 0.6359375 0.8175944333996024 0.007291666666666667 0.012922465208747515
0 0.6635416666666667 0.8230616302186878 0.015625 0.02186878727634195
0 0.8385416666666666 0.820079522862823 0.016666666666666666 0.011928429423459244
0 0.5359375 0.8414512922465208 0.015625 0.04473161033797217
0 0.7197916666666667 0.8295228628230616 0.015625 0.008946322067594433
0 0.5859375 0.8563618290258449 0.00625 0.030815109343936383
0 0.6505208333333333 0.8494035785288271 0.008333333333333333 0.014910536779324055
0 0.7325520833333333 0.8484095427435387 0.016145833333333335 0.012922465208747515
0 0.7015625 0.8553677932405567 0.021875 0.02286282306163022
0 0.575 0.8682902584493042 0.005208333333333333 0.02485089463220676
0 0.6546875 0.8722664015904572 0.008333333333333333 0.014910536779324055
0 0.7036458333333333 0.8807157057654076 0.008333333333333333 0.02186878727634195
0 0.47239583333333335 0.8777335984095428 0.011458333333333333 0.011928429423459244
0 0.53984375 0.8871769383697813 0.008854166666666666 0.012922465208747515
0 0.5005208333333333 0.9025844930417495 0.020833333333333332 0.03777335984095427
0 0.5111979166666667 0.8921471172962226 0.013020833333333334 0.016898608349900597
0 0.68828125 0.9065606361829026 0.030729166666666665 0.0437375745526839
0 0.5703125 0.9025844930417495 0.009375 0.02584493041749503
0 0.834375 0.9100397614314115 0.0125 0.012922465208747515
0 0.6393229166666666 0.9239562624254473 0.011979166666666667 0.006958250497017893
0 0.3770833333333333 0.9368787276341949 0.016666666666666666 0.030815109343936383
0 0.8489583333333334 0.9309145129224652 0.015625 0.018886679920477135
0 0.6145833333333334 0.9304174950298211 0.019791666666666666 0.013916500994035786
0 0.715625 0.9348906560636183 0.013541666666666667 0.016898608349900597
0 0.6322916666666667 0.9408548707753479 0.009375 0.012922465208747515
0 0.5505208333333333 0.9507952286282306 0.014583333333333334 0.030815109343936383
0 0.5135416666666667 0.9567594433399602 0.00625 0.0268389662027833
0 0.5916666666666667 0.9577534791252486 0.010416666666666666 0.016898608349900597
0 0.8236979166666667 0.9617296222664016 0.0203125 0.012922465208747515
0 0.5424479166666667 0.9870775347912525 0.009895833333333333 0.02385685884691849
0 0.5640625 0.9875745526838966 0.019791666666666666 0.02286282306163022