0 0.23776041666666667 0.021371769383697812 0.008854166666666666 0.042743538767395624
0 0.9708333333333333 0.040755467196819085 0.013541666666666667 0.033797216699801194
0 0.5596354166666667 0.04721669980119284 0.0078125 0.032803180914512925
0 0.62265625 0.045228628230616304 0.0140625 0.010934393638170975
0 0.55078125 0.09244532803180915 0.015104166666666667 0.027833001988071572
0 0.9557291666666666 0.08846918489065607 0.0125 0.019880715705765408
0 0.9283854166666666 0.17892644135188868 0.013020833333333334 0.019880715705765408
0 0.4153645833333333 0.18290258449304175 0.005729166666666666 0.02584493041749503
0 0.8546875 0.18190854870775347 0.015625 0.017892644135188866
0 0.45208333333333334 0.20974155069582506 0.005208333333333333 0.03777335984095427
0 0.83203125 0.2276341948310139 0.0140625 0.02186878727634195
0 0.9825520833333333 0.27137176938369784 0.025520833333333333 0.03777335984095427
0 0.07552083333333333 0.26888667992047716 0.016666666666666666 0.020874751491053677
0 0.6020833333333333 0.27236580516898606 0.00625 0.02385685884691849
0 0.79921875 0.2778330019880716 0.013020833333333334 0.010934393638170975
0 0.9466145833333334 0.2912524850894632 0.005729166666666666 0.019880715705765408
0 0.93828125 0.3275347912524851 0.008854166666666666 0.0268389662027833
0 0.5859375 0.3389662027833002 0.010416666666666666 0.013916500994035786
0 0.07395833333333333 0.35834990059642147 0.017708333333333333 0.02286282306163022
0 0.5807291666666666 0.3538767395626243 0.016666666666666666 0.009940357852882704
0 0.759375 0.371272365805169 0.014583333333333334 0.008946322067594433
0 0.49375 0.38469184890656066 0.008333333333333333 0.02385685884691849
0 0.0609375 0.4194831013916501 0.015625 0.017892644135188866
0 0.49635416666666665 0.4254473161033797 0.011458333333333333 0.009940357852882704
0 0.6721354166666667 0.4507952286282306 0.024479166666666666 0.018886679920477135
0 0.020833333333333332 0.4746520874751491 0.014583333333333334 0.02882703777335984
0 0.39739583333333334 0.4855864811133201 0.016666666666666666 0.032803180914512925
0 0.45234375 0.48111332007952284 0.0046875 0.017892644135188866
0 0.2359375 0.48807157057654077 0.01875 0.02385685884691849
0 0.21979166666666666 0.4985089463220676 0.0125 0.020874751491053677
0 0.6171875 0.5094433399602386 0.008333333333333333 0.02882703777335984
0 0.48854166666666665 0.5233598409542743 0.011458333333333333 0.032803180914512925
0 0.56171875 0.5168986083499006 0.0036458333333333334 0.02186878727634195
0 0.13151041666666666 0.5333001988071571 0.018229166666666668 0.020874751491053677
0 0.5682291666666667 0.5333001988071571 0.00625 0.02286282306163022
0 0.440625 0.5347912524850894 0.005208333333333333 0.019880715705765408
0 0.5169270833333334 0.5323061630218688 0.0109375 0.014910536779324055
0 0.7924479166666667 0.5337972166998012 0.0203125 0.011928429423459244
0 0.0421875 0.544234592445328 0.01875 0.0268389662027833
0 0.5075520833333333 0.5521868787276342 0.0109375 0.0268389662027833
0 0.9861979166666667 0.558648111332008 0.015104166666666667 0.033797216699801194
0 0.4505208333333333 0.5641153081510935 0.011458333333333333 0.02882703777335984
0 0.49270833333333336 0.5561630218687873 0.016666666666666666 0.012922465208747515
0 0.40651041666666665 0.5720675944333996 0.005729166666666666 0.036779324055666
0 0.46927083333333336 0.591948310139165 0.0125 0.040755467196819085
0 0.4109375 0.6098409542743539 0.010416666666666666 0.016898608349900597
0 0.7216145833333333 0.6192842942345924 0.013020833333333334 0.02385685884691849
0 0.94375 0.6307157057654076 0.016666666666666666 0.03876739562624255
0 0.2877604166666667 0.6317097415506958 0.0171875 0.020874751491053677
0 0.5583333333333333 0.6312127236580517 0.0125 0.015904572564612324
0 0.42734375 0.6481113320079522 0.013020833333333334 0.04572564612326044
0 0.45416666666666666 0.6351888667992047 0.027083333333333334 0.017892644135188866
0 0.49557291666666664 0.6317097415506958 0.0109375 0.006958250497017893
0 0.5979166666666667 0.6317097415506958 0.010416666666666666 0.008946322067594433
0 0.48333333333333334 0.6451292246520874 0.00625 0.019880715705765408
0 0.24869791666666666 0.6461232604373758 0.015104166666666667 0.017892644135188866
0 0.5729166666666666 0.654572564612326 0.010416666666666666 0.032803180914512925
0 0.17057291666666666 0.6645129224652088 0.009895833333333333 0.030815109343936383
0 0.38229166666666664 0.6595427435387674 0.013541666666666667 0.008946322067594433
0 0.44609375 0.6829025844930418 0.019270833333333334 0.04970178926441352
0 0.74296875 0.6724652087475149 0.018229166666666668 0.018886679920477135
0 0.7888020833333333 0.6749502982107356 0.011979166666666667 0.02385685884691849
0 0.34036458333333336 0.6764413518886679 0.016145833333333335 0.014910536779324055
0 0.4197916666666667 0.6794234592445328 0.004166666666666667 0.018886679920477135
0 0.46510416666666665 0.6819085487077535 0.008333333333333333 0.02186878727634195
0 0.49453125 0.6973161033797217 0.011979166666666667 0.03479125248508946
0 0.53203125 0.69831013916501 0.03697916666666667 0.03479125248508946
0 0.36875 0.7037773359840954 0.028125 0.03777335984095427
0 0.22447916666666667 0.7077534791252486 0.011458333333333333 0.02584493041749503
0 0.5109375 0.7072564612326043 0.009375 0.016898608349900597
0 0.8651041666666667 0.7196819085487077 0.034375 0.033797216699801194
0 0.9494791666666667 0.7306163021868787 0.014583333333333334 0.04771371769383698
0 0.7151041666666667 0.7246520874751491 0.011458333333333333 0.02982107355864811
0 0.013020833333333334 0.7266401590457257 0.008333333333333333 0.02186878727634195
0 0.35989583333333336 0.7246520874751491 0.010416666666666666 0.015904572564612324
0 0.4125 0.7470178926441352 0.008333333333333333 0.030815109343936383
0 0.5549479166666667 0.739065606361829 0.009895833333333333 0.008946322067594433
0 0.6885416666666667 0.7445328031809145 0.010416666666666666 0.019880715705765408
0 0.26927083333333335 0.7490059642147118 0.010416666666666666 0.02485089463220676
0 0.23359375 0.7559642147117296 0.0109375 0.030815109343936383
0 0.38515625 0.7509940357852882 0.0109375 0.016898608349900597
0 0.9190104166666667 0.7519880715705766 0.013020833333333334 0.018886679920477135
0 0.35963541666666665 0.7624254473161034 0.005729166666666666 0.015904572564612324
0 0.19947916666666668 0.7922465208747514 0.0125 0.027833001988071572
0 0.45989583333333334 0.7932405566600398 0.010416666666666666 0.02186878727634195
0 0.6286458333333333 0.7917495029821073 0.014583333333333334 0.014910536779324055
0 0.4046875 0.8330019880715706 0.010416666666666666 0.02385685884691849
0 0.5375 0.8349900596421471 0.017708333333333333 0.02385685884691849
0 0.3536458333333333 0.8330019880715706 0.015625 0.017892644135188866
0 0.315625 0.8503976143141153 0.010416666666666666 0.0268389662027833
0 0.9838541666666667 0.8508946322067594 0.013541666666666667 0.02186878727634195
0 0.37421875 0.8891650099403579 0.011979166666666667 0.010934393638170975
0 0.9723958333333333 0.9214711729622267 0.0125 0.02584493041749503
0 0.19479166666666667 0.9353876739562624 0.020833333333333332 0.0437375745526839
0 0.16822916666666668 0.9274353876739563 0.020833333333333332 0.02385685884691849
0 0.6661458333333333 0.9319085487077535 0.010416666666666666 0.02882703777335984
0 0.55 0.9547713717693836 0.011458333333333333 0.016898608349900597
0 0.25729166666666664 0.9617296222664016 0.016666666666666666 0.020874751491053677
0 0.38671875 0.9627236580516899 0.0046875 0.02286282306163022
0 0.36432291666666666 0.9751491053677932 0.011979166666666667 0.02584493041749503
0 0.9541666666666667 0.9701789264413518 0.017708333333333333 0.009940357852882704
0 0.6098958333333333 0.9860834990059643 0.011458333333333333 0.02584493041749503
0 0.9502604166666667 0.9900596421471173 0.013020833333333334 0.017892644135188866