0 0.8005208333333333 0.0004970178926441351 0.041666666666666664 0.0009940357852882703
0 0.5138020833333333 0.0044731610337972166 0.025520833333333333 0.008946322067594433
0 0.8888020833333333 0.018389662027833 0.009895833333333333 0.02286282306163022
0 0.75234375 0.0720675944333996 0.021354166666666667 0.04671968190854871
0 0.26276041666666666 0.06312127236580517 0.016145833333333335 0.02485089463220676
0 0.7270833333333333 0.08250497017892644 0.01875 0.0437375745526839
0 0.7716145833333333 0.07455268389662027 0.018229166666666668 0.015904572564612324
0 0.29973958333333334 0.09145129224652088 0.021354166666666667 0.02385685884691849
0 0.6786458333333333 0.10188866799204771 0.007291666666666667 0.03479125248508946
0 0.43072916666666666 0.091948310139165 0.009375 0.014910536779324055
0 0.4940104166666667 0.10984095427435388 0.018229166666666668 0.018886679920477135
0 0.8338541666666667 0.12027833001988071 0.014583333333333334 0.02385685884691849
0 0.43307291666666664 0.1312127236580517 0.0203125 0.03180914512922465
0 0.3184895833333333 0.1312127236580517 0.013020833333333334 0.033797216699801194
0 0.7401041666666667 0.13817097415506957 0.025 0.02186878727634195
0 0.34140625 0.16699801192842942 0.019270833333333334 0.019880715705765408
0 0.7260416666666667 0.1779324055666004 0.011458333333333333 0.013916500994035786
0 0.7 0.1848906560636183 0.019791666666666666 0.027833001988071572
0 0.7578125 0.1978131212723658 0.0125 0.039761431411530816
0 0.6294270833333333 0.19731610337972166 0.015104166666666667 0.02485089463220676
0 0.7825520833333334 0.20874751491053678 0.019270833333333334 0.027833001988071572
0 0.60859375 0.20029821073558648 0.016145833333333335 0.012922465208747515
0 0.8153645833333333 0.21968190854870775 0.013020833333333334 0.02584493041749503
0 0.7049479166666667 0.22465208747514911 0.0171875 0.02982107355864811
0 0.6770833333333334 0.23210735586481113 0.01875 0.036779324055666
0 0.17604166666666668 0.23260437375745527 0.013541666666666667 0.033797216699801194
0 0.8708333333333333 0.24055666003976142 0.023958333333333335 0.019880715705765408
0 0.13932291666666666 0.24602385685884692 0.011979166666666667 0.02882703777335984
0 0.5893229166666667 0.2539761431411531 0.0067708333333333336 0.010934393638170975
0 0.8106770833333333 0.2634194831013916 0.009895833333333333 0.02385685884691849
0 0.8268229166666666 0.2644135188866799 0.0067708333333333336 0.017892644135188866
0 0.9419270833333333 0.27335984095427435 0.0171875 0.027833001988071572
0 0.3138020833333333 0.2678926441351889 0.016145833333333335 0.016898608349900597
0 0.9828125 0.27137176938369784 0.007291666666666667 0.015904572564612324
0 0.14453125 0.2753479125248509 0.0067708333333333336 0.02385685884691849
0 0.6901041666666666 0.2852882703777336 0.020833333333333332 0.027833001988071572
0 0.4153645833333333 0.3061630218687873 0.022395833333333334 0.02982107355864811
0 0.13046875 0.3190854870775348 0.018229166666666668 0.03578528827037773
0 0.9299479166666667 0.3250497017892644 0.016145833333333335 0.03777335984095427
0 0.82109375 0.3250497017892644 0.0203125 0.039761431411530816
0 0.013802083333333333 0.3195825049701789 0.008854166666666666 0.02286282306163022
0 0.00546875 0.3240556660039761 0.009895833333333333 0.03180914512922465
0 0.85390625 0.334493041749503 0.022395833333333334 0.04473161033797217
0 0.3846354166666667 0.3250497017892644 0.022395833333333334 0.027833001988071572
0 0.67578125 0.3359840954274354 0.021354166666666667 0.02385685884691849
0 0.796875 0.3513916500994036 0.03125 0.040755467196819085
0 0.8809895833333333 0.34791252485089463 0.025520833333333333 0.02186878727634195
0 0.6403645833333333 0.36083499005964215 0.0067708333333333336 0.03180914512922465
0 0.8536458333333333 0.37226640159045726 0.019791666666666666 0.03876739562624255
0 0.6278645833333333 0.3643141153081511 0.0046875 0.020874751491053677
0 0.815625 0.38618290258449306 0.0125 0.036779324055666
0 0.7533854166666667 0.39015904572564614 0.019270833333333334 0.014910536779324055
0 0.2953125 0.40208747514910537 0.020833333333333332 0.016898608349900597
0 0.6111979166666667 0.43240556660039764 0.015104166666666667 0.03578528827037773
0 0.7229166666666667 0.4259443339960239 0.013541666666666667 0.016898608349900597
0 0.6388020833333333 0.4363817097415507 0.009895833333333333 0.03777335984095427
0 0.85078125 0.43339960238568587 0.016145833333333335 0.02584493041749503
0 0.7395833333333334 0.4418489065606362 0.017708333333333333 0.042743538767395624
0 0.06640625 0.4562624254473161 0.0171875 0.03180914512922465
0 0.6471354166666666 0.4711729622266402 0.0109375 0.019880715705765408
0 0.6348958333333333 0.48807157057654077 0.011458333333333333 0.017892644135188866
0 0.7296875 0.507455268389662 0.008333333333333333 0.014910536779324055
0 0.7455729166666667 0.525844930417495 0.0109375 0.03578528827037773
0 0.04895833333333333 0.525844930417495 0.015625 0.033797216699801194
0 0.6458333333333334 0.5601391650099403 0.010416666666666666 0.012922465208747515
0 0.8994791666666667 0.5795228628230616 0.011458333333333333 0.02982107355864811
0 0.6432291666666666 0.5805168986083499 0.007291666666666667 0.011928429423459244
0 0.42994791666666665 0.5834990059642147 0.013020833333333334 0.019880715705765408
0 0.79921875 0.6093439363817097 0.008854166666666666 0.02385685884691849
0 0.765625 0.6222664015904572 0.014583333333333334 0.019880715705765408
0 0.59140625 0.632703777335984 0.008854166666666666 0.0268389662027833
0 0.7354166666666667 0.6481113320079522 0.01875 0.017892644135188866
0 0.6192708333333333 0.6804174950298211 0.03229166666666667 0.08250497017892644
0 0.7200520833333334 0.6535785288270378 0.0078125 0.010934393638170975
0 0.9643229166666667 0.6704771371769384 0.016145833333333335 0.036779324055666
0 0.4739583333333333 0.6699801192842942 0.016666666666666666 0.03777335984095427
0 0.50625 0.668986083499006 0.007291666666666667 0.02982107355864811
0 0.29713541666666665 0.6620278330019881 0.021354166666666667 0.011928429423459244
0 0.5971354166666667 0.6958250497017893 0.011979166666666667 0.009940357852882704
0 0.42083333333333334 0.7107355864811133 0.011458333333333333 0.027833001988071572
0 0.8171875 0.7181908548707754 0.016666666666666666 0.030815109343936383
0 0.5380208333333333 0.7142147117296223 0.015625 0.008946322067594433
0 0.7890625 0.7256461232604374 0.01875 0.013916500994035786
0 0.5216145833333333 0.7430417495029821 0.013020833333333334 0.042743538767395624
0 0.6221354166666667 0.742544731610338 0.016145833333333335 0.03578528827037773
0 0.7484375 0.7534791252485089 0.016666666666666666 0.013916500994035786
0 0.421875 0.7872763419483101 0.019791666666666666 0.027833001988071572
0 0.7546875 0.7947316103379721 0.021875 0.03876739562624255
0 0.5658854166666667 0.7982107355864811 0.0171875 0.03578528827037773
0 0.5328125 0.790258449304175 0.014583333333333334 0.017892644135188866
0 0.8247395833333333 0.797713717693837 0.015104166666666667 0.030815109343936383
0 0.54375 0.8166003976143141 0.010416666666666666 0.02485089463220676
0 0.47682291666666665 0.8464214711729622 0.008854166666666666 0.040755467196819085
0 0.7739583333333333 0.8444333996023857 0.025 0.02882703777335984
0 0.049479166666666664 0.838469184890656 0.021875 0.016898608349900597
0 0.70546875 0.8548707753479126 0.0171875 0.02584493041749503
0 0.40859375 0.8518886679920478 0.0234375 0.017892644135188866
0 0.49453125 0.8558648111332008 0.0109375 0.019880715705765408
0 0.5841145833333333 0.8628230616302187 0.0109375 0.02982107355864811
0 0.2328125 0.8727634194831014 0.027083333333333334 0.03578528827037773
0 0.04583333333333333 0.8687872763419483 0.021875 0.02186878727634195
0 0.5067708333333333 0.878727634194831 0.0125 0.02385685884691849
0 0.61171875 0.8802186878727635 0.018229166666666668 0.012922465208747515
0 0.7161458333333334 0.9005964214711729 0.010416666666666666 0.03180914512922465
0 0.3484375 0.9120278330019881 0.007291666666666667 0.032803180914512925
0 0.2359375 0.9309145129224652 0.007291666666666667 0.05069582504970179
0 0.6817708333333333 0.9587475149105368 0.009375 0.03479125248508946
0 0.06744791666666666 0.9831013916500994 0.027604166666666666 0.03180914512922465