0 0.18255208333333334 0.013916500994035786 0.021354166666666667 0.027833001988071572
0 0.8091145833333333 0.011928429423459244 0.005729166666666666 0.013916500994035786
0 0.8609375 0.027335984095427434 0.007291666666666667 0.030815109343936383
0 0.7552083333333334 0.06958250497017893 0.020833333333333332 0.041749502982107355
0 0.7700520833333333 0.08797216699801193 0.015104166666666667 0.030815109343936383
0 0.036458333333333336 0.09393638170974156 0.027083333333333334 0.032803180914512925
0 0.68046875 0.091948310139165 0.015104166666666667 0.02485089463220676
0 0.9997395833333333 0.15457256461232605 0.0005208333333333333 0.05467196819085487
0 0.7166666666666667 0.15009940357852883 0.028125 0.03180914512922465
0 0.11015625 0.1878727634194831 0.015104166666666667 0.033797216699801194
0 0.05 0.21669980119284293 0.023958333333333335 0.041749502982107355
0 0.8205729166666667 0.2485089463220676 0.0078125 0.02385685884691849
0 0.7692708333333333 0.2753479125248509 0.017708333333333333 0.041749502982107355
0 0.23854166666666668 0.2649105367793241 0.017708333333333333 0.020874751491053677
0 0.18255208333333334 0.27435387673956263 0.019270833333333334 0.02385685884691849
0 0.7328125 0.2922465208747515 0.005208333333333333 0.02186878727634195
0 0.36484375 0.30467196819085485 0.018229166666666668 0.03876739562624255
0 0.0036458333333333334 0.30268389662027834 0.00625 0.02882703777335984
0 0.62109375 0.31858846918489064 0.027604166666666666 0.04473161033797217
0 0.6697916666666667 0.3320079522862823 0.008333333333333333 0.02584493041749503
0 0.7299479166666667 0.341948310139165 0.0171875 0.039761431411530816
0 0.45989583333333334 0.3384691848906561 0.016666666666666666 0.016898608349900597
0 0.09453125 0.3648111332007952 0.0328125 0.039761431411530816
0 0.8111979166666666 0.38220675944334 0.0171875 0.04473161033797217
0 0.7559895833333333 0.378727634194831 0.0140625 0.03578528827037773
0 0.7046875 0.3717693836978131 0.008333333333333333 0.02186878727634195
0 0.6580729166666667 0.37624254473161034 0.009895833333333333 0.0268389662027833
0 0.7088541666666667 0.43687872763419483 0.013541666666666667 0.05069582504970179
0 0.7502604166666667 0.4254473161033797 0.0234375 0.019880715705765408
0 0.8192708333333333 0.4259443339960239 0.009375 0.016898608349900597
0 0.5747395833333333 0.4294234592445328 0.013020833333333334 0.019880715705765408
0 0.03125 0.4423459244532803 0.025 0.0437375745526839
0 0.64765625 0.45129224652087474 0.028645833333333332 0.03180914512922465
0 0.14140625 0.455765407554672 0.018229166666666668 0.03876739562624255
0 0.6723958333333333 0.4542743538767396 0.0125 0.015904572564612324
0 0.7940104166666667 0.47664015904572565 0.008854166666666666 0.030815109343936383
0 0.33515625 0.4915506958250497 0.011979166666666667 0.018886679920477135
0 0.24661458333333333 0.49403578528827036 0.0171875 0.013916500994035786
0 0.7885416666666667 0.5089463220675944 0.00625 0.03578528827037773
0 0.90234375 0.510934393638171 0.008854166666666666 0.03777335984095427
0 0.21692708333333333 0.5352882703777336 0.0234375 0.032803180914512925
0 0.9223958333333333 0.5452286282306164 0.014583333333333334 0.04671968190854871
0 0.6708333333333333 0.5561630218687873 0.01875 0.06858846918489066
0 0.7692708333333333 0.5685884691848907 0.022916666666666665 0.04771371769383698
0 0.9869791666666666 0.5581510934393639 0.026041666666666668 0.02485089463220676
0 0.10989583333333333 0.5869781312127237 0.021875 0.036779324055666
0 0.6234375 0.5780318091451292 0.0125 0.016898608349900597
0 0.9223958333333333 0.6048707753479126 0.01875 0.05268389662027833
0 0.24036458333333333 0.6083499005964215 0.015104166666666667 0.03180914512922465
0 0.6388020833333333 0.6153081510934394 0.0078125 0.041749502982107355
0 0.6151041666666667 0.6167992047713717 0.015625 0.030815109343936383
0 0.4869791666666667 0.6297216699801192 0.017708333333333333 0.012922465208747515
0 0.5484375 0.6361829025844931 0.013541666666666667 0.013916500994035786
0 0.5348958333333333 0.647117296222664 0.009375 0.027833001988071572
0 0.18489583333333334 0.6565606361829026 0.017708333333333333 0.042743538767395624
0 0.5916666666666667 0.661530815109344 0.007291666666666667 0.02882703777335984
0 0.63515625 0.6575546719681908 0.009895833333333333 0.012922465208747515
0 0.39557291666666666 0.6898608349900597 0.0078125 0.02982107355864811
0 0.8169270833333333 0.691351888667992 0.019270833333333334 0.014910536779324055
0 0.72265625 0.7072564612326043 0.0171875 0.0268389662027833
0 0.6182291666666667 0.7246520874751491 0.009375 0.03578528827037773
0 0.6005208333333333 0.7490059642147118 0.00625 0.02485089463220676
0 0.9997395833333333 0.7987077534791253 0.0005208333333333333 0.11829025844930417
0 0.5817708333333333 0.7713717693836978 0.009375 0.033797216699801194
0 0.58828125 0.8180914512922465 0.0203125 0.05964214711729622
0 0.540625 0.8210735586481114 0.017708333333333333 0.017892644135188866
0 0.8356770833333333 0.8379721669980119 0.0296875 0.033797216699801194
0 0.3802083333333333 0.8409542743538767 0.013541666666666667 0.02982107355864811
0 0.5763020833333333 0.8727634194831014 0.015104166666666667 0.04572564612326044
0 0.008333333333333333 0.8846918489065606 0.015625 0.02982107355864811
0 0.425 0.8991053677932406 0.015625 0.030815109343936383
0 0.13932291666666666 0.9020874751491054 0.019270833333333334 0.036779324055666
0 0.62890625 0.9428429423459245 0.013020833333333334 0.010934393638170975