0 0.11744791666666667 0.0044731610337972166 0.019270833333333334 0.008946322067594433
0 0.2359375 0.030815109343936383 0.023958333333333335 0.061630218687872766
0 0.4440104166666667 0.004970178926441352 0.019270833333333334 0.009940357852882704
0 0.5114583333333333 0.010437375745526839 0.021875 0.020874751491053677
0 0.8528645833333334 0.009940357852882704 0.015104166666666667 0.019880715705765408
0 0.8796875 0.027833001988071572 0.013541666666666667 0.055666003976143144
0 0.03619791666666667 0.023359840954274354 0.0067708333333333336 0.020874751491053677
0 0.43333333333333335 0.0268389662027833 0.019791666666666666 0.02385685884691849
0 0.340625 0.04821073558648111 0.014583333333333334 0.020874751491053677
0 0.41692708333333334 0.05168986083499006 0.025520833333333333 0.02385685884691849
0 0.1609375 0.05168986083499006 0.014583333333333334 0.017892644135188866
0 0.7875 0.055168986083499 0.017708333333333333 0.02485089463220676
0 0.06875 0.05616302186878728 0.019791666666666666 0.02286282306163022
0 0.17994791666666668 0.09642147117296222 0.018229166666666668 0.04572564612326044
0 0.63359375 0.08349900596421471 0.018229166666666668 0.02186878727634195
0 0.99140625 0.09840954274353876 0.016145833333333335 0.03180914512922465
0 0.78828125 0.10337972166998012 0.009895833333333333 0.02982107355864811
0 0.45234375 0.10387673956262425 0.019270833333333334 0.02485089463220676
0 0.33932291666666664 0.11679920477137178 0.0234375 0.036779324055666
0 0.4203125 0.11878727634194831 0.015625 0.02286282306163022
0 0.43828125 0.12673956262425448 0.008854166666666666 0.03479125248508946
0 0.9333333333333333 0.13369781312127235 0.011458333333333333 0.03479125248508946
0 0.30755208333333334 0.13518886679920478 0.0171875 0.03180914512922465
0 0.23463541666666668 0.13071570576540756 0.0171875 0.020874751491053677
0 0.95390625 0.1426441351888668 0.0234375 0.036779324055666
0 0.57421875 0.14015904572564614 0.013020833333333334 0.011928429423459244
0 0.17057291666666666 0.16053677932405566 0.011979166666666667 0.02882703777335984
0 0.2984375 0.17594433399602386 0.00625 0.02584493041749503
0 0.41484375 0.17743538767395625 0.0109375 0.0268389662027833
0 0.43828125 0.17594433399602386 0.015104166666666667 0.02385685884691849
0 0.2390625 0.1794234592445328 0.016666666666666666 0.0268389662027833
0 0.20078125 0.19035785288270377 0.011979166666666667 0.02882703777335984
0 0.4625 0.18687872763419483 0.017708333333333333 0.013916500994035786
0 0.7466145833333333 0.20576540755467196 0.018229166666666668 0.02982107355864811
0 0.9911458333333333 0.20874751491053678 0.016666666666666666 0.027833001988071572
0 0.38385416666666666 0.22216699801192843 0.0125 0.03876739562624255
0 0.20885416666666667 0.23210735586481113 0.019791666666666666 0.02882703777335984
0 0.013020833333333334 0.24900596421471172 0.0125 0.02882703777335984
0 0.40338541666666666 0.2753479125248509 0.011979166666666667 0.02385685884691849
0 0.5013020833333334 0.27435387673956263 0.0078125 0.017892644135188866
0 0.9625 0.2907554671968191 0.019791666666666666 0.02286282306163022
0 0.0020833333333333333 0.3061630218687873 0.004166666666666667 0.02982107355864811
0 0.6388020833333333 0.30417495029821073 0.0171875 0.019880715705765408
0 0.23307291666666666 0.3225646123260437 0.0078125 0.0268389662027833
0 0.45364583333333336 0.3334990059642147 0.017708333333333333 0.020874751491053677
0 0.3953125 0.35934393638170975 0.015625 0.03876739562624255
0 0.5296875 0.3474155069582505 0.01875 0.012922465208747515
0 0.54921875 0.35636182902584496 0.016145833333333335 0.02286282306163022
0 0.68671875 0.3628230616302187 0.0171875 0.02186878727634195
0 0.6377604166666667 0.38220675944334 0.0078125 0.014910536779324055
0 0.5127604166666667 0.38866799204771374 0.0109375 0.015904572564612324
0 0.6205729166666667 0.38817097415506957 0.0067708333333333336 0.014910536779324055
0 0.075 0.4070576540755467 0.021875 0.036779324055666
0 0.15833333333333333 0.40904572564612324 0.010416666666666666 0.036779324055666
0 0.026822916666666665 0.41302186878727637 0.030729166666666665 0.032803180914512925
0 0.19713541666666667 0.415506958250497 0.0078125 0.03578528827037773
0 0.5296875 0.40506958250497016 0.0125 0.016898608349900597
0 0.46979166666666666 0.41302186878727637 0.008333333333333333 0.02882703777335984
0 0.29270833333333335 0.4179920477137177 0.021875 0.02882703777335984
0 0.17526041666666667 0.415506958250497 0.0140625 0.017892644135188866
0 0.26588541666666665 0.44781312127236583 0.0140625 0.03479125248508946
0 0.5166666666666667 0.44532803180914515 0.009375 0.02982107355864811
0 0.17734375 0.4418489065606362 0.019270833333333334 0.016898608349900597
0 0.04739583333333333 0.46123260437375746 0.017708333333333333 0.041749502982107355
0 0.4234375 0.4602385685884692 0.00625 0.03578528827037773
0 0.45 0.4716699801192843 0.010416666666666666 0.048707753479125246
0 0.653125 0.46371769383697814 0.022916666666666665 0.02485089463220676
0 0.14088541666666668 0.4821073558648111 0.0203125 0.02385685884691849
0 0.07239583333333334 0.4960238568588469 0.016666666666666666 0.041749502982107355
0 0.4 0.5049701789264414 0.009375 0.041749502982107355
0 0.2598958333333333 0.5039761431411531 0.008333333333333333 0.03578528827037773
0 0.37005208333333334 0.4970178926441352 0.015104166666666667 0.019880715705765408
0 0.3307291666666667 0.5014910536779325 0.015625 0.02485089463220676
0 0.11432291666666666 0.5089463220675944 0.024479166666666666 0.03578528827037773
0 0.22161458333333334 0.4985089463220676 0.0078125 0.010934393638170975
0 0.5466145833333333 0.5134194831013916 0.0067708333333333336 0.02882703777335984
0 0.19192708333333333 0.5079522862823062 0.0067708333333333336 0.015904572564612324
0 0.49765625 0.5238568588469185 0.008854166666666666 0.02982107355864811
0 0.36223958333333334 0.5397614314115308 0.019270833333333334 0.03180914512922465
0 0.19296875 0.5337972166998012 0.008854166666666666 0.013916500994035786
0 0.2598958333333333 0.5526838966202783 0.009375 0.03180914512922465
0 0.7796875 0.5447316103379721 0.017708333333333333 0.015904572564612324
0 0.18984375 0.5526838966202783 0.022395833333333334 0.017892644135188866
0 0.4010416666666667 0.5765407554671969 0.0125 0.019880715705765408
0 0.425 0.5929423459244533 0.013541666666666667 0.020874751491053677
0 0.33489583333333334 0.6098409542743539 0.014583333333333334 0.042743538767395624
0 0.11067708333333333 0.6048707753479126 0.0171875 0.0268389662027833
0 0.2598958333333333 0.6177932405566601 0.016666666666666666 0.018886679920477135
0 0.4317708333333333 0.6312127236580517 0.011458333333333333 0.03777335984095427
0 0.30963541666666666 0.6466202783300199 0.021354166666666667 0.018886679920477135
0 0.40260416666666665 0.6500994035785288 0.016666666666666666 0.013916500994035786
0 0.28229166666666666 0.6595427435387674 0.015625 0.016898608349900597
0 0.42239583333333336 0.672962226640159 0.007291666666666667 0.02186878727634195
0 0.28020833333333334 0.6938369781312127 0.016666666666666666 0.03777335984095427
0 0.15807291666666667 0.7007952286282306 0.015104166666666667 0.04572564612326044
0 0.13932291666666666 0.6943339960238568 0.008854166666666666 0.02286282306163022
0 0.22135416666666666 0.6963220675944334 0.015625 0.02485089463220676
0 0.013541666666666667 0.7067594433399602 0.0125 0.03578528827037773
0 0.11588541666666667 0.7017892644135189 0.008854166666666666 0.011928429423459244
0 0.25677083333333334 0.7127236580516899 0.017708333333333333 0.02186878727634195
0 0.18697916666666667 0.7152087475149106 0.016666666666666666 0.018886679920477135
0 0.234375 0.7211729622266402 0.009375 0.02286282306163022
0 0.20625 0.7311133200795229 0.013541666666666667 0.030815109343936383
0 0.6299479166666667 0.7276341948310139 0.009895833333333333 0.011928429423459244
0 0.2713541666666667 0.7445328031809145 0.00625 0.033797216699801194
0 0.6171875 0.7395626242544732 0.011458333333333333 0.02186878727634195
0 0.13489583333333333 0.7554671968190855 0.028125 0.04771371769383698
0 0.038802083333333334 0.7514910536779325 0.0203125 0.02186878727634195
0 0.5005208333333333 0.7783300198807157 0.007291666666666667 0.041749502982107355
0 0.6177083333333333 0.7654075546719682 0.01875 0.015904572564612324
0 0.5638020833333334 0.7698807157057654 0.0203125 0.014910536779324055
0 0.18515625 0.7852882703777336 0.0171875 0.027833001988071572
0 0.42291666666666666 0.7837972166998012 0.013541666666666667 0.016898608349900597
0 0.40729166666666666 0.7882703777335984 0.010416666666666666 0.013916500994035786
0 0.525 0.7962226640159046 0.013541666666666667 0.019880715705765408
0 0.0049479166666666664 0.812624254473161 0.009895833333333333 0.04473161033797217
0 0.11979166666666667 0.7972166998011928 0.014583333333333334 0.011928429423459244
0 0.3302083333333333 0.8101391650099403 0.019791666666666666 0.027833001988071572
0 0.25416666666666665 0.8141153081510935 0.017708333333333333 0.03180914512922465
0 0.5580729166666667 0.8275347912524851 0.0078125 0.03876739562624255
0 0.054947916666666666 0.8325049701789264 0.0265625 0.03876739562624255
0 0.3453125 0.8255467196819085 0.014583333333333334 0.014910536779324055
0 0.21119791666666668 0.8404572564612326 0.0078125 0.032803180914512925
0 0.3255208333333333 0.8399602385685885 0.020833333333333332 0.02584493041749503
0 0.28541666666666665 0.8499005964214712 0.020833333333333332 0.02584493041749503
0 0.5028645833333333 0.8608349900596421 0.0234375 0.02186878727634195
0 0.05546875 0.8737574552683897 0.011979166666666667 0.039761431411530816
0 0.43359375 0.8812127236580517 0.021354166666666667 0.0268389662027833
0 0.3416666666666667 0.8891650099403579 0.010416666666666666 0.03876739562624255
0 0.1265625 0.8841948310139165 0.017708333333333333 0.02286282306163022
0 0.10520833333333333 0.889662027833002 0.021875 0.03180914512922465
0 0.07291666666666667 0.9209741550695825 0.019791666666666666 0.06461232604373758
0 0.47734375 0.9040755467196819 0.024479166666666666 0.016898608349900597
0 0.00703125 0.9135188866799204 0.0109375 0.027833001988071572
0 0.7486979166666666 0.9160039761431411 0.018229166666666668 0.032803180914512925
0 0.10260416666666666 0.9294234592445328 0.019791666666666666 0.033797216699801194
0 0.15442708333333333 0.9348906560636183 0.0203125 0.02485089463220676
0 0.35859375 0.9289264413518886 0.0109375 0.010934393638170975
0 0.421875 0.9418489065606361 0.021875 0.02882703777335984
0 0.04895833333333333 0.9493041749502982 0.019791666666666666 0.03180914512922465
0 0.6619791666666667 0.9622266401590457 0.013541666666666667 0.011928429423459244
0 0.020052083333333335 0.9786282306163022 0.04010416666666667 0.040755467196819085
0 0.19713541666666667 0.9806163021868787 0.015104166666666667 0.036779324055666
0 0.049479166666666664 0.9860834990059643 0.013541666666666667 0.02584493041749503
0 0.875 0.9880715705765407 0.010416666666666666 0.02186878727634195
0 0.11744791666666667 0.9955268389662028 0.013020833333333334 0.006958250497017893