0 0.9989583333333333 0.08349900596421471 0.0010416666666666667 0.0536779324055666
0 0.5565104166666667 0.8036779324055666 0.0109375 0.032803180914512925
0 0.8669270833333333 0.8409542743538767 0.015104166666666667 0.007952286282306162
0 0.6794270833333333 0.9015904572564613 0.0171875 0.033797216699801194
0 0.6010416666666667 0.9463220675944334 0.013541666666666667 0.033797216699801194
0 0.5223958333333333 0.9666998011928429 0.00625 0.02286282306163022
0 0.6479166666666667 0.9617296222664016 0.007291666666666667 0.010934393638170975
0 0.5083333333333333 0.9706759443339961 0.007291666666666667 0.02286282306163022
0 0.5690104166666666 0.9731610337972167 0.0203125 0.027833001988071572
0 0.5380208333333333 0.9731610337972167 0.00625 0.011928429423459244
0 0.7369791666666666 0.989065606361829 0.011458333333333333 0.019880715705765408