0 0.9815104166666667 0.020377733598409543 0.0171875 0.040755467196819085
0 0.90234375 0.042743538767395624 0.009895833333333333 0.027833001988071572
0 0.17942708333333332 0.05864811133200795 0.0109375 0.027833001988071572
0 0.85625 0.06759443339960239 0.013541666666666667 0.02584493041749503
0 0.41458333333333336 0.06809145129224652 0.009375 0.018886679920477135
0 0.8268229166666666 0.07256461232604373 0.0078125 0.027833001988071572
0 0.9619791666666667 0.07306163021868788 0.008333333333333333 0.018886679920477135
0 0.33515625 0.08399602385685885 0.008854166666666666 0.020874751491053677
0 0.31328125 0.0874751491053678 0.011979166666666667 0.019880715705765408
0 0.5458333333333333 0.09493041749502983 0.011458333333333333 0.02286282306163022
0 0.8096354166666667 0.09343936381709742 0.013020833333333334 0.015904572564612324
0 0.92890625 0.10636182902584493 0.0203125 0.019880715705765408
0 0.5255208333333333 0.10636182902584493 0.005208333333333333 0.015904572564612324
0 0.7611979166666667 0.11083499005964215 0.013020833333333334 0.016898608349900597
0 0.37057291666666664 0.1143141153081511 0.0067708333333333336 0.013916500994035786
0 0.8953125 0.1386679920477137 0.016666666666666666 0.014910536779324055
0 0.8213541666666667 0.14761431411530815 0.013541666666666667 0.030815109343936383
0 0.9161458333333333 0.1481113320079523 0.015625 0.027833001988071572
0 0.3645833333333333 0.1709741550695825 0.03229166666666667 0.027833001988071572
0 0.9416666666666667 0.17594433399602386 0.013541666666666667 0.017892644135188866
0 0.8552083333333333 0.19731610337972166 0.0125 0.014910536779324055
0 0.7971354166666667 0.2147117296222664 0.009895833333333333 0.015904572564612324
0 0.9955729166666667 0.2331013916500994 0.0078125 0.036779324055666
0 0.5302083333333333 0.2649105367793241 0.010416666666666666 0.018886679920477135
0 0.8536458333333333 0.2778330019880716 0.016666666666666666 0.016898608349900597
0 0.9276041666666667 0.2932405566600398 0.009375 0.02584493041749503
0 0.765625 0.31312127236580517 0.007291666666666667 0.033797216699801194
0 0.6203125 0.3071570576540755 0.016666666666666666 0.011928429423459244
0 0.7822916666666667 0.3548707753479125 0.010416666666666666 0.011928429423459244
0 0.79140625 0.38866799204771374 0.0203125 0.02982107355864811
0 0.6455729166666667 0.39214711729622265 0.008854166666666666 0.020874751491053677
0 0.9932291666666667 0.4304174950298211 0.0125 0.03578528827037773
0 0.8489583333333334 0.45029821073558646 0.013541666666666667 0.015904572564612324
0 0.9833333333333333 0.4855864811133201 0.014583333333333334 0.018886679920477135
0 0.9109375 0.4970178926441352 0.025 0.027833001988071572
0 0.8369791666666667 0.518389662027833 0.005208333333333333 0.032803180914512925
0 0.6630208333333333 0.5233598409542743 0.015625 0.016898608349900597
0 0.6372395833333333 0.5571570576540755 0.009895833333333333 0.018886679920477135
0 0.7171875 0.5541749502982107 0.014583333333333334 0.012922465208747515
0 0.6622395833333333 0.5690854870775348 0.013020833333333334 0.016898608349900597
0 0.6869791666666667 0.5745526838966203 0.0125 0.02186878727634195
0 0.5994791666666667 0.5825049701789264 0.00625 0.02584493041749503
0 0.1375 0.5834990059642147 0.013541666666666667 0.02385685884691849
0 0.8505208333333333 0.5805168986083499 0.014583333333333334 0.017892644135188866
0 0.29010416666666666 0.5974155069582505 0.013541666666666667 0.02982107355864811
0 0.4140625 0.5989065606361829 0.011458333333333333 0.014910536779324055
0 0.9723958333333333 0.6053677932405567 0.013541666666666667 0.027833001988071572
0 0.99375 0.6207753479125249 0.011458333333333333 0.048707753479125246
0 0.7119791666666667 0.6063618290258449 0.010416666666666666 0.017892644135188866
0 0.6786458333333333 0.6182902584493042 0.013541666666666667 0.02186878727634195
0 0.8518229166666667 0.6207753479125249 0.008854166666666666 0.018886679920477135
0 0.7041666666666667 0.6267395626242545 0.022916666666666665 0.020874751491053677
0 0.7309895833333333 0.6332007952286283 0.0109375 0.02186878727634195
0 0.8328125 0.6391650099403579 0.014583333333333334 0.009940357852882704
0 0.41328125 0.643141153081511 0.0067708333333333336 0.015904572564612324
0 0.7473958333333334 0.6570576540755467 0.0125 0.009940357852882704
0 0.775 0.6709741550695825 0.019791666666666666 0.039761431411530816
0 0.6828125 0.665506958250497 0.016666666666666666 0.016898608349900597
0 0.5455729166666666 0.6814115308151093 0.0036458333333333334 0.02485089463220676
0 0.88828125 0.6809145129224652 0.0140625 0.02385685884691849
0 0.8104166666666667 0.6883697813121272 0.01875 0.020874751491053677
0 0.7325520833333333 0.6898608349900597 0.015104166666666667 0.017892644135188866
0 0.8393229166666667 0.6908548707753479 0.008854166666666666 0.015904572564612324
0 0.61796875 0.7137176938369781 0.009895833333333333 0.02982107355864811
0 0.7674479166666667 0.7181908548707754 0.008854166666666666 0.02286282306163022
0 0.8372395833333334 0.7321073558648111 0.011979166666666667 0.036779324055666
0 0.7533854166666667 0.742544731610338 0.0046875 0.02982107355864811
0 0.002864583333333333 0.7395626242544732 0.005729166666666666 0.02186878727634195
0 0.7848958333333333 0.7435387673956262 0.017708333333333333 0.02982107355864811
0 0.8778645833333333 0.7375745526838966 0.016145833333333335 0.013916500994035786
0 0.90390625 0.7584493041749503 0.025520833333333333 0.04771371769383698
0 0.7203125 0.7529821073558648 0.005208333333333333 0.02882703777335984
0 0.8041666666666667 0.7534791252485089 0.0125 0.015904572564612324
0 0.8596354166666667 0.7554671968190855 0.0140625 0.017892644135188866
0 0.6817708333333333 0.7594433399602386 0.009375 0.019880715705765408
0 0.7583333333333333 0.7664015904572564 0.010416666666666666 0.02186878727634195
0 0.7424479166666667 0.7619284294234593 0.0140625 0.010934393638170975
0 0.8768229166666667 0.7708747514910537 0.011979166666666667 0.0268389662027833
0 0.56953125 0.7778330019880716 0.0078125 0.02286282306163022
0 0.9421875 0.7947316103379721 0.01875 0.05268389662027833
0 0.5263020833333333 0.7917495029821073 0.018229166666666668 0.0268389662027833
0 0.68359375 0.7892644135188867 0.0067708333333333336 0.019880715705765408
0 0.9669270833333333 0.7952286282306164 0.0203125 0.02982107355864811
0 0.78984375 0.8006958250497018 0.0067708333333333336 0.0268389662027833
0 0.49140625 0.8001988071570576 0.009895833333333333 0.02186878727634195
0 0.7005208333333334 0.8036779324055666 0.004166666666666667 0.02485089463220676
0 0.8708333333333333 0.7972166998011928 0.00625 0.013916500994035786
0 0.6294270833333333 0.8116302186878728 0.018229166666666668 0.03479125248508946
0 0.8171875 0.8026838966202783 0.017708333333333333 0.016898608349900597
0 0.8575520833333333 0.80168986083499 0.0109375 0.012922465208747515
0 0.6049479166666667 0.8230616302186878 0.0171875 0.03180914512922465
0 0.6489583333333333 0.8210735586481114 0.007291666666666667 0.02982107355864811
0 0.16979166666666667 0.8175944333996024 0.009375 0.014910536779324055
0 0.36276041666666664 0.8305168986083499 0.016145833333333335 0.03876739562624255
0 0.054947916666666666 0.834493041749503 0.028645833333333332 0.04473161033797217
0 0.159375 0.834493041749503 0.017708333333333333 0.0268389662027833
0 0.8192708333333333 0.8295228628230616 0.005208333333333333 0.018886679920477135
0 0.9721354166666667 0.8429423459244533 0.0067708333333333336 0.02982107355864811
0 0.7692708333333333 0.8369781312127237 0.016666666666666666 0.013916500994035786
0 0.6364583333333333 0.8638170974155069 0.021875 0.05964214711729622
0 0.6966145833333334 0.8449304174950298 0.0171875 0.019880715705765408
0 0.40338541666666666 0.8449304174950298 0.018229166666666668 0.011928429423459244
0 0.8341145833333333 0.8518886679920478 0.0109375 0.02186878727634195
0 0.5875 0.871272365805169 0.008333333333333333 0.042743538767395624
0 0.5591145833333333 0.8677932405566601 0.0078125 0.02584493041749503
0 0.5424479166666667 0.871272365805169 0.0036458333333333334 0.02485089463220676
0 0.66875 0.8782306163021869 0.020833333333333332 0.032803180914512925
0 0.9809895833333333 0.8792246520874751 0.008854166666666666 0.014910536779324055
0 0.9393229166666667 0.8812127236580517 0.008854166666666666 0.014910536779324055
0 0.7471354166666667 0.897117296222664 0.015104166666666667 0.008946322067594433
0 0.5622395833333333 0.9135188866799204 0.0328125 0.039761431411530816
0 0.6309895833333333 0.9254473161033797 0.021354166666666667 0.04970178926441352
0 0.6544270833333333 0.9125248508946322 0.0140625 0.015904572564612324
0 0.8908854166666667 0.9209741550695825 0.022395833333333334 0.02286282306163022
0 0.44427083333333334 0.9284294234592445 0.008333333333333333 0.033797216699801194
0 0.7497395833333333 0.9259443339960238 0.015104166666666667 0.016898608349900597
0 0.8098958333333334 0.9289264413518886 0.015625 0.012922465208747515
0 0.5927083333333333 0.9388667992047713 0.015625 0.0268389662027833
0 0.9955729166666667 0.9393638170974155 0.0078125 0.027833001988071572
0 0.6940104166666666 0.9333996023856859 0.0078125 0.011928429423459244
0 0.8333333333333334 0.9343936381709742 0.014583333333333334 0.009940357852882704
0 0.4591145833333333 0.9512922465208747 0.0078125 0.03777335984095427
0 0.7046875 0.9403578528827038 0.016666666666666666 0.015904572564612324
0 0.7544270833333333 0.9433399602385686 0.009895833333333333 0.019880715705765408
0 0.8127604166666667 0.9761431411530815 0.025520833333333333 0.04572564612326044
0 0.69296875 0.9786282306163022 0.011979166666666667 0.040755467196819085
0 0.9138020833333333 0.9731610337972167 0.0203125 0.017892644135188866
0 0.6552083333333333 0.974155069582505 0.010416666666666666 0.017892644135188866
0 0.7294270833333333 0.974155069582505 0.0140625 0.011928429423459244
0 0.740625 0.989065606361829 0.005208333333333333 0.019880715705765408
0 0.22526041666666666 0.9930417495029821 0.011979166666666667 0.011928429423459244
0 0.6247395833333333 0.9950298210735586 0.0109375 0.007952286282306162