0 0.8416666666666667 0.009940357852882704 0.007291666666666667 0.019880715705765408
0 0.5604166666666667 0.009940357852882704 0.029166666666666667 0.019880715705765408
0 0.0359375 0.020377733598409543 0.028125 0.040755467196819085
0 0.7640625 0.017892644135188866 0.00625 0.02385685884691849
0 0.31692708333333336 0.01441351888667992 0.009895833333333333 0.012922465208747515
0 0.41848958333333336 0.029324055666003976 0.0109375 0.012922465208747515
0 0.5752604166666667 0.05616302186878728 0.011979166666666667 0.040755467196819085
0 0.3619791666666667 0.048707753479125246 0.008333333333333333 0.015904572564612324
0 0.44869791666666664 0.05417495029821073 0.009895833333333333 0.02286282306163022
0 0.35703125 0.08001988071570576 0.018229166666666668 0.030815109343936383
0 0.2921875 0.08996023856858847 0.01875 0.014910536779324055
0 0.7924479166666667 0.10437375745526839 0.005729166666666666 0.02186878727634195
0 0.4765625 0.10934393638170974 0.01875 0.027833001988071572
0 0.99609375 0.12226640159045726 0.0078125 0.02385685884691849
0 0.8283854166666667 0.13469184890656064 0.0171875 0.04671968190854871
0 0.39114583333333336 0.14612326043737575 0.026041666666666668 0.061630218687872766
0 0.48020833333333335 0.13916500994035785 0.007291666666666667 0.03180914512922465
0 0.5393229166666667 0.15656063618290258 0.005729166666666666 0.02882703777335984
0 0.46380208333333334 0.16898608349900596 0.013020833333333334 0.017892644135188866
0 0.25833333333333336 0.18290258449304175 0.019791666666666666 0.02982107355864811
0 0.440625 0.1824055666003976 0.019791666666666666 0.02485089463220676
0 0.37864583333333335 0.19284294234592445 0.013541666666666667 0.0437375745526839
0 0.23411458333333332 0.1824055666003976 0.015104166666666667 0.012922465208747515
0 0.35130208333333335 0.19731610337972166 0.015104166666666667 0.02882703777335984
0 0.6924479166666667 0.20576540755467196 0.011979166666666667 0.041749502982107355
0 0.47369791666666666 0.20178926441351888 0.009895833333333333 0.03578528827037773
0 0.8169270833333333 0.21620278330019882 0.0171875 0.048707753479125246
0 0.54453125 0.21123260437375746 0.019270833333333334 0.030815109343936383
0 0.99453125 0.2216699801192843 0.0109375 0.04572564612326044
0 0.40625 0.21520874751491054 0.00625 0.02485089463220676
0 0.9317708333333333 0.2231610337972167 0.01875 0.03876739562624255
0 0.2721354166666667 0.21968190854870775 0.0067708333333333336 0.011928429423459244
0 0.42109375 0.22266401590457258 0.008854166666666666 0.011928429423459244
0 0.46328125 0.23359840954274355 0.0234375 0.017892644135188866
0 0.23567708333333334 0.2415506958250497 0.0265625 0.019880715705765408
0 0.42265625 0.23906560636182903 0.0171875 0.010934393638170975
0 0.3953125 0.2509940357852883 0.009375 0.02882703777335984
0 0.48932291666666666 0.2485089463220676 0.015104166666666667 0.017892644135188866
0 0.5924479166666666 0.25944333996023855 0.0078125 0.02186878727634195
0 0.9640625 0.2957256461232604 0.025 0.06858846918489066
0 0.44296875 0.27186878727634195 0.0109375 0.018886679920477135
0 0.42239583333333336 0.2798210735586481 0.017708333333333333 0.02286282306163022
0 0.46067708333333335 0.2882703777335984 0.021354166666666667 0.02385685884691849
0 0.4908854166666667 0.28876739562624254 0.009895833333333333 0.020874751491053677
0 0.846875 0.29970178926441354 0.011458333333333333 0.0268389662027833
0 0.38776041666666666 0.30069582504970177 0.008854166666666666 0.030815109343936383
0 0.9005208333333333 0.3061630218687873 0.011458333333333333 0.03777335984095427
0 0.6098958333333333 0.3076540755467197 0.011458333333333333 0.03479125248508946
0 0.40625 0.31411530815109345 0.0125 0.0437375745526839
0 0.49921875 0.33548707753479123 0.0078125 0.018886679920477135
0 0.031510416666666666 0.34691848906560635 0.013020833333333334 0.027833001988071572
0 0.3890625 0.34691848906560635 0.00625 0.017892644135188866
0 0.4203125 0.3538767395626243 0.011458333333333333 0.02584493041749503
0 0.4908854166666667 0.3558648111332008 0.0109375 0.017892644135188866
0 0.40598958333333335 0.36928429423459247 0.0078125 0.02485089463220676
0 0.5106770833333333 0.3817097415506958 0.013020833333333334 0.019880715705765408
0 0.60078125 0.41600397614314116 0.027604166666666666 0.02882703777335984
0 0.53203125 0.4135188866799205 0.0171875 0.017892644135188866
0 0.4734375 0.4209741550695825 0.009375 0.0268389662027833
0 0.8080729166666667 0.4249502982107356 0.033854166666666664 0.020874751491053677
0 0.16614583333333333 0.43389662027833004 0.010416666666666666 0.03479125248508946
0 0.7666666666666667 0.4363817097415507 0.005208333333333333 0.02584493041749503
0 0.06692708333333333 0.441351888667992 0.021354166666666667 0.03578528827037773
0 0.45755208333333336 0.452286282306163 0.009895833333333333 0.02982107355864811
0 0.9184895833333333 0.44433399602385687 0.019270833333333334 0.011928429423459244
0 0.5515625 0.44433399602385687 0.009375 0.011928429423459244
0 0.38619791666666664 0.4547713717693837 0.021354166666666667 0.02286282306163022
0 0.60703125 0.4602385685884692 0.015104166666666667 0.017892644135188866
0 0.4171875 0.46222664015904574 0.00625 0.02186878727634195
0 0.3299479166666667 0.4617296222664016 0.015104166666666667 0.016898608349900597
0 0.5807291666666666 0.46322067594433397 0.01875 0.015904572564612324
0 0.45807291666666666 0.47664015904572565 0.0067708333333333336 0.012922465208747515
0 0.17395833333333333 0.49105367793240556 0.008333333333333333 0.03578528827037773
0 0.5606770833333333 0.4885685884691849 0.0203125 0.016898608349900597
0 0.27890625 0.5049701789264414 0.0109375 0.015904572564612324
0 0.34270833333333334 0.5268389662027833 0.017708333333333333 0.04771371769383698
0 0.4752604166666667 0.5213717693836978 0.0067708333333333336 0.020874751491053677
0 0.5973958333333333 0.5337972166998012 0.019791666666666666 0.019880715705765408
0 0.5796875 0.5377733598409543 0.014583333333333334 0.027833001988071572
0 0.37083333333333335 0.540258449304175 0.011458333333333333 0.032803180914512925
0 0.38723958333333336 0.5467196819085487 0.0078125 0.027833001988071572
0 0.8778645833333333 0.5690854870775348 0.016145833333333335 0.018886679920477135
0 0.846875 0.584493041749503 0.020833333333333332 0.02584493041749503
0 0.8122395833333333 0.581013916500994 0.018229166666666668 0.014910536779324055
0 0.33229166666666665 0.5949304174950298 0.016666666666666666 0.036779324055666
0 0.4354166666666667 0.6123260437375746 0.005208333333333333 0.02982107355864811
0 0.378125 0.6302186878727635 0.016666666666666666 0.03578528827037773
0 0.35859375 0.6282306163021869 0.0109375 0.015904572564612324
0 0.4278645833333333 0.6505964214711729 0.013020833333333334 0.03876739562624255
0 0.34348958333333335 0.6381709741550696 0.0067708333333333336 0.011928429423459244
0 0.8919270833333334 0.6476143141153081 0.0234375 0.02485089463220676
0 0.36822916666666666 0.6451292246520874 0.010416666666666666 0.019880715705765408
0 0.32005208333333335 0.6684890656063618 0.0140625 0.010934393638170975
0 0.23776041666666667 0.687375745526839 0.0171875 0.02882703777335984
0 0.49973958333333335 0.6953280318091452 0.016145833333333335 0.014910536779324055
0 0.45677083333333335 0.7012922465208747 0.007291666666666667 0.014910536779324055
0 0.3606770833333333 0.7107355864811133 0.011979166666666667 0.033797216699801194
0 0.31927083333333334 0.7017892644135189 0.017708333333333333 0.011928429423459244
0 0.6807291666666667 0.7047713717693836 0.011458333333333333 0.015904572564612324
0 0.8739583333333333 0.717196819085487 0.008333333333333333 0.0268389662027833
0 0.89296875 0.7400596421471173 0.018229166666666668 0.05666003976143141
0 0.6401041666666667 0.7380715705765407 0.013541666666666667 0.03876739562624255
0 0.51171875 0.739065606361829 0.013020833333333334 0.036779324055666
0 0.39765625 0.7485089463220675 0.009895833333333333 0.03777335984095427
0 0.42630208333333336 0.7519880715705766 0.0203125 0.036779324055666
0 0.6260416666666667 0.7619284294234593 0.007291666666666667 0.05069582504970179
0 0.03828125 0.7599403578528827 0.022395833333333334 0.04473161033797217
0 0.28411458333333334 0.7862823061630219 0.011979166666666667 0.041749502982107355
0 0.3684895833333333 0.8026838966202783 0.0140625 0.0268389662027833
0 0.49192708333333335 0.8349900596421471 0.019270833333333334 0.06958250497017893
0 0.47552083333333334 0.8275347912524851 0.008333333333333333 0.02882703777335984
0 0.46380208333333334 0.8334990059642147 0.0067708333333333336 0.02882703777335984
0 0.2296875 0.8349900596421471 0.025 0.02186878727634195
0 0.8018229166666667 0.8518886679920478 0.018229166666666668 0.041749502982107355
0 0.6979166666666666 0.8593439363817097 0.010416666666666666 0.05069582504970179
0 0.19296875 0.8499005964214712 0.019270833333333334 0.017892644135188866
0 0.6098958333333333 0.882703777335984 0.011458333333333333 0.033797216699801194
0 0.5515625 0.8822067594433399 0.01875 0.02286282306163022
0 0.48541666666666666 0.9160039761431411 0.011458333333333333 0.07455268389662027
0 0.27838541666666666 0.8911530815109344 0.0109375 0.020874751491053677
0 0.49947916666666664 0.9025844930417495 0.015625 0.017892644135188866
0 0.8716145833333333 0.9095427435387674 0.022395833333333334 0.017892644135188866
0 0.28411458333333334 0.9264413518886679 0.0234375 0.0437375745526839
0 0.309375 0.9234592445328031 0.007291666666666667 0.03180914512922465
0 0.9575520833333333 0.9736580516898609 0.021354166666666667 0.030815109343936383
0 0.46328125 0.9746520874751491 0.0067708333333333336 0.03479125248508946
0 0.68515625 0.981610337972167 0.008854166666666666 0.03479125248508946
0 0.18151041666666667 0.9885685884691849 0.015104166666666667 0.020874751491053677
0 0.44244791666666666 0.9930417495029821 0.0078125 0.011928429423459244