0 0.45416666666666666 0.0034791252485089465 0.015625 0.006958250497017893
0 0.47239583333333335 0.040755467196819085 0.009375 0.02982107355864811
0 0.11171875 0.14214711729622267 0.016145833333333335 0.039761431411530816
0 0.07369791666666667 0.14015904572564614 0.0067708333333333336 0.011928429423459244
0 0.6088541666666667 0.17693836978131214 0.008333333333333333 0.041749502982107355
0 0.5239583333333333 0.1754473161033797 0.014583333333333334 0.020874751491053677
0 0.11875 0.1863817097415507 0.0125 0.0268389662027833
0 0.21848958333333332 0.26043737574552683 0.016145833333333335 0.041749502982107355
0 0.23411458333333332 0.2678926441351889 0.009895833333333333 0.036779324055666
0 0.39453125 0.2798210735586481 0.016145833333333335 0.014910536779324055
0 0.3653645833333333 0.3359840954274354 0.019270833333333334 0.019880715705765408
0 0.4200520833333333 0.3404572564612326 0.0067708333333333336 0.0268389662027833
0 0.43072916666666666 0.34244532803180916 0.008333333333333333 0.02882703777335984
0 0.771875 0.35934393638170975 0.017708333333333333 0.030815109343936383
0 0.00625 0.35984095427435386 0.0125 0.02584493041749503
0 0.46484375 0.37475149105367794 0.0109375 0.03180914512922465
0 0.3875 0.3841948310139165 0.020833333333333332 0.02485089463220676
0 0.2984375 0.3981113320079523 0.00625 0.0268389662027833
0 0.3502604166666667 0.40407554671968193 0.021354166666666667 0.020874751491053677
0 0.37838541666666664 0.4085487077534791 0.022395833333333334 0.02584493041749503
0 0.23072916666666668 0.40506958250497016 0.023958333333333335 0.016898608349900597
0 0.45286458333333335 0.4150099403578529 0.021354166666666667 0.030815109343936383
0 0.9776041666666667 0.43141153081510936 0.014583333333333334 0.0536779324055666
0 0.9942708333333333 0.41898608349900596 0.010416666666666666 0.018886679920477135
0 0.58984375 0.4309145129224652 0.018229166666666668 0.02882703777335984
0 0.3640625 0.43389662027833004 0.011458333333333333 0.0268389662027833
0 0.296875 0.44880715705765406 0.027083333333333334 0.05268389662027833
0 0.34609375 0.4542743538767396 0.016145833333333335 0.04970178926441352
0 0.23958333333333334 0.4562624254473161 0.008333333333333333 0.02982107355864811
0 0.3880208333333333 0.46421471172962225 0.03229166666666667 0.033797216699801194
0 0.446875 0.4577534791252485 0.017708333333333333 0.016898608349900597
0 0.7966145833333333 0.49502982107355864 0.0109375 0.04771371769383698
0 0.5533854166666666 0.4885685884691849 0.0109375 0.02485089463220676
0 0.26979166666666665 0.49502982107355864 0.016666666666666666 0.02584493041749503
0 0.5401041666666667 0.49055666003976145 0.007291666666666667 0.014910536779324055
0 0.4375 0.4990059642147117 0.013541666666666667 0.02584493041749503
0 0.29635416666666664 0.5034791252485089 0.013541666666666667 0.02485089463220676
0 0.5994791666666667 0.5069582504970179 0.014583333333333334 0.03180914512922465
0 0.5770833333333333 0.5104373757455268 0.009375 0.030815109343936383
0 0.31875 0.5079522862823062 0.019791666666666666 0.017892644135188866
0 0.5578125 0.5129224652087475 0.0125 0.02584493041749503
0 0.4231770833333333 0.5233598409542743 0.011979166666666667 0.030815109343936383
0 0.28619791666666666 0.5233598409542743 0.0171875 0.02485089463220676
0 0.39348958333333334 0.532803180914513 0.0171875 0.039761431411530816
0 0.32265625 0.5437375745526839 0.009895833333333333 0.027833001988071572
0 0.3640625 0.5427435387673957 0.007291666666666667 0.02385685884691849
0 0.21979166666666666 0.5492047713717694 0.013541666666666667 0.032803180914512925
0 0.40234375 0.5556660039761432 0.018229166666666668 0.017892644135188866
0 0.53046875 0.5685884691848907 0.013020833333333334 0.03578528827037773
0 0.31302083333333336 0.5760437375745527 0.005208333333333333 0.020874751491053677
0 0.41041666666666665 0.584493041749503 0.016666666666666666 0.019880715705765408
0 0.634375 0.588469184890656 0.01875 0.013916500994035786
0 0.540625 0.5924453280318092 0.016666666666666666 0.015904572564612324
0 0.11171875 0.5969184890656064 0.015104166666666667 0.020874751491053677
0 0.07734375 0.6277335984095428 0.021354166666666667 0.06063618290258449
0 0.3828125 0.6083499005964215 0.008333333333333333 0.017892644135188866
0 0.24401041666666667 0.6217693836978131 0.028645833333333332 0.0268389662027833
0 0.25807291666666665 0.632703777335984 0.015104166666666667 0.018886679920477135
0 0.5010416666666667 0.6406560636182903 0.007291666666666667 0.014910536779324055
0 0.37604166666666666 0.6466202783300199 0.00625 0.014910536779324055
0 0.22916666666666666 0.654572564612326 0.010416666666666666 0.02286282306163022
0 0.00703125 0.6660039761431411 0.0140625 0.03777335984095427
0 0.06328125 0.6550695825049702 0.008854166666666666 0.011928429423459244
0 0.25390625 0.6625248508946322 0.015104166666666667 0.02485089463220676
0 0.04921875 0.6630218687872763 0.013020833333333334 0.015904572564612324
0 0.19270833333333334 0.6883697813121272 0.017708333333333333 0.03876739562624255
0 0.9979166666666667 0.7152087475149106 0.003125 0.08846918489065607
0 0.3494791666666667 0.6998011928429424 0.015625 0.019880715705765408
0 0.40260416666666665 0.7082504970178927 0.01875 0.03876739562624255
0 0.20703125 0.7112326043737575 0.013020833333333334 0.030815109343936383
0 0.4171875 0.7186878727634195 0.007291666666666667 0.03578528827037773
0 0.33697916666666666 0.7226640159045725 0.011458333333333333 0.03578528827037773
0 0.5059895833333333 0.7236580516898609 0.0109375 0.033797216699801194
0 0.21979166666666666 0.7221669980119284 0.011458333333333333 0.02485089463220676
0 0.45989583333333334 0.7395626242544732 0.020833333333333332 0.033797216699801194
0 0.528125 0.7335984095427436 0.009375 0.017892644135188866
0 0.39166666666666666 0.7455268389662028 0.007291666666666667 0.02982107355864811
0 0.19296875 0.7504970178926441 0.0109375 0.03578528827037773
0 0.35572916666666665 0.7639165009940357 0.0375 0.05864811133200795
0 0.2828125 0.7539761431411531 0.017708333333333333 0.020874751491053677
0 0.22526041666666666 0.7664015904572564 0.0203125 0.02186878727634195
0 0.6674479166666667 0.7723658051689861 0.022395833333333334 0.03578528827037773
0 0.4244791666666667 0.7837972166998012 0.009375 0.02882703777335984
0 0.002864583333333333 0.7932405566600398 0.005729166666666666 0.02584493041749503
0 0.68671875 0.80168986083499 0.016145833333333335 0.02485089463220676
0 0.12421875 0.8305168986083499 0.021354166666666667 0.020874751491053677
0 0.6973958333333333 0.8389662027833003 0.009375 0.03777335984095427
0 0.34869791666666666 0.8424453280318092 0.0067708333333333336 0.040755467196819085
0 0.38177083333333334 0.8424453280318092 0.019791666666666666 0.032803180914512925
0 0.4192708333333333 0.8593439363817097 0.009375 0.04671968190854871
0 0.01953125 0.8633200795228628 0.015104166666666667 0.04473161033797217
0 0.3216145833333333 0.8727634194831014 0.022395833333333334 0.02186878727634195
0 0.6270833333333333 0.8866799204771372 0.008333333333333333 0.033797216699801194
0 0.3268229166666667 0.9120278330019881 0.0171875 0.012922465208747515
0 0.40625 0.9204771371769384 0.017708333333333333 0.013916500994035786
0 0.07317708333333334 0.9363817097415507 0.0171875 0.015904572564612324
0 0.4356770833333333 0.9368787276341949 0.019270833333333334 0.018886679920477135
0 0.7807291666666667 0.9602385685884692 0.016666666666666666 0.017892644135188866
0 0.03984375 0.9761431411530815 0.011979166666666667 0.04572564612326044
0 0.05911458333333333 0.9811133200795229 0.0140625 0.03578528827037773
0 0.19192708333333333 0.974155069582505 0.008854166666666666 0.019880715705765408
0 0.12473958333333333 0.9920477137176938 0.008854166666666666 0.013916500994035786
0 0.81640625 0.992544731610338 0.0067708333333333336 0.012922465208747515