0 0.41302083333333334 0.24353876739562624 0.005208333333333333 0.015904572564612324
0 0.35989583333333336 0.35834990059642147 0.01875 0.02882703777335984
0 0.16979166666666667 0.5248508946322068 0.014583333333333334 0.015904572564612324
0 0.37213541666666666 0.5501988071570576 0.0109375 0.05864811133200795
0 0.17864583333333334 0.5452286282306164 0.015625 0.012922465208747515
0 0.15130208333333334 0.562624254473161 0.011979166666666667 0.019880715705765408
0 0.4265625 0.5944333996023857 0.014583333333333334 0.017892644135188866
0 0.6171875 0.8175944333996024 0.008333333333333333 0.02286282306163022
0 0.47213541666666664 0.845427435387674 0.0078125 0.020874751491053677
0 0.6708333333333333 0.8553677932405567 0.00625 0.014910536779324055
0 0.6791666666666667 0.867296222664016 0.005208333333333333 0.02286282306163022
0 0.6244791666666667 0.8702783300198808 0.009375 0.016898608349900597
0 0.6171875 0.8906560636182903 0.013541666666666667 0.039761431411530816
0 0.6486979166666667 0.9065606361829026 0.0109375 0.02982107355864811
0 0.6369791666666667 0.9433399602385686 0.021875 0.04572564612326044