0 0.896875 0.015904572564612324 0.022916666666666665 0.03180914512922465
0 0.7984375 0.010437375745526839 0.013541666666666667 0.020874751491053677
0 0.08359375 0.027335984095427434 0.0234375 0.02882703777335984
0 0.5723958333333333 0.0805168986083499 0.01875 0.027833001988071572
0 0.14192708333333334 0.08697813121272366 0.0234375 0.032803180914512925
0 0.66328125 0.09542743538767395 0.011979166666666667 0.017892644135188866
0 0.5080729166666667 0.10636182902584493 0.011979166666666667 0.02982107355864811
0 0.21510416666666668 0.09990059642147117 0.007291666666666667 0.012922465208747515
0 0.2234375 0.1143141153081511 0.008333333333333333 0.017892644135188866
0 0.41692708333333334 0.14612326043737575 0.005729166666666666 0.03180914512922465
0 0.46848958333333335 0.1441351888667992 0.018229166666666668 0.02385685884691849
0 0.3690104166666667 0.16699801192842942 0.0296875 0.039761431411530816
0 0.5690104166666666 0.17246520874751492 0.0067708333333333336 0.014910536779324055
0 0.06145833333333333 0.20328031809145128 0.01875 0.04671968190854871
0 0.17578125 0.19035785288270377 0.0078125 0.014910536779324055
0 0.32265625 0.20526838966202784 0.011979166666666667 0.02286282306163022
0 0.18203125 0.21272365805168986 0.011979166666666667 0.02584493041749503
0 0.021354166666666667 0.2201789264413519 0.016666666666666666 0.032803180914512925
0 0.5291666666666667 0.2345924453280318 0.011458333333333333 0.02385685884691849
0 0.14713541666666666 0.2415506958250497 0.025520833333333333 0.03578528827037773
0 0.5575520833333333 0.24254473161033796 0.0140625 0.02385685884691849
0 0.9143229166666667 0.24801192842942346 0.0140625 0.016898608349900597
0 0.3390625 0.2654075546719682 0.008333333333333333 0.05168986083499006
0 0.4622395833333333 0.2504970178926441 0.009895833333333333 0.013916500994035786
0 0.39166666666666666 0.27236580516898606 0.017708333333333333 0.02385685884691849
0 0.28020833333333334 0.2768389662027833 0.016666666666666666 0.030815109343936383
0 0.4041666666666667 0.30019880715705766 0.014583333333333334 0.02385685884691849
0 0.4348958333333333 0.3066600397614314 0.014583333333333334 0.010934393638170975
0 0.8375 0.3374751491053678 0.021875 0.030815109343936383
0 0.36015625 0.33300198807157055 0.016145833333333335 0.017892644135188866
0 0.43802083333333336 0.36232604373757454 0.01875 0.016898608349900597
0 0.6153645833333333 0.3782306163021869 0.022395833333333334 0.016898608349900597
0 0.35442708333333334 0.40506958250497016 0.0203125 0.06262425447316103
0 0.22604166666666667 0.40308151093439365 0.005208333333333333 0.02882703777335984
0 0.10911458333333333 0.43439363817097415 0.0140625 0.041749502982107355
0 0.13020833333333334 0.44681908548707755 0.014583333333333334 0.04473161033797217
0 0.365625 0.46371769383697814 0.0125 0.032803180914512925
0 0.33958333333333335 0.47564612326043737 0.011458333333333333 0.02485089463220676
0 0.22630208333333332 0.47713717693836977 0.0140625 0.02186878727634195
0 0.5783854166666667 0.5293240556660039 0.0067708333333333336 0.03479125248508946
0 0.12994791666666666 0.5392644135188867 0.013020833333333334 0.03479125248508946
0 0.5549479166666667 0.5636182902584493 0.011979166666666667 0.0437375745526839
0 0.7953125 0.5566600397614314 0.016666666666666666 0.015904572564612324
0 0.4466145833333333 0.5541749502982107 0.013020833333333334 0.010934393638170975
0 0.4630208333333333 0.5601391650099403 0.007291666666666667 0.018886679920477135
0 0.49947916666666664 0.5675944333996024 0.007291666666666667 0.03180914512922465
0 0.4622395833333333 0.6033797216699801 0.0067708333333333336 0.027833001988071572
0 0.42291666666666666 0.606858846918489 0.005208333333333333 0.016898608349900597
0 0.5934895833333333 0.6187872763419483 0.0140625 0.008946322067594433
0 0.0125 0.6371769383697813 0.017708333333333333 0.02584493041749503
0 0.41640625 0.6376739562624254 0.008854166666666666 0.02485089463220676
0 0.24140625 0.6376739562624254 0.018229166666666668 0.014910536779324055
0 0.44140625 0.6416500994035785 0.015104166666666667 0.008946322067594433
0 0.3921875 0.6535785288270378 0.009375 0.02286282306163022
0 0.42604166666666665 0.6620278330019881 0.007291666666666667 0.03180914512922465
0 0.49322916666666666 0.6645129224652088 0.015625 0.010934393638170975
0 0.15807291666666667 0.672962226640159 0.024479166666666666 0.02385685884691849
0 0.5377604166666666 0.6953280318091452 0.008854166666666666 0.036779324055666
0 0.6510416666666666 0.6933399602385686 0.020833333333333332 0.020874751491053677
0 0.465625 0.7137176938369781 0.008333333333333333 0.041749502982107355
0 0.43671875 0.73558648111332 0.005729166666666666 0.011928429423459244
0 0.3697916666666667 0.7654075546719682 0.007291666666666667 0.02982107355864811
0 0.39296875 0.8011928429423459 0.0067708333333333336 0.02982107355864811
0 0.5005208333333333 0.9239562624254473 0.011458333333333333 0.020874751491053677
0 0.29348958333333336 0.9239562624254473 0.016145833333333335 0.014910536779324055
0 0.5533854166666666 0.9463220675944334 0.0203125 0.03180914512922465
0 0.42083333333333334 0.9801192842942346 0.013541666666666667 0.03777335984095427
0 0.3734375 0.9860834990059643 0.0125 0.02584493041749503
0 0.5653645833333333 0.9910536779324056 0.0078125 0.015904572564612324