0 0.13098958333333333 0.01739562624254473 0.019270833333333334 0.03479125248508946
0 0.02578125 0.019880715705765408 0.050520833333333334 0.039761431411530816
0 0.2752604166666667 0.015407554671968192 0.011979166666666667 0.02286282306163022
0 0.48020833333333335 0.03628230616302187 0.011458333333333333 0.02485089463220676
0 0.04921875 0.0352882703777336 0.0067708333333333336 0.018886679920477135
0 0.26067708333333334 0.0889662027833002 0.009895833333333333 0.020874751491053677
0 0.004166666666666667 0.08449304174950298 0.007291666666666667 0.011928429423459244
0 0.38359375 0.0889662027833002 0.0109375 0.016898608349900597
0 0.16145833333333334 0.10039761431411531 0.01875 0.033797216699801194
0 0.19322916666666667 0.09990059642147117 0.0125 0.020874751491053677
0 0.30859375 0.11630218687872763 0.0140625 0.011928429423459244
0 0.13541666666666666 0.1327037773359841 0.022916666666666665 0.036779324055666
0 0.10338541666666666 0.14214711729622267 0.009895833333333333 0.02584493041749503
0 0.08645833333333333 0.14165009940357853 0.00625 0.012922465208747515
0 0.023958333333333335 0.17345924453280318 0.013541666666666667 0.016898608349900597
0 0.09296875 0.1754473161033797 0.013020833333333334 0.018886679920477135
0 0.4127604166666667 0.18190854870775347 0.0067708333333333336 0.013916500994035786
0 0.146875 0.18190854870775347 0.016666666666666666 0.015904572564612324
0 0.10182291666666667 0.19582504970178927 0.024479166666666666 0.03180914512922465
0 0.25494791666666666 0.19234592445328033 0.0140625 0.012922465208747515
0 0.5104166666666666 0.19831013916500995 0.007291666666666667 0.016898608349900597
0 0.7268229166666667 0.20328031809145128 0.011979166666666667 0.012922465208747515
0 0.49895833333333334 0.20576540755467196 0.005208333333333333 0.015904572564612324
0 0.40677083333333336 0.21819085487077536 0.0125 0.020874751491053677
0 0.75546875 0.22117296222664015 0.011979166666666667 0.018886679920477135
0 0.11432291666666666 0.23508946322067595 0.011979166666666667 0.020874751491053677
0 0.09140625 0.24801192842942346 0.015104166666666667 0.014910536779324055
0 0.32265625 0.2584493041749503 0.0067708333333333336 0.02584493041749503
0 0.2109375 0.3096421471172962 0.015625 0.0268389662027833
0 0.03307291666666667 0.3215705765407555 0.0078125 0.030815109343936383
0 0.246875 0.3215705765407555 0.008333333333333333 0.0268389662027833
0 0.5825520833333333 0.3275347912524851 0.009895833333333333 0.018886679920477135
0 0.053125 0.3474155069582505 0.015625 0.03876739562624255
0 0.18958333333333333 0.3648111332007952 0.011458333333333333 0.013916500994035786
0 0.22578125 0.4194831013916501 0.0067708333333333336 0.017892644135188866
0 0.4434895833333333 0.42445328031809143 0.0067708333333333336 0.013916500994035786
0 0.35520833333333335 0.42296222664015903 0.011458333333333333 0.012922465208747515
0 0.32786458333333335 0.4463220675944334 0.0078125 0.02584493041749503
0 0.22135416666666666 0.45029821073558646 0.015625 0.019880715705765408
0 0.29583333333333334 0.46073558648111335 0.016666666666666666 0.012922465208747515
0 0.50234375 0.481610337972167 0.022395833333333334 0.020874751491053677
0 0.29609375 0.4945328031809145 0.0036458333333333334 0.020874751491053677
0 0.5940104166666667 0.5019880715705766 0.011979166666666667 0.02385685884691849
0 0.03515625 0.5154075546719682 0.011979166666666667 0.03479125248508946
0 0.33958333333333335 0.5159045725646123 0.009375 0.027833001988071572
0 0.24557291666666667 0.5198807157057654 0.015104166666666667 0.03578528827037773
0 0.36041666666666666 0.5149105367793241 0.011458333333333333 0.009940357852882704
0 0.22421875 0.5243538767395626 0.0046875 0.02485089463220676
0 0.20260416666666667 0.5482107355864811 0.005208333333333333 0.018886679920477135
0 0.35078125 0.5546719681908548 0.013020833333333334 0.02385685884691849
0 0.2552083333333333 0.56610337972167 0.010416666666666666 0.03876739562624255
0 0.23567708333333334 0.5606361829025845 0.008854166666666666 0.02982107355864811
0 0.19322916666666667 0.5705765407554672 0.007291666666666667 0.02584493041749503
0 0.04140625 0.5720675944333996 0.0067708333333333336 0.02882703777335984
0 0.17942708333333332 0.577037773359841 0.0067708333333333336 0.012922465208747515
0 0.2721354166666667 0.5830019880715706 0.013020833333333334 0.010934393638170975
0 0.3020833333333333 0.5969184890656064 0.0125 0.03479125248508946
0 0.22135416666666666 0.5994035785288271 0.008333333333333333 0.019880715705765408
0 0.41380208333333335 0.6058648111332008 0.0109375 0.02286282306163022
0 0.1671875 0.6123260437375746 0.014583333333333334 0.011928429423459244
0 0.3578125 0.6257455268389662 0.010416666666666666 0.0268389662027833
0 0.4088541666666667 0.6376739562624254 0.00625 0.03479125248508946
0 0.28463541666666664 0.6481113320079522 0.016145833333333335 0.02385685884691849
0 0.18567708333333333 0.6530815109343936 0.009895833333333333 0.02584493041749503
0 0.06041666666666667 0.6610337972166997 0.0125 0.03777335984095427
0 0.33958333333333335 0.6610337972166997 0.007291666666666667 0.02584493041749503
0 0.27317708333333335 0.6625248508946322 0.018229166666666668 0.018886679920477135
0 0.13255208333333332 0.6749502982107356 0.011979166666666667 0.017892644135188866
0 0.29765625 0.6993041749502982 0.027604166666666666 0.06262425447316103
0 0.2552083333333333 0.6868787276341949 0.008333333333333333 0.027833001988071572
0 0.209375 0.6978131212723658 0.00625 0.03180914512922465
0 0.221875 0.7152087475149106 0.011458333333333333 0.06063618290258449
0 0.1875 0.7037773359840954 0.0125 0.027833001988071572
0 0.56328125 0.705765407554672 0.0234375 0.02186878727634195
0 0.13229166666666667 0.7117296222664016 0.011458333333333333 0.027833001988071572
0 0.05130208333333333 0.7162027833001988 0.013020833333333334 0.030815109343936383
0 0.025520833333333333 0.7102385685884692 0.011458333333333333 0.018886679920477135
0 0.10807291666666667 0.7166998011928429 0.0140625 0.02385685884691849
0 0.25052083333333336 0.7261431411530815 0.00625 0.0268389662027833
0 0.5541666666666667 0.7360834990059643 0.008333333333333333 0.016898608349900597
0 0.2794270833333333 0.7435387673956262 0.0067708333333333336 0.02982107355864811
0 0.3026041666666667 0.7380715705765407 0.0125 0.014910536779324055
0 0.07734375 0.7415506958250497 0.019270833333333334 0.017892644135188866
0 0.35572916666666665 0.7569582504970179 0.009375 0.02485089463220676
0 0.26458333333333334 0.7604373757455268 0.005208333333333333 0.02982107355864811
0 0.10026041666666667 0.7693836978131213 0.018229166666666668 0.04572564612326044
0 0.1453125 0.7668986083499006 0.009375 0.036779324055666
0 0.39296875 0.7723658051689861 0.0046875 0.03180914512922465
0 0.3296875 0.7678926441351889 0.011458333333333333 0.014910536779324055
0 0.34296875 0.7763419483101391 0.0078125 0.027833001988071572
0 0.2989583333333333 0.7887673956262425 0.008333333333333333 0.03479125248508946
0 0.3734375 0.7892644135188867 0.008333333333333333 0.02584493041749503
0 0.20546875 0.8006958250497018 0.0203125 0.04473161033797217
0 0.27291666666666664 0.8076540755467196 0.0125 0.018886679920477135
0 0.24791666666666667 0.8071570576540755 0.007291666666666667 0.015904572564612324
0 0.3111979166666667 0.8190854870775348 0.0067708333333333336 0.02982107355864811
0 0.4796875 0.8260437375745527 0.015625 0.017892644135188866
0 0.15286458333333333 0.8285288270377733 0.011979166666666667 0.02286282306163022
0 0.5119791666666667 0.8399602385685885 0.004166666666666667 0.02186878727634195
0 0.44921875 0.8439363817097415 0.0046875 0.02385685884691849
0 0.21770833333333334 0.8409542743538767 0.019791666666666666 0.015904572564612324
0 0.019791666666666666 0.882703777335984 0.017708333333333333 0.041749502982107355
0 0.31302083333333336 0.8722664015904572 0.009375 0.010934393638170975
0 0.44192708333333336 0.897117296222664 0.008854166666666666 0.036779324055666
0 0.32578125 0.882703777335984 0.011979166666666667 0.007952286282306162
0 0.22786458333333334 0.893141153081511 0.011979166666666667 0.02882703777335984
0 0.21015625 0.8851888667992047 0.0109375 0.010934393638170975
0 0.21536458333333333 0.9055666003976143 0.013020833333333334 0.015904572564612324
0 0.2 0.9160039761431411 0.010416666666666666 0.02485089463220676
0 0.5825520833333333 0.9130218687872763 0.016145833333333335 0.008946322067594433
0 0.25026041666666665 0.9145129224652088 0.016145833333333335 0.013916500994035786
0 0.04895833333333333 0.9209741550695825 0.017708333333333333 0.0268389662027833
0 0.22161458333333334 0.9473161033797217 0.009895833333333333 0.019880715705765408
0 0.08098958333333334 0.9572564612326043 0.0109375 0.03578528827037773
0 0.3614583333333333 0.9498011928429424 0.017708333333333333 0.014910536779324055
0 0.2950520833333333 0.9587475149105368 0.015104166666666667 0.032803180914512925
0 0.16614583333333333 0.9567594433399602 0.009375 0.018886679920477135
0 0.21015625 0.9662027833001988 0.0067708333333333336 0.02584493041749503
0 0.25286458333333334 0.9711729622266402 0.0036458333333333334 0.02385685884691849
0 0.5190104166666667 0.9662027833001988 0.016145833333333335 0.009940357852882704
0 0.04401041666666667 0.9766401590457257 0.013020833333333334 0.030815109343936383
0 0.32786458333333335 0.9811133200795229 0.027604166666666666 0.03578528827037773
0 0.37473958333333335 0.974155069582505 0.015104166666666667 0.017892644135188866
0 0.234375 0.9831013916500994 0.016666666666666666 0.02584493041749503
0 0.11770833333333333 0.9840954274353877 0.013541666666666667 0.02982107355864811
0 0.008854166666666666 0.9865805168986084 0.016666666666666666 0.02485089463220676
0 0.07708333333333334 0.9915506958250497 0.03333333333333333 0.014910536779324055
0 0.6057291666666667 0.9920477137176938 0.014583333333333334 0.013916500994035786
0 0.26875 0.9920477137176938 0.011458333333333333 0.013916500994035786