0 0.9890625 0.007455268389662028 0.021875 0.014910536779324055
0 0.9611979166666667 0.002982107355864811 0.018229166666666668 0.005964214711729622
0 0.06354166666666666 0.0004970178926441351 0.026041666666666668 0.0009940357852882703
0 0.6817708333333333 0.01341948310139165 0.0125 0.018886679920477135
0 0.46145833333333336 0.018389662027833 0.017708333333333333 0.020874751491053677
0 0.8901041666666667 0.019383697813121274 0.015625 0.016898608349900597
0 0.96484375 0.03827037773359841 0.015104166666666667 0.02286282306163022
0 0.08984375 0.05666003976143141 0.016145833333333335 0.015904572564612324
0 0.27317708333333335 0.06908548707753479 0.0109375 0.016898608349900597
0 0.478125 0.07554671968190854 0.011458333333333333 0.011928429423459244
0 0.5736979166666667 0.08648111332007952 0.0140625 0.03180914512922465
0 0.05260416666666667 0.08449304174950298 0.009375 0.019880715705765408
0 0.7447916666666666 0.08499005964214712 0.0125 0.016898608349900597
0 0.30234375 0.10238568588469185 0.0067708333333333336 0.015904572564612324
0 0.25859375 0.10437375745526839 0.0109375 0.013916500994035786
0 0.9729166666666667 0.10437375745526839 0.010416666666666666 0.011928429423459244
0 0.9916666666666667 0.13817097415506957 0.016666666666666666 0.07554671968190854
0 0.49765625 0.13021868787276342 0.018229166666666668 0.0437375745526839
0 0.09765625 0.12127236580516898 0.0109375 0.017892644135188866
0 0.4739583333333333 0.14015904572564614 0.022916666666666665 0.02982107355864811
0 0.95390625 0.14860834990059643 0.0140625 0.020874751491053677
0 0.038802083333333334 0.1709741550695825 0.034895833333333334 0.03777335984095427
0 0.17083333333333334 0.16401590457256462 0.011458333333333333 0.017892644135188866
0 0.8708333333333333 0.1749502982107356 0.011458333333333333 0.033797216699801194
0 0.24479166666666666 0.17196819085487078 0.015625 0.013916500994035786
0 0.9669270833333333 0.17693836978131214 0.015104166666666667 0.02186878727634195
0 0.6265625 0.17992047713717693 0.011458333333333333 0.027833001988071572
0 0.48828125 0.1754473161033797 0.008854166666666666 0.012922465208747515
0 0.11588541666666667 0.1893638170974155 0.0046875 0.0268389662027833
0 0.203125 0.1978131212723658 0.01875 0.015904572564612324
0 0.7458333333333333 0.20825049701789264 0.021875 0.02882703777335984
0 0.515625 0.20079522862823063 0.0125 0.009940357852882704
0 0.8203125 0.21073558648111332 0.021875 0.02186878727634195
0 0.029427083333333333 0.20526838966202784 0.0140625 0.010934393638170975
0 0.49583333333333335 0.2261431411530815 0.013541666666666667 0.030815109343936383
0 0.4473958333333333 0.22962226640159045 0.021875 0.02982107355864811
0 0.253125 0.22415506958250497 0.011458333333333333 0.008946322067594433
0 0.85703125 0.2430417495029821 0.011979166666666667 0.03876739562624255
0 0.5705729166666667 0.24751491053677932 0.0078125 0.033797216699801194
0 0.0671875 0.24950298210735586 0.021875 0.03578528827037773
0 0.5450520833333333 0.2504970178926441 0.011979166666666667 0.02186878727634195
0 0.18046875 0.24950298210735586 0.008854166666666666 0.015904572564612324
0 0.16380208333333332 0.25347912524850896 0.0109375 0.013916500994035786
0 0.41484375 0.26192842942345923 0.008854166666666666 0.02286282306163022
0 0.9786458333333333 0.268389662027833 0.029166666666666667 0.02186878727634195
0 0.7825520833333334 0.27286282306163023 0.013020833333333334 0.02882703777335984
0 0.28020833333333334 0.2639165009940358 0.010416666666666666 0.012922465208747515
0 0.67421875 0.27634194831013914 0.0036458333333333334 0.02385685884691849
0 0.6338541666666667 0.27335984095427435 0.020833333333333332 0.017892644135188866
0 0.25364583333333335 0.2828031809145129 0.016666666666666666 0.018886679920477135
0 0.23854166666666668 0.2813121272365805 0.0125 0.013916500994035786
0 0.14401041666666667 0.2852882703777336 0.0109375 0.02385685884691849
0 0.8765625 0.29025844930417494 0.011458333333333333 0.027833001988071572
0 0.7333333333333333 0.28727634194831014 0.007291666666666667 0.017892644135188866
0 0.61640625 0.2882703777335984 0.018229166666666668 0.02186878727634195
0 0.28125 0.28727634194831014 0.009375 0.019880715705765408
0 0.13125 0.28727634194831014 0.011458333333333333 0.009940357852882704
0 0.05807291666666667 0.2932405566600398 0.013020833333333334 0.013916500994035786
0 0.7533854166666667 0.31312127236580517 0.0140625 0.02584493041749503
0 0.5260416666666666 0.31560636182902585 0.010416666666666666 0.032803180914512925
0 0.278125 0.3061630218687873 0.013541666666666667 0.011928429423459244
0 0.17630208333333333 0.31312127236580517 0.0140625 0.02385685884691849
0 0.030208333333333334 0.31262425447316106 0.010416666666666666 0.016898608349900597
0 0.01015625 0.31411530815109345 0.0067708333333333336 0.019880715705765408
0 0.69765625 0.3220675944333996 0.0171875 0.013916500994035786
0 0.06588541666666667 0.3250497017892644 0.0067708333333333336 0.019880715705765408
0 0.7234375 0.33250497017892644 0.017708333333333333 0.02882703777335984
0 0.6143229166666667 0.3240556660039761 0.015104166666666667 0.011928429423459244
0 0.6815104166666667 0.3394632206759443 0.013020833333333334 0.014910536779324055
0 0.390625 0.34791252485089463 0.005208333333333333 0.03180914512922465
0 0.9901041666666667 0.35785288270377735 0.019791666666666666 0.04771371769383698
0 0.28932291666666665 0.34493041749502984 0.015104166666666667 0.019880715705765408
0 0.22265625 0.34840954274353875 0.013020833333333334 0.008946322067594433
0 0.41119791666666666 0.3558648111332008 0.0203125 0.02186878727634195
0 0.0049479166666666664 0.3558648111332008 0.008854166666666666 0.017892644135188866
0 0.53515625 0.3548707753479125 0.013020833333333334 0.009940357852882704
0 0.73359375 0.3727634194831014 0.009895833333333333 0.027833001988071572
0 0.007552083333333333 0.3817097415506958 0.0140625 0.017892644135188866
0 0.11328125 0.3851888667992048 0.009895833333333333 0.012922465208747515
0 0.5557291666666667 0.39314115308151093 0.00625 0.014910536779324055
0 0.3609375 0.3951292246520875 0.004166666666666667 0.018886679920477135
0 0.30546875 0.3976143141153082 0.0036458333333333334 0.02186878727634195
0 0.03723958333333333 0.4025844930417495 0.0171875 0.027833001988071572
0 0.23541666666666666 0.40159045725646125 0.005208333333333333 0.015904572564612324
0 0.5033854166666667 0.4150099403578529 0.011979166666666667 0.03479125248508946
0 0.18776041666666668 0.40656063618290256 0.008854166666666666 0.019880715705765408
0 0.12890625 0.4105367793240557 0.0067708333333333336 0.017892644135188866
0 0.44557291666666665 0.42147117296222664 0.008854166666666666 0.033797216699801194
0 0.46640625 0.4224652087475149 0.016145833333333335 0.03180914512922465
0 0.68984375 0.4194831013916501 0.018229166666666668 0.017892644135188866
0 0.1015625 0.41848906560636184 0.0125 0.011928429423459244
0 0.053125 0.4234592445328032 0.011458333333333333 0.019880715705765408
0 0.3059895833333333 0.43190854870775347 0.005729166666666666 0.02882703777335984
0 0.3255208333333333 0.4309145129224652 0.016666666666666666 0.02286282306163022
0 0.020052083333333335 0.43588469184890655 0.013020833333333334 0.030815109343936383
0 0.4744791666666667 0.44681908548707755 0.011458333333333333 0.03876739562624255
0 0.39869791666666665 0.4408548707753479 0.021354166666666667 0.02485089463220676
0 0.60234375 0.452286282306163 0.0036458333333333334 0.019880715705765408
0 0.3125 0.452286282306163 0.005208333333333333 0.019880715705765408
0 0.12213541666666666 0.4567594433399602 0.016145833333333335 0.02286282306163022
0 0.4401041666666667 0.4602385685884692 0.009375 0.015904572564612324
0 0.17760416666666667 0.46669980119284293 0.007291666666666667 0.02286282306163022
0 0.9953125 0.4746520874751491 0.009375 0.032803180914512925
0 0.459375 0.4711729622266402 0.015625 0.015904572564612324
0 0.15208333333333332 0.4801192842942346 0.009375 0.02584493041749503
0 0.08984375 0.47862823061630216 0.013020833333333334 0.018886679920477135
0 0.5299479166666666 0.4826043737574553 0.005729166666666666 0.02286282306163022
0 0.48046875 0.47564612326043737 0.0140625 0.008946322067594433
0 0.03333333333333333 0.4835984095427435 0.013541666666666667 0.02485089463220676
0 0.7591145833333334 0.48061630218687873 0.008854166666666666 0.014910536779324055
0 0.9486979166666667 0.4865805168986084 0.015104166666666667 0.020874751491053677
0 0.378125 0.4915506958250497 0.00625 0.02882703777335984
0 0.4036458333333333 0.4915506958250497 0.010416666666666666 0.018886679920477135
0 0.8078125 0.5024850894632207 0.00625 0.02882703777335984
0 0.71875 0.5069582504970179 0.015625 0.02385685884691849
0 0.27760416666666665 0.5064612326043738 0.009375 0.02485089463220676
0 0.3346354166666667 0.5094433399602386 0.0067708333333333336 0.02485089463220676
0 0.12734375 0.5149105367793241 0.0140625 0.033797216699801194
0 0.0859375 0.518389662027833 0.022916666666666665 0.03876739562624255
0 0.17916666666666667 0.5054671968190855 0.015625 0.010934393638170975
0 0.50078125 0.532803180914513 0.0078125 0.03578528827037773
0 0.32421875 0.5248508946322068 0.0067708333333333336 0.02186878727634195
0 0.44869791666666664 0.5342942345924453 0.0036458333333333334 0.0268389662027833
0 0.0921875 0.5293240556660039 0.016666666666666666 0.014910536779324055
0 0.35208333333333336 0.5352882703777336 0.014583333333333334 0.02286282306163022
0 0.4317708333333333 0.540258449304175 0.0125 0.02485089463220676
0 0.4578125 0.5536779324055666 0.0125 0.0437375745526839
0 0.05390625 0.5497017892644135 0.008854166666666666 0.027833001988071572
0 0.1671875 0.5596421471172962 0.005208333333333333 0.03180914512922465
0 0.73203125 0.5596421471172962 0.0140625 0.02385685884691849
0 0.23776041666666667 0.5695825049701789 0.005729166666666666 0.033797216699801194
0 0.008072916666666667 0.5725646123260437 0.008854166666666666 0.017892644135188866
0 0.39895833333333336 0.5839960238568589 0.015625 0.014910536779324055
0 0.6921875 0.6083499005964215 0.011458333333333333 0.033797216699801194
0 0.4765625 0.5969184890656064 0.010416666666666666 0.008946322067594433
0 0.32057291666666665 0.6013916500994035 0.015104166666666667 0.013916500994035786
0 0.5799479166666667 0.6108349900596421 0.0109375 0.02882703777335984
0 0.24270833333333333 0.6023856858846919 0.011458333333333333 0.013916500994035786
0 0.012760416666666666 0.6128230616302187 0.0078125 0.0268389662027833
0 0.7109375 0.6222664015904572 0.014583333333333334 0.015904572564612324
0 0.40963541666666664 0.6232604373757455 0.0067708333333333336 0.017892644135188866
0 0.6580729166666667 0.6277335984095428 0.011979166666666667 0.02286282306163022
0 0.19427083333333334 0.628727634194831 0.00625 0.0268389662027833
0 0.39114583333333336 0.639662027833002 0.019791666666666666 0.04473161033797217
0 0.14895833333333333 0.6277335984095428 0.013541666666666667 0.012922465208747515
0 0.34765625 0.6466202783300199 0.0067708333333333336 0.02485089463220676
0 0.9296875 0.6520874751491054 0.011458333333333333 0.02385685884691849
0 0.6559895833333333 0.6575546719681908 0.013020833333333334 0.02485089463220676
0 0.11875 0.6555666003976143 0.014583333333333334 0.014910536779324055
0 0.8669270833333333 0.6650099403578529 0.021354166666666667 0.019880715705765408
0 0.4947916666666667 0.6709741550695825 0.008333333333333333 0.02584493041749503
0 0.45208333333333334 0.6774353876739563 0.016666666666666666 0.02286282306163022
0 0.9947916666666666 0.6853876739562624 0.010416666666666666 0.016898608349900597
0 0.68203125 0.6943339960238568 0.008854166666666666 0.020874751491053677
0 0.6111979166666667 0.6943339960238568 0.009895833333333333 0.014910536779324055
0 0.27578125 0.7012922465208747 0.0067708333333333336 0.020874751491053677
0 0.44114583333333335 0.709741550695825 0.00625 0.02982107355864811
0 0.4921875 0.7042743538767395 0.010416666666666666 0.014910536779324055
0 0.41067708333333336 0.7162027833001988 0.0036458333333333334 0.02882703777335984
0 0.46015625 0.7286282306163022 0.0140625 0.015904572564612324
0 0.38359375 0.7306163021868787 0.015104166666666667 0.019880715705765408
0 0.4236979166666667 0.7281312127236581 0.013020833333333334 0.006958250497017893
0 0.35963541666666665 0.7435387673956262 0.0036458333333333334 0.027833001988071572
0 0.88046875 0.7380715705765407 0.015104166666666667 0.012922465208747515
0 0.4354166666666667 0.7465208747514911 0.005208333333333333 0.02982107355864811
0 0.6807291666666667 0.7539761431411531 0.03333333333333333 0.03876739562624255
0 0.005729166666666666 0.7420477137176938 0.010416666666666666 0.012922465208747515
0 0.34010416666666665 0.7490059642147118 0.010416666666666666 0.016898608349900597
0 0.4739583333333333 0.7649105367793241 0.01875 0.030815109343936383
0 0.7721354166666666 0.7649105367793241 0.0171875 0.020874751491053677
0 0.7401041666666667 0.7778330019880716 0.005208333333333333 0.02882703777335984
0 0.12838541666666667 0.7723658051689861 0.009895833333333333 0.019880715705765408
0 0.07552083333333333 0.7728628230616302 0.0125 0.020874751491053677
0 0.2669270833333333 0.7708747514910537 0.009895833333333333 0.012922465208747515
0 0.334375 0.7813121272365805 0.004166666666666667 0.02584493041749503
0 0.28072916666666664 0.7783300198807157 0.010416666666666666 0.019880715705765408
0 0.21953125 0.7783300198807157 0.018229166666666668 0.013916500994035786
0 0.019791666666666666 0.7852882703777336 0.008333333333333333 0.02982107355864811
0 0.3807291666666667 0.7972166998011928 0.022916666666666665 0.039761431411530816
0 0.18229166666666666 0.797713717693837 0.010416666666666666 0.036779324055666
0 0.5864583333333333 0.7967196819085487 0.00625 0.030815109343936383
0 0.24739583333333334 0.794234592445328 0.0125 0.009940357852882704
0 0.2955729166666667 0.8066600397614314 0.0140625 0.0268389662027833
0 0.73671875 0.8151093439363817 0.009895833333333333 0.02186878727634195
0 0.7515625 0.8399602385685885 0.008333333333333333 0.02982107355864811
0 0.678125 0.8399602385685885 0.011458333333333333 0.015904572564612324
0 0.284375 0.8439363817097415 0.011458333333333333 0.02385685884691849
0 0.39166666666666666 0.8434393638170974 0.013541666666666667 0.016898608349900597
0 0.12604166666666666 0.860337972166998 0.00625 0.030815109343936383
0 0.3125 0.8653081510934394 0.028125 0.030815109343936383
0 0.49322916666666666 0.8648111332007953 0.013541666666666667 0.02385685884691849
0 0.9276041666666667 0.8623260437375746 0.014583333333333334 0.016898608349900597
0 0.43046875 0.8737574552683897 0.0067708333333333336 0.02982107355864811
0 0.3450520833333333 0.8663021868787276 0.0109375 0.014910536779324055
0 0.07369791666666667 0.871272365805169 0.009895833333333333 0.02485089463220676
0 0.746875 0.8682902584493042 0.007291666666666667 0.016898608349900597
0 0.26953125 0.867296222664016 0.011979166666666667 0.014910536779324055
0 0.5153645833333333 0.8772365805168986 0.0036458333333333334 0.02485089463220676
0 0.375 0.885685884691849 0.021875 0.041749502982107355
0 0.25703125 0.8777335984095428 0.0067708333333333336 0.02385685884691849
0 0.6536458333333334 0.882703777335984 0.00625 0.02982107355864811
0 0.24401041666666667 0.8792246520874751 0.011979166666666667 0.010934393638170975
0 0.008854166666666666 0.8946322067594433 0.016666666666666666 0.03180914512922465
0 0.91328125 0.8946322067594433 0.008854166666666666 0.02982107355864811
0 0.48489583333333336 0.8886679920477137 0.008333333333333333 0.017892644135188866
0 0.3859375 0.9120278330019881 0.009375 0.06461232604373758
0 0.28125 0.893141153081511 0.008333333333333333 0.0268389662027833
0 0.3453125 0.8911530815109344 0.014583333333333334 0.018886679920477135
0 0.4205729166666667 0.8911530815109344 0.0067708333333333336 0.014910536779324055
0 0.521875 0.9125248508946322 0.017708333333333333 0.033797216699801194
0 0.07265625 0.9244532803180915 0.0203125 0.03578528827037773
0 0.41302083333333334 0.937375745526839 0.020833333333333332 0.05964214711729622
0 0.24661458333333333 0.9160039761431411 0.009895833333333333 0.014910536779324055
0 0.36432291666666666 0.9174950298210736 0.013020833333333334 0.015904572564612324
0 0.353125 0.9239562624254473 0.011458333333333333 0.020874751491053677
0 0.2872395833333333 0.9284294234592445 0.027604166666666666 0.027833001988071572
0 0.484375 0.9368787276341949 0.01875 0.03876739562624255
0 0.45598958333333334 0.9239562624254473 0.0109375 0.012922465208747515
0 0.55 0.9363817097415507 0.010416666666666666 0.033797216699801194
0 0.1453125 0.9249502982107356 0.013541666666666667 0.008946322067594433
0 0.33984375 0.9314115308151093 0.008854166666666666 0.019880715705765408
0 0.31640625 0.9333996023856859 0.008854166666666666 0.019880715705765408
0 0.029947916666666668 0.9468190854870775 0.024479166666666666 0.042743538767395624
0 0.43723958333333335 0.9572564612326043 0.009895833333333333 0.02385685884691849
0 0.5135416666666667 0.9676938369781312 0.014583333333333334 0.03876739562624255
0 0.34427083333333336 0.959741550695825 0.008333333333333333 0.018886679920477135
0 0.4903645833333333 0.9716699801192843 0.025520833333333333 0.03876739562624255
0 0.37265625 0.9686878727634195 0.008854166666666666 0.0268389662027833
0 0.14635416666666667 0.9835984095427436 0.007291666666666667 0.030815109343936383
0 0.46171875 0.98558648111332 0.0265625 0.0268389662027833
0 0.3807291666666667 0.9875745526838966 0.0125 0.02286282306163022