0 0.20182291666666666 0.028330019880715707 0.0140625 0.05666003976143141
0 0.98515625 0.0004970178926441351 0.028645833333333332 0.0009940357852882703
0 0.6484375 0.024353876739562623 0.0125 0.032803180914512925
0 0.7294270833333333 0.031312127236580514 0.015104166666666667 0.04671968190854871
0 0.39375 0.030815109343936383 0.013541666666666667 0.033797216699801194
0 0.8502604166666666 0.05168986083499006 0.008854166666666666 0.03777335984095427
0 0.6583333333333333 0.04821073558648111 0.015625 0.02286282306163022
0 0.05859375 0.06113320079522863 0.0140625 0.036779324055666
0 0.31979166666666664 0.060139165009940355 0.010416666666666666 0.03479125248508946
0 0.42135416666666664 0.09095427435387674 0.00625 0.036779324055666
0 0.7221354166666667 0.08797216699801193 0.0109375 0.0268389662027833
0 0.7932291666666667 0.09940357852882704 0.009375 0.04970178926441352
0 0.090625 0.09244532803180915 0.016666666666666666 0.013916500994035786
0 0.25 0.12673956262425448 0.017708333333333333 0.018886679920477135
0 0.09661458333333334 0.12922465208747516 0.019270833333333334 0.017892644135188866
0 0.6072916666666667 0.14065606361829025 0.010416666666666666 0.02286282306163022
0 0.17109375 0.1525844930417495 0.009895833333333333 0.042743538767395624
0 0.65078125 0.15606361829025844 0.009895833333333333 0.027833001988071572
0 0.90078125 0.1694831013916501 0.008854166666666666 0.02882703777335984
0 0.8690104166666667 0.17395626242544732 0.009895833333333333 0.02385685884691849
0 0.52265625 0.18389662027833 0.015104166666666667 0.039761431411530816
0 0.40703125 0.1863817097415507 0.008854166666666666 0.03876739562624255
0 0.9322916666666666 0.1863817097415507 0.013541666666666667 0.036779324055666
0 0.27109375 0.18687872763419483 0.0109375 0.033797216699801194
0 0.859375 0.18886679920477137 0.017708333333333333 0.03180914512922465
0 0.22213541666666667 0.1848906560636183 0.027604166666666666 0.019880715705765408
0 0.7020833333333333 0.20576540755467196 0.021875 0.017892644135188866
0 0.7276041666666667 0.21371769383697814 0.014583333333333334 0.017892644135188866
0 0.9041666666666667 0.2201789264413519 0.015625 0.030815109343936383
0 0.6825520833333333 0.22465208747514911 0.0109375 0.02385685884691849
0 0.08203125 0.23508946322067595 0.019270833333333334 0.032803180914512925
0 0.7231770833333333 0.23906560636182903 0.018229166666666668 0.042743538767395624
0 0.99140625 0.2370775347912525 0.016145833333333335 0.03876739562624255
0 0.3953125 0.23807157057654074 0.014583333333333334 0.010934393638170975
0 0.74765625 0.2514910536779324 0.011979166666666667 0.039761431411530816
0 0.6973958333333333 0.24353876739562624 0.008333333333333333 0.019880715705765408
0 0.2078125 0.26093439363817095 0.013541666666666667 0.03876739562624255
0 0.63515625 0.2624254473161034 0.0203125 0.027833001988071572
0 0.68984375 0.2554671968190855 0.009895833333333333 0.013916500994035786
0 0.88046875 0.25646123260437376 0.009895833333333333 0.017892644135188866
0 0.57265625 0.2837972166998012 0.016145833333333335 0.018886679920477135
0 0.8192708333333333 0.28578528827037775 0.015625 0.018886679920477135
0 0.02734375 0.28876739562624254 0.0140625 0.014910536779324055
0 0.2421875 0.2927435387673956 0.016666666666666666 0.020874751491053677
0 0.38828125 0.3136182902584493 0.008854166666666666 0.02485089463220676
0 0.6059895833333333 0.3225646123260437 0.016145833333333335 0.02882703777335984
0 0.10755208333333334 0.32803180914512925 0.0203125 0.033797216699801194
0 0.625 0.3225646123260437 0.017708333333333333 0.014910536779324055
0 0.125 0.352882703777336 0.009375 0.027833001988071572
0 0.6458333333333334 0.3643141153081511 0.013541666666666667 0.014910536779324055
0 0.7080729166666667 0.3702783300198807 0.013020833333333334 0.018886679920477135
0 0.8158854166666667 0.37524850894632206 0.019270833333333334 0.016898608349900597
0 0.4869791666666667 0.38916500994035785 0.008333333333333333 0.03876739562624255
0 0.60078125 0.39214711729622265 0.0109375 0.02485089463220676
0 0.9119791666666667 0.39314115308151093 0.013541666666666667 0.020874751491053677
0 0.43723958333333335 0.4105367793240557 0.018229166666666668 0.011928429423459244
0 0.29713541666666665 0.41451292246520877 0.0078125 0.015904572564612324
0 0.3528645833333333 0.44781312127236583 0.008854166666666666 0.048707753479125246
0 0.9458333333333333 0.44831013916500995 0.01875 0.041749502982107355
0 0.5481770833333334 0.44930417495029823 0.008854166666666666 0.041749502982107355
0 0.15026041666666667 0.44532803180914515 0.019270833333333334 0.02584493041749503
0 0.7919270833333333 0.45129224652087474 0.011979166666666667 0.02584493041749503
0 0.6403645833333333 0.4532803180914513 0.0109375 0.017892644135188866
0 0.5174479166666667 0.46272365805168986 0.016145833333333335 0.02286282306163022
0 0.3880208333333333 0.46421471172962225 0.016666666666666666 0.019880715705765408
0 0.2669270833333333 0.4671968190854871 0.013020833333333334 0.015904572564612324
0 0.5411458333333333 0.4746520874751491 0.00625 0.018886679920477135
0 0.4796875 0.4821073558648111 0.007291666666666667 0.02982107355864811
0 0.7588541666666667 0.47912524850894633 0.014583333333333334 0.015904572564612324
0 0.12760416666666666 0.4835984095427435 0.015625 0.020874751491053677
0 0.8859375 0.4875745526838966 0.013541666666666667 0.02882703777335984
0 0.025 0.5059642147117296 0.013541666666666667 0.04970178926441352
0 0.26510416666666664 0.4975149105367793 0.011458333333333333 0.016898608349900597
0 0.2911458333333333 0.5139165009940357 0.010416666666666666 0.03777335984095427
0 0.3703125 0.5099403578528827 0.013541666666666667 0.009940357852882704
0 0.16067708333333333 0.5213717693836978 0.015104166666666667 0.0268389662027833
0 0.48541666666666666 0.5168986083499006 0.011458333333333333 0.011928429423459244
0 0.44765625 0.5238568588469185 0.009895833333333333 0.02385685884691849
0 0.8825520833333333 0.5243538767395626 0.019270833333333334 0.016898608349900597
0 0.275 0.5372763419483101 0.0125 0.0268389662027833
0 0.95625 0.540258449304175 0.013541666666666667 0.02882703777335984
0 0.43515625 0.5636182902584493 0.0390625 0.07157057654075547
0 0.37057291666666664 0.5541749502982107 0.0109375 0.042743538767395624
0 0.3828125 0.5422465208747514 0.015625 0.018886679920477135
0 0.19453125 0.5497017892644135 0.0203125 0.019880715705765408
0 0.8536458333333333 0.5556660039761432 0.009375 0.02385685884691849
0 0.16744791666666667 0.5641153081510935 0.019270833333333334 0.016898608349900597
0 0.3072916666666667 0.5745526838966203 0.010416666666666666 0.02982107355864811
0 0.95625 0.5795228628230616 0.007291666666666667 0.015904572564612324
0 0.09713541666666667 0.5984095427435387 0.0171875 0.02584493041749503
0 0.3953125 0.6128230616302187 0.016666666666666666 0.040755467196819085
0 0.25052083333333336 0.6167992047713717 0.013541666666666667 0.036779324055666
0 0.41744791666666664 0.6133200795228628 0.0109375 0.02982107355864811
0 0.5916666666666667 0.6128230616302187 0.00625 0.0268389662027833
0 0.4828125 0.6123260437375746 0.016666666666666666 0.02186878727634195
0 0.5276041666666667 0.6163021868787276 0.014583333333333334 0.02385685884691849
0 0.2981770833333333 0.6207753479125249 0.0203125 0.02485089463220676
0 0.35963541666666665 0.6217693836978131 0.013020833333333334 0.018886679920477135
0 0.46041666666666664 0.6486083499005965 0.020833333333333332 0.06063618290258449
0 0.50703125 0.6674950298210736 0.015104166666666667 0.048707753479125246
0 0.54609375 0.6530815109343936 0.0234375 0.017892644135188866
0 0.6330729166666667 0.6570576540755467 0.008854166666666666 0.017892644135188866
0 0.2721354166666667 0.6759443339960238 0.009895833333333333 0.03578528827037773
0 0.41822916666666665 0.6794234592445328 0.030208333333333334 0.030815109343936383
0 0.2950520833333333 0.6814115308151093 0.0109375 0.030815109343936383
0 0.24713541666666666 0.6858846918489065 0.009895833333333333 0.03180914512922465
0 0.22213541666666667 0.6903578528827038 0.0140625 0.030815109343936383
0 0.10104166666666667 0.6943339960238568 0.00625 0.02882703777335984
0 0.3502604166666667 0.691351888667992 0.0171875 0.020874751491053677
0 0.4588541666666667 0.6973161033797217 0.0125 0.030815109343936383
0 0.5640625 0.6858846918489065 0.016666666666666666 0.009940357852882704
0 0.4356770833333333 0.6993041749502982 0.013020833333333334 0.032803180914512925
0 0.39505208333333336 0.705765407554672 0.0067708333333333336 0.017892644135188866
0 0.5520833333333334 0.7047713717693836 0.014583333333333334 0.009940357852882704
0 0.30755208333333334 0.7201789264413518 0.0067708333333333336 0.02485089463220676
0 0.07526041666666666 0.7231610337972167 0.018229166666666668 0.016898608349900597
0 0.4440104166666667 0.7380715705765407 0.0109375 0.036779324055666
0 0.49114583333333334 0.7405566600397614 0.007291666666666667 0.039761431411530816
0 0.2955729166666667 0.7584493041749503 0.0140625 0.04970178926441352
0 0.3763020833333333 0.7490059642147118 0.0203125 0.0268389662027833
0 0.45364583333333336 0.7490059642147118 0.008333333333333333 0.012922465208747515
0 0.9130208333333333 0.7514910536779325 0.009375 0.015904572564612324
0 0.97109375 0.7509940357852882 0.008854166666666666 0.014910536779324055
0 0.22838541666666667 0.768389662027833 0.0109375 0.02584493041749503
0 0.4036458333333333 0.7708747514910537 0.007291666666666667 0.02882703777335984
0 0.0026041666666666665 0.7698807157057654 0.005208333333333333 0.018886679920477135
0 0.140625 0.7932405566600398 0.01875 0.04771371769383698
0 0.83984375 0.790258449304175 0.008854166666666666 0.03180914512922465
0 0.35989583333333336 0.7852882703777336 0.011458333333333333 0.009940357852882704
0 0.2565104166666667 0.7992047713717694 0.009895833333333333 0.02982107355864811
0 0.59453125 0.7982107355864811 0.018229166666666668 0.011928429423459244
0 0.36640625 0.8170974155069582 0.019270833333333334 0.02982107355864811
0 0.45078125 0.8131212723658051 0.008854166666666666 0.02186878727634195
0 0.478125 0.8230616302186878 0.005208333333333333 0.02584493041749503
0 0.3890625 0.8364811133200796 0.009375 0.036779324055666
0 0.13463541666666667 0.8404572564612326 0.009895833333333333 0.036779324055666
0 0.4942708333333333 0.8389662027833003 0.017708333333333333 0.009940357852882704
0 0.6330729166666667 0.8444333996023857 0.011979166666666667 0.018886679920477135
0 0.033854166666666664 0.8573558648111332 0.0125 0.03876739562624255
0 0.71640625 0.856858846918489 0.0140625 0.027833001988071572
0 0.4973958333333333 0.867296222664016 0.023958333333333335 0.030815109343936383
0 0.37135416666666665 0.8727634194831014 0.008333333333333333 0.03777335984095427
0 0.3489583333333333 0.8742544731610338 0.009375 0.032803180914512925
0 0.4244791666666667 0.8782306163021869 0.014583333333333334 0.032803180914512925
0 0.16510416666666666 0.8807157057654076 0.011458333333333333 0.027833001988071572
0 0.12890625 0.8886679920477137 0.022395833333333334 0.02385685884691849
0 0.23619791666666667 0.8981113320079522 0.0171875 0.02882703777335984
0 0.26927083333333335 0.897117296222664 0.00625 0.0268389662027833
0 0.2078125 0.8941351888667992 0.008333333333333333 0.010934393638170975
0 0.28984375 0.9110337972166997 0.0171875 0.03479125248508946
0 0.5903645833333333 0.9020874751491054 0.0067708333333333336 0.016898608349900597
0 0.7591145833333334 0.904572564612326 0.0140625 0.019880715705765408
0 0.09244791666666667 0.9095427435387674 0.008854166666666666 0.02584493041749503
0 0.009114583333333334 0.9199801192842942 0.018229166666666668 0.03479125248508946
0 0.24609375 0.922962226640159 0.0109375 0.02882703777335984
0 0.5981770833333333 0.922962226640159 0.0067708333333333336 0.016898608349900597
0 0.21380208333333334 0.9408548707753479 0.011979166666666667 0.0268389662027833
0 0.9953125 0.9657057654075547 0.008333333333333333 0.04671968190854871
0 0.005208333333333333 0.9602385685884692 0.010416666666666666 0.033797216699801194
0 0.5190104166666667 0.9542743538767395 0.0203125 0.017892644135188866
0 0.07473958333333333 0.9751491053677932 0.0140625 0.04771371769383698
0 0.23541666666666666 0.9627236580516899 0.0125 0.018886679920477135
0 0.8247395833333333 0.9776341948310139 0.015104166666666667 0.014910536779324055
0 0.36380208333333336 0.9865805168986084 0.016145833333333335 0.02485089463220676
0 0.22734375 0.9930417495029821 0.015104166666666667 0.011928429423459244