0 0.18671875 0.0054671968190854875 0.0109375 0.010934393638170975
0 0.24375 0.01143141153081511 0.007291666666666667 0.012922465208747515
0 0.23880208333333333 0.03230616302186879 0.013020833333333334 0.014910536779324055
0 0.1703125 0.03827037773359841 0.010416666666666666 0.016898608349900597
0 0.08828125 0.06560636182902585 0.015104166666666667 0.019880715705765408
0 0.23411458333333332 0.08151093439363817 0.011979166666666667 0.02186878727634195
0 0.08854166666666667 0.10487077534791253 0.015625 0.032803180914512925
0 0.47890625 0.09840954274353876 0.015104166666666667 0.013916500994035786
0 0.17265625 0.10785288270377734 0.0140625 0.02882703777335984
0 0.10703125 0.1341948310139165 0.0140625 0.015904572564612324
0 0.14114583333333333 0.16550695825049702 0.025 0.036779324055666
0 0.6119791666666666 0.15854870775347912 0.00625 0.016898608349900597
0 0.011979166666666667 0.176441351888668 0.010416666666666666 0.010934393638170975
0 0.8611979166666667 0.1963220675944334 0.015104166666666667 0.02485089463220676
0 0.128125 0.20129224652087474 0.011458333333333333 0.014910536779324055
0 0.008333333333333333 0.2261431411530815 0.015625 0.0268389662027833
0 0.9221354166666667 0.2370775347912525 0.0109375 0.020874751491053677
0 0.6203125 0.26093439363817095 0.008333333333333333 0.014910536779324055
0 0.22473958333333333 0.2668986083499006 0.0078125 0.0268389662027833
0 0.30494791666666665 0.2798210735586481 0.0046875 0.0268389662027833
0 0.2109375 0.29970178926441354 0.007291666666666667 0.02286282306163022
0 0.01015625 0.31262425447316106 0.011979166666666667 0.02485089463220676
0 0.2989583333333333 0.3101391650099404 0.0125 0.017892644135188866
0 0.45416666666666666 0.3305168986083499 0.011458333333333333 0.02485089463220676
0 0.44947916666666665 0.3543737574552684 0.008333333333333333 0.018886679920477135
0 0.09375 0.36083499005964215 0.00625 0.02186878727634195
0 0.03463541666666667 0.3648111332007952 0.015104166666666667 0.017892644135188866
0 0.11796875 0.37475149105367794 0.0067708333333333336 0.027833001988071572
0 0.08177083333333333 0.3757455268389662 0.01875 0.02982107355864811
0 0.4908854166666667 0.39214711729622265 0.0140625 0.020874751491053677
0 0.34401041666666665 0.397117296222664 0.009895833333333333 0.018886679920477135
0 0.04505208333333333 0.40208747514910537 0.013020833333333334 0.030815109343936383
0 0.09661458333333334 0.40407554671968193 0.0109375 0.018886679920477135
0 0.075 0.415506958250497 0.015625 0.041749502982107355
0 0.2953125 0.4294234592445328 0.014583333333333334 0.011928429423459244
0 0.18828125 0.4403578528827038 0.0078125 0.02584493041749503
0 0.16692708333333334 0.4408548707753479 0.013020833333333334 0.02485089463220676
0 0.12109375 0.4617296222664016 0.016145833333333335 0.0268389662027833
0 0.4356770833333333 0.46570576540755465 0.0046875 0.02286282306163022
0 0.8955729166666667 0.4821073558648111 0.0036458333333333334 0.017892644135188866
0 0.49973958333333335 0.4845924453280318 0.021354166666666667 0.016898608349900597
0 0.46770833333333334 0.49403578528827036 0.005208333333333333 0.027833001988071572
0 0.20052083333333334 0.4970178926441352 0.0125 0.02982107355864811
0 0.07838541666666667 0.5124254473161034 0.0067708333333333336 0.02485089463220676
0 0.06692708333333333 0.536779324055666 0.0140625 0.05964214711729622
0 0.33359375 0.5164015904572564 0.013020833333333334 0.014910536779324055
0 0.10598958333333333 0.5303180914512923 0.0067708333333333336 0.02286282306163022
0 0.2877604166666667 0.5417495029821073 0.0140625 0.015904572564612324
0 0.26145833333333335 0.5541749502982107 0.013541666666666667 0.014910536779324055
0 0.17265625 0.5571570576540755 0.009895833333333333 0.02286282306163022
0 0.016666666666666666 0.584493041749503 0.011458333333333333 0.02982107355864811
0 0.18723958333333332 0.5864811133200796 0.011979166666666667 0.019880715705765408
0 0.18723958333333332 0.6148111332007953 0.013020833333333334 0.02882703777335984
0 0.58359375 0.6351888667992047 0.008854166666666666 0.02186878727634195
0 0.12838541666666667 0.6386679920477137 0.011979166666666667 0.012922465208747515
0 0.08619791666666667 0.6555666003976143 0.0171875 0.014910536779324055
0 0.4309895833333333 0.679920477137177 0.005729166666666666 0.027833001988071572
0 0.20885416666666667 0.7162027833001988 0.009375 0.020874751491053677
0 0.4518229166666667 0.7350894632206759 0.0328125 0.03479125248508946
0 0.24244791666666668 0.7470178926441352 0.0046875 0.0268389662027833
0 0.21171875 0.7395626242544732 0.011979166666666667 0.011928429423459244
0 0.30572916666666666 0.7634194831013916 0.004166666666666667 0.027833001988071572
0 0.7088541666666667 0.768389662027833 0.015625 0.02186878727634195
0 0.64296875 0.7708747514910537 0.0171875 0.010934393638170975
0 0.2640625 0.7803180914512923 0.004166666666666667 0.02584493041749503
0 0.29375 0.8036779324055666 0.010416666666666666 0.02286282306163022
0 0.17395833333333333 0.8066600397614314 0.009375 0.016898608349900597
0 0.3890625 0.8315109343936382 0.009375 0.05666003976143141
0 0.33177083333333335 0.8330019880715706 0.015625 0.013916500994035786
0 0.2557291666666667 0.8444333996023857 0.016666666666666666 0.02882703777335984
0 0.03359375 0.8583499005964215 0.0171875 0.020874751491053677
0 0.40078125 0.8956262425447317 0.0140625 0.033797216699801194
0 0.13541666666666666 0.9020874751491054 0.023958333333333335 0.02286282306163022
0 0.34140625 0.9224652087475149 0.0067708333333333336 0.027833001988071572
0 0.3190104166666667 0.922962226640159 0.0109375 0.014910536779324055
0 0.30859375 0.94831013916501 0.022395833333333334 0.0437375745526839
0 0.38567708333333334 0.9517892644135189 0.021354166666666667 0.042743538767395624
0 0.6932291666666667 0.9478131212723658 0.016666666666666666 0.0268389662027833
0 0.8734375 0.9637176938369781 0.010416666666666666 0.036779324055666
0 0.7427083333333333 0.963220675944334 0.01875 0.019880715705765408
0 0.28125 0.9766401590457257 0.01875 0.04473161033797217
0 0.80546875 0.9676938369781312 0.0078125 0.02485089463220676
0 0.4010416666666667 0.989065606361829 0.016666666666666666 0.019880715705765408
0 0.42942708333333335 0.9910536779324056 0.008854166666666666 0.015904572564612324