0 0.9544270833333334 0.01341948310139165 0.0171875 0.0268389662027833
0 0.8825520833333333 0.017892644135188866 0.011979166666666667 0.03578528827037773
0 0.77109375 0.017892644135188866 0.0265625 0.03578528827037773
0 0.5533854166666666 0.010437375745526839 0.0171875 0.020874751491053677
0 0.5049479166666667 0.0054671968190854875 0.021354166666666667 0.010934393638170975
0 0.196875 0.008946322067594433 0.010416666666666666 0.017892644135188866
0 0.121875 0.022365805168986085 0.028125 0.04473161033797217
0 0.6755208333333333 0.018389662027833 0.014583333333333334 0.02485089463220676
0 0.23229166666666667 0.02584493041749503 0.013541666666666667 0.041749502982107355
0 0.6325520833333333 0.03777335984095427 0.015104166666666667 0.03180914512922465
0 0.6971354166666667 0.051192842942345926 0.0265625 0.05467196819085487
0 0.5940104166666667 0.03180914512922465 0.0140625 0.013916500994035786
0 0.475 0.04721669980119284 0.009375 0.04473161033797217
0 0.728125 0.05666003976143141 0.029166666666666667 0.04970178926441352
0 0.6111979166666667 0.051192842942345926 0.011979166666666667 0.0268389662027833
0 0.7705729166666667 0.06510934393638171 0.0067708333333333336 0.042743538767395624
0 0.6533854166666667 0.06610337972166998 0.0078125 0.04671968190854871
0 0.4296875 0.06709741550695825 0.015625 0.04671968190854871
0 0.46067708333333335 0.06262425447316103 0.011979166666666667 0.02982107355864811
0 0.99296875 0.07007952286282307 0.011979166666666667 0.02882703777335984
0 0.95234375 0.07256461232604373 0.015104166666666667 0.03180914512922465
0 0.80234375 0.06510934393638171 0.005729166666666666 0.016898608349900597
0 0.3651041666666667 0.06809145129224652 0.011458333333333333 0.018886679920477135
0 0.5869791666666667 0.07405566600397614 0.0125 0.02286282306163022
0 0.9716145833333333 0.07604373757455268 0.011979166666666667 0.020874751491053677
0 0.29322916666666665 0.07604373757455268 0.015625 0.020874751491053677
0 0.22135416666666666 0.08250497017892644 0.008333333333333333 0.033797216699801194
0 0.846875 0.08648111332007952 0.028125 0.03180914512922465
0 0.9830729166666666 0.09244532803180915 0.013020833333333334 0.03180914512922465
0 0.79765625 0.08797216699801193 0.0067708333333333336 0.012922465208747515
0 0.5455729166666666 0.09393638170974156 0.0046875 0.02485089463220676
0 0.7419270833333333 0.09095427435387674 0.018229166666666668 0.014910536779324055
0 0.6315104166666666 0.11182902584493042 0.028645833333333332 0.05666003976143141
0 0.29765625 0.10785288270377734 0.022395833333333334 0.032803180914512925
0 0.11614583333333334 0.1073558648111332 0.00625 0.017892644135188866
0 0.16484375 0.11928429423459244 0.018229166666666668 0.033797216699801194
0 0.8177083333333334 0.11530815109343936 0.009375 0.019880715705765408
0 0.50390625 0.12027833001988071 0.013020833333333334 0.02584493041749503
0 0.8015625 0.11779324055666004 0.015625 0.014910536779324055
0 0.7067708333333333 0.1317097415506958 0.016666666666666666 0.032803180914512925
0 0.5765625 0.12375745526838966 0.008333333333333333 0.018886679920477135
0 0.4778645833333333 0.13469184890656064 0.016145833333333335 0.03876739562624255
0 0.27682291666666664 0.13667992047713717 0.0109375 0.036779324055666
0 0.6549479166666666 0.14314115308151093 0.0140625 0.02584493041749503
0 0.07578125 0.13916500994035785 0.0078125 0.017892644135188866
0 0.7885416666666667 0.14314115308151093 0.019791666666666666 0.02186878727634195
0 0.4080729166666667 0.1550695825049702 0.015104166666666667 0.03578528827037773
0 0.7140625 0.15904572564612326 0.011458333333333333 0.019880715705765408
0 0.69765625 0.16053677932405566 0.011979166666666667 0.02286282306163022
0 0.6309895833333333 0.16650099403578528 0.0067708333333333336 0.0268389662027833
0 0.5833333333333334 0.17196819085487078 0.015625 0.039761431411530816
0 0.7393229166666667 0.17246520874751492 0.005729166666666666 0.032803180914512925
0 0.4973958333333333 0.16998011928429424 0.027083333333333334 0.02186878727634195
0 0.7158854166666667 0.19135188866799205 0.019270833333333334 0.040755467196819085
0 0.63984375 0.18041749502982107 0.009895833333333333 0.018886679920477135
0 0.5286458333333334 0.19433399602385687 0.023958333333333335 0.048707753479125246
0 0.6736979166666667 0.18588469184890655 0.021354166666666667 0.02385685884691849
0 0.5502604166666667 0.18986083499005965 0.0203125 0.02385685884691849
0 0.4973958333333333 0.19681908548707752 0.00625 0.03180914512922465
0 0.3796875 0.20129224652087474 0.011458333333333333 0.040755467196819085
0 0.415625 0.20576540755467196 0.0125 0.033797216699801194
0 0.3575520833333333 0.20129224652087474 0.016145833333333335 0.02485089463220676
0 0.6114583333333333 0.20874751491053678 0.023958333333333335 0.03777335984095427
0 0.21536458333333333 0.19681908548707752 0.009895833333333333 0.011928429423459244
0 0.16223958333333333 0.2117296222664016 0.025520833333333333 0.03578528827037773
0 0.6877604166666667 0.2047713717693837 0.009895833333333333 0.015904572564612324
0 0.8947916666666667 0.22117296222664015 0.013541666666666667 0.03876739562624255
0 0.7645833333333333 0.2191848906560636 0.026041666666666668 0.02286282306163022
0 0.47369791666666666 0.23111332007952287 0.0140625 0.03876739562624255
0 0.78359375 0.22266401590457258 0.009895833333333333 0.015904572564612324
0 0.65 0.2216699801192843 0.010416666666666666 0.015904572564612324
0 0.4015625 0.2430417495029821 0.009375 0.040755467196819085
0 0.6703125 0.25695825049701787 0.019791666666666666 0.06063618290258449
0 0.3763020833333333 0.25198807157057657 0.03697916666666667 0.05069582504970179
0 0.6026041666666667 0.24502982107355864 0.00625 0.032803180914512925
0 0.26276041666666666 0.24950298210735586 0.0067708333333333336 0.039761431411530816
0 0.07526041666666666 0.25894632206759444 0.022395833333333334 0.04473161033797217
0 0.56953125 0.25596421471172964 0.021354166666666667 0.03479125248508946
0 0.42604166666666665 0.2554671968190855 0.015625 0.017892644135188866
0 0.16666666666666666 0.2678926441351889 0.01875 0.042743538767395624
0 0.011979166666666667 0.27485089463220674 0.022916666666666665 0.05666003976143141
0 0.34322916666666664 0.2634194831013916 0.021875 0.027833001988071572
0 0.6513020833333333 0.2738568588469185 0.016145833333333335 0.030815109343936383
0 0.7010416666666667 0.28330019880715707 0.011458333333333333 0.02186878727634195
0 0.9333333333333333 0.2952286282306163 0.010416666666666666 0.03578528827037773
0 0.5713541666666667 0.294234592445328 0.011458333333333333 0.033797216699801194
0 0.46536458333333336 0.28578528827037775 0.008854166666666666 0.014910536779324055
0 0.95078125 0.2992047713717694 0.0109375 0.03578528827037773
0 0.13854166666666667 0.2967196819085487 0.014583333333333334 0.02286282306163022
0 0.8203125 0.2947316103379722 0.016666666666666666 0.012922465208747515
0 0.7713541666666667 0.308648111332008 0.007291666666666667 0.03876739562624255
0 0.9794270833333333 0.30268389662027834 0.011979166666666667 0.020874751491053677
0 0.4973958333333333 0.3091451292246521 0.019791666666666666 0.02385685884691849
0 0.4591145833333333 0.31461232604373757 0.0109375 0.02485089463220676
0 0.7536458333333333 0.34642147117296224 0.0125 0.05864811133200795
0 0.6880208333333333 0.3414512922465209 0.023958333333333335 0.04473161033797217
0 0.8723958333333334 0.34542743538767395 0.010416666666666666 0.04671968190854871
0 0.8213541666666667 0.34095427435387676 0.015625 0.03777335984095427
0 0.47630208333333335 0.3374751491053678 0.0203125 0.030815109343936383
0 0.4192708333333333 0.3384691848906561 0.0125 0.02485089463220676
0 0.5013020833333334 0.34244532803180916 0.018229166666666668 0.02882703777335984
0 0.10729166666666666 0.34642147117296224 0.022916666666666665 0.02882703777335984
0 0.7296875 0.3513916500994036 0.010416666666666666 0.036779324055666
0 0.8544270833333333 0.34343936381709744 0.008854166666666666 0.014910536779324055
0 0.4674479166666667 0.36232604373757454 0.0234375 0.05268389662027833
0 0.5994791666666667 0.3697813121272366 0.027083333333333334 0.05964214711729622
0 0.77578125 0.36182902584493043 0.0140625 0.02584493041749503
0 0.58515625 0.3543737574552684 0.0109375 0.008946322067594433
0 0.490625 0.3727634194831014 0.00625 0.03578528827037773
0 0.9244791666666666 0.3628230616302187 0.007291666666666667 0.011928429423459244
0 0.2015625 0.3757455268389662 0.01875 0.02584493041749503
0 0.9361979166666666 0.3702783300198807 0.0067708333333333336 0.010934393638170975
0 0.64609375 0.3986083499005964 0.0359375 0.05964214711729622
0 0.8549479166666667 0.3911530815109344 0.025520833333333333 0.032803180914512925
0 0.725 0.38469184890656066 0.019791666666666666 0.019880715705765408
0 0.50546875 0.3841948310139165 0.0078125 0.018886679920477135
0 0.6653645833333334 0.38866799204771374 0.018229166666666668 0.019880715705765408
0 0.44765625 0.3991053677932406 0.013020833333333334 0.036779324055666
0 0.7708333333333334 0.3986083499005964 0.0125 0.02186878727634195
0 0.2708333333333333 0.40059642147117297 0.014583333333333334 0.02584493041749503
0 0.81484375 0.39363817097415504 0.0078125 0.009940357852882704
0 0.5359375 0.40457256461232605 0.020833333333333332 0.03180914512922465
0 0.6005208333333333 0.4150099403578529 0.010416666666666666 0.036779324055666
0 0.69375 0.4105367793240557 0.010416666666666666 0.02186878727634195
0 0.7947916666666667 0.41699801192842945 0.00625 0.032803180914512925
0 0.7260416666666667 0.4105367793240557 0.014583333333333334 0.019880715705765408
0 0.9153645833333334 0.4289264413518887 0.011979166666666667 0.048707753479125246
0 0.68046875 0.4393638170974155 0.018229166666666668 0.04572564612326044
0 0.22838541666666667 0.4279324055666004 0.019270833333333334 0.020874751491053677
0 0.5838541666666667 0.4284294234592445 0.017708333333333333 0.013916500994035786
0 0.74609375 0.4398608349900596 0.0140625 0.03479125248508946
0 0.6151041666666667 0.4408548707753479 0.008333333333333333 0.03479125248508946
0 0.775 0.44731610337972166 0.011458333333333333 0.03578528827037773
0 0.0046875 0.4383697813121272 0.008333333333333333 0.015904572564612324
0 0.7265625 0.44681908548707755 0.020833333333333332 0.014910536779324055
0 0.69609375 0.470675944333996 0.021354166666666667 0.06262425447316103
0 0.5552083333333333 0.4537773359840954 0.017708333333333333 0.02882703777335984
0 0.64765625 0.4701789264413519 0.0296875 0.04572564612326044
0 0.5994791666666667 0.4662027833001988 0.00625 0.033797216699801194
0 0.21536458333333333 0.4746520874751491 0.011979166666666667 0.042743538767395624
0 0.49635416666666665 0.46371769383697814 0.008333333333333333 0.012922465208747515
0 0.47890625 0.47713717693836977 0.016145833333333335 0.039761431411530816
0 0.07265625 0.4840954274353877 0.011979166666666667 0.027833001988071572
0 0.9729166666666667 0.4885685884691849 0.016666666666666666 0.030815109343936383
0 0.73828125 0.48111332007952284 0.015104166666666667 0.013916500994035786
0 0.6221354166666667 0.4835984095427435 0.008854166666666666 0.010934393638170975
0 0.7559895833333333 0.4955268389662028 0.0067708333333333336 0.016898608349900597
0 0.44765625 0.5094433399602386 0.0078125 0.036779324055666
0 0.06588541666666667 0.4990059642147117 0.0067708333333333336 0.017892644135188866
0 0.6669270833333333 0.5044731610337972 0.008854166666666666 0.018886679920477135
0 0.42213541666666665 0.5049701789264414 0.0140625 0.017892644135188866
0 0.259375 0.5248508946322068 0.0375 0.04771371769383698
0 0.20390625 0.5139165009940357 0.0234375 0.02385685884691849
0 0.9635416666666666 0.51441351888668 0.023958333333333335 0.020874751491053677
0 0.76484375 0.5308151093439364 0.025520833333333333 0.04970178926441352
0 0.8330729166666667 0.5387673956262425 0.0203125 0.061630218687872766
0 0.6731770833333334 0.5233598409542743 0.0109375 0.012922465208747515
0 0.43411458333333336 0.5387673956262425 0.013020833333333334 0.041749502982107355
0 0.80625 0.5377733598409543 0.027083333333333334 0.03180914512922465
0 0.6140625 0.5382703777335984 0.011458333333333333 0.018886679920477135
0 0.49192708333333335 0.5601391650099403 0.0203125 0.05864811133200795
0 0.7307291666666667 0.5462226640159046 0.01875 0.014910536779324055
0 0.6088541666666667 0.5666003976143141 0.019791666666666666 0.04771371769383698
0 0.6736979166666667 0.555168986083499 0.008854166666666666 0.016898608349900597
0 0.41770833333333335 0.5566600397614314 0.014583333333333334 0.017892644135188866
0 0.5526041666666667 0.5616302186878728 0.016666666666666666 0.019880715705765408
0 0.35963541666666665 0.5695825049701789 0.0140625 0.03578528827037773
0 0.7221354166666667 0.5755467196819085 0.022395833333333334 0.039761431411530816
0 0.5684895833333333 0.5760437375745527 0.009895833333333333 0.02882703777335984
0 0.51640625 0.5710735586481114 0.0171875 0.016898608349900597
0 0.6484375 0.5725646123260437 0.010416666666666666 0.015904572564612324
0 0.5901041666666667 0.5745526838966203 0.0125 0.019880715705765408
0 0.6731770833333334 0.5815109343936382 0.0078125 0.019880715705765408
0 0.70234375 0.5859840954274353 0.008854166666666666 0.012922465208747515
0 0.6283854166666667 0.6108349900596421 0.018229166666666668 0.048707753479125246
0 0.5713541666666667 0.6277335984095428 0.034375 0.07852882703777336
0 0.43671875 0.6078528827037774 0.0078125 0.03479125248508946
0 0.6481770833333333 0.6013916500994035 0.011979166666666667 0.015904572564612324
0 0.40182291666666664 0.6118290258449304 0.0171875 0.036779324055666
0 0.99765625 0.6033797216699801 0.0046875 0.015904572564612324
0 0.8401041666666667 0.6108349900596421 0.01875 0.016898608349900597
0 0.49114583333333334 0.6123260437375746 0.007291666666666667 0.02186878727634195
0 0.75859375 0.6177932405566601 0.0140625 0.02882703777335984
0 0.54453125 0.6083499005964215 0.009895833333333333 0.009940357852882704
0 0.8125 0.6192842942345924 0.021875 0.017892644135188866
0 0.6578125 0.628727634194831 0.015625 0.03479125248508946
0 0.6106770833333334 0.6272365805168986 0.0171875 0.02982107355864811
0 0.69375 0.6237574552683897 0.021875 0.016898608349900597
0 0.53046875 0.6336978131212724 0.0203125 0.03479125248508946
0 0.62421875 0.6272365805168986 0.008854166666666666 0.013916500994035786
0 0.5919270833333333 0.6272365805168986 0.018229166666666668 0.015904572564612324
0 0.9890625 0.6476143141153081 0.021875 0.048707753479125246
0 0.07630208333333334 0.6456262425447317 0.016145833333333335 0.042743538767395624
0 0.5067708333333333 0.6406560636182903 0.009375 0.0268389662027833
0 0.27265625 0.6466202783300199 0.019270833333333334 0.02286282306163022
0 0.66015625 0.6640159045725647 0.016145833333333335 0.0437375745526839
0 0.5208333333333334 0.6585487077534792 0.00625 0.03479125248508946
0 0.39765625 0.6590457256461233 0.013020833333333334 0.03180914512922465
0 0.26640625 0.6704771371769384 0.033854166666666664 0.05467196819085487
0 0.8200520833333333 0.6669980119284294 0.0067708333333333336 0.03578528827037773
0 0.5890625 0.6819085487077535 0.014583333333333334 0.061630218687872766
0 0.8044270833333333 0.6789264413518886 0.011979166666666667 0.039761431411530816
0 0.08463541666666667 0.6794234592445328 0.015104166666666667 0.020874751491053677
0 0.020052083333333335 0.6883697813121272 0.011979166666666667 0.036779324055666
0 0.4153645833333333 0.6898608349900597 0.009895833333333333 0.03777335984095427
0 0.17604166666666668 0.6833996023856859 0.01875 0.02485089463220676
0 0.6486979166666667 0.6898608349900597 0.0078125 0.027833001988071572
0 0.5346354166666667 0.7002982107355865 0.015104166666666667 0.048707753479125246
0 0.7223958333333333 0.6938369781312127 0.022916666666666665 0.033797216699801194
0 0.14192708333333334 0.7007952286282306 0.0140625 0.04572564612326044
0 0.39609375 0.7037773359840954 0.0140625 0.033797216699801194
0 0.56953125 0.6993041749502982 0.019270833333333334 0.016898608349900597
0 0.6997395833333333 0.7147117296222664 0.0171875 0.0437375745526839
0 0.9729166666666667 0.7201789264413518 0.015625 0.05069582504970179
0 0.6598958333333333 0.7162027833001988 0.014583333333333334 0.03876739562624255
0 0.43125 0.7211729622266402 0.009375 0.03876739562624255
0 0.8302083333333333 0.7266401590457257 0.015625 0.04771371769383698
0 0.6432291666666666 0.7266401590457257 0.010416666666666666 0.033797216699801194
0 0.5588541666666667 0.7410536779324056 0.00625 0.032803180914512925
0 0.696875 0.7480119284294234 0.00625 0.042743538767395624
0 0.7809895833333333 0.7455268389662028 0.013020833333333334 0.02584493041749503
0 0.5817708333333333 0.757455268389662 0.013541666666666667 0.03777335984095427
0 0.6861979166666666 0.7519880715705766 0.008854166666666666 0.02286282306163022
0 0.9776041666666667 0.7619284294234593 0.01875 0.02286282306163022
0 0.7380208333333333 0.7733598409542743 0.008333333333333333 0.02982107355864811
0 0.8471354166666667 0.7763419483101391 0.015104166666666667 0.03180914512922465
0 0.396875 0.7907554671968191 0.020833333333333332 0.06063618290258449
0 0.88125 0.7842942345924453 0.022916666666666665 0.019880715705765408
0 0.9690104166666667 0.7932405566600398 0.0203125 0.033797216699801194
0 0.71640625 0.7857852882703777 0.0078125 0.018886679920477135
0 0.65859375 0.7847912524850894 0.015104166666666667 0.016898608349900597
0 0.6580729166666667 0.808648111332008 0.0078125 0.0268389662027833
0 0.6205729166666667 0.8146123260437376 0.011979166666666667 0.02485089463220676
0 0.7328125 0.8439363817097415 0.0125 0.07952286282306163
0 0.21692708333333333 0.8235586481113321 0.0265625 0.036779324055666
0 0.6833333333333333 0.8175944333996024 0.010416666666666666 0.020874751491053677
0 0.7763020833333333 0.8180914512922465 0.0067708333333333336 0.017892644135188866
0 0.7544270833333333 0.8265407554671969 0.011979166666666667 0.03479125248508946
0 0.81015625 0.8374751491053678 0.015104166666666667 0.04473161033797217
0 0.5955729166666667 0.8265407554671969 0.013020833333333334 0.02485089463220676
0 0.50625 0.8399602385685885 0.026041666666666668 0.033797216699801194
0 0.4153645833333333 0.8379721669980119 0.0046875 0.015904572564612324
0 0.38776041666666666 0.8489065606361829 0.0140625 0.027833001988071572
0 0.47734375 0.8479125248508946 0.016145833333333335 0.02186878727634195
0 0.8822916666666667 0.8702783300198808 0.011458333333333333 0.05069582504970179
0 0.017447916666666667 0.8762425447316103 0.033854166666666664 0.05069582504970179
0 0.8434895833333333 0.8777335984095428 0.0265625 0.02982107355864811
0 0.8669270833333333 0.8792246520874751 0.0109375 0.02882703777335984
0 0.9049479166666666 0.878727634194831 0.0078125 0.02584493041749503
0 0.6911458333333333 0.8906560636182903 0.010416666666666666 0.04771371769383698
0 0.753125 0.8901590457256461 0.011458333333333333 0.0268389662027833
0 0.6731770833333334 0.8901590457256461 0.018229166666666668 0.0268389662027833
0 0.934375 0.893141153081511 0.014583333333333334 0.02882703777335984
0 0.87421875 0.897117296222664 0.008854166666666666 0.014910536779324055
0 0.7510416666666667 0.9140159045725647 0.023958333333333335 0.02286282306163022
0 0.3807291666666667 0.9150099403578529 0.017708333333333333 0.012922465208747515
0 0.9375 0.9244532803180915 0.019791666666666666 0.015904572564612324
0 0.6325520833333333 0.9304174950298211 0.0078125 0.02385685884691849
0 0.72734375 0.9438369781312127 0.0203125 0.048707753479125246
0 0.7036458333333333 0.9309145129224652 0.009375 0.018886679920477135
0 0.43411458333333336 0.9408548707753479 0.015104166666666667 0.0268389662027833
0 0.55 0.9428429423459245 0.017708333333333333 0.02485089463220676
0 0.6255208333333333 0.9666998011928429 0.028125 0.05864811133200795
0 0.6786458333333333 0.9507952286282306 0.007291666666666667 0.012922465208747515
0 0.8864583333333333 0.974155069582505 0.016666666666666666 0.0437375745526839
0 0.8546875 0.9766401590457257 0.022916666666666665 0.04473161033797217
0 0.34609375 0.9771371769383698 0.018229166666666668 0.03777335984095427
0 0.8200520833333333 0.9776341948310139 0.0109375 0.030815109343936383
0 0.7776041666666667 0.981610337972167 0.021875 0.03479125248508946
0 0.6885416666666667 0.9771371769383698 0.013541666666666667 0.02584493041749503
0 0.06171875 0.9880715705765407 0.022395833333333334 0.02186878727634195