0 0.6671875 0.007455268389662028 0.00625 0.014910536779324055
0 0.5138020833333333 0.010437375745526839 0.024479166666666666 0.020874751491053677
0 0.34348958333333335 0.025347912524850896 0.030729166666666665 0.05069582504970179
0 0.303125 0.02286282306163022 0.013541666666666667 0.009940357852882704
0 0.8703125 0.033797216699801194 0.014583333333333334 0.02385685884691849
0 0.31536458333333334 0.03777335984095427 0.009895833333333333 0.02584493041749503
0 0.5565104166666667 0.042743538767395624 0.022395833333333334 0.03180914512922465
0 0.53359375 0.045228628230616304 0.015104166666666667 0.032803180914512925
0 0.44427083333333334 0.05616302186878728 0.011458333333333333 0.014910536779324055
0 0.37083333333333335 0.07803180914512922 0.009375 0.042743538767395624
0 0.7088541666666667 0.06709741550695825 0.008333333333333333 0.016898608349900597
0 0.7359375 0.08250497017892644 0.016666666666666666 0.02584493041749503
0 0.3184895833333333 0.08846918489065607 0.0109375 0.03180914512922465
0 0.5161458333333333 0.09642147117296222 0.016666666666666666 0.02186878727634195
0 0.8359375 0.09741550695825049 0.019791666666666666 0.017892644135188866
0 0.7549479166666667 0.10834990059642147 0.0203125 0.015904572564612324
0 0.6052083333333333 0.11282306163021869 0.015625 0.020874751491053677
0 0.28098958333333335 0.12276341948310139 0.0234375 0.036779324055666
0 0.5822916666666667 0.12823061630218688 0.011458333333333333 0.013916500994035786
0 0.56953125 0.13717693836978131 0.0078125 0.013916500994035786
0 0.37161458333333336 0.1595427435387674 0.016145833333333335 0.05268389662027833
0 0.35625 0.15457256461232605 0.013541666666666667 0.040755467196819085
0 0.2921875 0.1550695825049702 0.0125 0.017892644135188866
0 0.42604166666666665 0.17246520874751492 0.016666666666666666 0.042743538767395624
0 0.4825520833333333 0.1625248508946322 0.0078125 0.018886679920477135
0 0.4088541666666667 0.16302186878727634 0.00625 0.011928429423459244
0 0.25885416666666666 0.1779324055666004 0.027083333333333334 0.039761431411530816
0 0.8666666666666667 0.16848906560636182 0.016666666666666666 0.016898608349900597
0 0.5046875 0.1779324055666004 0.020833333333333332 0.03578528827037773
0 0.2953125 0.1824055666003976 0.025 0.030815109343936383
0 0.6903645833333333 0.18290258449304175 0.0203125 0.027833001988071572
0 0.1453125 0.18290258449304175 0.025 0.02982107355864811
0 0.6721354166666667 0.18439363817097415 0.016145833333333335 0.02882703777335984
0 0.8208333333333333 0.18986083499005965 0.0125 0.02385685884691849
0 0.3302083333333333 0.19035785288270377 0.011458333333333333 0.012922465208747515
0 0.7619791666666667 0.19284294234592445 0.008333333333333333 0.013916500994035786
0 0.665625 0.2077534791252485 0.007291666666666667 0.039761431411530816
0 0.75 0.20278330019880716 0.008333333333333333 0.011928429423459244
0 0.43203125 0.23409542743538767 0.025520833333333333 0.07455268389662027
0 0.51875 0.21023856858846918 0.011458333333333333 0.018886679920477135
0 0.7104166666666667 0.2276341948310139 0.022916666666666665 0.041749502982107355
0 0.3203125 0.21968190854870775 0.013541666666666667 0.013916500994035786
0 0.4627604166666667 0.23757455268389663 0.011979166666666667 0.039761431411530816
0 0.184375 0.2529821073558648 0.021875 0.03479125248508946
0 0.9752604166666666 0.2584493041749503 0.0078125 0.017892644135188866
0 0.49140625 0.26093439363817095 0.011979166666666667 0.016898608349900597
0 0.06510416666666667 0.27335984095427435 0.013541666666666667 0.03777335984095427
0 0.4140625 0.2912524850894632 0.014583333333333334 0.04771371769383698
0 0.5130208333333334 0.2823061630218688 0.007291666666666667 0.019880715705765408
0 0.6385416666666667 0.29025844930417494 0.008333333333333333 0.015904572564612324
0 0.7078125 0.31411530815109345 0.021875 0.02982107355864811
0 0.15703125 0.3195825049701789 0.016145833333333335 0.032803180914512925
0 0.4239583333333333 0.3205765407554672 0.008333333333333333 0.02485089463220676
0 0.5802083333333333 0.3220675944333996 0.015625 0.015904572564612324
0 0.4510416666666667 0.3320079522862823 0.014583333333333334 0.033797216699801194
0 0.3463541666666667 0.3503976143141153 0.0125 0.040755467196819085
0 0.19817708333333334 0.3379721669980119 0.015104166666666667 0.013916500994035786
0 0.14635416666666667 0.3543737574552684 0.013541666666666667 0.04473161033797217
0 0.86484375 0.352882703777336 0.0140625 0.03180914512922465
0 0.32734375 0.3643141153081511 0.0067708333333333336 0.032803180914512925
0 0.049479166666666664 0.3553677932405567 0.00625 0.016898608349900597
0 0.45677083333333335 0.3628230616302187 0.009375 0.02584493041749503
0 0.49270833333333336 0.3667992047713718 0.019791666666666666 0.019880715705765408
0 0.11380208333333333 0.3772365805168986 0.011979166666666667 0.040755467196819085
0 0.6330729166666667 0.37475149105367794 0.018229166666666668 0.02982107355864811
0 0.7598958333333333 0.3851888667992048 0.014583333333333334 0.048707753479125246
0 0.17213541666666668 0.3702783300198807 0.009895833333333333 0.012922465208747515
0 0.3171875 0.38966202783300197 0.017708333333333333 0.02584493041749503
0 0.2981770833333333 0.3976143141153082 0.011979166666666667 0.041749502982107355
0 0.4984375 0.39065606361829025 0.00625 0.011928429423459244
0 0.38333333333333336 0.3986083499005964 0.013541666666666667 0.027833001988071572
0 0.52109375 0.40755467196819084 0.016145833333333335 0.02982107355864811
0 0.50625 0.4115308151093439 0.011458333333333333 0.027833001988071572
0 0.5828125 0.41898608349900596 0.014583333333333334 0.0268389662027833
0 0.4466145833333333 0.43489065606361826 0.0171875 0.042743538767395624
0 0.85234375 0.4408548707753479 0.015104166666666667 0.02485089463220676
0 0.70703125 0.4517892644135189 0.024479166666666666 0.032803180914512925
0 0.6669270833333333 0.455765407554672 0.013020833333333334 0.040755467196819085
0 0.5510416666666667 0.44731610337972166 0.015625 0.02385685884691849
0 0.5119791666666667 0.4617296222664016 0.017708333333333333 0.036779324055666
0 0.6546875 0.4686878727634195 0.007291666666666667 0.030815109343936383
0 0.240625 0.4602385685884692 0.019791666666666666 0.013916500994035786
0 0.54296875 0.46520874751491054 0.0203125 0.02186878727634195
0 0.9130208333333333 0.4662027833001988 0.017708333333333333 0.011928429423459244
0 0.6794270833333333 0.470675944333996 0.0078125 0.016898608349900597
0 0.6763020833333333 0.48906560636182905 0.005729166666666666 0.019880715705765408
0 0.13020833333333334 0.49353876739562624 0.01875 0.02882703777335984
0 0.13776041666666666 0.5119284294234593 0.016145833333333335 0.04572564612326044
0 0.5854166666666667 0.5004970178926441 0.019791666666666666 0.018886679920477135
0 0.41432291666666665 0.5079522862823062 0.016145833333333335 0.02186878727634195
0 0.49166666666666664 0.5178926441351889 0.017708333333333333 0.027833001988071572
0 0.09427083333333333 0.525844930417495 0.0125 0.033797216699801194
0 0.5544270833333333 0.5168986083499006 0.013020833333333334 0.013916500994035786
0 0.5296875 0.5303180914512923 0.00625 0.03479125248508946
0 0.5166666666666667 0.5303180914512923 0.01875 0.0268389662027833
0 0.3924479166666667 0.5382703777335984 0.019270833333333334 0.0268389662027833
0 0.7098958333333333 0.5462226640159046 0.016666666666666666 0.012922465208747515
0 0.46197916666666666 0.5651093439363817 0.022916666666666665 0.04473161033797217
0 0.5416666666666666 0.5561630218687873 0.016666666666666666 0.020874751491053677
0 0.30546875 0.5755467196819085 0.0171875 0.019880715705765408
0 0.14869791666666668 0.5869781312127237 0.008854166666666666 0.040755467196819085
0 0.2 0.5904572564612326 0.011458333333333333 0.041749502982107355
0 0.9223958333333333 0.5849900596421471 0.017708333333333333 0.02485089463220676
0 0.18802083333333333 0.5914512922465208 0.0125 0.03578528827037773
0 0.0375 0.5904572564612326 0.021875 0.02982107355864811
0 0.6268229166666667 0.5859840954274353 0.0078125 0.016898608349900597
0 0.44609375 0.6023856858846919 0.021354166666666667 0.033797216699801194
0 0.4744791666666667 0.6118290258449304 0.020833333333333332 0.042743538767395624
0 0.37604166666666666 0.614314115308151 0.007291666666666667 0.03180914512922465
0 0.6973958333333333 0.6247514910536779 0.020833333333333332 0.042743538767395624
0 0.4239583333333333 0.6411530815109344 0.013541666666666667 0.05765407554671968
0 0.5515625 0.639662027833002 0.017708333333333333 0.02286282306163022
0 0.9427083333333334 0.6515904572564613 0.01875 0.036779324055666
0 0.43723958333333335 0.6764413518886679 0.0203125 0.06063618290258449
0 0.33671875 0.6570576540755467 0.016145833333333335 0.015904572564612324
0 0.6278645833333333 0.6774353876739563 0.009895833333333333 0.03876739562624255
0 0.3255208333333333 0.668986083499006 0.00625 0.015904572564612324
0 0.5604166666666667 0.6928429423459245 0.014583333333333334 0.0536779324055666
0 0.40182291666666664 0.6923459244532804 0.022395833333333334 0.03876739562624255
0 0.33619791666666665 0.6898608349900597 0.018229166666666668 0.02982107355864811
0 0.4557291666666667 0.694831013916501 0.010416666666666666 0.02385685884691849
0 0.002864583333333333 0.694831013916501 0.0046875 0.02186878727634195
0 0.70546875 0.69831013916501 0.008854166666666666 0.018886679920477135
0 0.646875 0.6968190854870775 0.015625 0.013916500994035786
0 0.35598958333333336 0.7196819085487077 0.0109375 0.039761431411530816
0 0.3703125 0.7087475149105368 0.007291666666666667 0.015904572564612324
0 0.4864583333333333 0.7162027833001988 0.0125 0.020874751491053677
0 0.7197916666666667 0.7291252485089463 0.023958333333333335 0.036779324055666
0 0.37864583333333335 0.7445328031809145 0.025 0.05964214711729622
0 0.4705729166666667 0.7335984095427436 0.0067708333333333336 0.02385685884691849
0 0.40234375 0.7450298210735586 0.019270833333333334 0.02286282306163022
0 0.1640625 0.7475149105367793 0.014583333333333334 0.027833001988071572
0 0.703125 0.7589463220675944 0.014583333333333334 0.036779324055666
0 0.4864583333333333 0.7534791252485089 0.011458333333333333 0.02584493041749503
0 0.33125 0.7698807157057654 0.0125 0.030815109343936383
0 0.25052083333333336 0.7982107355864811 0.019791666666666666 0.04771371769383698
0 0.63984375 0.7987077534791253 0.0140625 0.030815109343936383
0 0.5270833333333333 0.797713717693837 0.010416666666666666 0.0268389662027833
0 0.3033854166666667 0.8036779324055666 0.021354166666666667 0.02882703777335984
0 0.49921875 0.808648111332008 0.015104166666666667 0.03479125248508946
0 0.2755208333333333 0.8006958250497018 0.022916666666666665 0.020874751491053677
0 0.4861979166666667 0.8190854870775348 0.016145833333333335 0.04970178926441352
0 0.3875 0.8071570576540755 0.021875 0.02385685884691849
0 0.5588541666666667 0.8225646123260437 0.010416666666666666 0.03479125248508946
0 0.30885416666666665 0.8424453280318092 0.028125 0.05069582504970179
0 0.10677083333333333 0.8300198807157058 0.01875 0.011928429423459244
0 0.33697916666666666 0.8429423459244533 0.008333333333333333 0.033797216699801194
0 0.6270833333333333 0.8369781312127237 0.021875 0.017892644135188866
0 0.35911458333333335 0.8334990059642147 0.015104166666666667 0.010934393638170975
0 0.57109375 0.8518886679920478 0.0140625 0.03578528827037773
0 0.25494791666666666 0.8459244532803181 0.018229166666666668 0.02186878727634195
0 0.23958333333333334 0.8523856858846919 0.008333333333333333 0.02485089463220676
0 0.35625 0.8588469184890656 0.019791666666666666 0.009940357852882704
0 0.42942708333333335 0.9025844930417495 0.018229166666666668 0.039761431411530816
0 0.5869791666666667 0.8991053677932406 0.013541666666666667 0.0268389662027833
0 0.33203125 0.8996023856858847 0.018229166666666668 0.015904572564612324
0 0.3536458333333333 0.9249502982107356 0.014583333333333334 0.040755467196819085
0 0.6872395833333333 0.9289264413518886 0.0140625 0.04671968190854871
0 0.37473958333333335 0.9343936381709742 0.0140625 0.03180914512922465
0 0.009114583333333334 0.9478131212723658 0.0171875 0.0268389662027833
0 0.9791666666666666 0.9642147117296223 0.013541666666666667 0.019880715705765408
0 0.5583333333333333 0.9920477137176938 0.008333333333333333 0.013916500994035786