0 0.4205729166666667 0.009940357852882704 0.008854166666666666 0.019880715705765408
0 0.15885416666666666 0.03330019880715706 0.014583333333333334 0.05864811133200795
0 0.39036458333333335 0.03429423459244533 0.0046875 0.020874751491053677
0 0.1015625 0.04771371769383698 0.014583333333333334 0.039761431411530816
0 0.28567708333333336 0.0437375745526839 0.005729166666666666 0.017892644135188866
0 0.36614583333333334 0.05715705765407555 0.0125 0.02882703777335984
0 0.42552083333333335 0.06660039761431412 0.007291666666666667 0.03777335984095427
0 0.20026041666666666 0.06063618290258449 0.018229166666666668 0.02186878727634195
0 0.29010416666666666 0.06660039761431412 0.00625 0.013916500994035786
0 0.12604166666666666 0.08151093439363817 0.019791666666666666 0.019880715705765408
0 0.37395833333333334 0.09493041749502983 0.010416666666666666 0.042743538767395624
0 0.11848958333333333 0.10089463220675944 0.0140625 0.02286282306163022
0 0.9591145833333333 0.12624254473161034 0.04739583333333333 0.02584493041749503
0 0.6177083333333333 0.1386679920477137 0.009375 0.014910536779324055
0 0.18333333333333332 0.1466202783300199 0.005208333333333333 0.02882703777335984
0 0.3796875 0.18538767395626243 0.00625 0.03479125248508946
0 0.8364583333333333 0.18687872763419483 0.016666666666666666 0.02584493041749503
0 0.15182291666666667 0.19035785288270377 0.0109375 0.020874751491053677
0 0.21770833333333334 0.21719681908548708 0.00625 0.02882703777335984
0 0.46432291666666664 0.2216699801192843 0.0067708333333333336 0.019880715705765408
0 0.018489583333333334 0.2360834990059642 0.005729166666666666 0.0268389662027833
0 0.8463541666666666 0.268389662027833 0.019791666666666666 0.03578528827037773
0 0.5528645833333333 0.26192842942345923 0.011979166666666667 0.016898608349900597
0 0.15234375 0.2738568588469185 0.0328125 0.036779324055666
0 0.41770833333333335 0.2673956262425447 0.005208333333333333 0.02385685884691849
0 0.8739583333333333 0.2634194831013916 0.014583333333333334 0.011928429423459244
0 0.5364583333333334 0.2808151093439364 0.00625 0.0268389662027833
0 0.7143229166666667 0.2823061630218688 0.019270833333333334 0.02385685884691849
0 0.0796875 0.2927435387673956 0.009375 0.042743538767395624
0 0.7463541666666667 0.2937375745526839 0.010416666666666666 0.030815109343936383
0 0.00234375 0.2962226640159046 0.0046875 0.017892644135188866
0 0.5541666666666667 0.2927435387673956 0.013541666666666667 0.010934393638170975
0 0.97421875 0.3106361829025845 0.016145833333333335 0.030815109343936383
0 0.27057291666666666 0.3195825049701789 0.018229166666666668 0.020874751491053677
0 0.05286458333333333 0.32803180914512925 0.0067708333333333336 0.02186878727634195
0 0.08411458333333334 0.34542743538767395 0.0171875 0.0268389662027833
0 0.035416666666666666 0.35785288270377735 0.008333333333333333 0.04771371769383698
0 0.015104166666666667 0.36033797216699803 0.008333333333333333 0.0268389662027833
0 0.11822916666666666 0.3663021868787276 0.021875 0.02286282306163022
0 0.31875 0.36928429423459247 0.010416666666666666 0.016898608349900597
0 0.9736979166666667 0.4085487077534791 0.0515625 0.03777335984095427
0 0.2609375 0.4120278330019881 0.013541666666666667 0.032803180914512925
0 0.4830729166666667 0.43439363817097415 0.018229166666666668 0.04771371769383698
0 0.9184895833333333 0.43290258449304175 0.019270833333333334 0.008946322067594433
0 0.9932291666666667 0.44930417495029823 0.0125 0.03777335984095427
0 0.21744791666666666 0.45129224652087474 0.0140625 0.013916500994035786
0 0.30364583333333334 0.47962226640159045 0.0125 0.04473161033797217
0 0.9372395833333333 0.4845924453280318 0.009895833333333333 0.03876739562624255
0 0.49505208333333334 0.47564612326043737 0.015104166666666667 0.014910536779324055
0 0.2875 0.4870775347912525 0.007291666666666667 0.027833001988071572
0 0.20859375 0.48111332007952284 0.019270833333333334 0.013916500994035786
0 0.6091145833333333 0.4840954274353877 0.013020833333333334 0.015904572564612324
0 0.00703125 0.51441351888668 0.0140625 0.0268389662027833
0 0.4432291666666667 0.510934393638171 0.01875 0.02186878727634195
0 0.18411458333333333 0.5218687872763419 0.021354166666666667 0.03578528827037773
0 0.4505208333333333 0.5427435387673957 0.015625 0.033797216699801194
0 0.5260416666666666 0.555168986083499 0.029166666666666667 0.036779324055666
0 0.33932291666666664 0.5472166998011928 0.013020833333333334 0.012922465208747515
0 0.4942708333333333 0.558648111332008 0.008333333333333333 0.02186878727634195
0 0.6854166666666667 0.5571570576540755 0.011458333333333333 0.008946322067594433
0 0.17890625 0.5611332007952287 0.0171875 0.012922465208747515
0 0.15546875 0.5710735586481114 0.0046875 0.0268389662027833
0 0.44895833333333335 0.5879721669980119 0.009375 0.032803180914512925
0 0.3645833333333333 0.5815109343936382 0.019791666666666666 0.013916500994035786
0 0.4859375 0.5825049701789264 0.010416666666666666 0.015904572564612324
0 0.3815104166666667 0.5969184890656064 0.011979166666666667 0.014910536779324055
0 0.8869791666666667 0.6023856858846919 0.008333333333333333 0.013916500994035786
0 0.284375 0.6043737574552683 0.013541666666666667 0.013916500994035786
0 0.515625 0.6063618290258449 0.015625 0.015904572564612324
0 0.8096354166666667 0.6202783300198808 0.0067708333333333336 0.02584493041749503
0 0.41692708333333334 0.6257455268389662 0.016145833333333335 0.030815109343936383
0 0.07734375 0.6262425447316103 0.0067708333333333336 0.027833001988071572
0 0.3489583333333333 0.6158051689860835 0.016666666666666666 0.008946322067594433
0 0.29322916666666665 0.6307157057654076 0.016666666666666666 0.018886679920477135
0 0.3572916666666667 0.6376739562624254 0.0125 0.02485089463220676
0 0.32473958333333336 0.6371769383697813 0.0109375 0.011928429423459244
0 0.45416666666666666 0.6426441351888668 0.011458333333333333 0.02286282306163022
0 0.815625 0.6421471172962226 0.007291666666666667 0.015904572564612324
0 0.21822916666666667 0.6525844930417495 0.014583333333333334 0.016898608349900597
0 0.42109375 0.654572564612326 0.009895833333333333 0.018886679920477135
0 0.4044270833333333 0.6585487077534792 0.0140625 0.018886679920477135
0 0.7596354166666667 0.6769383697813122 0.0203125 0.02982107355864811
0 0.062239583333333334 0.6764413518886679 0.0171875 0.0268389662027833
0 0.41510416666666666 0.6928429423459245 0.027083333333333334 0.019880715705765408
0 0.2671875 0.7162027833001988 0.014583333333333334 0.036779324055666
0 0.1875 0.7162027833001988 0.020833333333333332 0.02882703777335984
0 0.37734375 0.7251491053677932 0.011979166666666667 0.036779324055666
0 0.91328125 0.7350894632206759 0.019270833333333334 0.05069582504970179
0 0.14973958333333334 0.7286282306163022 0.009895833333333333 0.03180914512922465
0 0.2859375 0.7261431411530815 0.011458333333333333 0.016898608349900597
0 0.6510416666666666 0.7296222664015904 0.00625 0.02584493041749503
0 0.4114583333333333 0.7345924453280318 0.015625 0.02584493041749503
0 0.3484375 0.7509940357852882 0.015625 0.048707753479125246
0 0.44427083333333334 0.742544731610338 0.004166666666666667 0.02385685884691849
0 0.42291666666666666 0.7599403578528827 0.009375 0.030815109343936383
0 0.4591145833333333 0.7649105367793241 0.0078125 0.02286282306163022
0 0.37734375 0.7664015904572564 0.0036458333333333334 0.02385685884691849
0 0.4830729166666667 0.7743538767395626 0.0067708333333333336 0.03578528827037773
0 0.6677083333333333 0.7713717693836978 0.00625 0.027833001988071572
0 0.19296875 0.7768389662027833 0.008854166666666666 0.02882703777335984
0 0.5635416666666667 0.7768389662027833 0.004166666666666667 0.02286282306163022
0 0.3067708333333333 0.7907554671968191 0.007291666666666667 0.04671968190854871
0 0.40729166666666666 0.775844930417495 0.014583333333333334 0.014910536779324055
0 0.36041666666666666 0.7872763419483101 0.00625 0.02186878727634195
0 0.5096354166666667 0.7892644135188867 0.0140625 0.017892644135188866
0 0.42473958333333334 0.8036779324055666 0.013020833333333334 0.006958250497017893
0 0.8111979166666666 0.8151093439363817 0.018229166666666668 0.019880715705765408
0 0.28802083333333334 0.8305168986083499 0.01875 0.03876739562624255
0 0.625 0.8250497017892644 0.017708333333333333 0.017892644135188866
0 0.19817708333333334 0.834493041749503 0.0171875 0.0268389662027833
0 0.31979166666666664 0.8533797216699801 0.016666666666666666 0.030815109343936383
0 0.4114583333333333 0.852882703777336 0.0125 0.009940357852882704
0 0.5828125 0.867296222664016 0.0125 0.02882703777335984
0 0.55234375 0.8633200795228628 0.008854166666666666 0.016898608349900597
0 0.3731770833333333 0.8757455268389662 0.0109375 0.03578528827037773
0 0.9505208333333334 0.871272365805169 0.008333333333333333 0.016898608349900597
0 0.44921875 0.8851888667992047 0.015104166666666667 0.042743538767395624
0 0.5703125 0.8807157057654076 0.007291666666666667 0.02584493041749503
0 0.00234375 0.8866799204771372 0.0046875 0.019880715705765408
0 0.98125 0.8941351888667992 0.0125 0.010934393638170975
0 0.4158854166666667 0.8991053677932406 0.016145833333333335 0.010934393638170975
0 0.59609375 0.9135188866799204 0.019270833333333334 0.033797216699801194
0 0.3223958333333333 0.9105367793240556 0.010416666666666666 0.02584493041749503
0 0.9859375 0.9179920477137177 0.027083333333333334 0.030815109343936383
0 0.025260416666666667 0.9393638170974155 0.027604166666666666 0.033797216699801194
0 0.4083333333333333 0.9398608349900597 0.0125 0.02286282306163022
0 0.2799479166666667 0.9493041749502982 0.011979166666666667 0.03180914512922465
0 0.725 0.9418489065606361 0.010416666666666666 0.014910536779324055
0 0.89453125 0.9647117296222664 0.013020833333333334 0.02286282306163022
0 0.21901041666666668 0.9726640159045725 0.0109375 0.030815109343936383
0 0.9440104166666666 0.981610337972167 0.07135416666666666 0.03479125248508946
0 0.29192708333333334 0.9835984095427436 0.011979166666666667 0.012922465208747515
0 0.8640625 0.9935387673956262 0.010416666666666666 0.010934393638170975
0 0.8768229166666667 0.9930417495029821 0.008854166666666666 0.011928429423459244