0 0.22578125 0.024353876739562623 0.0234375 0.030815109343936383
0 0.57890625 0.16302186878727634 0.0078125 0.02186878727634195
0 0.5364583333333334 0.17196819085487078 0.015625 0.02385685884691849
0 0.4315104166666667 0.26888667992047716 0.0067708333333333336 0.030815109343936383
0 0.14921875 0.2907554671968191 0.015104166666666667 0.012922465208747515
0 0.3255208333333333 0.31660039761431413 0.009375 0.02485089463220676
0 0.4588541666666667 0.37922465208747513 0.017708333333333333 0.02882703777335984
0 0.16848958333333333 0.378727634194831 0.0203125 0.019880715705765408
0 0.346875 0.39165009940357853 0.011458333333333333 0.02186878727634195
0 0.4239583333333333 0.510934393638171 0.011458333333333333 0.017892644135188866
0 0.484375 0.5124254473161034 0.011458333333333333 0.014910536779324055
0 0.40234375 0.5273359840954275 0.0109375 0.0268389662027833
0 0.59765625 0.5636182902584493 0.0036458333333333334 0.033797216699801194
0 0.47421875 0.584493041749503 0.013020833333333334 0.011928429423459244
0 0.29713541666666665 0.6163021868787276 0.021354166666666667 0.061630218687872766
0 0.46796875 0.6113320079522863 0.013020833333333334 0.03578528827037773
0 0.22916666666666666 0.621272365805169 0.015625 0.041749502982107355
0 0.4940104166666667 0.6148111332007953 0.0067708333333333336 0.016898608349900597
0 0.43072916666666666 0.6257455268389662 0.020833333333333332 0.02882703777335984
0 0.2375 0.6451292246520874 0.021875 0.033797216699801194
0 0.3268229166666667 0.6605367793240556 0.0036458333333333334 0.02882703777335984
0 0.11197916666666667 0.6555666003976143 0.017708333333333333 0.016898608349900597
0 0.5375 0.6640159045725647 0.009375 0.02186878727634195
0 0.19635416666666666 0.6774353876739563 0.010416666666666666 0.03876739562624255
0 0.31302083333333336 0.6669980119284294 0.014583333333333334 0.015904572564612324
0 0.29296875 0.6804174950298211 0.015104166666666667 0.010934393638170975
0 0.30963541666666666 0.6829025844930418 0.0078125 0.015904572564612324
0 0.41015625 0.6928429423459245 0.0067708333333333336 0.02385685884691849
0 0.5614583333333333 0.69831013916501 0.008333333333333333 0.0268389662027833
0 0.46796875 0.7226640159045725 0.013020833333333334 0.007952286282306162
0 0.6046875 0.7450298210735586 0.014583333333333334 0.02286282306163022
0 0.5716145833333334 0.7877733598409543 0.011979166666666667 0.02485089463220676
0 0.42864583333333334 0.8001988071570576 0.005208333333333333 0.019880715705765408
0 0.2799479166666667 0.8255467196819085 0.005729166666666666 0.0268389662027833
0 0.28802083333333334 0.8727634194831014 0.01875 0.015904572564612324
0 0.3419270833333333 0.9279324055666004 0.011979166666666667 0.04473161033797217
0 0.2828125 0.9761431411530815 0.010416666666666666 0.02584493041749503