0 0.021875 0.015407554671968192 0.025 0.030815109343936383
0 0.24010416666666667 0.007952286282306162 0.021875 0.015904572564612324
0 0.5752604166666667 0.009443339960238568 0.008854166666666666 0.018886679920477135
0 0.6143229166666667 0.014910536779324055 0.027604166666666666 0.02982107355864811
0 0.84921875 0.011928429423459244 0.04010416666666667 0.02385685884691849
0 0.878125 0.008946322067594433 0.014583333333333334 0.017892644135188866
0 0.9361979166666666 0.0064612326043737576 0.0171875 0.012922465208747515
0 0.9861979166666667 0.04721669980119284 0.0265625 0.09443339960238568
0 0.05182291666666667 0.009443339960238568 0.0078125 0.012922465208747515
0 0.32526041666666666 0.020874751491053677 0.0078125 0.019880715705765408
0 0.8182291666666667 0.023359840954274354 0.009375 0.012922465208747515
0 0.66015625 0.04473161033797217 0.025520833333333333 0.04771371769383698
0 0.09739583333333333 0.04025844930417495 0.01875 0.03479125248508946
0 0.35442708333333334 0.051192842942345926 0.015104166666666667 0.03876739562624255
0 0.80234375 0.04970178926441352 0.019270833333333334 0.03777335984095427
0 0.44296875 0.045228628230616304 0.0171875 0.02485089463220676
0 0.8799479166666667 0.04970178926441352 0.019270833333333334 0.03180914512922465
0 0.0036458333333333334 0.05268389662027833 0.007291666666666667 0.02186878727634195
0 0.6419270833333334 0.04970178926441352 0.008854166666666666 0.015904572564612324
0 0.5864583333333333 0.05964214711729622 0.010416666666666666 0.017892644135188866
0 0.67578125 0.08200795228628231 0.0203125 0.048707753479125246
0 0.48984375 0.07405566600397614 0.022395833333333334 0.020874751491053677
0 0.8908854166666667 0.07803180914512922 0.009895833333333333 0.020874751491053677
0 0.0671875 0.0805168986083499 0.015625 0.017892644135188866
0 0.34609375 0.1058648111332008 0.021354166666666667 0.05467196819085487
0 0.0578125 0.09642147117296222 0.0125 0.011928429423459244
0 0.4549479166666667 0.10685884691848907 0.015104166666666667 0.030815109343936383
0 0.09973958333333334 0.10238568588469185 0.011979166666666667 0.015904572564612324
0 0.25052083333333336 0.11332007952286283 0.016666666666666666 0.03777335984095427
0 0.8802083333333334 0.11779324055666004 0.017708333333333333 0.032803180914512925
0 0.42630208333333336 0.12326043737574553 0.021354166666666667 0.039761431411530816
0 0.11380208333333333 0.1272365805168986 0.025520833333333333 0.041749502982107355
0 0.9872395833333333 0.12823061630218688 0.0171875 0.0437375745526839
0 0.044270833333333336 0.12326043737574553 0.017708333333333333 0.02584493041749503
0 0.6848958333333334 0.12276341948310139 0.01875 0.02485089463220676
0 0.9020833333333333 0.12524850894632206 0.010416666666666666 0.015904572564612324
0 0.06822916666666666 0.12872763419483102 0.00625 0.020874751491053677
0 0.89140625 0.1441351888667992 0.0046875 0.027833001988071572
0 0.04114583333333333 0.1411530815109344 0.014583333333333334 0.015904572564612324
0 0.4127604166666667 0.147117296222664 0.0140625 0.02982107355864811
0 0.8505208333333333 0.1481113320079523 0.035416666666666666 0.03180914512922465
0 0.062239583333333334 0.15109343936381708 0.0140625 0.017892644135188866
0 0.3770833333333333 0.15109343936381708 0.011458333333333333 0.017892644135188866
0 0.0125 0.15854870775347912 0.011458333333333333 0.02485089463220676
0 0.9403645833333333 0.15656063618290258 0.009895833333333333 0.020874751491053677
0 0.8158854166666667 0.16401590457256462 0.016145833333333335 0.027833001988071572
0 0.9890625 0.17992047713717693 0.020833333333333332 0.05765407554671968
0 0.21927083333333333 0.17246520874751492 0.011458333333333333 0.030815109343936383
0 0.2635416666666667 0.17594433399602386 0.014583333333333334 0.03777335984095427
0 0.9190104166666667 0.17395626242544732 0.011979166666666667 0.019880715705765408
0 0.05286458333333333 0.17296222664015903 0.0067708333333333336 0.013916500994035786
0 0.69765625 0.1833996023856859 0.013020833333333334 0.0268389662027833
0 0.14453125 0.20079522862823063 0.015104166666666667 0.055666003976143144
0 0.037760416666666664 0.1933399602385686 0.016145833333333335 0.02882703777335984
0 0.003125 0.19284294234592445 0.00625 0.02584493041749503
0 0.5947916666666667 0.1993041749502982 0.015625 0.03876739562624255
0 0.7208333333333333 0.1908548707753479 0.015625 0.02186878727634195
0 0.8552083333333333 0.2047713717693837 0.022916666666666665 0.04970178926441352
0 0.49921875 0.19035785288270377 0.005729166666666666 0.016898608349900597
0 0.4817708333333333 0.20675944333996024 0.025 0.027833001988071572
0 0.8041666666666667 0.22365805168986083 0.022916666666666665 0.055666003976143144
0 0.8932291666666666 0.2062624254473161 0.00625 0.020874751491053677
0 0.1171875 0.2077534791252485 0.009375 0.015904572564612324
0 0.01640625 0.21819085487077536 0.011979166666666667 0.010934393638170975
0 0.008854166666666666 0.23409542743538767 0.017708333333333333 0.010934393638170975
0 0.31927083333333334 0.23757455268389663 0.010416666666666666 0.019880715705765408
0 0.2765625 0.24552683896620278 0.011458333333333333 0.02584493041749503
0 0.47552083333333334 0.24801192842942346 0.01875 0.02882703777335984
0 0.81328125 0.26043737574552683 0.0203125 0.041749502982107355
0 0.8427083333333333 0.24751491053677932 0.010416666666666666 0.015904572564612324
0 0.88359375 0.2584493041749503 0.019270833333333334 0.03180914512922465
0 0.5072916666666667 0.25795228628230615 0.015625 0.02882703777335984
0 0.30546875 0.2659045725646123 0.0109375 0.018886679920477135
0 0.6268229166666667 0.2768389662027833 0.0203125 0.0268389662027833
0 0.2791666666666667 0.2768389662027833 0.014583333333333334 0.020874751491053677
0 0.46328125 0.2813121272365805 0.019270833333333334 0.02186878727634195
0 0.12447916666666667 0.2907554671968191 0.009375 0.02485089463220676
0 0.30234375 0.3081510934393638 0.011979166666666667 0.03578528827037773
0 0.7419270833333333 0.3230616302186879 0.018229166666666668 0.0536779324055666
0 0.38958333333333334 0.34443339960238567 0.023958333333333335 0.05864811133200795
0 0.55 0.32852882703777336 0.009375 0.02485089463220676
0 0.46328125 0.33697813121272363 0.0171875 0.02385685884691849
0 0.55078125 0.3543737574552684 0.008854166666666666 0.02485089463220676
0 0.9953125 0.3702783300198807 0.008333333333333333 0.016898608349900597
0 0.5872395833333334 0.3772365805168986 0.008854166666666666 0.02485089463220676
0 0.26171875 0.4000994035785288 0.011979166666666667 0.042743538767395624
0 0.4239583333333333 0.40904572564612324 0.009375 0.02882703777335984
0 0.49114583333333334 0.41848906560636184 0.011458333333333333 0.0437375745526839
0 0.6416666666666667 0.4165009940357853 0.008333333333333333 0.03777335984095427
0 0.34036458333333336 0.4110337972166998 0.0078125 0.02485089463220676
0 0.7653645833333333 0.41898608349900596 0.0109375 0.018886679920477135
0 0.52109375 0.43240556660039764 0.015104166666666667 0.033797216699801194
0 0.18619791666666666 0.4408548707753479 0.015104166666666667 0.03876739562624255
0 0.6028645833333334 0.43389662027833004 0.016145833333333335 0.014910536779324055
0 0.32890625 0.44582504970178927 0.016145833333333335 0.020874751491053677
0 0.21484375 0.4647117296222664 0.015104166666666667 0.05069582504970179
0 0.3875 0.4552683896620278 0.011458333333333333 0.02982107355864811
0 0.78203125 0.452286282306163 0.0078125 0.015904572564612324
0 0.9395833333333333 0.474155069582505 0.026041666666666668 0.041749502982107355
0 0.08932291666666667 0.4831013916500994 0.019270833333333334 0.0536779324055666
0 0.25364583333333335 0.4721669980119284 0.022916666666666665 0.03180914512922465
0 0.6901041666666666 0.47664015904572565 0.008333333333333333 0.03876739562624255
0 0.8596354166666667 0.4761431411530815 0.016145833333333335 0.03180914512922465
0 0.3463541666666667 0.4831013916500994 0.019791666666666666 0.03777335984095427
0 0.23541666666666666 0.4995029821073559 0.013541666666666667 0.040755467196819085
0 0.6419270833333334 0.49304174950298213 0.0171875 0.02982107355864811
0 0.41380208333333335 0.49055666003976145 0.0171875 0.016898608349900597
0 0.5091145833333334 0.5009940357852882 0.0140625 0.03180914512922465
0 0.8635416666666667 0.4970178926441352 0.019791666666666666 0.017892644135188866
0 0.3299479166666667 0.49801192842942343 0.0140625 0.015904572564612324
0 0.2833333333333333 0.5094433399602386 0.013541666666666667 0.03479125248508946
0 0.221875 0.5154075546719682 0.010416666666666666 0.036779324055666
0 0.5703125 0.5193836978131213 0.014583333333333334 0.018886679920477135
0 0.2942708333333333 0.5357852882703777 0.014583333333333334 0.027833001988071572
0 0.43854166666666666 0.5372763419483101 0.005208333333333333 0.020874751491053677
0 0.9213541666666667 0.540258449304175 0.00625 0.018886679920477135
0 0.3411458333333333 0.5511928429423459 0.016666666666666666 0.02882703777335984
0 0.43333333333333335 0.5646123260437376 0.011458333333333333 0.02982107355864811
0 0.9880208333333333 0.5685884691848907 0.022916666666666665 0.033797216699801194
0 0.41953125 0.5815109343936382 0.018229166666666668 0.039761431411530816
0 0.346875 0.6023856858846919 0.016666666666666666 0.03180914512922465
0 0.8174479166666667 0.5984095427435387 0.021354166666666667 0.02385685884691849
0 0.55078125 0.6128230616302187 0.013020833333333334 0.02485089463220676
0 0.41770833333333335 0.6446322067594433 0.016666666666666666 0.016898608349900597
0 0.45989583333333334 0.6570576540755467 0.015625 0.02584493041749503
0 0.2838541666666667 0.661530815109344 0.015625 0.018886679920477135
0 0.42109375 0.6794234592445328 0.0140625 0.03876739562624255
0 0.3 0.6858846918489065 0.027083333333333334 0.0437375745526839
0 0.4015625 0.6993041749502982 0.008333333333333333 0.032803180914512925
0 0.5036458333333333 0.7017892644135189 0.017708333333333333 0.03578528827037773
0 0.55703125 0.6938369781312127 0.011979166666666667 0.017892644135188866
0 0.33515625 0.7067594433399602 0.009895833333333333 0.02584493041749503
0 0.26536458333333335 0.713220675944334 0.009895833333333333 0.02882703777335984
0 0.29609375 0.7196819085487077 0.0036458333333333334 0.019880715705765408
0 0.38776041666666666 0.7296222664015904 0.015104166666666667 0.039761431411530816
0 0.9083333333333333 0.7301192842942346 0.023958333333333335 0.03479125248508946
0 0.41510416666666666 0.7296222664015904 0.014583333333333334 0.02982107355864811
0 0.7067708333333333 0.7485089463220675 0.0125 0.03180914512922465
0 0.29140625 0.7564612326043738 0.015104166666666667 0.0437375745526839
0 0.5744791666666667 0.7659045725646123 0.011458333333333333 0.040755467196819085
0 0.7565104166666666 0.7723658051689861 0.0140625 0.041749502982107355
0 0.4984375 0.7698807157057654 0.022916666666666665 0.030815109343936383
0 0.16145833333333334 0.7922465208747514 0.01875 0.055666003976143144
0 0.07395833333333333 0.797713717693837 0.00625 0.014910536779324055
0 0.6544270833333333 0.8046719681908548 0.0171875 0.02882703777335984
0 0.2638020833333333 0.8180914512922465 0.018229166666666668 0.03578528827037773
0 0.35390625 0.8205765407554672 0.016145833333333335 0.03876739562624255
0 0.871875 0.8280318091451292 0.015625 0.039761431411530816
0 0.8190104166666666 0.8404572564612326 0.016145833333333335 0.04473161033797217
0 0.6325520833333333 0.8618290258449304 0.021354166666666667 0.0536779324055666
0 0.004427083333333333 0.8588469184890656 0.008854166666666666 0.013916500994035786
0 0.13385416666666666 0.8817097415506958 0.016666666666666666 0.03180914512922465
0 0.4666666666666667 0.8792246520874751 0.013541666666666667 0.0268389662027833
0 0.09557291666666666 0.9150099403578529 0.0203125 0.040755467196819085
0 0.8859375 0.9622266401590457 0.023958333333333335 0.04970178926441352
0 0.6578125 0.9781312127236581 0.020833333333333332 0.041749502982107355