0 0.10052083333333334 0.01341948310139165 0.022916666666666665 0.0268389662027833
0 0.8268229166666666 0.007952286282306162 0.0140625 0.015904572564612324
0 0.85546875 0.011928429423459244 0.0046875 0.019880715705765408
0 0.5364583333333334 0.033797216699801194 0.009375 0.04572564612326044
0 0.64296875 0.022365805168986085 0.0067708333333333336 0.016898608349900597
0 0.86875 0.037276341948310136 0.011458333333333333 0.03876739562624255
0 0.8526041666666667 0.03479125248508946 0.010416666666666666 0.027833001988071572
0 0.3299479166666667 0.02982107355864811 0.009895833333333333 0.013916500994035786
0 0.6661458333333333 0.053180914512922464 0.008333333333333333 0.03876739562624255
0 0.6388020833333333 0.07107355864811134 0.0234375 0.06858846918489066
0 0.56484375 0.06610337972166998 0.005729166666666666 0.02882703777335984
0 0.7265625 0.06759443339960239 0.017708333333333333 0.017892644135188866
0 0.25677083333333334 0.07952286282306163 0.027083333333333334 0.02982107355864811
0 0.7505208333333333 0.08648111332007952 0.022916666666666665 0.03578528827037773
0 0.5463541666666667 0.0889662027833002 0.017708333333333333 0.032803180914512925
0 0.5875 0.0889662027833002 0.009375 0.032803180914512925
0 0.7109375 0.08797216699801193 0.016666666666666666 0.02286282306163022
0 0.3489583333333333 0.0959244532803181 0.013541666666666667 0.0268389662027833
0 0.5286458333333334 0.1143141153081511 0.019791666666666666 0.03777335984095427
0 0.9903645833333333 0.1257455268389662 0.018229166666666668 0.06063618290258449
0 0.67734375 0.11083499005964215 0.0109375 0.012922465208747515
0 0.5927083333333333 0.1312127236580517 0.0125 0.033797216699801194
0 0.5046875 0.14165009940357853 0.011458333333333333 0.030815109343936383
0 0.9015625 0.14363817097415507 0.01875 0.02882703777335984
0 0.06848958333333334 0.1749502982107356 0.018229166666666668 0.033797216699801194
0 0.4640625 0.18687872763419483 0.023958333333333335 0.0437375745526839
0 0.37916666666666665 0.18538767395626243 0.005208333333333333 0.016898608349900597
0 0.4934895833333333 0.19980119284294234 0.0171875 0.0437375745526839
0 0.52578125 0.2077534791252485 0.0203125 0.04771371769383698
0 0.4471354166666667 0.21371769383697814 0.013020833333333334 0.03180914512922465
0 0.5908854166666667 0.20725646123260438 0.018229166666666668 0.016898608349900597
0 0.3731770833333333 0.22564612326043737 0.022395833333333334 0.039761431411530816
0 0.5578125 0.24502982107355864 0.029166666666666667 0.036779324055666
0 0.5315104166666667 0.24801192842942346 0.0109375 0.03479125248508946
0 0.5875 0.2554671968190855 0.023958333333333335 0.0437375745526839
0 0.39427083333333335 0.2753479125248509 0.009375 0.0437375745526839
0 0.9919270833333333 0.2668986083499006 0.015104166666666667 0.016898608349900597
0 0.33489583333333334 0.27435387673956263 0.008333333333333333 0.02982107355864811
0 0.7658854166666667 0.27087475149105367 0.015104166666666667 0.020874751491053677
0 0.9041666666666667 0.2798210735586481 0.017708333333333333 0.03479125248508946
0 0.5286458333333334 0.2962226640159046 0.008333333333333333 0.03777335984095427
0 0.3203125 0.2897614314115308 0.017708333333333333 0.010934393638170975
0 0.19947916666666668 0.30268389662027834 0.014583333333333334 0.02286282306163022
0 0.9046875 0.3071570576540755 0.01875 0.019880715705765408
0 0.7028645833333333 0.3101391650099404 0.0171875 0.017892644135188866
0 0.3609375 0.3359840954274354 0.014583333333333334 0.039761431411530816
0 0.6796875 0.3503976143141153 0.008333333333333333 0.048707753479125246
0 0.5033854166666667 0.3518886679920477 0.0067708333333333336 0.019880715705765408
0 0.5046875 0.38469184890656066 0.00625 0.03777335984095427
0 0.2921875 0.38966202783300197 0.009375 0.03180914512922465
0 0.5791666666666667 0.3866799204771372 0.0125 0.02186878727634195
0 0.4015625 0.39214711729622265 0.01875 0.018886679920477135
0 0.9408854166666667 0.4085487077534791 0.0171875 0.0437375745526839
0 0.61171875 0.3996023856858847 0.0203125 0.019880715705765408
0 0.23828125 0.4194831013916501 0.0109375 0.03578528827037773
0 0.7611979166666667 0.4274353876739563 0.0109375 0.03180914512922465
0 0.30182291666666666 0.4209741550695825 0.0109375 0.008946322067594433
0 0.6291666666666667 0.4383697813121272 0.021875 0.033797216699801194
0 0.57109375 0.43290258449304175 0.008854166666666666 0.016898608349900597
0 0.553125 0.44433399602385687 0.013541666666666667 0.02385685884691849
0 0.7244791666666667 0.4552683896620278 0.008333333333333333 0.03777335984095427
0 0.6432291666666666 0.4532803180914513 0.008333333333333333 0.027833001988071572
0 0.5184895833333333 0.4592445328031809 0.011979166666666667 0.019880715705765408
0 0.40078125 0.46520874751491054 0.0109375 0.02584493041749503
0 0.5682291666666667 0.4701789264413519 0.01875 0.033797216699801194
0 0.46510416666666665 0.46123260437375746 0.015625 0.013916500994035786
0 0.42161458333333335 0.4721669980119284 0.005729166666666666 0.027833001988071572
0 0.62109375 0.4701789264413519 0.011979166666666667 0.011928429423459244
0 0.46875 0.4850894632206759 0.022916666666666665 0.027833001988071572
0 0.07317708333333334 0.4970178926441352 0.0140625 0.013916500994035786
0 0.44036458333333334 0.5059642147117296 0.0067708333333333336 0.02982107355864811
0 0.64921875 0.5139165009940357 0.009895833333333333 0.02982107355864811
0 0.49192708333333335 0.5159045725646123 0.019270833333333334 0.027833001988071572
0 0.8924479166666667 0.5283300198807157 0.019270833333333334 0.02882703777335984
0 0.5515625 0.5323061630218688 0.014583333333333334 0.016898608349900597
0 0.5713541666666667 0.5432405566600398 0.010416666666666666 0.02286282306163022
0 0.6065104166666667 0.5457256461232605 0.018229166666666668 0.027833001988071572
0 0.5885416666666666 0.5511928429423459 0.017708333333333333 0.02882703777335984
0 0.6669270833333333 0.5611332007952287 0.013020833333333334 0.018886679920477135
0 0.3729166666666667 0.5616302186878728 0.015625 0.013916500994035786
0 0.2950520833333333 0.5720675944333996 0.016145833333333335 0.008946322067594433
0 0.4744791666666667 0.5914512922465208 0.008333333333333333 0.0437375745526839
0 0.6401041666666667 0.6033797216699801 0.008333333333333333 0.02584493041749503
0 0.5395833333333333 0.6083499005964215 0.005208333333333333 0.02385685884691849
0 0.39296875 0.6098409542743539 0.024479166666666666 0.018886679920477135
0 0.10859375 0.6416500994035785 0.008854166666666666 0.04473161033797217
0 0.7401041666666667 0.6421471172962226 0.021875 0.041749502982107355
0 0.30911458333333336 0.6436381709741551 0.027604166666666666 0.0268389662027833
0 0.5354166666666667 0.6461232604373758 0.010416666666666666 0.02186878727634195
0 0.5609375 0.665506958250497 0.009375 0.036779324055666
0 0.5088541666666667 0.6699801192842942 0.015625 0.019880715705765408
0 0.3229166666666667 0.6843936381709742 0.0125 0.036779324055666
0 0.46041666666666664 0.6824055666003976 0.009375 0.0268389662027833
0 0.16484375 0.6863817097415507 0.0140625 0.02286282306163022
0 0.41901041666666666 0.6833996023856859 0.0140625 0.014910536779324055
0 0.5520833333333334 0.7092445328031809 0.011458333333333333 0.02485089463220676
0 0.5033854166666667 0.7211729622266402 0.015104166666666667 0.008946322067594433
0 0.5549479166666667 0.7385685884691849 0.009895833333333333 0.019880715705765408
0 0.9604166666666667 0.7544731610337972 0.025 0.041749502982107355
0 0.296875 0.7480119284294234 0.015625 0.008946322067594433
0 0.26510416666666664 0.7778330019880716 0.023958333333333335 0.03479125248508946
0 0.5364583333333334 0.7738568588469185 0.015625 0.014910536779324055
0 0.41041666666666665 0.7823061630218688 0.021875 0.02385685884691849
0 0.8505208333333333 0.8285288270377733 0.028125 0.05864811133200795
0 0.34427083333333336 0.812624254473161 0.00625 0.02485089463220676
0 0.21614583333333334 0.8205765407554672 0.010416666666666666 0.03479125248508946
0 0.27057291666666666 0.8190854870775348 0.016145833333333335 0.02385685884691849
0 0.32317708333333334 0.8315109343936382 0.009895833333333333 0.012922465208747515
0 0.30572916666666666 0.8533797216699801 0.0125 0.030815109343936383
0 0.44166666666666665 0.8653081510934394 0.019791666666666666 0.0268389662027833
0 0.3763020833333333 0.8707753479125249 0.0067708333333333336 0.02584493041749503
0 0.85 0.9020874751491054 0.015625 0.03479125248508946
0 0.01640625 0.9219681908548708 0.015104166666666667 0.016898608349900597
0 0.8638020833333333 0.9507952286282306 0.021354166666666667 0.04473161033797217
0 0.5072916666666667 0.955765407554672 0.013541666666666667 0.04671968190854871
0 0.037760416666666664 0.9517892644135189 0.030729166666666665 0.02882703777335984
0 0.40546875 0.959741550695825 0.016145833333333335 0.02286282306163022
0 0.33697916666666666 0.9771371769383698 0.015625 0.03578528827037773
0 0.5283854166666667 0.9776341948310139 0.0046875 0.02485089463220676
0 0.3028645833333333 0.9850894632206759 0.0171875 0.027833001988071572
0 0.3854166666666667 0.9850894632206759 0.013541666666666667 0.027833001988071572
0 0.4765625 0.98558648111332 0.013541666666666667 0.008946322067594433
0 0.2296875 0.992544731610338 0.013541666666666667 0.012922465208747515