0 0.9747395833333333 0.0004970178926441351 0.04114583333333333 0.0009940357852882703
0 0.6203125 0.021371769383697812 0.009375 0.012922465208747515
0 0.8989583333333333 0.02485089463220676 0.007291666666666667 0.019880715705765408
0 0.9325520833333333 0.029324055666003976 0.0078125 0.02286282306163022
0 0.68203125 0.04025844930417495 0.025520833333333333 0.03479125248508946
0 0.9643229166666667 0.032803180914512925 0.013020833333333334 0.019880715705765408
0 0.9166666666666666 0.04622266401590457 0.017708333333333333 0.016898608349900597
0 0.9794270833333333 0.05417495029821073 0.015104166666666667 0.016898608349900597
0 0.7109375 0.05666003976143141 0.00625 0.015904572564612324
0 0.71484375 0.08200795228628231 0.0109375 0.018886679920477135
0 0.9596354166666666 0.0889662027833002 0.009895833333333333 0.02485089463220676
0 0.9052083333333333 0.09443339960238568 0.013541666666666667 0.02186878727634195
0 0.6197916666666666 0.091948310139165 0.007291666666666667 0.010934393638170975
0 0.8588541666666667 0.110337972166998 0.0125 0.039761431411530816
0 0.43125 0.09940357852882704 0.010416666666666666 0.011928429423459244
0 0.8330729166666667 0.11580516898608349 0.016145833333333335 0.020874751491053677
0 0.9419270833333333 0.11182902584493042 0.009895833333333333 0.012922465208747515
0 0.7252604166666666 0.1257455268389662 0.009895833333333333 0.032803180914512925
0 0.9661458333333334 0.1272365805168986 0.0125 0.03180914512922465
0 0.9447916666666667 0.1317097415506958 0.019791666666666666 0.0268389662027833
0 0.35078125 0.13021868787276342 0.008854166666666666 0.011928429423459244
0 0.7515625 0.15357852882703776 0.008333333333333333 0.02882703777335984
0 0.8841145833333334 0.1550695825049702 0.009895833333333333 0.02186878727634195
0 0.91328125 0.16202783300198806 0.015104166666666667 0.017892644135188866
0 0.9953125 0.16600397614314116 0.008333333333333333 0.017892644135188866
0 0.6903645833333333 0.17246520874751492 0.0109375 0.016898608349900597
0 0.7033854166666667 0.18041749502982107 0.008854166666666666 0.02485089463220676
0 0.7630208333333334 0.18290258449304175 0.0125 0.017892644135188866
0 0.35182291666666665 0.1908548707753479 0.008854166666666666 0.009940357852882704
0 0.8283854166666667 0.20974155069582506 0.008854166666666666 0.02385685884691849
0 0.44479166666666664 0.24950298210735586 0.007291666666666667 0.015904572564612324
0 0.8010416666666667 0.25944333996023855 0.004166666666666667 0.02584493041749503
0 0.815625 0.25745526838966204 0.010416666666666666 0.011928429423459244
0 0.9190104166666667 0.2813121272365805 0.011979166666666667 0.019880715705765408
0 0.8315104166666667 0.28330019880715707 0.018229166666666668 0.019880715705765408
0 0.48125 0.28677932405566603 0.015625 0.016898608349900597
0 0.6270833333333333 0.29174950298210733 0.011458333333333333 0.0268389662027833
0 0.8872395833333333 0.29174950298210733 0.015104166666666667 0.02286282306163022
0 0.8567708333333334 0.30168986083499005 0.010416666666666666 0.020874751491053677
0 0.9908854166666666 0.31510934393638174 0.0171875 0.03578528827037773
0 0.7575520833333333 0.31312127236580517 0.0078125 0.011928429423459244
0 0.7109375 0.34642147117296224 0.0125 0.032803180914512925
0 0.28151041666666665 0.34592445328031807 0.0078125 0.02584493041749503
0 0.9182291666666667 0.3553677932405567 0.007291666666666667 0.0268389662027833
0 0.5171875 0.3499005964214712 0.008333333333333333 0.009940357852882704
0 0.7510416666666667 0.3628230616302187 0.009375 0.017892644135188866
0 0.9825520833333333 0.38916500994035785 0.016145833333333335 0.032803180914512925
0 0.99453125 0.4110337972166998 0.009895833333333333 0.0268389662027833
0 0.684375 0.41451292246520877 0.005208333333333333 0.02385685884691849
0 0.6625 0.41699801192842945 0.005208333333333333 0.016898608349900597
0 0.9088541666666666 0.4269383697813121 0.016666666666666666 0.03479125248508946
0 0.6776041666666667 0.4284294234592445 0.009375 0.02584493041749503
0 0.7372395833333333 0.4284294234592445 0.009895833333333333 0.02385685884691849
0 0.7736979166666667 0.44831013916500995 0.009895833333333333 0.019880715705765408
0 0.940625 0.46123260437375746 0.009375 0.009940357852882704
0 0.8752604166666667 0.4761431411530815 0.0067708333333333336 0.02186878727634195
0 0.8140625 0.4761431411530815 0.0125 0.011928429423459244
0 0.8966145833333333 0.4845924453280318 0.021354166666666667 0.02882703777335984
0 0.8489583333333334 0.4960238568588469 0.0125 0.015904572564612324
0 0.9302083333333333 0.5079522862823062 0.0125 0.015904572564612324
0 0.8231770833333333 0.5308151093439364 0.0046875 0.02584493041749503
0 0.8091145833333333 0.5775347912524851 0.005729166666666666 0.02584493041749503
0 0.8385416666666666 0.5720675944333996 0.015625 0.016898608349900597
0 0.73515625 0.5780318091451292 0.008854166666666666 0.020874751491053677
0 0.03177083333333333 0.5874751491053678 0.014583333333333334 0.011928429423459244
0 0.9416666666666667 0.6202783300198808 0.010416666666666666 0.02982107355864811
0 0.6888020833333334 0.6505964214711729 0.011979166666666667 0.02485089463220676
0 0.7958333333333333 0.6416500994035785 0.011458333333333333 0.008946322067594433
0 0.67265625 0.6550695825049702 0.013020833333333334 0.015904572564612324
0 0.7166666666666667 0.6694831013916501 0.005208333333333333 0.0268389662027833
0 0.1703125 0.6804174950298211 0.017708333333333333 0.020874751491053677
0 0.7247395833333333 0.7251491053677932 0.008854166666666666 0.020874751491053677
0 0.0578125 0.7440357852882704 0.01875 0.036779324055666
0 0.21067708333333332 0.7360834990059643 0.0140625 0.016898608349900597
0 0.37526041666666665 0.797713717693837 0.013020833333333334 0.014910536779324055
0 0.6375 0.8001988071570576 0.010416666666666666 0.019880715705765408
0 0.9390625 0.8041749502982107 0.009375 0.027833001988071572
0 0.896875 0.8096421471172962 0.007291666666666667 0.02286282306163022
0 0.6950520833333333 0.8151093439363817 0.0140625 0.009940357852882704
0 0.37734375 0.8230616302186878 0.0109375 0.015904572564612324
0 0.56015625 0.8260437375745527 0.009895833333333333 0.019880715705765408
0 0.51796875 0.838469184890656 0.013020833333333334 0.0268389662027833
0 0.59765625 0.8409542743538767 0.009895833333333333 0.019880715705765408
0 0.7200520833333334 0.8424453280318092 0.0067708333333333336 0.020874751491053677
0 0.5791666666666667 0.8479125248508946 0.004166666666666667 0.02584493041749503
0 0.26145833333333335 0.8648111332007953 0.021875 0.019880715705765408
0 0.5049479166666667 0.8707753479125249 0.016145833333333335 0.02186878727634195
0 0.34791666666666665 0.8836978131212724 0.015625 0.013916500994035786
0 0.7497395833333333 0.889662027833002 0.009895833333333333 0.027833001988071572
0 0.7010416666666667 0.9333996023856859 0.010416666666666666 0.04771371769383698
0 0.9158854166666667 0.9289264413518886 0.016145833333333335 0.020874751491053677
0 0.7861979166666667 0.9319085487077535 0.009895833333333333 0.010934393638170975
0 0.5466145833333333 0.9502982107355865 0.008854166666666666 0.02186878727634195
0 0.35703125 0.9691848906560636 0.0067708333333333336 0.02385685884691849
0 0.6588541666666666 0.9666998011928429 0.017708333333333333 0.012922465208747515
0 0.7109375 0.9786282306163022 0.010416666666666666 0.0268389662027833
0 0.8739583333333333 0.9860834990059643 0.0125 0.02584493041749503
0 0.6276041666666666 0.98558648111332 0.008333333333333333 0.020874751491053677
0 0.5869791666666667 0.9865805168986084 0.00625 0.014910536779324055
0 0.6169270833333333 0.9915506958250497 0.0140625 0.014910536779324055
0 0.68984375 0.9915506958250497 0.0109375 0.014910536779324055