0 0.30885416666666665 0.008449304174950299 0.014583333333333334 0.016898608349900597
0 0.01640625 0.01242544731610338 0.03177083333333333 0.02485089463220676
0 0.09088541666666666 0.02882703777335984 0.0140625 0.019880715705765408
0 0.06276041666666667 0.031312127236580514 0.013020833333333334 0.016898608349900597
0 0.7291666666666666 0.08399602385685885 0.009375 0.020874751491053677
0 0.709375 0.08349900596421471 0.007291666666666667 0.019880715705765408
0 0.8283854166666667 0.12773359840954274 0.015104166666666667 0.02286282306163022
0 0.47161458333333334 0.12922465208747516 0.0067708333333333336 0.009940357852882704
0 0.04583333333333333 0.18439363817097415 0.010416666666666666 0.02882703777335984
0 0.121875 0.22216699801192843 0.015625 0.020874751491053677
0 0.12265625 0.30168986083499005 0.008854166666666666 0.02485089463220676
0 0.19088541666666667 0.34343936381709744 0.0078125 0.02485089463220676
0 0.11276041666666667 0.37673956262425445 0.008854166666666666 0.03180914512922465
0 0.27447916666666666 0.371272365805169 0.0125 0.008946322067594433
0 0.0828125 0.3817097415506958 0.011458333333333333 0.02186878727634195
0 0.18177083333333333 0.3946322067594433 0.029166666666666667 0.03180914512922465
0 0.039322916666666666 0.4125248508946322 0.013020833333333334 0.013916500994035786
0 0.20703125 0.42992047713717696 0.009895833333333333 0.03479125248508946
0 0.5015625 0.44781312127236583 0.01875 0.06660039761431412
0 0.37942708333333336 0.4363817097415507 0.015104166666666667 0.011928429423459244
0 0.04583333333333333 0.4532803180914513 0.017708333333333333 0.039761431411530816
0 0.008072916666666667 0.4746520874751491 0.015104166666666667 0.014910536779324055
0 0.371875 0.4855864811133201 0.010416666666666666 0.016898608349900597
0 0.6669270833333333 0.5149105367793241 0.0036458333333333334 0.02584493041749503
0 0.9130208333333333 0.5308151093439364 0.010416666666666666 0.03777335984095427
0 0.28098958333333335 0.5710735586481114 0.0078125 0.02286282306163022
0 0.20208333333333334 0.5969184890656064 0.007291666666666667 0.030815109343936383
0 0.3736979166666667 0.6038767395626242 0.005729166666666666 0.030815109343936383
0 0.12109375 0.6227634194831014 0.015104166666666667 0.03876739562624255
0 0.0453125 0.6317097415506958 0.016666666666666666 0.036779324055666
0 0.3658854166666667 0.6336978131212724 0.005729166666666666 0.02485089463220676
0 0.17239583333333333 0.6341948310139165 0.013541666666666667 0.02186878727634195
0 0.3109375 0.6381709741550696 0.004166666666666667 0.02584493041749503
0 0.3776041666666667 0.6744532803180915 0.013541666666666667 0.014910536779324055
0 0.09947916666666666 0.7007952286282306 0.014583333333333334 0.02186878727634195
0 0.39947916666666666 0.7062624254473161 0.0125 0.014910536779324055
0 0.2359375 0.7211729622266402 0.025 0.042743538767395624
0 0.196875 0.7157057654075547 0.008333333333333333 0.02584493041749503
0 0.321875 0.7206759443339961 0.007291666666666667 0.02982107355864811
0 0.37395833333333334 0.7256461232604374 0.007291666666666667 0.033797216699801194
0 0.1578125 0.7226640159045725 0.013541666666666667 0.015904572564612324
0 0.3484375 0.7301192842942346 0.016666666666666666 0.018886679920477135
0 0.28072916666666664 0.731610337972167 0.014583333333333334 0.009940357852882704
0 0.11354166666666667 0.7569582504970179 0.013541666666666667 0.016898608349900597
0 0.39427083333333335 0.7693836978131213 0.008333333333333333 0.02385685884691849
0 0.996875 0.768389662027833 0.00625 0.017892644135188866
0 0.2752604166666667 0.7783300198807157 0.0046875 0.027833001988071572
0 0.9190104166666667 0.7823061630218688 0.008854166666666666 0.02584493041749503
0 0.225 0.7823061630218688 0.013541666666666667 0.02385685884691849
0 0.32421875 0.782803180914513 0.018229166666666668 0.012922465208747515
0 0.5619791666666667 0.7927435387673957 0.015625 0.020874751491053677
0 0.01953125 0.8011928429423459 0.013020833333333334 0.02385685884691849
0 0.42552083333333335 0.8151093439363817 0.008333333333333333 0.02186878727634195
0 0.31953125 0.8111332007952287 0.0140625 0.011928429423459244
0 0.18880208333333334 0.8215705765407555 0.009895833333333333 0.02882703777335984
0 0.13098958333333333 0.8215705765407555 0.0109375 0.02286282306163022
0 0.15729166666666666 0.8414512922465208 0.023958333333333335 0.036779324055666
0 0.4591145833333333 0.8389662027833003 0.0067708333333333336 0.02385685884691849
0 0.38203125 0.838469184890656 0.008854166666666666 0.020874751491053677
0 0.3489583333333333 0.845427435387674 0.00625 0.032803180914512925
0 0.06796875 0.8399602385685885 0.013020833333333334 0.02186878727634195
0 0.40078125 0.8404572564612326 0.008854166666666666 0.016898608349900597
0 0.91171875 0.8583499005964215 0.0140625 0.020874751491053677
0 0.434375 0.8648111332007953 0.009375 0.02982107355864811
0 0.7455729166666667 0.864314115308151 0.011979166666666667 0.020874751491053677
0 0.3875 0.8812127236580517 0.007291666666666667 0.04671968190854871
0 0.015104166666666667 0.8782306163021869 0.016666666666666666 0.040755467196819085
0 0.24505208333333334 0.878727634194831 0.0109375 0.03578528827037773
0 0.10286458333333333 0.8727634194831014 0.016145833333333335 0.019880715705765408
0 0.40520833333333334 0.8802186878727635 0.00625 0.0268389662027833
0 0.15963541666666667 0.904572564612326 0.030729166666666665 0.061630218687872766
0 0.228125 0.9005964214711729 0.017708333333333333 0.03777335984095427
0 0.45364583333333336 0.9090457256461233 0.021875 0.036779324055666
0 0.3614583333333333 0.9025844930417495 0.010416666666666666 0.02584493041749503
0 0.47317708333333336 0.9060636182902585 0.0078125 0.02882703777335984
0 0.3171875 0.9065606361829026 0.014583333333333334 0.027833001988071572
0 0.6130208333333333 0.922962226640159 0.021875 0.016898608349900597
0 0.27890625 0.9214711729622267 0.018229166666666668 0.013916500994035786
0 0.446875 0.9393638170974155 0.013541666666666667 0.017892644135188866
0 0.26666666666666666 0.944831013916501 0.005208333333333333 0.02882703777335984
0 0.41119791666666666 0.9478131212723658 0.0078125 0.02882703777335984
0 0.3377604166666667 0.9458250497017893 0.013020833333333334 0.016898608349900597
0 0.303125 0.9532803180914513 0.029166666666666667 0.03180914512922465
0 0.3684895833333333 0.9493041749502982 0.011979166666666667 0.011928429423459244
0 0.32395833333333335 0.9577534791252486 0.008333333333333333 0.020874751491053677
0 0.08802083333333334 0.9587475149105368 0.0125 0.020874751491053677
0 0.6747395833333333 0.9835984095427436 0.011979166666666667 0.02286282306163022
0 0.459375 0.9870775347912525 0.004166666666666667 0.02385685884691849
0 0.30963541666666666 0.9875745526838966 0.021354166666666667 0.02286282306163022
0 0.43020833333333336 0.9885685884691849 0.013541666666666667 0.020874751491053677
0 0.35052083333333334 0.9900596421471173 0.009375 0.017892644135188866
0 0.09921875 0.9910536779324056 0.009895833333333333 0.015904572564612324
0 0.80234375 0.9920477137176938 0.0109375 0.013916500994035786
0 0.584375 0.992544731610338 0.015625 0.012922465208747515
0 0.47421875 0.9940357852882704 0.0109375 0.009940357852882704
0 0.3265625 0.9945328031809145 0.008333333333333333 0.008946322067594433