0 0.7059895833333333 0.1058648111332008 0.011979166666666667 0.02485089463220676
0 0.84140625 0.16401590457256462 0.011979166666666667 0.013916500994035786
0 0.22604166666666667 0.4801192842942346 0.017708333333333333 0.041749502982107355
0 0.1796875 0.7062624254473161 0.016666666666666666 0.010934393638170975
0 0.46171875 0.7405566600397614 0.015104166666666667 0.011928429423459244
0 0.315625 0.852882703777336 0.015625 0.017892644135188866
0 0.46067708333333335 0.8598409542743539 0.008854166666666666 0.009940357852882704
0 0.7057291666666666 0.8667992047713717 0.010416666666666666 0.009940357852882704
0 0.52578125 0.8876739562624254 0.0109375 0.03180914512922465
0 0.6864583333333333 0.8846918489065606 0.010416666666666666 0.019880715705765408
0 0.3729166666666667 0.8926441351888668 0.016666666666666666 0.02982107355864811
0 0.3575520833333333 0.9259443339960238 0.0203125 0.036779324055666
0 0.64453125 0.9274353876739563 0.0067708333333333336 0.013916500994035786
0 0.6981770833333333 0.9324055666003976 0.016145833333333335 0.009940357852882704