0 0.58515625 0.01143141153081511 0.009895833333333333 0.02286282306163022
0 0.9828125 0.010934393638170975 0.03333333333333333 0.02186878727634195
0 0.7135416666666666 0.01341948310139165 0.0125 0.018886679920477135
0 0.9377604166666667 0.02982107355864811 0.0140625 0.02186878727634195
0 0.8880208333333334 0.042743538767395624 0.023958333333333335 0.033797216699801194
0 0.303125 0.06510934393638171 0.014583333333333334 0.020874751491053677
0 0.7442708333333333 0.13817097415506957 0.010416666666666666 0.03578528827037773
0 0.5341145833333333 0.1625248508946322 0.0109375 0.030815109343936383
0 0.9541666666666667 0.1833996023856859 0.0125 0.02286282306163022
0 0.9856770833333334 0.18389662027833 0.018229166666666668 0.019880715705765408
0 0.7557291666666667 0.18836978131212723 0.008333333333333333 0.02286282306163022
0 0.6739583333333333 0.24403578528827038 0.013541666666666667 0.012922465208747515
0 0.5283854166666667 0.25795228628230615 0.0140625 0.02485089463220676
0 0.39453125 0.3121272365805169 0.008854166666666666 0.013916500994035786
0 0.9716145833333333 0.3136182902584493 0.0109375 0.012922465208747515
0 0.20026041666666666 0.334493041749503 0.0078125 0.0268389662027833
0 0.534375 0.33250497017892644 0.008333333333333333 0.014910536779324055
0 0.9880208333333333 0.3782306163021869 0.022916666666666665 0.03876739562624255
0 0.12552083333333333 0.3911530815109344 0.007291666666666667 0.036779324055666
0 0.6776041666666667 0.3981113320079523 0.00625 0.03479125248508946
0 0.8950520833333333 0.3941351888667992 0.013020833333333334 0.02485089463220676
0 0.934375 0.42296222664015903 0.011458333333333333 0.016898608349900597
0 0.9625 0.4423459244532803 0.019791666666666666 0.0437375745526839
0 0.8388020833333333 0.4761431411530815 0.008854166666666666 0.02385685884691849
0 0.6885416666666667 0.47564612326043737 0.014583333333333334 0.016898608349900597
0 0.6453125 0.5347912524850894 0.013541666666666667 0.02186878727634195
0 0.6744791666666666 0.5308151093439364 0.014583333333333334 0.011928429423459244
0 0.7611979166666667 0.5492047713717694 0.0078125 0.020874751491053677
0 0.5216145833333333 0.5581510934393639 0.0234375 0.036779324055666
0 0.5567708333333333 0.5705765407554672 0.010416666666666666 0.05765407554671968
0 0.6463541666666667 0.5651093439363817 0.010416666666666666 0.018886679920477135
0 0.8005208333333333 0.5904572564612326 0.010416666666666666 0.03578528827037773
0 0.81640625 0.5839960238568589 0.008854166666666666 0.02485089463220676
0 0.06927083333333334 0.5834990059642147 0.019791666666666666 0.017892644135188866
0 0.54453125 0.5964214711729622 0.0046875 0.02584493041749503
0 0.9911458333333333 0.6048707753479126 0.0125 0.016898608349900597
0 0.6674479166666667 0.6128230616302187 0.0140625 0.014910536779324055
0 0.6411458333333333 0.6277335984095428 0.015625 0.018886679920477135
0 0.8502604166666666 0.6277335984095428 0.009895833333333333 0.020874751491053677
0 0.8791666666666667 0.665506958250497 0.014583333333333334 0.05467196819085487
0 0.90859375 0.6635188866799204 0.016145833333333335 0.032803180914512925
0 0.73046875 0.672962226640159 0.0067708333333333336 0.015904572564612324
0 0.85859375 0.6734592445328031 0.013020833333333334 0.010934393638170975
0 0.6760416666666667 0.6848906560636183 0.025 0.019880715705765408
0 0.778125 0.7047713717693836 0.009375 0.02584493041749503
0 0.89453125 0.7256461232604374 0.005729166666666666 0.03180914512922465
0 0.7703125 0.7276341948310139 0.020833333333333332 0.02584493041749503
0 0.7950520833333333 0.7216699801192843 0.0140625 0.013916500994035786
0 0.721875 0.731610337972167 0.015625 0.019880715705765408
0 0.8486979166666667 0.7529821073558648 0.0109375 0.0268389662027833
0 0.9111979166666667 0.75 0.0078125 0.02286282306163022
0 0.7700520833333333 0.760934393638171 0.011979166666666667 0.02286282306163022
0 0.6197916666666666 0.7629224652087475 0.014583333333333334 0.010934393638170975
0 0.7359375 0.7614314115308151 0.007291666666666667 0.009940357852882704
0 0.8255208333333334 0.76441351888668 0.014583333333333334 0.013916500994035786
0 0.3890625 0.7649105367793241 0.014583333333333334 0.008946322067594433
0 0.00390625 0.7753479125248509 0.0078125 0.02186878727634195
0 0.69765625 0.7793240556660039 0.011979166666666667 0.02982107355864811
0 0.7208333333333333 0.7723658051689861 0.0125 0.015904572564612324
0 0.7674479166666667 0.782803180914513 0.0171875 0.030815109343936383
0 0.08098958333333334 0.7823061630218688 0.008854166666666666 0.02584493041749503
0 0.88984375 0.7813121272365805 0.0078125 0.02385685884691849
0 0.79296875 0.7778330019880716 0.015104166666666667 0.012922465208747515
0 0.7463541666666667 0.7833001988071571 0.016666666666666666 0.019880715705765408
0 0.9677083333333333 0.7887673956262425 0.007291666666666667 0.02882703777335984
0 0.82109375 0.8315109343936382 0.0234375 0.042743538767395624
0 0.6705729166666666 0.8230616302186878 0.021354166666666667 0.011928429423459244
0 0.7057291666666666 0.8439363817097415 0.0125 0.055666003976143144
0 0.4953125 0.8364811133200796 0.013541666666666667 0.030815109343936383
0 0.61171875 0.8474155069582505 0.0046875 0.0268389662027833
0 0.9317708333333333 0.8499005964214712 0.008333333333333333 0.02982107355864811
0 0.5940104166666667 0.8538767395626242 0.0046875 0.02186878727634195
0 0.39375 0.8538767395626242 0.014583333333333334 0.019880715705765408
0 0.7669270833333334 0.8578528827037774 0.011979166666666667 0.02385685884691849
0 0.5778645833333333 0.860337972166998 0.011979166666666667 0.02485089463220676
0 0.6645833333333333 0.8687872763419483 0.014583333333333334 0.027833001988071572
0 0.821875 0.8832007952286283 0.03229166666666667 0.036779324055666
0 0.2596354166666667 0.8742544731610338 0.0140625 0.012922465208747515
0 0.7369791666666666 0.8846918489065606 0.007291666666666667 0.02584493041749503
0 0.0984375 0.8891650099403579 0.008333333333333333 0.02882703777335984
0 0.5052083333333334 0.9020874751491054 0.014583333333333334 0.03876739562624255
0 0.5341145833333333 0.897117296222664 0.011979166666666667 0.030815109343936383
0 0.60234375 0.8876739562624254 0.0140625 0.009940357852882704
0 0.57265625 0.8951292246520874 0.0203125 0.016898608349900597
0 0.62421875 0.8916500994035785 0.0171875 0.011928429423459244
0 0.6924479166666667 0.9055666003976143 0.005729166666666666 0.02385685884691849
0 0.88203125 0.9055666003976143 0.008854166666666666 0.02186878727634195
0 0.8114583333333333 0.9169980119284294 0.01875 0.03479125248508946
0 0.4825520833333333 0.9160039761431411 0.0109375 0.02882703777335984
0 0.6713541666666667 0.9070576540755467 0.010416666666666666 0.008946322067594433
0 0.8640625 0.9274353876739563 0.026041666666666668 0.03578528827037773
0 0.6059895833333333 0.9294234592445328 0.016145833333333335 0.027833001988071572
0 0.6309895833333333 0.9279324055666004 0.011979166666666667 0.02286282306163022
0 0.76953125 0.929920477137177 0.0067708333333333336 0.02882703777335984
0 0.8221354166666667 0.9378727634194831 0.009895833333333333 0.02485089463220676
0 0.6630208333333333 0.9403578528827038 0.013541666666666667 0.02385685884691849
0 0.6833333333333333 0.9348906560636183 0.0125 0.010934393638170975
0 0.5234375 0.9368787276341949 0.016666666666666666 0.010934393638170975
0 0.7078125 0.9572564612326043 0.011458333333333333 0.027833001988071572
0 0.6723958333333333 0.9662027833001988 0.014583333333333334 0.03180914512922465
0 0.69453125 0.9806163021868787 0.013020833333333334 0.036779324055666
0 0.7833333333333333 0.9731610337972167 0.0125 0.011928429423459244
0 0.6049479166666667 0.9835984095427436 0.015104166666666667 0.016898608349900597
0 0.5888020833333333 0.9885685884691849 0.008854166666666666 0.020874751491053677
0 0.8138020833333334 0.992544731610338 0.008854166666666666 0.012922465208747515
0 0.9067708333333333 0.992544731610338 0.01875 0.012922465208747515