0 0.7682291666666666 0.008449304174950299 0.009375 0.016898608349900597
0 0.35911458333333335 0.003976143141153081 0.027604166666666666 0.007952286282306162
0 0.025520833333333333 0.0004970178926441351 0.030208333333333334 0.0009940357852882703
0 0.7473958333333334 0.018886679920477135 0.008333333333333333 0.02385685884691849
0 0.6651041666666667 0.0705765407554672 0.013541666666666667 0.02385685884691849
0 0.37161458333333336 0.08349900596421471 0.015104166666666667 0.019880715705765408
0 0.7221354166666667 0.12027833001988071 0.0078125 0.015904572564612324
0 0.9528645833333333 0.16998011928429424 0.015104166666666667 0.04572564612326044
0 0.7828125 0.2400596421471173 0.00625 0.018886679920477135
0 0.15364583333333334 0.23807157057654074 0.009375 0.014910536779324055
0 0.1265625 0.23856858846918488 0.0125 0.011928429423459244
0 0.8067708333333333 0.24900596421471172 0.015625 0.0268389662027833
0 0.17005208333333333 0.3474155069582505 0.0109375 0.008946322067594433
0 0.18697916666666667 0.3548707753479125 0.007291666666666667 0.011928429423459244
0 0.20260416666666667 0.4125248508946322 0.014583333333333334 0.039761431411530816
0 0.27786458333333336 0.41848906560636184 0.0109375 0.011928429423459244
0 0.19817708333333334 0.44582504970178927 0.008854166666666666 0.016898608349900597
0 0.23255208333333333 0.44980119284294234 0.019270833333333334 0.010934393638170975
0 0.20911458333333333 0.4676938369781312 0.025520833333333333 0.030815109343936383
0 0.25703125 0.49055666003976145 0.011979166666666667 0.020874751491053677
0 0.25104166666666666 0.5149105367793241 0.007291666666666667 0.03578528827037773
0 0.1734375 0.5079522862823062 0.013541666666666667 0.02385685884691849
0 0.29609375 0.5099403578528827 0.009895833333333333 0.017892644135188866
0 0.97109375 0.5452286282306164 0.0109375 0.03479125248508946
0 0.89453125 0.5432405566600398 0.0171875 0.020874751491053677
0 0.20833333333333334 0.5492047713717694 0.009375 0.032803180914512925
0 0.93515625 0.5556660039761432 0.025520833333333333 0.019880715705765408
0 0.26666666666666666 0.5591451292246521 0.009375 0.02485089463220676
0 0.22760416666666666 0.5611332007952287 0.008333333333333333 0.020874751491053677
0 0.21015625 0.5899602385685885 0.0296875 0.05864811133200795
0 0.26067708333333334 0.5800198807157058 0.008854166666666666 0.018886679920477135
0 0.8700520833333333 0.5939363817097415 0.019270833333333334 0.0268389662027833
0 0.18619791666666666 0.6053677932405567 0.013020833333333334 0.013916500994035786
0 0.8796875 0.6197813121272365 0.010416666666666666 0.0268389662027833
0 0.8635416666666667 0.6297216699801192 0.021875 0.03876739562624255
0 0.271875 0.6197813121272365 0.014583333333333334 0.014910536779324055
0 0.16979166666666667 0.6262425447316103 0.0125 0.02982107355864811
0 0.20338541666666668 0.6297216699801192 0.0203125 0.02286282306163022
0 0.30182291666666666 0.6302186878727635 0.0046875 0.015904572564612324
0 0.33098958333333334 0.6361829025844931 0.011979166666666667 0.017892644135188866
0 0.30885416666666665 0.6491053677932406 0.010416666666666666 0.02186878727634195
0 0.64296875 0.7326043737574552 0.011979166666666667 0.03578528827037773
0 0.8307291666666666 0.7673956262425448 0.019791666666666666 0.05168986083499006
0 0.7541666666666667 0.7524850894632207 0.0125 0.019880715705765408
0 0.84375 0.8046719681908548 0.011458333333333333 0.032803180914512925
0 0.8911458333333333 0.8548707753479126 0.020833333333333332 0.041749502982107355
0 0.6127604166666667 0.8553677932405567 0.0078125 0.02485089463220676
0 0.9151041666666667 0.8861829025844931 0.052083333333333336 0.04671968190854871
0 0.8817708333333333 0.9145129224652088 0.008333333333333333 0.02186878727634195
0 0.9104166666666667 0.9498011928429424 0.007291666666666667 0.014910536779324055
0 0.9151041666666667 0.9826043737574552 0.005208333333333333 0.032803180914512925