0 0.05078125 0.0004970178926441351 0.027604166666666666 0.0009940357852882703
0 0.9802083333333333 0.31262425447316106 0.0125 0.014910536779324055
0 0.9895833333333334 0.40457256461232605 0.009375 0.015904572564612324
0 0.35390625 0.4990059642147117 0.0046875 0.02186878727634195
0 0.9549479166666667 0.55168986083499 0.022395833333333334 0.013916500994035786
0 0.9361979166666666 0.5745526838966203 0.013020833333333334 0.015904572564612324
0 0.8075520833333333 0.6292246520874751 0.013020833333333334 0.019880715705765408
0 0.5200520833333333 0.6421471172962226 0.0078125 0.015904572564612324
0 0.7895833333333333 0.7052683896620279 0.014583333333333334 0.010934393638170975
0 0.8484375 0.7430417495029821 0.005208333333333333 0.014910536779324055
0 0.6994791666666667 0.75 0.008333333333333333 0.020874751491053677
0 0.46171875 0.7599403578528827 0.009895833333333333 0.012922465208747515
0 0.7294270833333333 0.7649105367793241 0.0140625 0.006958250497017893
0 0.6161458333333333 0.7808151093439364 0.00625 0.012922465208747515
0 0.8765625 0.7917495029821073 0.01875 0.030815109343936383
0 0.9643229166666667 0.7847912524850894 0.019270833333333334 0.016898608349900597
0 0.70390625 0.794234592445328 0.005729166666666666 0.02385685884691849
0 0.746875 0.8056660039761432 0.011458333333333333 0.010934393638170975
0 0.6466145833333333 0.8523856858846919 0.0109375 0.036779324055666
0 0.28932291666666665 0.8653081510934394 0.0078125 0.016898608349900597
0 0.765625 0.8717693836978131 0.011458333333333333 0.011928429423459244
0 0.98515625 0.8832007952286283 0.0078125 0.018886679920477135
0 0.46041666666666664 0.9199801192842942 0.015625 0.02882703777335984
0 0.66796875 0.9110337972166997 0.015104166666666667 0.010934393638170975
0 0.5408854166666667 0.9279324055666004 0.008854166666666666 0.016898608349900597
0 0.73125 0.9259443339960238 0.013541666666666667 0.012922465208747515
0 0.7760416666666666 0.9353876739562624 0.013541666666666667 0.013916500994035786
0 0.7966145833333333 0.9473161033797217 0.005729166666666666 0.02385685884691849
0 0.9255208333333333 0.9666998011928429 0.008333333333333333 0.014910536779324055
0 0.9010416666666666 0.9776341948310139 0.0125 0.010934393638170975
0 0.65859375 0.9860834990059643 0.011979166666666667 0.011928429423459244