0 0.8682291666666667 0.005964214711729622 0.016666666666666666 0.011928429423459244
0 0.44140625 0.0054671968190854875 0.0109375 0.010934393638170975
0 0.3609375 0.002982107355864811 0.016666666666666666 0.005964214711729622
0 0.10520833333333333 0.01143141153081511 0.0125 0.02286282306163022
0 0.24739583333333334 0.013916500994035786 0.0125 0.015904572564612324
0 0.7973958333333333 0.02286282306163022 0.011458333333333333 0.02186878727634195
0 0.8518229166666667 0.027833001988071572 0.009895833333333333 0.02584493041749503
0 0.8682291666666667 0.039761431411530816 0.01875 0.02982107355864811
0 0.6638020833333333 0.030815109343936383 0.0171875 0.007952286282306162
0 0.4348958333333333 0.05765407554671968 0.022916666666666665 0.02584493041749503
0 0.421875 0.09542743538767395 0.020833333333333332 0.017892644135188866
0 0.3177083333333333 0.09393638170974156 0.016666666666666666 0.012922465208747515
0 0.7166666666666667 0.10685884691848907 0.013541666666666667 0.02485089463220676
0 0.4356770833333333 0.11928429423459244 0.0078125 0.03578528827037773
0 0.6690104166666667 0.139662027833002 0.005729166666666666 0.020874751491053677
0 0.4783854166666667 0.14463220675944333 0.008854166666666666 0.02882703777335984
0 0.005729166666666666 0.1411530815109344 0.010416666666666666 0.009940357852882704
0 0.3109375 0.15854870775347912 0.015625 0.016898608349900597
0 0.5263020833333333 0.1833996023856859 0.011979166666666667 0.036779324055666
0 0.42473958333333334 0.20228628230616302 0.008854166666666666 0.030815109343936383
0 0.46458333333333335 0.1963220675944334 0.021875 0.012922465208747515
0 0.5049479166666667 0.20725646123260438 0.0140625 0.018886679920477135
0 0.4822916666666667 0.213220675944334 0.013541666666666667 0.0268389662027833
0 0.4473958333333333 0.22465208747514911 0.014583333333333334 0.039761431411530816
0 0.5088541666666667 0.23807157057654074 0.017708333333333333 0.042743538767395624
0 0.6541666666666667 0.24055666003976142 0.011458333333333333 0.041749502982107355
0 0.4674479166666667 0.23210735586481113 0.005729166666666666 0.02286282306163022
0 0.9911458333333333 0.24105367793240556 0.017708333333333333 0.03876739562624255
0 0.4546875 0.27137176938369784 0.016666666666666666 0.03180914512922465
0 0.5317708333333333 0.26938369781312127 0.020833333333333332 0.019880715705765408
0 0.49557291666666664 0.2828031809145129 0.008854166666666666 0.014910536779324055
0 0.9697916666666667 0.2982107355864811 0.011458333333333333 0.02385685884691849
0 0.51171875 0.29870775347912526 0.0067708333333333336 0.02485089463220676
0 0.4348958333333333 0.30069582504970177 0.007291666666666667 0.02882703777335984
0 0.0828125 0.30218687872763417 0.015625 0.03180914512922465
0 0.9567708333333333 0.3036779324055666 0.007291666666666667 0.018886679920477135
0 0.5119791666666667 0.3533797216699801 0.0125 0.014910536779324055
0 0.4440104166666667 0.378727634194831 0.011979166666666667 0.0437375745526839
0 0.4140625 0.36928429423459247 0.013541666666666667 0.018886679920477135
0 0.49921875 0.3812127236580517 0.008854166666666666 0.036779324055666
0 0.43515625 0.3981113320079523 0.009895833333333333 0.02882703777335984
0 0.36822916666666666 0.40357852882703776 0.013541666666666667 0.03777335984095427
0 0.8411458333333334 0.3966202783300199 0.013541666666666667 0.019880715705765408
0 0.3846354166666667 0.4085487077534791 0.008854166666666666 0.02385685884691849
0 0.4166666666666667 0.4135188866799205 0.015625 0.02584493041749503
0 0.39739583333333334 0.426441351888668 0.00625 0.03180914512922465
0 0.4752604166666667 0.43687872763419483 0.015104166666666667 0.012922465208747515
0 0.3729166666666667 0.44582504970178927 0.008333333333333333 0.018886679920477135
0 0.4859375 0.4552683896620278 0.007291666666666667 0.02982107355864811
0 0.43463541666666666 0.455765407554672 0.0067708333333333336 0.0268389662027833
0 0.5171875 0.4716699801192843 0.011458333333333333 0.02882703777335984
0 0.5046875 0.4900596421471173 0.010416666666666666 0.03578528827037773
0 0.4908854166666667 0.47912524850894633 0.0067708333333333336 0.013916500994035786
0 0.8109375 0.4985089463220676 0.014583333333333334 0.018886679920477135
0 0.7861979166666667 0.5248508946322068 0.005729166666666666 0.02982107355864811
0 0.4875 0.5288270377733598 0.009375 0.027833001988071572
0 0.47708333333333336 0.5273359840954275 0.005208333333333333 0.0268389662027833
0 0.41328125 0.5313121272365805 0.015104166666666667 0.030815109343936383
0 0.34765625 0.5372763419483101 0.0067708333333333336 0.016898608349900597
0 0.4317708333333333 0.5387673956262425 0.00625 0.015904572564612324
0 0.48723958333333334 0.56610337972167 0.0078125 0.03876739562624255
0 0.6880208333333333 0.5656063618290258 0.021875 0.02186878727634195
0 0.44140625 0.5730616302186878 0.0109375 0.02485089463220676
0 0.06875 0.5795228628230616 0.011458333333333333 0.03180914512922465
0 0.38255208333333335 0.5750497017892644 0.0140625 0.014910536779324055
0 0.40546875 0.5869781312127237 0.011979166666666667 0.02882703777335984
0 0.5171875 0.5889662027833003 0.016666666666666666 0.020874751491053677
0 0.4515625 0.6237574552683897 0.008333333333333333 0.02286282306163022
0 0.5166666666666667 0.6222664015904572 0.015625 0.009940357852882704
0 0.7450520833333333 0.6386679920477137 0.015104166666666667 0.016898608349900597
0 0.9916666666666667 0.6525844930417495 0.016666666666666666 0.020874751491053677
0 0.6057291666666667 0.6585487077534792 0.015625 0.010934393638170975
0 0.34010416666666665 0.6819085487077535 0.017708333333333333 0.04572564612326044
0 0.46770833333333334 0.6744532803180915 0.011458333333333333 0.018886679920477135
0 0.484375 0.6754473161033797 0.008333333333333333 0.016898608349900597
0 0.5052083333333334 0.6933399602385686 0.009375 0.040755467196819085
0 0.45416666666666666 0.691351888667992 0.009375 0.02882703777335984
0 0.7919270833333333 0.6888667992047713 0.0109375 0.013916500994035786
0 0.37578125 0.7062624254473161 0.0109375 0.02485089463220676
0 0.7854166666666667 0.7062624254473161 0.005208333333333333 0.016898608349900597
0 0.17421875 0.7102385685884692 0.022395833333333334 0.020874751491053677
0 0.5940104166666667 0.7385685884691849 0.0109375 0.027833001988071572
0 0.1828125 0.7619284294234593 0.011458333333333333 0.030815109343936383
0 0.45703125 0.7664015904572564 0.013020833333333334 0.019880715705765408
0 0.5794270833333334 0.786779324055666 0.0078125 0.032803180914512925
0 0.4583333333333333 0.7912524850894632 0.015625 0.013916500994035786
0 0.58984375 0.8285288270377733 0.0109375 0.036779324055666
0 0.5872395833333334 0.8608349900596421 0.015104166666666667 0.02584493041749503
0 0.6057291666666667 0.9020874751491054 0.00625 0.03479125248508946
0 0.5033854166666667 0.9294234592445328 0.0067708333333333336 0.015904572564612324
0 0.61796875 0.9378727634194831 0.027604166666666666 0.020874751491053677
0 0.5244791666666667 0.9666998011928429 0.011458333333333333 0.0268389662027833
0 0.4747395833333333 0.9821073558648111 0.0109375 0.033797216699801194