0 0.028645833333333332 0.024353876739562623 0.027083333333333334 0.048707753479125246
0 0.0049479166666666664 0.019880715705765408 0.008854166666666666 0.039761431411530816
0 0.77109375 0.040755467196819085 0.009895833333333333 0.019880715705765408
0 0.22317708333333333 0.0437375745526839 0.0171875 0.017892644135188866
0 0.7013020833333333 0.05069582504970179 0.008854166666666666 0.02385685884691849
0 0.3971354166666667 0.08797216699801193 0.0140625 0.020874751491053677
0 0.21848958333333332 0.10884691848906561 0.0067708333333333336 0.02286282306163022
0 0.6143229166666667 0.11779324055666004 0.0067708333333333336 0.016898608349900597
0 0.11614583333333334 0.12226640159045726 0.014583333333333334 0.02186878727634195
0 0.20494791666666667 0.13618290258449303 0.0067708333333333336 0.015904572564612324
0 0.08697916666666666 0.14512922465208747 0.009375 0.02584493041749503
0 0.4674479166666667 0.14314115308151093 0.008854166666666666 0.017892644135188866
0 0.4171875 0.14512922465208747 0.00625 0.017892644135188866
0 0.06744791666666666 0.1550695825049702 0.009895833333333333 0.033797216699801194
0 0.51796875 0.16351888667992048 0.008854166666666666 0.018886679920477135
0 0.1921875 0.1694831013916501 0.00625 0.014910536779324055
0 0.07786458333333333 0.18836978131212723 0.0067708333333333336 0.0268389662027833
0 0.26901041666666664 0.19483101391650098 0.009895833333333333 0.015904572564612324
0 0.24322916666666666 0.1993041749502982 0.019791666666666666 0.018886679920477135
0 0.4119791666666667 0.2117296222664016 0.010416666666666666 0.03180914512922465
0 0.26328125 0.2345924453280318 0.015104166666666667 0.02186878727634195
0 0.40130208333333334 0.24204771371769385 0.0171875 0.02485089463220676
0 0.37161458333333336 0.2509940357852883 0.005729166666666666 0.014910536779324055
0 0.259375 0.2803180914512923 0.013541666666666667 0.011928429423459244
0 0.228125 0.2813121272365805 0.008333333333333333 0.011928429423459244
0 0.09583333333333334 0.28727634194831014 0.009375 0.013916500994035786
0 0.33229166666666665 0.305168986083499 0.008333333333333333 0.017892644135188866
0 0.29270833333333335 0.31709741550695825 0.009375 0.03180914512922465
0 0.026302083333333334 0.31858846918489064 0.025520833333333333 0.02882703777335984
0 0.24973958333333332 0.31809145129224653 0.009895833333333333 0.013916500994035786
0 0.6283854166666667 0.3215705765407555 0.016145833333333335 0.016898608349900597
0 0.3497395833333333 0.3220675944333996 0.011979166666666667 0.015904572564612324
0 0.054427083333333334 0.3394632206759443 0.013020833333333334 0.02485089463220676
0 0.6481770833333333 0.34443339960238567 0.011979166666666667 0.02882703777335984
0 0.940625 0.34244532803180916 0.010416666666666666 0.018886679920477135
0 0.50546875 0.34244532803180916 0.0078125 0.012922465208747515
0 0.4625 0.36232604373757454 0.011458333333333333 0.020874751491053677
0 0.36276041666666664 0.378727634194831 0.0140625 0.019880715705765408
0 0.04114583333333333 0.40159045725646125 0.029166666666666667 0.055666003976143144
0 0.49114583333333334 0.3951292246520875 0.007291666666666667 0.02882703777335984
0 0.134375 0.38767395626242546 0.015625 0.011928429423459244
0 0.22890625 0.3941351888667992 0.008854166666666666 0.018886679920477135
0 0.42265625 0.4000994035785288 0.013020833333333334 0.0268389662027833
0 0.09791666666666667 0.40357852882703776 0.013541666666666667 0.017892644135188866
0 0.15494791666666666 0.4105367793240557 0.011979166666666667 0.02385685884691849
0 0.008072916666666667 0.4140159045725646 0.015104166666666667 0.018886679920477135
0 0.3419270833333333 0.4179920477137177 0.009895833333333333 0.012922465208747515
0 0.3953125 0.4209741550695825 0.013541666666666667 0.008946322067594433
0 0.5502604166666667 0.4408548707753479 0.008854166666666666 0.016898608349900597
0 0.29322916666666665 0.4433399602385686 0.016666666666666666 0.02186878727634195
0 0.16979166666666667 0.441351888667992 0.017708333333333333 0.011928429423459244
0 0.11901041666666666 0.470675944333996 0.008854166666666666 0.032803180914512925
0 0.39921875 0.4686878727634195 0.009895833333333333 0.02286282306163022
0 0.35208333333333336 0.47664015904572565 0.014583333333333334 0.02485089463220676
0 0.38177083333333334 0.4761431411530815 0.009375 0.019880715705765408
0 0.23072916666666668 0.4870775347912525 0.010416666666666666 0.009940357852882704
0 0.03411458333333333 0.48906560636182905 0.011979166666666667 0.013916500994035786
0 0.37265625 0.5009940357852882 0.013020833333333334 0.03180914512922465
0 0.6744791666666666 0.5039761431411531 0.014583333333333334 0.02385685884691849
0 0.6859375 0.5114314115308151 0.020833333333333332 0.02882703777335984
0 0.004427083333333333 0.518389662027833 0.0078125 0.02485089463220676
0 0.39921875 0.5228628230616302 0.0140625 0.02186878727634195
0 0.11484375 0.5288270377733598 0.027604166666666666 0.019880715705765408
0 0.1515625 0.5308151093439364 0.011458333333333333 0.019880715705765408
0 0.4979166666666667 0.5337972166998012 0.013541666666666667 0.02385685884691849
0 0.44166666666666665 0.5347912524850894 0.008333333333333333 0.013916500994035786
0 0.3802083333333333 0.5457256461232605 0.008333333333333333 0.019880715705765408
0 0.12005208333333334 0.5457256461232605 0.008854166666666666 0.019880715705765408
0 0.18072916666666666 0.5482107355864811 0.010416666666666666 0.018886679920477135
0 0.2328125 0.5556660039761432 0.016666666666666666 0.019880715705765408
0 0.85625 0.570079522862823 0.010416666666666666 0.030815109343936383
0 0.06640625 0.5755467196819085 0.009895833333333333 0.019880715705765408
0 0.08984375 0.591948310139165 0.011979166666666667 0.032803180914512925
0 0.20833333333333334 0.591948310139165 0.010416666666666666 0.020874751491053677
0 0.22239583333333332 0.5969184890656064 0.009375 0.020874751491053677
0 0.46328125 0.6088469184890656 0.0265625 0.03876739562624255
0 0.6604166666666667 0.6048707753479126 0.0125 0.016898608349900597
0 0.2953125 0.602882703777336 0.016666666666666666 0.010934393638170975
0 0.03984375 0.6222664015904572 0.0140625 0.02385685884691849
0 0.60625 0.6272365805168986 0.007291666666666667 0.03180914512922465
0 0.3375 0.6192842942345924 0.017708333333333333 0.015904572564612324
0 0.59375 0.6177932405566601 0.008333333333333333 0.008946322067594433
0 0.4479166666666667 0.6302186878727635 0.015625 0.027833001988071572
0 0.6622395833333333 0.6406560636182903 0.016145833333333335 0.03876739562624255
0 0.18984375 0.6332007952286283 0.016145833333333335 0.02385685884691849
0 0.47578125 0.6505964214711729 0.0171875 0.018886679920477135
0 0.6072916666666667 0.6635188866799204 0.004166666666666667 0.02485089463220676
0 0.6455729166666667 0.6595427435387674 0.011979166666666667 0.012922465208747515
0 0.4705729166666667 0.6784294234592445 0.018229166666666668 0.030815109343936383
0 0.31796875 0.6794234592445328 0.008854166666666666 0.02485089463220676
0 0.4895833333333333 0.6814115308151093 0.00625 0.018886679920477135
0 0.290625 0.6848906560636183 0.008333333333333333 0.017892644135188866
0 0.3567708333333333 0.6988071570576541 0.026041666666666668 0.019880715705765408
0 0.42083333333333334 0.7117296222664016 0.007291666666666667 0.013916500994035786
0 0.15729166666666666 0.7087475149105368 0.009375 0.007952286282306162
0 0.39453125 0.7191848906560636 0.019270833333333334 0.02286282306163022
0 0.12083333333333333 0.7166998011928429 0.011458333333333333 0.013916500994035786
0 0.8520833333333333 0.724155069582505 0.010416666666666666 0.018886679920477135
0 0.6419270833333334 0.7291252485089463 0.009895833333333333 0.0268389662027833
0 0.08567708333333333 0.7236580516898609 0.0140625 0.015904572564612324
0 0.19947916666666668 0.7296222664015904 0.008333333333333333 0.02186878727634195
0 0.5895833333333333 0.7306163021868787 0.01875 0.019880715705765408
0 0.47265625 0.7395626242544732 0.016145833333333335 0.019880715705765408
0 0.4513020833333333 0.7350894632206759 0.015104166666666667 0.010934393638170975
0 0.5325520833333334 0.7465208747514911 0.016145833333333335 0.027833001988071572
0 0.37395833333333334 0.7420477137176938 0.0125 0.008946322067594433
0 0.2984375 0.7922465208747514 0.029166666666666667 0.055666003976143144
0 0.734375 0.7833001988071571 0.007291666666666667 0.03180914512922465
0 0.059895833333333336 0.7947316103379721 0.01875 0.030815109343936383
0 0.5356770833333333 0.8001988071570576 0.015104166666666667 0.02186878727634195
0 0.3875 0.797713717693837 0.025 0.016898608349900597
0 0.3419270833333333 0.8026838966202783 0.015104166666666667 0.012922465208747515
0 0.5122395833333333 0.8235586481113321 0.0171875 0.036779324055666
0 0.14505208333333333 0.8195825049701789 0.009895833333333333 0.016898608349900597
0 0.2833333333333333 0.8359840954274353 0.023958333333333335 0.04771371769383698
0 0.19869791666666667 0.8275347912524851 0.016145833333333335 0.030815109343936383
0 0.3111979166666667 0.8469184890656064 0.013020833333333334 0.033797216699801194
0 0.3541666666666667 0.8424453280318092 0.007291666666666667 0.016898608349900597
0 0.3729166666666667 0.8484095427435387 0.007291666666666667 0.02286282306163022
0 0.709375 0.8503976143141153 0.009375 0.020874751491053677
0 0.20572916666666666 0.8732604373757455 0.020833333333333332 0.02485089463220676
0 0.4557291666666667 0.8886679920477137 0.007291666666666667 0.027833001988071572
0 0.43802083333333336 0.8936381709741551 0.011458333333333333 0.033797216699801194
0 0.42552083333333335 0.8871769383697813 0.007291666666666667 0.016898608349900597
0 0.3736979166666667 0.8841948310139165 0.009895833333333333 0.010934393638170975
0 0.17109375 0.8996023856858847 0.009895833333333333 0.0437375745526839
0 0.2916666666666667 0.893141153081511 0.005208333333333333 0.020874751491053677
0 0.11822916666666666 0.9140159045725647 0.017708333333333333 0.048707753479125246
0 0.3614583333333333 0.904572564612326 0.005208333333333333 0.02186878727634195
0 0.3109375 0.9085487077534792 0.007291666666666667 0.011928429423459244
0 0.3731770833333333 0.9140159045725647 0.0067708333333333336 0.014910536779324055
0 0.6872395833333333 0.915506958250497 0.015104166666666667 0.013916500994035786
0 0.4015625 0.9249502982107356 0.017708333333333333 0.0268389662027833
0 0.1953125 0.9314115308151093 0.00625 0.027833001988071572
0 0.32083333333333336 0.9358846918489065 0.026041666666666668 0.030815109343936383
0 0.5447916666666667 0.9284294234592445 0.0125 0.013916500994035786
0 0.678125 0.9353876739562624 0.008333333333333333 0.013916500994035786
0 0.1 0.9542743538767395 0.020833333333333332 0.05168986083499006
0 0.3580729166666667 0.9408548707753479 0.011979166666666667 0.02286282306163022
0 0.37994791666666666 0.9527833001988072 0.0067708333333333336 0.02286282306163022
0 0.34609375 0.94831013916501 0.0109375 0.011928429423459244
0 0.28229166666666666 0.9587475149105368 0.0125 0.016898608349900597
0 0.61796875 0.9587475149105368 0.0140625 0.014910536779324055
0 0.51953125 0.9736580516898609 0.0067708333333333336 0.0268389662027833
0 0.4622395833333333 0.9666998011928429 0.009895833333333333 0.012922465208747515
0 0.3377604166666667 0.9801192842942346 0.027604166666666666 0.02385685884691849
0 0.6247395833333333 0.9806163021868787 0.022395833333333334 0.020874751491053677
0 0.050520833333333334 0.9865805168986084 0.013541666666666667 0.02485089463220676
0 0.48046875 0.9870775347912525 0.011979166666666667 0.02385685884691849
0 0.3059895833333333 0.9821073558648111 0.016145833333333335 0.009940357852882704
0 0.3927083333333333 0.9875745526838966 0.009375 0.008946322067594433
0 0.71171875 0.9920477137176938 0.013020833333333334 0.013916500994035786