0 0.25677083333333334 0.009443339960238568 0.013541666666666667 0.018886679920477135
0 0.11927083333333334 0.0004970178926441351 0.034375 0.0009940357852882703
0 0.009895833333333333 0.010437375745526839 0.014583333333333334 0.020874751491053677
0 0.6515625 0.020377733598409543 0.016666666666666666 0.02286282306163022
0 0.08776041666666666 0.03330019880715706 0.008854166666666666 0.02882703777335984
0 0.19036458333333334 0.04572564612326044 0.0109375 0.027833001988071572
0 0.015885416666666666 0.10387673956262425 0.018229166666666668 0.02485089463220676
0 0.033854166666666664 0.10238568588469185 0.009375 0.015904572564612324
0 0.6705729166666666 0.10934393638170974 0.0067708333333333336 0.013916500994035786
0 0.32135416666666666 0.11630218687872763 0.010416666666666666 0.015904572564612324
0 0.12578125 0.1172962226640159 0.009895833333333333 0.015904572564612324
0 0.07005208333333333 0.12077534791252485 0.013020833333333334 0.02286282306163022
0 0.31640625 0.13667992047713717 0.0140625 0.016898608349900597
0 0.22005208333333334 0.17196819085487078 0.013020833333333334 0.011928429423459244
0 0.7505208333333333 0.20874751491053678 0.011458333333333333 0.02385685884691849
0 0.6588541666666666 0.21272365805168986 0.011458333333333333 0.033797216699801194
0 0.6497395833333334 0.23508946322067595 0.0067708333333333336 0.02286282306163022
0 0.11432291666666666 0.23210735586481113 0.011979166666666667 0.012922465208747515
0 0.9169270833333333 0.275844930417495 0.008854166666666666 0.03479125248508946
0 0.7049479166666667 0.2982107355864811 0.008854166666666666 0.017892644135188866
0 0.18359375 0.29970178926441354 0.016145833333333335 0.016898608349900597
0 0.023958333333333335 0.31709741550695825 0.011458333333333333 0.02584493041749503
0 0.054947916666666666 0.3111332007952286 0.013020833333333334 0.011928429423459244
0 0.3255208333333333 0.3195825049701789 0.014583333333333334 0.008946322067594433
0 0.17994791666666668 0.32952286282306165 0.0171875 0.020874751491053677
0 0.3736979166666667 0.3523856858846918 0.0067708333333333336 0.03479125248508946
0 0.7020833333333333 0.3538767395626243 0.009375 0.013916500994035786
0 0.32317708333333334 0.3996023856858847 0.005729166666666666 0.02385685884691849
0 0.07526041666666666 0.40755467196819084 0.015104166666666667 0.02584493041749503
0 0.05260416666666667 0.4115308151093439 0.009375 0.02186878727634195
0 0.7114583333333333 0.42992047713717696 0.01875 0.036779324055666
0 0.6013020833333333 0.4383697813121272 0.0046875 0.017892644135188866
0 0.3380208333333333 0.444831013916501 0.013541666666666667 0.02286282306163022
0 0.36484375 0.4507952286282306 0.011979166666666667 0.016898608349900597
0 0.6848958333333334 0.4850894632206759 0.021875 0.039761431411530816
0 0.10572916666666667 0.4801192842942346 0.0125 0.015904572564612324
0 0.27760416666666665 0.48807157057654077 0.004166666666666667 0.027833001988071572
0 0.7731770833333333 0.5019880715705766 0.008854166666666666 0.05168986083499006
0 0.4317708333333333 0.5213717693836978 0.011458333333333333 0.008946322067594433
0 0.4778645833333333 0.5288270377733598 0.013020833333333334 0.02186878727634195
0 0.60078125 0.581013916500994 0.0046875 0.02882703777335984
0 0.17890625 0.5894632206759444 0.019270833333333334 0.02186878727634195
0 0.32473958333333336 0.5929423459244533 0.011979166666666667 0.016898608349900597
0 0.16640625 0.6048707753479126 0.011979166666666667 0.02286282306163022
0 0.6171875 0.6242544731610338 0.017708333333333333 0.04970178926441352
0 0.2421875 0.6167992047713717 0.013541666666666667 0.0268389662027833
0 0.4546875 0.6177932405566601 0.013541666666666667 0.014910536779324055
0 0.35546875 0.621272365805169 0.011979166666666667 0.015904572564612324
0 0.25026041666666665 0.6451292246520874 0.005729166666666666 0.027833001988071572
0 0.7354166666666667 0.6505964214711729 0.0125 0.020874751491053677
0 0.26276041666666666 0.6446322067594433 0.013020833333333334 0.010934393638170975
0 0.07447916666666667 0.6928429423459245 0.020833333333333332 0.05168986083499006
0 0.4002604166666667 0.6824055666003976 0.0046875 0.02485089463220676
0 0.32734375 0.6809145129224652 0.0078125 0.017892644135188866
0 0.68125 0.6848906560636183 0.011458333333333333 0.017892644135188866
0 0.32083333333333336 0.7077534791252486 0.0125 0.05765407554671968
0 0.15442708333333333 0.713220675944334 0.0067708333333333336 0.03479125248508946
0 0.5158854166666667 0.7251491053677932 0.011979166666666667 0.03479125248508946
0 0.13359375 0.7321073558648111 0.005729166666666666 0.02286282306163022
0 0.34869791666666666 0.7524850894632207 0.005729166666666666 0.02982107355864811
0 0.36484375 0.7485089463220675 0.005729166666666666 0.019880715705765408
0 0.41770833333333335 0.7584493041749503 0.010416666666666666 0.02584493041749503
0 0.07005208333333333 0.7599403578528827 0.018229166666666668 0.018886679920477135
0 0.16484375 0.7768389662027833 0.013020833333333334 0.02286282306163022
0 0.009895833333333333 0.7833001988071571 0.01875 0.027833001988071572
0 0.5942708333333333 0.8449304174950298 0.008333333333333333 0.03180914512922465
0 0.496875 0.8563618290258449 0.008333333333333333 0.0268389662027833
0 0.3796875 0.8513916500994035 0.016666666666666666 0.016898608349900597
0 0.03411458333333333 0.8548707753479126 0.009895833333333333 0.019880715705765408
0 0.06041666666666667 0.8717693836978131 0.009375 0.02982107355864811
0 0.5106770833333333 0.8707753479125249 0.015104166666666667 0.02584493041749503
0 0.3776041666666667 0.8722664015904572 0.010416666666666666 0.02286282306163022
0 0.18177083333333333 0.8866799204771372 0.013541666666666667 0.0437375745526839
0 0.19973958333333333 0.8817097415506958 0.0046875 0.02385685884691849
0 0.3924479166666667 0.8891650099403579 0.009895833333333333 0.0268389662027833
0 0.13255208333333332 0.8891650099403579 0.0140625 0.016898608349900597
0 0.8458333333333333 0.9035785288270378 0.017708333333333333 0.033797216699801194
0 0.43385416666666665 0.8986083499005965 0.005208333333333333 0.02584493041749503
0 0.9908854166666666 0.9055666003976143 0.018229166666666668 0.033797216699801194
0 0.34921875 0.8941351888667992 0.016145833333333335 0.010934393638170975
0 0.008854166666666666 0.9075546719681908 0.016666666666666666 0.03180914512922465
0 0.2864583333333333 0.9070576540755467 0.011458333333333333 0.018886679920477135
0 0.48802083333333335 0.922962226640159 0.0125 0.030815109343936383
0 0.04635416666666667 0.93389662027833 0.016666666666666666 0.020874751491053677
0 0.12161458333333333 0.944831013916501 0.011979166666666667 0.02286282306163022
0 0.27057291666666666 0.9587475149105368 0.0109375 0.018886679920477135
0 0.39791666666666664 0.9662027833001988 0.007291666666666667 0.02584493041749503
0 0.45026041666666666 0.9696819085487077 0.005729166666666666 0.02286282306163022
0 0.16822916666666668 0.9716699801192843 0.01875 0.02882703777335984
0 0.37473958333333335 0.9726640159045725 0.008854166666666666 0.016898608349900597
0 0.32916666666666666 0.9791252485089463 0.010416666666666666 0.03180914512922465
0 0.03463541666666667 0.9776341948310139 0.009895833333333333 0.02485089463220676
0 0.0765625 0.9831013916500994 0.014583333333333334 0.03180914512922465
0 0.5302083333333333 0.9850894632206759 0.008333333333333333 0.027833001988071572
0 0.2760416666666667 0.9865805168986084 0.008333333333333333 0.02485089463220676
0 0.38046875 0.9870775347912525 0.011979166666666667 0.011928429423459244
0 0.46015625 0.9900596421471173 0.009895833333333333 0.011928429423459244
0 0.5442708333333334 0.9920477137176938 0.010416666666666666 0.013916500994035786