0 0.875 0.017892644135188866 0.010416666666666666 0.03578528827037773
0 0.34739583333333335 0.0034791252485089465 0.0125 0.006958250497017893
0 0.11015625 0.014910536779324055 0.030729166666666665 0.02982107355864811
0 0.028125 0.009940357852882704 0.007291666666666667 0.015904572564612324
0 0.3302083333333333 0.016401590457256462 0.008333333333333333 0.012922465208747515
0 0.09140625 0.02485089463220676 0.021354166666666667 0.02385685884691849
0 0.7893229166666667 0.02286282306163022 0.009895833333333333 0.009940357852882704
0 0.22578125 0.0437375745526839 0.0140625 0.02186878727634195
0 0.4471354166666667 0.045228628230616304 0.009895833333333333 0.018886679920477135
0 0.16770833333333332 0.04622266401590457 0.017708333333333333 0.014910536779324055
0 0.08697916666666666 0.05168986083499006 0.03125 0.02385685884691849
0 0.17994791666666668 0.0536779324055666 0.0067708333333333336 0.019880715705765408
0 0.5083333333333333 0.05666003976143141 0.0125 0.017892644135188866
0 0.19765625 0.05268389662027833 0.016145833333333335 0.011928429423459244
0 0.35442708333333334 0.07952286282306163 0.009895833333333333 0.017892644135188866
0 0.52265625 0.08449304174950298 0.0140625 0.015904572564612324
0 0.0010416666666666667 0.10387673956262425 0.0010416666666666667 0.05069582504970179
0 0.715625 0.09542743538767395 0.008333333333333333 0.02186878727634195
0 0.05234375 0.1073558648111332 0.018229166666666668 0.04572564612326044
0 0.2046875 0.10139165009940358 0.010416666666666666 0.02584493041749503
0 0.94453125 0.10139165009940358 0.016145833333333335 0.02186878727634195
0 0.25104166666666666 0.10337972166998012 0.007291666666666667 0.019880715705765408
0 0.59140625 0.1058648111332008 0.013020833333333334 0.018886679920477135
0 0.23489583333333333 0.10884691848906561 0.00625 0.012922465208747515
0 0.08932291666666667 0.11381709741550695 0.0140625 0.020874751491053677
0 0.2755208333333333 0.11381709741550695 0.005208333333333333 0.018886679920477135
0 0.40625 0.11332007952286283 0.011458333333333333 0.013916500994035786
0 0.7294270833333333 0.11878727634194831 0.013020833333333334 0.012922465208747515
0 0.5619791666666667 0.12027833001988071 0.011458333333333333 0.015904572564612324
0 0.53125 0.12475149105367793 0.008333333333333333 0.02485089463220676
0 0.06796875 0.13320079522862824 0.0109375 0.033797216699801194
0 0.6919270833333333 0.13369781312127235 0.015104166666666667 0.020874751491053677
0 0.5614583333333333 0.14015904572564614 0.011458333333333333 0.027833001988071572
0 0.19010416666666666 0.14512922465208747 0.01875 0.03180914512922465
0 0.8807291666666667 0.14910536779324055 0.010416666666666666 0.03180914512922465
0 0.85 0.14363817097415507 0.008333333333333333 0.02286282306163022
0 0.21458333333333332 0.1426441351888668 0.010416666666666666 0.020874751491053677
0 0.31328125 0.14612326043737575 0.0046875 0.02385685884691849
0 0.7393229166666667 0.1481113320079523 0.011979166666666667 0.02186878727634195
0 0.46875 0.15308151093439365 0.011458333333333333 0.02186878727634195
0 0.8315104166666667 0.15755467196819087 0.013020833333333334 0.018886679920477135
0 0.7598958333333333 0.16351888667992048 0.00625 0.02485089463220676
0 0.22916666666666666 0.17047713717693838 0.010416666666666666 0.040755467196819085
0 0.7466145833333333 0.16998011928429424 0.015104166666666667 0.02385685884691849
0 0.20208333333333334 0.17147117296222664 0.013541666666666667 0.02286282306163022
0 0.5341145833333333 0.16699801192842942 0.009895833333333333 0.009940357852882704
0 0.8606770833333334 0.1848906560636183 0.013020833333333334 0.017892644135188866
0 0.16614583333333333 0.1878727634194831 0.010416666666666666 0.017892644135188866
0 0.8135416666666667 0.18986083499005965 0.010416666666666666 0.017892644135188866
0 0.7171875 0.20278330019880716 0.010416666666666666 0.02584493041749503
0 0.6015625 0.19582504970178927 0.013541666666666667 0.011928429423459244
0 0.18671875 0.1963220675944334 0.009895833333333333 0.010934393638170975
0 0.5427083333333333 0.19980119284294234 0.011458333333333333 0.009940357852882704
0 0.5161458333333333 0.213220675944334 0.0125 0.016898608349900597
0 0.35598958333333336 0.21719681908548708 0.0078125 0.02485089463220676
0 0.8809895833333333 0.21769383697813122 0.0140625 0.019880715705765408
0 0.69453125 0.2261431411530815 0.019270833333333334 0.03479125248508946
0 0.60625 0.22117296222664015 0.005208333333333333 0.018886679920477135
0 0.7291666666666666 0.2331013916500994 0.0125 0.016898608349900597
0 0.9140625 0.2400596421471173 0.0125 0.02485089463220676
0 0.3419270833333333 0.23807157057654074 0.0067708333333333336 0.014910536779324055
0 0.01171875 0.2430417495029821 0.015104166666666667 0.020874751491053677
0 0.5221354166666666 0.24055666003976142 0.013020833333333334 0.009940357852882704
0 0.9276041666666667 0.25646123260437376 0.014583333333333334 0.02584493041749503
0 0.765625 0.25198807157057657 0.0125 0.016898608349900597
0 0.7088541666666667 0.25596421471172964 0.015625 0.014910536779324055
0 0.8817708333333333 0.2654075546719682 0.013541666666666667 0.02584493041749503
0 0.8515625 0.2644135188866799 0.00625 0.02385685884691849
0 0.4588541666666667 0.2599403578528827 0.007291666666666667 0.012922465208747515
0 0.9502604166666667 0.2664015904572565 0.015104166666666667 0.017892644135188866
0 0.5638020833333334 0.27236580516898606 0.0140625 0.02982107355864811
0 0.21796875 0.2678926441351889 0.013020833333333334 0.010934393638170975
0 0.6348958333333333 0.2783300198807157 0.011458333333333333 0.013916500994035786
0 0.9161458333333333 0.28330019880715707 0.014583333333333334 0.015904572564612324
0 0.7049479166666667 0.2808151093439364 0.015104166666666667 0.008946322067594433
0 0.21328125 0.29174950298210733 0.011979166666666667 0.016898608349900597
0 0.6924479166666667 0.297713717693837 0.0078125 0.02485089463220676
0 0.303125 0.28876739562624254 0.011458333333333333 0.006958250497017893
0 0.7200520833333334 0.30119284294234594 0.0109375 0.02385685884691849
0 0.80234375 0.30467196819085485 0.009895833333333333 0.02485089463220676
0 0.5932291666666667 0.2992047713717694 0.010416666666666666 0.013916500994035786
0 0.18072916666666666 0.31312127236580517 0.011458333333333333 0.02584493041749503
0 0.7747395833333334 0.3096421471172962 0.0046875 0.016898608349900597
0 0.9591145833333333 0.3081510934393638 0.015104166666666667 0.009940357852882704
0 0.8932291666666666 0.31660039761431413 0.008333333333333333 0.0268389662027833
0 0.9192708333333334 0.3225646123260437 0.011458333333333333 0.030815109343936383
0 0.50546875 0.3320079522862823 0.009895833333333333 0.02385685884691849
0 0.8145833333333333 0.33697813121272363 0.008333333333333333 0.02385685884691849
0 0.13020833333333334 0.3364811133200795 0.010416666666666666 0.02286282306163022
0 0.90234375 0.334493041749503 0.009895833333333333 0.012922465208747515
0 0.73203125 0.3474155069582505 0.0046875 0.0268389662027833
0 0.8427083333333333 0.34940357852882703 0.010416666666666666 0.02485089463220676
0 0.5966145833333333 0.3503976143141153 0.015104166666666667 0.020874751491053677
0 0.35442708333333334 0.34592445328031807 0.0078125 0.009940357852882704
0 0.6283854166666667 0.36182902584493043 0.011979166666666667 0.02385685884691849
0 0.6143229166666667 0.378727634194831 0.0036458333333333334 0.02584493041749503
0 0.14817708333333332 0.3782306163021869 0.011979166666666667 0.018886679920477135
0 0.7489583333333333 0.3827037773359841 0.008333333333333333 0.013916500994035786
0 0.3671875 0.38767395626242546 0.016666666666666666 0.02584493041749503
0 0.91640625 0.3946322067594433 0.015104166666666667 0.02385685884691849
0 0.7682291666666666 0.3946322067594433 0.008333333333333333 0.011928429423459244
0 0.684375 0.4095427435387674 0.00625 0.033797216699801194
0 0.7903645833333334 0.4120278330019881 0.0140625 0.02286282306163022
0 0.33151041666666664 0.4115308151093439 0.0078125 0.02186878727634195
0 0.19661458333333334 0.4234592445328032 0.013020833333333334 0.02385685884691849
0 0.7744791666666667 0.4284294234592445 0.015625 0.017892644135188866
0 0.6731770833333334 0.43439363817097415 0.011979166666666667 0.009940357852882704
0 0.30182291666666666 0.4408548707753479 0.015104166666666667 0.02286282306163022
0 0.5072916666666667 0.4463220675944334 0.017708333333333333 0.009940357852882704
0 0.9638020833333333 0.46123260437375746 0.009895833333333333 0.03180914512922465
0 0.6213541666666667 0.4617296222664016 0.005208333333333333 0.030815109343936383
0 0.7536458333333333 0.4547713717693837 0.013541666666666667 0.008946322067594433
0 0.7380208333333333 0.4662027833001988 0.010416666666666666 0.019880715705765408
0 0.77421875 0.4711729622266402 0.0140625 0.009940357852882704
0 0.6421875 0.4870775347912525 0.00625 0.03578528827037773
0 0.5796875 0.4855864811133201 0.013541666666666667 0.020874751491053677
0 0.16927083333333334 0.4945328031809145 0.005208333333333333 0.02286282306163022
0 0.28619791666666666 0.49055666003976145 0.019270833333333334 0.010934393638170975
0 0.7341145833333333 0.5119284294234593 0.011979166666666667 0.039761431411530816
0 0.24166666666666667 0.5044731610337972 0.0125 0.020874751491053677
0 0.26614583333333336 0.5094433399602386 0.008333333333333333 0.020874751491053677
0 0.90703125 0.5238568588469185 0.022395833333333334 0.041749502982107355
0 0.3890625 0.5114314115308151 0.0125 0.018886679920477135
0 0.790625 0.5372763419483101 0.014583333333333334 0.02485089463220676
0 0.9666666666666667 0.5362823061630219 0.008333333333333333 0.018886679920477135
0 0.31145833333333334 0.536779324055666 0.009375 0.02186878727634195
0 0.2721354166666667 0.536779324055666 0.005729166666666666 0.015904572564612324
0 0.38177083333333334 0.5501988071570576 0.011458333333333333 0.03876739562624255
0 0.57421875 0.5501988071570576 0.009895833333333333 0.0268389662027833
0 0.9916666666666667 0.5536779324055666 0.016666666666666666 0.02584493041749503
0 0.66171875 0.5506958250497018 0.0140625 0.015904572564612324
0 0.59453125 0.5536779324055666 0.0109375 0.017892644135188866
0 0.24036458333333333 0.5636182902584493 0.033854166666666664 0.02584493041749503
0 0.7895833333333333 0.5641153081510935 0.020833333333333332 0.02485089463220676
0 0.2078125 0.5680914512922465 0.013541666666666667 0.02286282306163022
0 0.4546875 0.5755467196819085 0.023958333333333335 0.02186878727634195
0 0.19375 0.5755467196819085 0.005208333333333333 0.02385685884691849
0 0.7221354166666667 0.581013916500994 0.013020833333333334 0.02882703777335984
0 0.6458333333333334 0.5839960238568589 0.00625 0.036779324055666
0 0.51015625 0.5750497017892644 0.0067708333333333336 0.014910536779324055
0 0.5598958333333334 0.5879721669980119 0.03125 0.036779324055666
0 0.40677083333333336 0.5790258449304175 0.009375 0.018886679920477135
0 0.5359375 0.5795228628230616 0.015625 0.009940357852882704
0 0.234375 0.6058648111332008 0.016666666666666666 0.06063618290258449
0 0.4817708333333333 0.5949304174950298 0.016666666666666666 0.02286282306163022
0 0.9466145833333334 0.5994035785288271 0.0171875 0.02584493041749503
0 0.31640625 0.5949304174950298 0.0140625 0.014910536779324055
0 0.8809895833333333 0.6073558648111332 0.025520833333333333 0.02982107355864811
0 0.584375 0.6078528827037774 0.011458333333333333 0.018886679920477135
0 0.628125 0.6262425447316103 0.016666666666666666 0.05168986083499006
0 0.21276041666666667 0.6128230616302187 0.005729166666666666 0.02286282306163022
0 0.7963541666666667 0.6187872763419483 0.014583333333333334 0.030815109343936383
0 0.6684895833333333 0.6113320079522863 0.0203125 0.013916500994035786
0 0.32265625 0.6197813121272365 0.0078125 0.02882703777335984
0 0.6484375 0.6222664015904572 0.011458333333333333 0.02186878727634195
0 0.95703125 0.6341948310139165 0.0140625 0.03180914512922465
0 0.9747395833333333 0.6341948310139165 0.013020833333333334 0.02982107355864811
0 0.5934895833333333 0.6441351888667992 0.015104166666666667 0.04771371769383698
0 0.55859375 0.6262425447316103 0.016145833333333335 0.013916500994035786
0 0.56953125 0.6520874751491054 0.008854166666666666 0.02982107355864811
0 0.2794270833333333 0.6500994035785288 0.015104166666666667 0.011928429423459244
0 0.23333333333333334 0.6510934393638171 0.013541666666666667 0.015904572564612324
0 0.6705729166666666 0.668986083499006 0.015104166666666667 0.03777335984095427
0 0.4434895833333333 0.6669980119284294 0.011979166666666667 0.02584493041749503
0 0.34348958333333335 0.6744532803180915 0.011979166666666667 0.02485089463220676
0 0.803125 0.6809145129224652 0.013541666666666667 0.02385685884691849
0 0.29348958333333336 0.6824055666003976 0.009895833333333333 0.020874751491053677
0 0.27630208333333334 0.6794234592445328 0.011979166666666667 0.014910536779324055
0 0.3216145833333333 0.6903578528827038 0.0109375 0.02485089463220676
0 0.62578125 0.6863817097415507 0.013020833333333334 0.008946322067594433
0 0.6489583333333333 0.7082504970178927 0.026041666666666668 0.05069582504970179
0 0.30442708333333335 0.6968190854870775 0.0140625 0.019880715705765408
0 0.6744791666666666 0.6988071570576541 0.017708333333333333 0.019880715705765408
0 0.7809895833333333 0.7012922465208747 0.013020833333333334 0.018886679920477135
0 0.8921875 0.7052683896620279 0.007291666666666667 0.016898608349900597
0 0.23723958333333334 0.7107355864811133 0.015104166666666667 0.011928429423459244
0 0.28046875 0.7211729622266402 0.009895833333333333 0.020874751491053677
0 0.05260416666666667 0.724155069582505 0.015625 0.0268389662027833
0 0.23098958333333333 0.7291252485089463 0.016145833333333335 0.020874751491053677
0 0.14583333333333334 0.7266401590457257 0.013541666666666667 0.011928429423459244
0 0.08046875 0.7311133200795229 0.0140625 0.014910536779324055
0 0.39036458333333335 0.7340954274353877 0.0203125 0.014910536779324055
0 0.2638020833333333 0.73558648111332 0.011979166666666667 0.015904572564612324
0 0.6653645833333334 0.7450298210735586 0.0109375 0.030815109343936383
0 0.6307291666666667 0.7460238568588469 0.016666666666666666 0.03479125248508946
0 0.3502604166666667 0.7400596421471173 0.011979166666666667 0.016898608349900597
0 0.8455729166666667 0.7485089463220675 0.015104166666666667 0.027833001988071572
0 0.2955729166666667 0.7475149105367793 0.005729166666666666 0.02584493041749503
0 0.55234375 0.7559642147117296 0.015104166666666667 0.036779324055666
0 0.6153645833333333 0.7490059642147118 0.0140625 0.018886679920477135
0 0.36328125 0.7514910536779325 0.0067708333333333336 0.02186878727634195
0 0.16666666666666666 0.7504970178926441 0.0125 0.015904572564612324
0 0.0734375 0.7584493041749503 0.015625 0.03180914512922465
0 0.0125 0.7668986083499006 0.023958333333333335 0.040755467196819085
0 0.6859375 0.7629224652087475 0.0125 0.02882703777335984
0 0.059895833333333336 0.7579522862823062 0.011458333333333333 0.016898608349900597
0 0.5341145833333333 0.7629224652087475 0.011979166666666667 0.02485089463220676
0 0.30859375 0.7629224652087475 0.0109375 0.020874751491053677
0 0.240625 0.7678926441351889 0.011458333333333333 0.020874751491053677
0 0.73359375 0.7773359840954275 0.009895833333333333 0.02584493041749503
0 0.32578125 0.7713717693836978 0.0203125 0.011928429423459244
0 0.2671875 0.8021868787276342 0.011458333333333333 0.05168986083499006
0 0.2552083333333333 0.7917495029821073 0.0125 0.0268389662027833
0 0.013541666666666667 0.7972166998011928 0.026041666666666668 0.033797216699801194
0 0.24140625 0.7917495029821073 0.0109375 0.014910536779324055
0 0.8278645833333333 0.8001988071570576 0.013020833333333334 0.027833001988071572
0 0.471875 0.8001988071570576 0.011458333333333333 0.019880715705765408
0 0.7432291666666667 0.8116302186878728 0.015625 0.02882703777335984
0 0.665625 0.8056660039761432 0.015625 0.016898608349900597
0 0.08984375 0.8220675944333996 0.019270833333333334 0.02982107355864811
0 0.7609375 0.8339960238568589 0.01875 0.033797216699801194
0 0.05755208333333333 0.8290258449304175 0.0109375 0.017892644135188866
0 0.5854166666666667 0.8364811133200796 0.007291666666666667 0.0268389662027833
0 0.68125 0.8573558648111332 0.019791666666666666 0.06660039761431412
0 0.52578125 0.8325049701789264 0.0078125 0.016898608349900597
0 0.39791666666666664 0.8374751491053678 0.0125 0.02286282306163022
0 0.10963541666666667 0.8494035785288271 0.009895833333333333 0.04671968190854871
0 0.8346354166666666 0.8409542743538767 0.018229166666666668 0.02385685884691849
0 0.65625 0.8484095427435387 0.020833333333333332 0.03479125248508946
0 0.91953125 0.8489065606361829 0.022395833333333334 0.027833001988071572
0 0.71171875 0.8439363817097415 0.0203125 0.013916500994035786
0 0.5106770833333333 0.8593439363817097 0.0078125 0.04671968190854871
0 0.4471354166666667 0.8503976143141153 0.016145833333333335 0.020874751491053677
0 0.62734375 0.8558648111332008 0.0171875 0.019880715705765408
0 0.4934895833333333 0.8682902584493042 0.022395833333333334 0.036779324055666
0 0.76796875 0.8613320079522863 0.015104166666666667 0.018886679920477135
0 0.15182291666666667 0.8653081510934394 0.013020833333333334 0.02286282306163022
0 0.5408854166666667 0.8722664015904572 0.0140625 0.02485089463220676
0 0.3736979166666667 0.8702783300198808 0.011979166666666667 0.018886679920477135
0 0.65546875 0.8797216699801192 0.0140625 0.019880715705765408
0 0.46145833333333336 0.8946322067594433 0.0125 0.04771371769383698
0 0.4283854166666667 0.8757455268389662 0.013020833333333334 0.011928429423459244
0 0.31979166666666664 0.8871769383697813 0.005208333333333333 0.02485089463220676
0 0.5505208333333333 0.889662027833002 0.010416666666666666 0.027833001988071572
0 0.15729166666666666 0.8876739562624254 0.016666666666666666 0.019880715705765408
0 0.5869791666666667 0.893141153081511 0.011458333333333333 0.0268389662027833
0 0.415625 0.8876739562624254 0.0125 0.011928429423459244
0 0.40182291666666664 0.8976143141153081 0.009895833333333333 0.02385685884691849
0 0.016145833333333335 0.9130218687872763 0.03125 0.042743538767395624
0 0.85546875 0.9040755467196819 0.0203125 0.020874751491053677
0 0.56640625 0.9075546719681908 0.0046875 0.027833001988071572
0 0.48333333333333334 0.915506958250497 0.015625 0.041749502982107355
0 0.3026041666666667 0.9090457256461233 0.005208333333333333 0.0268389662027833
0 0.5216145833333333 0.9140159045725647 0.0067708333333333336 0.018886679920477135
0 0.5065104166666666 0.9319085487077535 0.021354166666666667 0.05268389662027833
0 0.55 0.9184890656063618 0.013541666666666667 0.017892644135188866
0 0.53203125 0.9219681908548708 0.005729166666666666 0.018886679920477135
0 0.6153645833333333 0.9329025844930418 0.009895833333333333 0.02286282306163022
0 0.8325520833333333 0.9423459244532804 0.008854166666666666 0.03180914512922465
0 0.6354166666666666 0.9393638170974155 0.016666666666666666 0.02186878727634195
0 0.40651041666666665 0.9502982107355865 0.019270833333333334 0.03180914512922465
0 0.5653645833333333 0.9478131212723658 0.011979166666666667 0.020874751491053677
0 0.8466145833333333 0.9542743538767395 0.0140625 0.019880715705765408
0 0.2953125 0.9587475149105368 0.019791666666666666 0.02882703777335984
0 0.26536458333333335 0.9676938369781312 0.0109375 0.042743538767395624
0 0.05572916666666667 0.9602385685884692 0.019791666666666666 0.02385685884691849
0 0.28098958333333335 0.9711729622266402 0.0109375 0.033797216699801194
0 0.55390625 0.9637176938369781 0.013020833333333334 0.010934393638170975
0 0.20078125 0.9840954274353877 0.015104166666666667 0.02982107355864811
0 0.11640625 0.9860834990059643 0.0109375 0.02584493041749503
0 0.02890625 0.9885685884691849 0.024479166666666666 0.020874751491053677
0 0.5203125 0.9865805168986084 0.013541666666666667 0.012922465208747515
0 0.6596354166666667 0.9905566600397614 0.0140625 0.016898608349900597
0 0.5684895833333333 0.9905566600397614 0.018229166666666668 0.016898608349900597
0 0.42552083333333335 0.9935387673956262 0.013541666666666667 0.010934393638170975