0 0.38671875 0.044234592445328035 0.018229166666666668 0.018886679920477135
0 0.05859375 0.09095427435387674 0.0171875 0.02485089463220676
0 0.10234375 0.09741550695825049 0.018229166666666668 0.03777335984095427
0 0.00625 0.10089463220675944 0.0125 0.032803180914512925
0 0.025 0.11978131212723658 0.023958333333333335 0.032803180914512925
0 0.26875 0.176441351888668 0.017708333333333333 0.030815109343936383
0 0.16901041666666666 0.18687872763419483 0.0171875 0.017892644135188866
0 0.30026041666666664 0.24602385685884692 0.018229166666666668 0.03479125248508946
0 0.020052083333333335 0.279324055666004 0.011979166666666667 0.03777335984095427
0 0.04296875 0.279324055666004 0.019270833333333334 0.02385685884691849
0 0.19479166666666667 0.38866799204771374 0.010416666666666666 0.041749502982107355
0 0.06380208333333333 0.43687872763419483 0.015104166666666667 0.036779324055666
0 0.0078125 0.5422465208747514 0.015625 0.03876739562624255
0 0.05416666666666667 0.6660039761431411 0.017708333333333333 0.0536779324055666
0 0.128125 0.687375745526839 0.013541666666666667 0.040755467196819085
0 0.30442708333333335 0.7286282306163022 0.025520833333333333 0.041749502982107355
0 0.1171875 0.7365805168986084 0.014583333333333334 0.033797216699801194
0 0.26145833333333335 0.8061630218687873 0.009375 0.039761431411530816
0 0.14791666666666667 0.8658051689860835 0.017708333333333333 0.03578528827037773
0 0.039322916666666666 0.9060636182902585 0.022395833333333334 0.042743538767395624
0 0.08697916666666666 0.9647117296222664 0.017708333333333333 0.032803180914512925
0 0.05572916666666667 0.9696819085487077 0.008333333333333333 0.016898608349900597