0 0.14244791666666667 0.008449304174950299 0.022395833333333334 0.010934393638170975
0 0.73671875 0.022365805168986085 0.005729166666666666 0.02485089463220676
0 0.19296875 0.02286282306163022 0.008854166666666666 0.027833001988071572
0 0.7671875 0.0352882703777336 0.009375 0.032803180914512925
0 0.70859375 0.026341948310139165 0.0140625 0.012922465208747515
0 0.3377604166666667 0.04622266401590457 0.0140625 0.036779324055666
0 0.7130208333333333 0.05666003976143141 0.007291666666666667 0.015904572564612324
0 0.48515625 0.08697813121272366 0.0140625 0.03876739562624255
0 0.9471354166666667 0.09045725646123261 0.022395833333333334 0.03180914512922465
0 0.15911458333333334 0.0889662027833002 0.0109375 0.020874751491053677
0 0.5484375 0.11630218687872763 0.021875 0.03578528827037773
0 0.4981770833333333 0.15109343936381708 0.008854166666666666 0.0437375745526839
0 0.4830729166666667 0.14910536779324055 0.005729166666666666 0.033797216699801194
0 0.7317708333333334 0.14314115308151093 0.014583333333333334 0.017892644135188866
0 0.28229166666666666 0.14860834990059643 0.017708333333333333 0.012922465208747515
0 0.284375 0.1779324055666004 0.015625 0.015904572564612324
0 0.271875 0.18439363817097415 0.008333333333333333 0.018886679920477135
0 0.7403645833333333 0.1893638170974155 0.0140625 0.018886679920477135
0 0.9239583333333333 0.20377733598409542 0.014583333333333334 0.03180914512922465
0 0.35494791666666664 0.2261431411530815 0.013020833333333334 0.014910536779324055
0 0.76484375 0.29870775347912526 0.008854166666666666 0.03876739562624255
0 0.07083333333333333 0.31660039761431413 0.013541666666666667 0.02485089463220676
0 0.5494791666666666 0.34542743538767395 0.00625 0.02882703777335984
0 0.5026041666666666 0.3404572564612326 0.013541666666666667 0.008946322067594433
0 0.11510416666666666 0.35636182902584496 0.0125 0.02485089463220676
0 0.6140625 0.36033797216699803 0.010416666666666666 0.030815109343936383
0 0.9138020833333333 0.371272365805169 0.0109375 0.02882703777335984
0 0.8010416666666667 0.3827037773359841 0.014583333333333334 0.04572564612326044
0 0.98125 0.37624254473161034 0.0125 0.018886679920477135
0 0.08854166666666667 0.38817097415506957 0.00625 0.012922465208747515
0 0.5721354166666667 0.3976143141153082 0.0067708333333333336 0.02186878727634195
0 0.9947916666666666 0.4234592445328032 0.010416666666666666 0.03578528827037773
0 0.71328125 0.43439363817097415 0.005729166666666666 0.03180914512922465
0 0.6208333333333333 0.4254473161033797 0.007291666666666667 0.013916500994035786
0 0.009635416666666667 0.46371769383697814 0.018229166666666668 0.05666003976143141
0 0.29453125 0.44880715705765406 0.011979166666666667 0.014910536779324055
0 0.8020833333333334 0.4826043737574553 0.013541666666666667 0.02286282306163022
0 0.4984375 0.4915506958250497 0.014583333333333334 0.03479125248508946
0 0.1078125 0.4985089463220676 0.0125 0.02882703777335984
0 0.99375 0.5124254473161034 0.009375 0.030815109343936383
0 0.7604166666666666 0.5114314115308151 0.009375 0.02485089463220676
0 0.14557291666666666 0.5154075546719682 0.015104166666666667 0.03479125248508946
0 0.7278645833333334 0.5173956262425448 0.0171875 0.012922465208747515
0 0.6864583333333333 0.5208747514910537 0.01875 0.013916500994035786
0 0.45625 0.5308151093439364 0.0125 0.011928429423459244
0 0.5903645833333333 0.5407554671968191 0.005729166666666666 0.02186878727634195
0 0.23645833333333333 0.540258449304175 0.023958333333333335 0.016898608349900597
0 0.99453125 0.5437375745526839 0.0109375 0.017892644135188866
0 0.75 0.5462226640159046 0.008333333333333333 0.02485089463220676
0 0.5 0.5596421471172962 0.015625 0.019880715705765408
0 0.6265625 0.5705765407554672 0.011458333333333333 0.007952286282306162
0 0.45755208333333336 0.5735586481113321 0.011979166666666667 0.013916500994035786
0 0.4239583333333333 0.5790258449304175 0.00625 0.02485089463220676
0 0.53046875 0.5745526838966203 0.0171875 0.009940357852882704
0 0.6546875 0.5780318091451292 0.011458333333333333 0.010934393638170975
0 0.3536458333333333 0.5964214711729622 0.008333333333333333 0.027833001988071572
0 0.5575520833333333 0.5984095427435387 0.005729166666666666 0.02584493041749503
0 0.54609375 0.6088469184890656 0.008854166666666666 0.042743538767395624
0 0.6377604166666667 0.5994035785288271 0.011979166666666667 0.015904572564612324
0 0.646875 0.614314115308151 0.010416666666666666 0.017892644135188866
0 0.6104166666666667 0.6187872763419483 0.014583333333333334 0.0268389662027833
0 0.6591145833333333 0.6182902584493042 0.013020833333333334 0.013916500994035786
0 0.56875 0.6267395626242545 0.00625 0.016898608349900597
0 0.3502604166666667 0.6317097415506958 0.013020833333333334 0.012922465208747515
0 0.09817708333333333 0.6336978131212724 0.015104166666666667 0.016898608349900597
0 0.5166666666666667 0.6351888667992047 0.014583333333333334 0.011928429423459244
0 0.3229166666666667 0.6416500994035785 0.008333333333333333 0.02286282306163022
0 0.6190104166666667 0.6421471172962226 0.009895833333333333 0.019880715705765408
0 0.6489583333333333 0.6530815109343936 0.005208333333333333 0.03180914512922465
0 0.17786458333333333 0.6486083499005965 0.009895833333333333 0.016898608349900597
0 0.6802083333333333 0.6510934393638171 0.016666666666666666 0.013916500994035786
0 0.5927083333333333 0.6525844930417495 0.009375 0.010934393638170975
0 0.8013020833333333 0.6645129224652088 0.021354166666666667 0.02485089463220676
0 0.721875 0.6669980119284294 0.00625 0.02584493041749503
0 0.47994791666666664 0.6719681908548708 0.0067708333333333336 0.02584493041749503
0 0.5231770833333333 0.6704771371769384 0.0078125 0.012922465208747515
0 0.5 0.6809145129224652 0.00625 0.03578528827037773
0 0.75546875 0.6714711729622267 0.0109375 0.008946322067594433
0 0.7989583333333333 0.6819085487077535 0.01875 0.015904572564612324
0 0.4588541666666667 0.6819085487077535 0.0125 0.013916500994035786
0 0.684375 0.6893638170974155 0.0125 0.014910536779324055
0 0.61875 0.6968190854870775 0.004166666666666667 0.019880715705765408
0 0.4583333333333333 0.7027833001988072 0.019791666666666666 0.017892644135188866
0 0.721875 0.7127236580516899 0.007291666666666667 0.02982107355864811
0 0.51796875 0.7181908548707754 0.0078125 0.042743538767395624
0 0.64609375 0.7112326043737575 0.008854166666666666 0.02485089463220676
0 0.77109375 0.7107355864811133 0.0140625 0.017892644135188866
0 0.35234375 0.7231610337972167 0.013020833333333334 0.02485089463220676
0 0.6346354166666667 0.7276341948310139 0.015104166666666667 0.027833001988071572
0 0.615625 0.7211729622266402 0.010416666666666666 0.014910536779324055
0 0.3880208333333333 0.7221669980119284 0.021875 0.012922465208747515
0 0.11197916666666667 0.7301192842942346 0.01875 0.0268389662027833
0 0.23203125 0.7340954274353877 0.008854166666666666 0.020874751491053677
0 0.6106770833333334 0.7495029821073559 0.019270833333333334 0.03578528827037773
0 0.6669270833333333 0.7430417495029821 0.013020833333333334 0.014910536779324055
0 0.7778645833333333 0.7460238568588469 0.0203125 0.012922465208747515
0 0.43776041666666665 0.7509940357852882 0.005729166666666666 0.02485089463220676
0 0.22890625 0.7564612326043738 0.008854166666666666 0.017892644135188866
0 0.4984375 0.7549701789264414 0.010416666666666666 0.012922465208747515
0 0.8473958333333333 0.7678926441351889 0.009375 0.03479125248508946
0 0.45208333333333334 0.7743538767395626 0.014583333333333334 0.02385685884691849
0 0.5765625 0.7837972166998012 0.014583333333333334 0.032803180914512925
0 0.6231770833333333 0.7997017892644135 0.009895833333333333 0.036779324055666
0 0.6625 0.786779324055666 0.013541666666666667 0.006958250497017893
0 0.5947916666666667 0.8091451292246521 0.010416666666666666 0.027833001988071572
0 0.7830729166666667 0.8076540755467196 0.0171875 0.012922465208747515
0 0.4708333333333333 0.8195825049701789 0.005208333333333333 0.03479125248508946
0 0.15911458333333334 0.8131212723658051 0.008854166666666666 0.019880715705765408
0 0.09869791666666666 0.8250497017892644 0.0203125 0.02186878727634195
0 0.5716145833333334 0.8275347912524851 0.0140625 0.010934393638170975
0 0.940625 0.834493041749503 0.01875 0.018886679920477135
0 0.20520833333333333 0.8394632206759444 0.0125 0.010934393638170975
0 0.5942708333333333 0.845427435387674 0.009375 0.018886679920477135
0 0.5557291666666667 0.8538767395626242 0.004166666666666667 0.019880715705765408
0 0.665625 0.864314115308151 0.0125 0.018886679920477135
0 0.6265625 0.8648111332007953 0.011458333333333333 0.015904572564612324
0 0.5330729166666667 0.8772365805168986 0.0171875 0.040755467196819085
0 0.4796875 0.8767395626242545 0.01875 0.013916500994035786
0 0.9229166666666667 0.8911530815109344 0.008333333333333333 0.0268389662027833
0 0.9486979166666667 0.9000994035785288 0.013020833333333334 0.030815109343936383
0 0.6296875 0.9030815109343936 0.015625 0.032803180914512925
0 0.7528645833333333 0.9000994035785288 0.008854166666666666 0.02485089463220676
0 0.6588541666666666 0.8986083499005965 0.007291666666666667 0.019880715705765408
0 0.69140625 0.9110337972166997 0.009895833333333333 0.02485089463220676
0 0.54140625 0.9140159045725647 0.019270833333333334 0.014910536779324055
0 0.5989583333333334 0.9244532803180915 0.005208333333333333 0.02584493041749503
0 0.01796875 0.93389662027833 0.0140625 0.036779324055666
0 0.6463541666666667 0.9279324055666004 0.014583333333333334 0.014910536779324055
0 0.35885416666666664 0.929920477137177 0.014583333333333334 0.016898608349900597
0 0.14765625 0.9438369781312127 0.0140625 0.030815109343936383
0 0.665625 0.9517892644135189 0.021875 0.020874751491053677
0 0.04895833333333333 0.9577534791252486 0.0125 0.02286282306163022
0 0.39296875 0.9652087475149106 0.008854166666666666 0.019880715705765408
0 0.6885416666666667 0.9681908548707754 0.015625 0.02186878727634195
0 0.15625 0.974155069582505 0.01875 0.02982107355864811
0 0.9596354166666666 0.981610337972167 0.0171875 0.02485089463220676