0 0.5497395833333333 0.02286282306163022 0.016145833333333335 0.02385685884691849
0 0.9833333333333333 0.22962226640159045 0.016666666666666666 0.017892644135188866
0 0.9690104166666667 0.24801192842942346 0.0078125 0.018886679920477135
0 0.3640625 0.2584493041749503 0.009375 0.02982107355864811
0 0.8364583333333333 0.27435387673956263 0.011458333333333333 0.02385685884691849
0 0.95234375 0.27186878727634195 0.008854166666666666 0.014910536779324055
0 0.93125 0.30417495029821073 0.015625 0.019880715705765408
0 0.9174479166666667 0.3106361829025845 0.008854166666666666 0.014910536779324055
0 0.9614583333333333 0.33697813121272363 0.011458333333333333 0.017892644135188866
0 0.51015625 0.3513916500994036 0.0078125 0.020874751491053677
0 0.5109375 0.4010934393638171 0.021875 0.05666003976143141
0 0.8403645833333333 0.38817097415506957 0.0078125 0.020874751491053677
0 0.9916666666666667 0.397117296222664 0.011458333333333333 0.010934393638170975
0 0.4674479166666667 0.41451292246520877 0.009895833333333333 0.02385685884691849
0 0.28619791666666666 0.4274353876739563 0.028645833333333332 0.033797216699801194
0 0.87890625 0.41451292246520877 0.021354166666666667 0.007952286282306162
0 0.8502604166666666 0.41898608349900596 0.03177083333333333 0.008946322067594433
0 0.8216145833333334 0.42445328031809143 0.0203125 0.007952286282306162
0 0.4388020833333333 0.4403578528827038 0.013020833333333334 0.033797216699801194
0 0.4666666666666667 0.4418489065606362 0.014583333333333334 0.0268389662027833
0 0.48984375 0.4676938369781312 0.013020833333333334 0.04473161033797217
0 0.7440104166666667 0.4726640159045726 0.0067708333333333336 0.02485089463220676
0 0.24114583333333334 0.47713717693836977 0.011458333333333333 0.015904572564612324
0 0.43359375 0.5039761431411531 0.0296875 0.06759443339960239
0 0.3731770833333333 0.4835984095427435 0.018229166666666668 0.02286282306163022
0 0.5484375 0.4826043737574553 0.009375 0.014910536779324055
0 0.8072916666666666 0.49204771371769385 0.016666666666666666 0.02385685884691849
0 0.3078125 0.4960238568588469 0.017708333333333333 0.027833001988071572
0 0.22317708333333333 0.5004970178926441 0.0078125 0.014910536779324055
0 0.40234375 0.5114314115308151 0.0140625 0.030815109343936383
0 0.19088541666666667 0.5094433399602386 0.011979166666666667 0.018886679920477135
0 0.9458333333333333 0.5288270377733598 0.011458333333333333 0.03578528827037773
0 0.4265625 0.5472166998011928 0.0125 0.016898608349900597
0 0.4453125 0.5611332007952287 0.004166666666666667 0.0268389662027833
0 0.46536458333333336 0.5606361829025845 0.009895833333333333 0.019880715705765408
0 0.5244791666666667 0.5601391650099403 0.028125 0.018886679920477135
0 0.39505208333333336 0.5760437375745527 0.033854166666666664 0.04671968190854871
0 0.3268229166666667 0.5740556660039762 0.016145833333333335 0.03876739562624255
0 0.5458333333333333 0.5680914512922465 0.009375 0.018886679920477135
0 0.234375 0.5735586481113321 0.011458333333333333 0.013916500994035786
0 0.2109375 0.577037773359841 0.014583333333333334 0.008946322067594433
0 0.7044270833333334 0.584493041749503 0.0078125 0.02584493041749503
0 0.31145833333333334 0.5929423459244533 0.010416666666666666 0.032803180914512925
0 0.6078125 0.5979125248508946 0.017708333333333333 0.036779324055666
0 0.46171875 0.5924453280318092 0.009895833333333333 0.02186878727634195
0 0.2518229166666667 0.5924453280318092 0.011979166666666667 0.013916500994035786
0 0.5622395833333333 0.5979125248508946 0.011979166666666667 0.018886679920477135
0 0.23515625 0.6043737574552683 0.008854166666666666 0.02982107355864811
0 0.98359375 0.5999005964214712 0.028645833333333332 0.014910536779324055
0 0.9513020833333333 0.6098409542743539 0.013020833333333334 0.010934393638170975
0 0.4578125 0.6163021868787276 0.013541666666666667 0.019880715705765408
0 0.7729166666666667 0.6207753479125249 0.015625 0.030815109343936383
0 0.815625 0.614314115308151 0.021875 0.011928429423459244
0 0.3963541666666667 0.6257455268389662 0.013541666666666667 0.02882703777335984
0 0.45026041666666666 0.6411530815109344 0.0265625 0.05168986083499006
0 0.33307291666666666 0.6292246520874751 0.009895833333333333 0.015904572564612324
0 0.3736979166666667 0.6322067594433399 0.0078125 0.019880715705765408
0 0.89375 0.6322067594433399 0.01875 0.011928429423459244
0 0.8651041666666667 0.6391650099403579 0.0125 0.009940357852882704
0 0.33359375 0.6500994035785288 0.015104166666666667 0.015904572564612324
0 0.41770833333333335 0.6535785288270378 0.007291666666666667 0.02286282306163022
0 0.2609375 0.6565606361829026 0.011458333333333333 0.014910536779324055
0 0.46432291666666664 0.6739562624254473 0.0171875 0.02186878727634195
0 0.76171875 0.6833996023856859 0.024479166666666666 0.032803180914512925
0 0.8111979166666666 0.6988071570576541 0.008854166666666666 0.04771371769383698
0 0.5377604166666666 0.702286282306163 0.0234375 0.048707753479125246
0 0.50546875 0.6953280318091452 0.0109375 0.0268389662027833
0 0.253125 0.6963220675944334 0.01875 0.016898608349900597
0 0.4083333333333333 0.69831013916501 0.014583333333333334 0.020874751491053677
0 0.6744791666666666 0.705765407554672 0.019791666666666666 0.02584493041749503
0 0.3796875 0.7117296222664016 0.01875 0.017892644135188866
0 0.3377604166666667 0.7271371769383698 0.033854166666666664 0.042743538767395624
0 0.7885416666666667 0.7196819085487077 0.015625 0.02186878727634195
0 0.43828125 0.7256461232604374 0.016145833333333335 0.02982107355864811
0 0.5888020833333333 0.7236580516898609 0.009895833333333333 0.013916500994035786
0 0.17994791666666668 0.7321073558648111 0.009895833333333333 0.02485089463220676
0 0.5447916666666667 0.7435387673956262 0.01875 0.02584493041749503
0 0.23020833333333332 0.7440357852882704 0.009375 0.018886679920477135
0 0.4 0.7539761431411531 0.011458333333333333 0.02286282306163022
0 0.48411458333333335 0.7544731610337972 0.024479166666666666 0.015904572564612324
0 0.434375 0.7634194831013916 0.007291666666666667 0.017892644135188866
0 0.6171875 0.7723658051689861 0.0125 0.02584493041749503
0 0.7486979166666666 0.7708747514910537 0.011979166666666667 0.02485089463220676
0 0.825 0.7668986083499006 0.008333333333333333 0.016898608349900597
0 0.48828125 0.7798210735586482 0.011979166666666667 0.03479125248508946
0 0.32447916666666665 0.790258449304175 0.016666666666666666 0.033797216699801194
0 0.7145833333333333 0.7962226640159046 0.013541666666666667 0.0437375745526839
0 0.42473958333333334 0.7872763419483101 0.008854166666666666 0.019880715705765408
0 0.6841145833333333 0.80168986083499 0.0078125 0.02882703777335984
0 0.6067708333333334 0.7972166998011928 0.015625 0.017892644135188866
0 0.15520833333333334 0.8026838966202783 0.010416666666666666 0.014910536779324055
0 0.4388020833333333 0.8230616302186878 0.027604166666666666 0.04572564612326044
0 0.55546875 0.8185884691848907 0.0078125 0.032803180914512925
0 0.5231770833333333 0.8275347912524851 0.015104166666666667 0.0268389662027833
0 0.8520833333333333 0.8305168986083499 0.008333333333333333 0.02485089463220676
0 0.8815104166666666 0.8379721669980119 0.0171875 0.015904572564612324
0 0.4739583333333333 0.8503976143141153 0.014583333333333334 0.0268389662027833
0 0.6270833333333333 0.8489065606361829 0.022916666666666665 0.02186878727634195
0 0.6541666666666667 0.8444333996023857 0.01875 0.012922465208747515
0 0.51328125 0.8663021868787276 0.018229166666666668 0.042743538767395624
0 0.8338541666666667 0.8588469184890656 0.008333333333333333 0.027833001988071572
0 0.96953125 0.852882703777336 0.0109375 0.013916500994035786
0 0.24791666666666667 0.8727634194831014 0.010416666666666666 0.0437375745526839
0 0.42994791666666665 0.8613320079522863 0.013020833333333334 0.016898608349900597
0 0.32890625 0.867296222664016 0.015104166666666667 0.0268389662027833
0 0.9151041666666667 0.8722664015904572 0.016666666666666666 0.0268389662027833
0 0.67734375 0.8812127236580517 0.0171875 0.03479125248508946
0 0.9463541666666667 0.8697813121272365 0.009375 0.009940357852882704
0 0.19635416666666666 0.8841948310139165 0.016666666666666666 0.02882703777335984
0 0.49765625 0.8792246520874751 0.005729166666666666 0.016898608349900597
0 0.99375 0.8782306163021869 0.008333333333333333 0.014910536779324055
0 0.5333333333333333 0.8926441351888668 0.015625 0.03578528827037773
0 0.928125 0.8881709741550696 0.021875 0.018886679920477135
0 0.4278645833333333 0.9035785288270378 0.0109375 0.027833001988071572
0 0.4947916666666667 0.9070576540755467 0.007291666666666667 0.02485089463220676
0 0.31145833333333334 0.9025844930417495 0.010416666666666666 0.011928429423459244
0 0.56015625 0.908051689860835 0.013020833333333334 0.02485089463220676
0 0.646875 0.9090457256461233 0.019791666666666666 0.02485089463220676
0 0.6026041666666667 0.9035785288270378 0.013541666666666667 0.009940357852882704
0 0.5096354166666667 0.9443339960238568 0.018229166666666668 0.04970178926441352
0 0.315625 0.9527833001988072 0.009375 0.03876739562624255
0 0.32786458333333335 0.9552683896620279 0.0171875 0.033797216699801194
0 0.39114583333333336 0.9662027833001988 0.014583333333333334 0.055666003976143144
0 0.5661458333333333 0.9517892644135189 0.015625 0.02882703777335984
0 0.7755208333333333 0.9502982107355865 0.011458333333333333 0.02385685884691849
0 0.4375 0.9582504970178927 0.007291666666666667 0.027833001988071572
0 0.6901041666666666 0.9577534791252486 0.010416666666666666 0.018886679920477135
0 0.88984375 0.9577534791252486 0.0067708333333333336 0.018886679920477135
0 0.8692708333333333 0.9622266401590457 0.020833333333333332 0.02584493041749503
0 0.55546875 0.9796222664015904 0.03697916666666667 0.03876739562624255
0 0.740625 0.9736580516898609 0.0125 0.012922465208747515
0 0.9450520833333333 0.9811133200795229 0.0609375 0.013916500994035786
0 0.12161458333333333 0.9905566600397614 0.011979166666666667 0.016898608349900597