0 0.3028645833333333 0.005964214711729622 0.013020833333333334 0.011928429423459244
0 0.4328125 0.030318091451292245 0.020833333333333332 0.0268389662027833
0 0.53828125 0.24652087475149106 0.009895833333333333 0.017892644135188866
0 0.48385416666666664 0.2654075546719682 0.01875 0.02385685884691849
0 0.5268229166666667 0.279324055666004 0.015104166666666667 0.019880715705765408
0 0.8888020833333333 0.28479125248508946 0.013020833333333334 0.020874751491053677
0 0.4231770833333333 0.2897614314115308 0.016145833333333335 0.02882703777335984
0 0.31302083333333336 0.3384691848906561 0.015625 0.012922465208747515
0 0.4908854166666667 0.44781312127236583 0.018229166666666668 0.02882703777335984
0 0.02734375 0.4537773359840954 0.0109375 0.030815109343936383
0 0.3658854166666667 0.46073558648111335 0.016145833333333335 0.014910536779324055
0 0.5315104166666667 0.49105367793240556 0.0067708333333333336 0.013916500994035786
0 0.55 0.5208747514910537 0.019791666666666666 0.03777335984095427
0 0.16302083333333334 0.5457256461232605 0.013541666666666667 0.017892644135188866
0 0.42161458333333335 0.5670974155069582 0.013020833333333334 0.02286282306163022
0 0.3026041666666667 0.5750497017892644 0.017708333333333333 0.03479125248508946
0 0.559375 0.570079522862823 0.011458333333333333 0.02485089463220676
0 0.5268229166666667 0.6058648111332008 0.0109375 0.020874751491053677
0 0.4234375 0.614314115308151 0.0125 0.033797216699801194
0 0.47994791666666664 0.628727634194831 0.0109375 0.02882703777335984
0 0.5653645833333333 0.6302186878727635 0.008854166666666666 0.02385685884691849
0 0.43020833333333336 0.6302186878727635 0.013541666666666667 0.017892644135188866
0 0.44244791666666666 0.6461232604373758 0.016145833333333335 0.02385685884691849
0 0.3072916666666667 0.6819085487077535 0.007291666666666667 0.03777335984095427
0 0.36380208333333336 0.6833996023856859 0.0109375 0.032803180914512925
0 0.565625 0.6903578528827038 0.015625 0.02485089463220676
0 0.5190104166666667 0.6908548707753479 0.018229166666666668 0.013916500994035786
0 0.3885416666666667 0.694831013916501 0.019791666666666666 0.015904572564612324
0 0.4825520833333333 0.7012922465208747 0.0078125 0.018886679920477135
0 0.19921875 0.7052683896620279 0.011979166666666667 0.018886679920477135
0 0.5127604166666667 0.7142147117296223 0.0109375 0.02286282306163022
0 0.35104166666666664 0.7157057654075547 0.01875 0.017892644135188866
0 0.4861979166666667 0.739065606361829 0.0140625 0.014910536779324055
0 0.3375 0.7907554671968191 0.017708333333333333 0.02286282306163022
0 0.3497395833333333 0.8409542743538767 0.013020833333333334 0.017892644135188866
0 0.24375 0.9085487077534792 0.011458333333333333 0.03180914512922465
0 0.8377604166666667 0.9150099403578529 0.0109375 0.02882703777335984
0 0.27890625 0.9458250497017893 0.0109375 0.0268389662027833
0 0.028645833333333332 0.9776341948310139 0.01875 0.0268389662027833
0 0.19765625 0.9821073558648111 0.021354166666666667 0.033797216699801194
0 0.3614583333333333 0.9865805168986084 0.00625 0.02485089463220676