0 0.017447916666666667 0.020874751491053677 0.034895833333333334 0.041749502982107355
0 0.2799479166666667 0.025347912524850896 0.021354166666666667 0.016898608349900597
0 0.0036458333333333334 0.05616302186878728 0.007291666666666667 0.06262425447316103
0 0.00546875 0.11978131212723658 0.0109375 0.02286282306163022
0 0.13671875 0.19731610337972166 0.009895833333333333 0.042743538767395624
0 0.0049479166666666664 0.2698807157057654 0.009895833333333333 0.040755467196819085
0 0.0033854166666666668 0.3076540755467197 0.0067708333333333336 0.018886679920477135
0 0.19088541666666667 0.4070576540755467 0.015104166666666667 0.02882703777335984
0 0.38619791666666664 0.470675944333996 0.013020833333333334 0.040755467196819085
0 0.24609375 0.4686878727634195 0.0203125 0.02286282306163022
0 0.26588541666666665 0.5611332007952287 0.016145833333333335 0.030815109343936383
0 0.004166666666666667 0.6227634194831014 0.008333333333333333 0.040755467196819085
0 0.12473958333333333 0.6724652087475149 0.013020833333333334 0.04473161033797217
0 0.0484375 0.7564612326043738 0.03125 0.0437375745526839
0 0.0020833333333333333 0.8290258449304175 0.004166666666666667 0.03777335984095427