0 0.84609375 0.01242544731610338 0.008854166666666666 0.02485089463220676
0 0.8697916666666666 0.01242544731610338 0.015625 0.02485089463220676
0 0.46640625 0.03429423459244533 0.03177083333333333 0.06262425447316103
0 0.7877604166666666 0.027335984095427434 0.013020833333333334 0.0268389662027833
0 0.5885416666666666 0.030318091451292245 0.015625 0.012922465208747515
0 0.4953125 0.04622266401590457 0.016666666666666666 0.03479125248508946
0 0.27265625 0.05666003976143141 0.013020833333333334 0.05168986083499006
0 0.5565104166666667 0.04671968190854871 0.018229166666666668 0.013916500994035786
0 0.8533854166666667 0.06510934393638171 0.016145833333333335 0.032803180914512925
0 0.5276041666666667 0.07504970178926441 0.03229166666666667 0.03479125248508946
0 0.09895833333333333 0.07803180914512922 0.0125 0.032803180914512925
0 0.30885416666666665 0.09990059642147117 0.009375 0.0268389662027833
0 0.6263020833333334 0.10288270377733598 0.016145833333333335 0.016898608349900597
0 0.5713541666666667 0.11928429423459244 0.011458333333333333 0.02982107355864811
0 0.00026041666666666666 0.14463220675944333 0.0005208333333333333 0.07256461232604373
0 0.9122395833333333 0.13916500994035785 0.028645833333333332 0.061630218687872766
0 0.7044270833333334 0.13220675944333996 0.016145833333333335 0.03777335984095427
0 0.61015625 0.12326043737574553 0.0046875 0.015904572564612324
0 0.47369791666666666 0.18389662027833 0.0046875 0.02982107355864811
0 0.615625 0.19483101391650098 0.03229166666666667 0.05168986083499006
0 0.9372395833333333 0.19731610337972166 0.016145833333333335 0.032803180914512925
0 0.5802083333333333 0.21719681908548708 0.019791666666666666 0.014910536779324055
0 0.04505208333333333 0.22962226640159045 0.018229166666666668 0.02186878727634195
0 0.4546875 0.25 0.009375 0.04473161033797217
0 0.6190104166666667 0.2554671968190855 0.009895833333333333 0.02385685884691849
0 0.5111979166666667 0.2673956262425447 0.018229166666666668 0.02186878727634195
0 0.5864583333333333 0.26043737574552683 0.016666666666666666 0.009940357852882704
0 0.5497395833333333 0.27335984095427435 0.008854166666666666 0.02385685884691849
0 0.54140625 0.32007952286282304 0.005729166666666666 0.03777335984095427
0 0.14348958333333334 0.3195825049701789 0.0234375 0.0268389662027833
0 0.5809895833333333 0.32554671968190857 0.0078125 0.036779324055666
0 0.6325520833333333 0.35984095427435386 0.009895833333333333 0.03777335984095427
0 0.5057291666666667 0.37326043737574555 0.0125 0.02485089463220676
0 0.4395833333333333 0.38469184890656066 0.025 0.02385685884691849
0 0.61171875 0.4711729622266402 0.009895833333333333 0.033797216699801194
0 0.4239583333333333 0.5034791252485089 0.011458333333333333 0.02286282306163022
0 0.5484375 0.5253479125248509 0.008333333333333333 0.02485089463220676
0 0.21328125 0.5342942345924453 0.015104166666666667 0.030815109343936383
0 0.6184895833333334 0.544234592445328 0.016145833333333335 0.02485089463220676
0 0.6427083333333333 0.5546719681908548 0.01875 0.027833001988071572
0 0.5421875 0.5596421471172962 0.016666666666666666 0.033797216699801194
0 0.19895833333333332 0.5944333996023857 0.013541666666666667 0.015904572564612324
0 0.8427083333333333 0.6053677932405567 0.016666666666666666 0.02982107355864811
0 0.9861979166666667 0.6217693836978131 0.0078125 0.020874751491053677
0 0.5901041666666667 0.632703777335984 0.009375 0.02485089463220676
0 0.49921875 0.635685884691849 0.0171875 0.020874751491053677
0 0.92109375 0.6540755467196819 0.018229166666666668 0.041749502982107355
0 0.6598958333333333 0.6575546719681908 0.01875 0.030815109343936383
0 0.74609375 0.6814115308151093 0.0140625 0.03479125248508946
0 0.41432291666666665 0.6719681908548708 0.009895833333333333 0.009940357852882704
0 0.42578125 0.694831013916501 0.0171875 0.009940357852882704
0 0.5401041666666667 0.7246520874751491 0.007291666666666667 0.02982107355864811
0 0.32890625 0.7296222664015904 0.008854166666666666 0.03777335984095427
0 0.6705729166666666 0.7186878727634195 0.0171875 0.015904572564612324
0 0.6080729166666666 0.7331013916500994 0.009895833333333333 0.036779324055666
0 0.55703125 0.7544731610337972 0.005729166666666666 0.017892644135188866
0 0.5708333333333333 0.775844930417495 0.009375 0.016898608349900597
0 0.61171875 0.7877733598409543 0.0140625 0.032803180914512925
0 0.6557291666666667 0.7862823061630219 0.016666666666666666 0.017892644135188866
0 0.5388020833333333 0.7957256461232605 0.005729166666666666 0.032803180914512925
0 0.9700520833333334 0.8205765407554672 0.021354166666666667 0.02485089463220676
0 0.540625 0.8295228628230616 0.015625 0.0268389662027833
0 0.2760416666666667 0.8404572564612326 0.01875 0.010934393638170975
0 0.9020833333333333 0.8866799204771372 0.017708333333333333 0.02982107355864811
0 0.3703125 0.9075546719681908 0.0125 0.033797216699801194
0 0.5401041666666667 0.9135188866799204 0.03125 0.03578528827037773
0 0.46171875 0.9259443339960238 0.008854166666666666 0.03876739562624255
0 0.7817708333333333 0.9343936381709742 0.021875 0.055666003976143144
0 0.4356770833333333 0.9363817097415507 0.009895833333333333 0.033797216699801194
0 0.64140625 0.9443339960238568 0.013020833333333334 0.039761431411530816
0 0.3380208333333333 0.952286282306163 0.0125 0.0437375745526839
0 0.38046875 0.974155069582505 0.0203125 0.017892644135188866
0 0.45338541666666665 0.9880715705765407 0.0046875 0.02186878727634195
0 0.478125 0.9885685884691849 0.015625 0.020874751491053677