0 0.38723958333333336 0.01242544731610338 0.015104166666666667 0.02485089463220676
0 0.11380208333333333 0.01341948310139165 0.013020833333333334 0.0268389662027833
0 0.8565104166666667 0.03180914512922465 0.0109375 0.03777335984095427
0 0.5270833333333333 0.045228628230616304 0.013541666666666667 0.008946322067594433
0 0.11197916666666667 0.09045725646123261 0.014583333333333334 0.033797216699801194
0 0.057291666666666664 0.09343936381709742 0.0125 0.017892644135188866
0 0.7984375 0.11381709741550695 0.0125 0.02286282306163022
0 0.18723958333333332 0.1426441351888668 0.008854166666666666 0.02286282306163022
0 0.34921875 0.17693836978131214 0.011979166666666667 0.015904572564612324
0 0.3380208333333333 0.1963220675944334 0.007291666666666667 0.016898608349900597
0 0.36432291666666666 0.2047713717693837 0.021354166666666667 0.017892644135188866
0 0.38333333333333336 0.22117296222664015 0.007291666666666667 0.036779324055666
0 0.6049479166666667 0.25 0.0078125 0.02485089463220676
0 0.4309895833333333 0.26938369781312127 0.018229166666666668 0.027833001988071572
0 0.09505208333333333 0.2678926441351889 0.015104166666666667 0.020874751491053677
0 0.63828125 0.2698807157057654 0.008854166666666666 0.016898608349900597
0 0.5291666666666667 0.27186878727634195 0.0125 0.020874751491053677
0 0.8299479166666667 0.28677932405566603 0.016145833333333335 0.02286282306163022
0 0.19609375 0.2992047713717694 0.008854166666666666 0.02385685884691849
0 0.55546875 0.31262425447316106 0.0067708333333333336 0.02485089463220676
0 0.64296875 0.31510934393638174 0.005729166666666666 0.027833001988071572
0 0.6552083333333333 0.31709741550695825 0.013541666666666667 0.013916500994035786
0 0.40911458333333334 0.33399602385685884 0.009895833333333333 0.02385685884691849
0 0.96640625 0.33399602385685884 0.011979166666666667 0.02186878727634195
0 0.9291666666666667 0.34095427435387676 0.00625 0.033797216699801194
0 0.9940104166666667 0.3543737574552684 0.011979166666666667 0.016898608349900597
0 0.21979166666666666 0.35685884691848907 0.014583333333333334 0.011928429423459244
0 0.98828125 0.378727634194831 0.0234375 0.03777335984095427
0 0.4981770833333333 0.3926441351888668 0.009895833333333333 0.039761431411530816
0 0.28125 0.39363817097415504 0.008333333333333333 0.027833001988071572
0 0.8510416666666667 0.40357852882703776 0.015625 0.017892644135188866
0 0.45807291666666666 0.40556660039761433 0.009895833333333333 0.02186878727634195
0 0.6544270833333333 0.40755467196819084 0.016145833333333335 0.017892644135188866
0 0.190625 0.4234592445328032 0.009375 0.011928429423459244
0 0.5802083333333333 0.4691848906560636 0.017708333333333333 0.015904572564612324
0 0.7947916666666667 0.5004970178926441 0.00625 0.0268389662027833
0 0.49713541666666666 0.5173956262425448 0.022395833333333334 0.06063618290258449
0 0.42890625 0.5114314115308151 0.0067708333333333336 0.030815109343936383
0 0.8135416666666667 0.5238568588469185 0.013541666666666667 0.03578528827037773
0 0.6229166666666667 0.5149105367793241 0.020833333333333332 0.017892644135188866
0 0.8013020833333333 0.5511928429423459 0.0109375 0.04473161033797217
0 0.02734375 0.540258449304175 0.011979166666666667 0.02485089463220676
0 0.5924479166666666 0.5427435387673957 0.008854166666666666 0.02186878727634195
0 0.5140625 0.5596421471172962 0.0125 0.03578528827037773
0 0.6671875 0.558648111332008 0.0125 0.02186878727634195
0 0.5708333333333333 0.562624254473161 0.00625 0.019880715705765408
0 0.7828125 0.5690854870775348 0.016666666666666666 0.02882703777335984
0 0.5015625 0.5780318091451292 0.010416666666666666 0.016898608349900597
0 0.7036458333333333 0.5894632206759444 0.010416666666666666 0.03578528827037773
0 0.98828125 0.5904572564612326 0.0067708333333333336 0.033797216699801194
0 0.48020833333333335 0.5934393638170974 0.025 0.039761431411530816
0 0.53984375 0.5889662027833003 0.018229166666666668 0.016898608349900597
0 0.7880208333333333 0.6013916500994035 0.008333333333333333 0.03777335984095427
0 0.6734375 0.6033797216699801 0.023958333333333335 0.03777335984095427
0 0.5661458333333333 0.602882703777336 0.025 0.036779324055666
0 0.9375 0.6013916500994035 0.011458333333333333 0.02186878727634195
0 0.7322916666666667 0.606858846918489 0.019791666666666666 0.03479125248508946
0 0.8059895833333334 0.6058648111332008 0.015104166666666667 0.0268389662027833
0 0.9614583333333333 0.6083499005964215 0.016666666666666666 0.02584493041749503
0 0.5989583333333334 0.6083499005964215 0.009375 0.019880715705765408
0 0.44765625 0.6158051689860835 0.022395833333333334 0.02286282306163022
0 0.47213541666666664 0.6182902584493042 0.016145833333333335 0.011928429423459244
0 0.54921875 0.6232604373757455 0.008854166666666666 0.007952286282306162
0 0.5817708333333333 0.6371769383697813 0.011458333333333333 0.02584493041749503
0 0.07083333333333333 0.6302186878727635 0.016666666666666666 0.013916500994035786
0 0.6815104166666667 0.6421471172962226 0.016145833333333335 0.02186878727634195
0 0.44635416666666666 0.6456262425447317 0.010416666666666666 0.018886679920477135
0 0.8856770833333333 0.6476143141153081 0.0171875 0.016898608349900597
0 0.4861979166666667 0.6500994035785288 0.0171875 0.013916500994035786
0 0.6729166666666667 0.679920477137177 0.019791666666666666 0.03777335984095427
0 0.83828125 0.6833996023856859 0.013020833333333334 0.040755467196819085
0 0.5143229166666666 0.6804174950298211 0.0359375 0.032803180914512925
0 0.5677083333333334 0.6933399602385686 0.0125 0.040755467196819085
0 0.8903645833333333 0.6853876739562624 0.013020833333333334 0.008946322067594433
0 0.6158854166666666 0.7017892644135189 0.0067708333333333336 0.02385685884691849
0 0.9455729166666667 0.7365805168986084 0.016145833333333335 0.06958250497017893
0 0.6692708333333334 0.7385685884691849 0.016666666666666666 0.07554671968190854
0 0.52734375 0.7261431411530815 0.0140625 0.042743538767395624
0 0.5463541666666667 0.7360834990059643 0.016666666666666666 0.02882703777335984
0 0.6059895833333333 0.7375745526838966 0.0171875 0.02584493041749503
0 0.6294270833333333 0.75 0.027604166666666666 0.04671968190854871
0 0.9578125 0.742544731610338 0.01875 0.02385685884691849
0 0.5015625 0.75 0.013541666666666667 0.0268389662027833
0 0.47630208333333335 0.7435387673956262 0.009895833333333333 0.013916500994035786
0 0.06536458333333334 0.757455268389662 0.013020833333333334 0.02982107355864811
0 0.7046875 0.7589463220675944 0.023958333333333335 0.02485089463220676
0 0.46588541666666666 0.7614314115308151 0.019270833333333334 0.027833001988071572
0 0.8236979166666667 0.7723658051689861 0.008854166666666666 0.02584493041749503
0 0.6588541666666666 0.782803180914513 0.011458333333333333 0.008946322067594433
0 0.70078125 0.8041749502982107 0.0078125 0.027833001988071572
0 0.7684895833333333 0.8185884691848907 0.016145833333333335 0.03479125248508946
0 0.6625 0.8131212723658051 0.010416666666666666 0.011928429423459244
0 0.20494791666666667 0.8275347912524851 0.013020833333333334 0.03876739562624255
0 0.49661458333333336 0.8185884691848907 0.0109375 0.016898608349900597
0 0.8713541666666667 0.8265407554671969 0.016666666666666666 0.012922465208747515
0 0.5744791666666667 0.8424453280318092 0.009375 0.018886679920477135
0 0.5309895833333333 0.856858846918489 0.0140625 0.03578528827037773
0 0.22265625 0.8553677932405567 0.009895833333333333 0.03479125248508946
0 0.5518229166666667 0.8538767395626242 0.009895833333333333 0.017892644135188866
0 0.5010416666666667 0.8687872763419483 0.015625 0.015904572564612324
0 0.2596354166666667 0.8846918489065606 0.019270833333333334 0.03180914512922465
0 0.7278645833333334 0.889662027833002 0.0078125 0.039761431411530816
0 0.21692708333333333 0.8836978131212724 0.021354166666666667 0.017892644135188866
0 0.81484375 0.9075546719681908 0.0140625 0.027833001988071572
0 0.55859375 0.9194831013916501 0.011979166666666667 0.0437375745526839
0 0.29192708333333334 0.911530815109344 0.009895833333333333 0.019880715705765408
0 0.24322916666666666 0.911530815109344 0.010416666666666666 0.015904572564612324
0 0.9934895833333334 0.9259443339960238 0.013020833333333334 0.036779324055666
0 0.1578125 0.9199801192842942 0.021875 0.014910536779324055
0 0.4296875 0.9393638170974155 0.0125 0.017892644135188866
0 0.49947916666666664 0.941351888667992 0.01875 0.015904572564612324
0 0.8736979166666666 0.9517892644135189 0.018229166666666668 0.030815109343936383
0 0.58125 0.9428429423459245 0.011458333333333333 0.014910536779324055
0 0.15338541666666666 0.955765407554672 0.009895833333333333 0.032803180914512925
0 0.7786458333333334 0.9696819085487077 0.010416666666666666 0.04671968190854871
0 0.5354166666666667 0.9736580516898609 0.015625 0.03876739562624255
0 0.5119791666666667 0.9686878727634195 0.008333333333333333 0.02286282306163022
0 0.9966145833333333 0.9731610337972167 0.0067708333333333336 0.02584493041749503
0 0.5880208333333333 0.9781312127236581 0.0125 0.02982107355864811
0 0.19973958333333333 0.9746520874751491 0.0067708333333333336 0.010934393638170975
0 0.20755208333333333 0.9900596421471173 0.0109375 0.017892644135188866
0 0.5619791666666667 0.9950298210735586 0.013541666666666667 0.007952286282306162