0 0.8278645833333333 0.005964214711729622 0.011979166666666667 0.011928429423459244
0 0.5611979166666666 0.01143141153081511 0.013020833333333334 0.02286282306163022
0 0.3341145833333333 0.01739562624254473 0.008854166666666666 0.0268389662027833
0 0.7479166666666667 0.04125248508946322 0.00625 0.016898608349900597
0 0.7861979166666667 0.10934393638170974 0.013020833333333334 0.02385685884691849
0 0.5078125 0.1481113320079523 0.013541666666666667 0.019880715705765408
0 0.8317708333333333 0.14761431411530815 0.009375 0.014910536779324055
0 0.59921875 0.16351888667992048 0.0140625 0.016898608349900597
0 0.5653645833333333 0.16401590457256462 0.0078125 0.015904572564612324
0 0.578125 0.16848906560636182 0.007291666666666667 0.012922465208747515
0 0.21588541666666666 0.18041749502982107 0.008854166666666666 0.016898608349900597
0 0.49921875 0.18588469184890655 0.011979166666666667 0.017892644135188866
0 0.32265625 0.23658051689860835 0.018229166666666668 0.03180914512922465
0 0.6458333333333334 0.3334990059642147 0.009375 0.016898608349900597
0 0.5856770833333333 0.35785288270377735 0.0067708333333333336 0.017892644135188866
0 0.5458333333333333 0.36779324055666 0.00625 0.017892644135188866
0 0.5208333333333334 0.37226640159045726 0.00625 0.012922465208747515
0 0.44479166666666664 0.3812127236580517 0.007291666666666667 0.032803180914512925
0 0.77109375 0.38220675944334 0.0067708333333333336 0.016898608349900597
0 0.5453125 0.3986083499005964 0.010416666666666666 0.03180914512922465
0 0.6752604166666667 0.4383697813121272 0.008854166666666666 0.027833001988071572
0 0.6158854166666666 0.4403578528827038 0.0109375 0.017892644135188866
0 0.41432291666666665 0.4438369781312127 0.008854166666666666 0.012922465208747515
0 0.8630208333333333 0.452286282306163 0.00625 0.019880715705765408
0 0.8984375 0.474155069582505 0.019791666666666666 0.03777335984095427
0 0.4388020833333333 0.4647117296222664 0.008854166666666666 0.010934393638170975
0 0.5442708333333334 0.49304174950298213 0.008333333333333333 0.009940357852882704
0 0.27760416666666665 0.5079522862823062 0.005208333333333333 0.015904572564612324
0 0.48359375 0.5178926441351889 0.009895833333333333 0.013916500994035786
0 0.86328125 0.5303180914512923 0.0109375 0.032803180914512925
0 0.8364583333333333 0.5437375745526839 0.007291666666666667 0.02385685884691849
0 0.9005208333333333 0.5467196819085487 0.0125 0.017892644135188866
0 0.6270833333333333 0.5487077534791253 0.008333333333333333 0.02186878727634195
0 0.73046875 0.5556660039761432 0.0078125 0.019880715705765408
0 0.6880208333333333 0.5899602385685885 0.005208333333333333 0.014910536779324055
0 0.5184895833333333 0.6505964214711729 0.008854166666666666 0.016898608349900597
0 0.39921875 0.6789264413518886 0.009895833333333333 0.02385685884691849
0 0.6203125 0.6824055666003976 0.008333333333333333 0.012922465208747515
0 0.7736979166666667 0.7027833001988072 0.015104166666666667 0.027833001988071572
0 0.7966145833333333 0.7117296222664016 0.008854166666666666 0.02186878727634195
0 0.76796875 0.7529821073558648 0.0140625 0.016898608349900597
0 0.51015625 0.7778330019880716 0.0109375 0.016898608349900597
0 0.8552083333333333 0.7768389662027833 0.007291666666666667 0.012922465208747515
0 0.73359375 0.7967196819085487 0.009895833333333333 0.012922465208747515
0 0.7088541666666667 0.8006958250497018 0.011458333333333333 0.016898608349900597
0 0.16145833333333334 0.8046719681908548 0.010416666666666666 0.014910536779324055
0 0.5098958333333333 0.8195825049701789 0.007291666666666667 0.036779324055666
0 0.44765625 0.8166003976143141 0.0067708333333333336 0.018886679920477135
0 0.61875 0.8503976143141153 0.009375 0.010934393638170975
0 0.9067708333333333 0.8553677932405567 0.0125 0.018886679920477135
0 0.8549479166666667 0.8747514910536779 0.021354166666666667 0.03777335984095427
0 0.8768229166666667 0.871272365805169 0.013020833333333334 0.014910536779324055
0 0.8111979166666666 0.8981113320079522 0.0296875 0.032803180914512925
0 0.37864583333333335 0.9015904572564613 0.00625 0.033797216699801194
0 0.89375 0.9547713717693836 0.009375 0.014910536779324055
0 0.48723958333333334 0.9542743538767395 0.0078125 0.013916500994035786