0 0.12265625 0.016898608349900597 0.009895833333333333 0.033797216699801194
0 0.9854166666666667 0.0009940357852882703 0.028125 0.0019880715705765406
0 0.19583333333333333 0.019880715705765408 0.0125 0.02584493041749503
0 0.09010416666666667 0.04920477137176938 0.01875 0.048707753479125246
0 0.44479166666666664 0.042743538767395624 0.017708333333333333 0.017892644135188866
0 0.4734375 0.110337972166998 0.013541666666666667 0.033797216699801194
0 0.5057291666666667 0.13767395626242546 0.005208333333333333 0.02882703777335984
0 0.9526041666666667 0.1466202783300199 0.01875 0.018886679920477135
0 0.6463541666666667 0.1555666003976143 0.010416666666666666 0.02882703777335984
0 0.93203125 0.15606361829025844 0.011979166666666667 0.02385685884691849
0 0.17552083333333332 0.1749502982107356 0.016666666666666666 0.05168986083499006
0 0.8479166666666667 0.1779324055666004 0.019791666666666666 0.03180914512922465
0 0.35390625 0.1993041749502982 0.018229166666666668 0.03876739562624255
0 0.5033854166666667 0.21421471172962225 0.0078125 0.032803180914512925
0 0.32578125 0.213220675944334 0.0078125 0.016898608349900597
0 0.8893229166666666 0.2231610337972167 0.0078125 0.0268389662027833
0 0.8544270833333333 0.2345924453280318 0.015104166666666667 0.033797216699801194
0 0.35911458333333335 0.23807157057654074 0.021354166666666667 0.0268389662027833
0 0.8161458333333333 0.2698807157057654 0.019791666666666666 0.03876739562624255
0 0.18307291666666667 0.28429423459244535 0.013020833333333334 0.033797216699801194
0 0.4203125 0.2828031809145129 0.007291666666666667 0.0268389662027833
0 0.6966145833333334 0.3071570576540755 0.009895833333333333 0.033797216699801194
0 0.9390625 0.30168986083499005 0.008333333333333333 0.020874751491053677
0 0.496875 0.305168986083499 0.008333333333333333 0.013916500994035786
0 0.56328125 0.3305168986083499 0.0067708333333333336 0.032803180914512925
0 0.8377604166666667 0.3220675944333996 0.018229166666666668 0.013916500994035786
0 0.9729166666666667 0.3359840954274354 0.010416666666666666 0.019880715705765408
0 0.5104166666666666 0.3414512922465209 0.0125 0.02485089463220676
0 0.5536458333333333 0.3513916500994036 0.00625 0.02882703777335984
0 0.65546875 0.34443339960238567 0.011979166666666667 0.012922465208747515
0 0.48515625 0.3648111332007952 0.011979166666666667 0.03180914512922465
0 0.49973958333333335 0.3658051689860835 0.011979166666666667 0.02982107355864811
0 0.471875 0.37624254473161034 0.0125 0.040755467196819085
0 0.5317708333333333 0.37773359840954274 0.01875 0.033797216699801194
0 0.35703125 0.37624254473161034 0.0078125 0.018886679920477135
0 0.52109375 0.378727634194831 0.008854166666666666 0.02186878727634195
0 0.45338541666666665 0.40059642147117297 0.0140625 0.02584493041749503
0 0.425 0.4135188866799205 0.023958333333333335 0.039761431411530816
0 0.5200520833333333 0.40159045725646125 0.0171875 0.017892644135188866
0 0.6497395833333334 0.4140159045725646 0.009895833333333333 0.0268389662027833
0 0.32265625 0.42296222664015903 0.0067708333333333336 0.030815109343936383
0 0.14895833333333333 0.4269383697813121 0.015625 0.036779324055666
0 0.44583333333333336 0.4304174950298211 0.011458333333333333 0.015904572564612324
0 0.3098958333333333 0.4433399602385686 0.011458333333333333 0.03578528827037773
0 0.6658854166666667 0.4537773359840954 0.0078125 0.012922465208747515
0 0.20364583333333333 0.4577534791252485 0.016666666666666666 0.008946322067594433
0 0.7049479166666667 0.4617296222664016 0.008854166666666666 0.010934393638170975
0 0.4739583333333333 0.49055666003976145 0.009375 0.032803180914512925
0 0.7083333333333334 0.4865805168986084 0.00625 0.016898608349900597
0 0.78046875 0.49105367793240556 0.0140625 0.019880715705765408
0 0.440625 0.5 0.013541666666666667 0.027833001988071572
0 0.521875 0.4970178926441352 0.009375 0.017892644135188866
0 0.6276041666666666 0.5188866799204771 0.020833333333333332 0.055666003976143144
0 0.5986979166666667 0.5059642147117296 0.019270833333333334 0.027833001988071572
0 0.9973958333333334 0.5253479125248509 0.004166666666666667 0.05467196819085487
0 0.8109375 0.5248508946322068 0.010416666666666666 0.0437375745526839
0 0.055989583333333336 0.5168986083499006 0.0171875 0.02385685884691849
0 0.453125 0.5526838966202783 0.021875 0.017892644135188866
0 0.47369791666666666 0.5521868787276342 0.011979166666666667 0.012922465208747515
0 0.20911458333333333 0.5641153081510935 0.0109375 0.032803180914512925
0 0.19401041666666666 0.5750497017892644 0.0109375 0.036779324055666
0 0.28619791666666666 0.5949304174950298 0.009895833333333333 0.04671968190854871
0 0.47760416666666666 0.588469184890656 0.015625 0.017892644135188866
0 0.05182291666666667 0.6008946322067594 0.018229166666666668 0.02882703777335984
0 0.6161458333333333 0.5989065606361829 0.01875 0.02485089463220676
0 0.37135416666666665 0.6053677932405567 0.007291666666666667 0.033797216699801194
0 0.40651041666666665 0.5989065606361829 0.005729166666666666 0.016898608349900597
0 0.15885416666666666 0.6018886679920478 0.0125 0.018886679920477135
0 0.42291666666666666 0.5999005964214712 0.015625 0.014910536779324055
0 0.13776041666666666 0.6128230616302187 0.0067708333333333336 0.030815109343936383
0 0.39166666666666666 0.6113320079522863 0.007291666666666667 0.027833001988071572
0 0.18046875 0.6222664015904572 0.009895833333333333 0.03777335984095427
0 0.31484375 0.6177932405566601 0.0067708333333333336 0.02485089463220676
0 0.5213541666666667 0.6237574552683897 0.009375 0.03479125248508946
0 0.5580729166666667 0.6108349900596421 0.011979166666666667 0.008946322067594433
0 0.6619791666666667 0.6182902584493042 0.010416666666666666 0.02186878727634195
0 0.40911458333333334 0.6222664015904572 0.008854166666666666 0.02186878727634195
0 0.43307291666666664 0.6262425447316103 0.011979166666666667 0.027833001988071572
0 0.6424479166666667 0.6232604373757455 0.0171875 0.017892644135188866
0 0.44140625 0.635685884691849 0.0140625 0.03876739562624255
0 0.46458333333333335 0.6411530815109344 0.016666666666666666 0.041749502982107355
0 0.9234375 0.6277335984095428 0.013541666666666667 0.014910536779324055
0 0.6067708333333334 0.6332007952286283 0.016666666666666666 0.017892644135188866
0 0.50859375 0.6426441351888668 0.0078125 0.032803180914512925
0 0.9010416666666666 0.6391650099403579 0.00625 0.015904572564612324
0 0.3346354166666667 0.6406560636182903 0.009895833333333333 0.012922465208747515
0 0.5479166666666667 0.6496023856858847 0.0125 0.020874751491053677
0 0.40598958333333335 0.654572564612326 0.018229166666666668 0.016898608349900597
0 0.30364583333333334 0.654572564612326 0.011458333333333333 0.012922465208747515
0 0.44609375 0.6719681908548708 0.013020833333333334 0.03578528827037773
0 0.51640625 0.6669980119284294 0.0078125 0.02584493041749503
0 0.5625 0.6684890656063618 0.010416666666666666 0.02882703777335984
0 0.9958333333333333 0.6829025844930418 0.007291666666666667 0.05765407554671968
0 0.46979166666666666 0.6674950298210736 0.00625 0.018886679920477135
0 0.3528645833333333 0.6719681908548708 0.0140625 0.019880715705765408
0 0.321875 0.6848906560636183 0.01875 0.013916500994035786
0 0.34322916666666664 0.6923459244532804 0.009375 0.02286282306163022
0 0.5408854166666667 0.6903578528827038 0.0078125 0.014910536779324055
0 0.5260416666666666 0.7102385685884692 0.016666666666666666 0.02882703777335984
0 0.453125 0.7226640159045725 0.015625 0.011928429423459244
0 0.31276041666666665 0.7504970178926441 0.0067708333333333336 0.02982107355864811
0 0.40729166666666666 0.7440357852882704 0.019791666666666666 0.018886679920477135
0 0.49557291666666664 0.7862823061630219 0.0067708333333333336 0.033797216699801194
0 0.6697916666666667 0.7877733598409543 0.0125 0.02485089463220676
0 0.2890625 0.7937375745526839 0.010416666666666666 0.02286282306163022
0 0.4239583333333333 0.7932405566600398 0.013541666666666667 0.019880715705765408
0 0.14322916666666666 0.8260437375745527 0.008333333333333333 0.02982107355864811
0 0.75859375 0.831013916500994 0.0109375 0.041749502982107355
0 0.16171875 0.8240556660039762 0.0078125 0.015904572564612324
0 0.7880208333333333 0.8499005964214712 0.016666666666666666 0.019880715705765408
0 0.3419270833333333 0.8598409542743539 0.021354166666666667 0.02584493041749503
0 0.5247395833333334 0.8653081510934394 0.0078125 0.02882703777335984
0 0.9705729166666667 0.8663021868787276 0.0203125 0.016898608349900597
0 0.56953125 0.8812127236580517 0.0046875 0.02485089463220676
0 0.06432291666666666 0.8991053677932406 0.013020833333333334 0.012922465208747515
0 0.7916666666666666 0.9324055666003976 0.015625 0.02385685884691849
0 0.20963541666666666 0.937375745526839 0.005729166666666666 0.03180914512922465
0 0.51796875 0.9324055666003976 0.011979166666666667 0.013916500994035786
0 0.7799479166666666 0.952286282306163 0.0171875 0.033797216699801194
0 0.16901041666666666 0.9885685884691849 0.021354166666666667 0.020874751491053677
0 0.38255208333333335 0.9940357852882704 0.0067708333333333336 0.009940357852882704