0 0.3184895833333333 0.0437375745526839 0.008854166666666666 0.041749502982107355
0 0.6666666666666666 0.0705765407554672 0.015625 0.02186878727634195
0 0.7447916666666666 0.1073558648111332 0.016666666666666666 0.02584493041749503
0 0.39114583333333336 0.1317097415506958 0.020833333333333332 0.02485089463220676
0 0.4661458333333333 0.15904572564612326 0.010416666666666666 0.011928429423459244
0 0.6114583333333333 0.1978131212723658 0.011458333333333333 0.013916500994035786
0 0.6283854166666667 0.20129224652087474 0.0171875 0.016898608349900597
0 0.6828125 0.23260437375745527 0.0125 0.02982107355864811
0 0.58515625 0.25347912524850896 0.008854166666666666 0.02584493041749503
0 0.5729166666666666 0.2614314115308151 0.005208333333333333 0.03578528827037773
0 0.15703125 0.2584493041749503 0.0171875 0.02186878727634195
0 0.4828125 0.2912524850894632 0.016666666666666666 0.02584493041749503
0 0.6513020833333333 0.29970178926441354 0.015104166666666667 0.018886679920477135
0 0.00390625 0.34542743538767395 0.0067708333333333336 0.020874751491053677
0 0.6598958333333333 0.34840954274353875 0.011458333333333333 0.012922465208747515
0 0.7080729166666667 0.3827037773359841 0.011979166666666667 0.03777335984095427
0 0.0328125 0.38767395626242546 0.016666666666666666 0.039761431411530816
0 0.7432291666666667 0.38866799204771374 0.021875 0.02982107355864811
0 0.6236979166666666 0.4165009940357853 0.013020833333333334 0.02982107355864811
0 0.5317708333333333 0.4135188866799205 0.013541666666666667 0.013916500994035786
0 0.028645833333333332 0.4269383697813121 0.019791666666666666 0.02882703777335984
0 0.9174479166666667 0.44831013916500995 0.008854166666666666 0.03777335984095427
0 0.8739583333333333 0.4552683896620278 0.013541666666666667 0.0437375745526839
0 0.53515625 0.45278330019880714 0.011979166666666667 0.030815109343936383
0 0.63359375 0.45974155069582506 0.0234375 0.02882703777335984
0 0.571875 0.46669980119284293 0.008333333333333333 0.03876739562624255
0 0.7486979166666666 0.4850894632206759 0.019270833333333334 0.03180914512922465
0 0.8153645833333333 0.5168986083499006 0.0171875 0.011928429423459244
0 0.6434895833333333 0.5208747514910537 0.009895833333333333 0.007952286282306162
0 0.43776041666666665 0.5407554671968191 0.009895833333333333 0.03777335984095427
0 0.7309895833333333 0.5407554671968191 0.0067708333333333336 0.02584493041749503
0 0.5286458333333334 0.5472166998011928 0.010416666666666666 0.030815109343936383
0 0.6385416666666667 0.540258449304175 0.00625 0.012922465208747515
0 0.6364583333333333 0.5666003976143141 0.010416666666666666 0.019880715705765408
0 0.7361979166666667 0.5675944333996024 0.008854166666666666 0.019880715705765408
0 0.7125 0.5705765407554672 0.021875 0.017892644135188866
0 0.67265625 0.5984095427435387 0.0067708333333333336 0.02982107355864811
0 0.58125 0.606858846918489 0.016666666666666666 0.020874751491053677
0 0.6375 0.6242544731610338 0.010416666666666666 0.02385685884691849
0 0.625 0.6317097415506958 0.00625 0.02286282306163022
0 0.5466145833333333 0.6515904572564613 0.0078125 0.02286282306163022
0 0.6138020833333333 0.6620278330019881 0.033854166666666664 0.03777335984095427
0 0.5682291666666667 0.6605367793240556 0.014583333333333334 0.020874751491053677
0 0.2890625 0.6645129224652088 0.0125 0.02286282306163022
0 0.86171875 0.672962226640159 0.0203125 0.019880715705765408
0 0.6307291666666667 0.6764413518886679 0.00625 0.016898608349900597
0 0.5216145833333333 0.6779324055666004 0.011979166666666667 0.017892644135188866
0 0.5067708333333333 0.6824055666003976 0.0125 0.0268389662027833
0 0.59765625 0.6898608349900597 0.0078125 0.011928429423459244
0 0.62421875 0.6973161033797217 0.0078125 0.016898608349900597
0 0.01015625 0.7072564612326043 0.019270833333333334 0.02485089463220676
0 0.7216145833333333 0.7107355864811133 0.016145833333333335 0.015904572564612324
0 0.4864583333333333 0.7142147117296223 0.010416666666666666 0.020874751491053677
0 0.6026041666666667 0.7191848906560636 0.007291666666666667 0.010934393638170975
0 0.6169270833333333 0.7286282306163022 0.016145833333333335 0.027833001988071572
0 0.5453125 0.7221669980119284 0.016666666666666666 0.012922465208747515
0 0.4700520833333333 0.7475149105367793 0.015104166666666667 0.02186878727634195
0 0.46770833333333334 0.7738568588469185 0.010416666666666666 0.02882703777335984
0 0.7026041666666667 0.775844930417495 0.0125 0.02882703777335984
0 0.6153645833333333 0.7673956262425448 0.015104166666666667 0.013916500994035786
0 0.5221354166666666 0.8548707753479126 0.028645833333333332 0.04771371769383698
0 0.68359375 0.8762425447316103 0.005729166666666666 0.036779324055666
0 0.62421875 0.8981113320079522 0.0109375 0.036779324055666
0 0.5169270833333334 0.9005964214711729 0.008854166666666666 0.03777335984095427
0 0.25625 0.908051689860835 0.027083333333333334 0.040755467196819085
0 0.8213541666666667 0.9060636182902585 0.019791666666666666 0.0268389662027833
0 0.7729166666666667 0.9279324055666004 0.010416666666666666 0.03479125248508946
0 0.7361979166666667 0.9269383697813122 0.0046875 0.032803180914512925
0 0.6817708333333333 0.9234592445328031 0.021875 0.013916500994035786
0 0.49270833333333336 0.9443339960238568 0.025 0.039761431411530816
0 0.41171875 0.9567594433399602 0.013020833333333334 0.040755467196819085
0 0.8028645833333333 0.967196819085487 0.015104166666666667 0.027833001988071572
0 0.47265625 0.9811133200795229 0.022395833333333334 0.019880715705765408
0 0.7864583333333334 0.9905566600397614 0.0125 0.016898608349900597
0 0.48802083333333335 0.9905566600397614 0.005208333333333333 0.016898608349900597