0 0.03723958333333333 0.005964214711729622 0.0171875 0.011928429423459244
0 0.7919270833333333 0.01242544731610338 0.005729166666666666 0.02485089463220676
0 0.7296875 0.027335984095427434 0.008333333333333333 0.0268389662027833
0 0.7622395833333333 0.03180914512922465 0.0109375 0.027833001988071572
0 0.07213541666666666 0.05168986083499006 0.019270833333333334 0.02186878727634195
0 0.7419270833333333 0.04821073558648111 0.0067708333333333336 0.014910536779324055
0 0.6419270833333334 0.06858846918489066 0.0265625 0.02385685884691849
0 0.7966145833333333 0.08151093439363817 0.025520833333333333 0.04970178926441352
0 0.76875 0.06461232604373758 0.008333333333333333 0.011928429423459244
0 0.7471354166666667 0.07654075546719682 0.019270833333333334 0.03180914512922465
0 0.8755208333333333 0.09741550695825049 0.01875 0.017892644135188866
0 0.9481770833333333 0.10188866799204771 0.021354166666666667 0.0268389662027833
0 0.7408854166666666 0.10288270377733598 0.022395833333333334 0.020874751491053677
0 0.71875 0.1341948310139165 0.016666666666666666 0.033797216699801194
0 0.82265625 0.1386679920477137 0.024479166666666666 0.03479125248508946
0 0.79375 0.13320079522862824 0.014583333333333334 0.02186878727634195
0 0.8625 0.13717693836978131 0.015625 0.02186878727634195
0 0.7526041666666666 0.14860834990059643 0.01875 0.02286282306163022
0 0.31744791666666666 0.16650099403578528 0.009895833333333333 0.02882703777335984
0 0.69140625 0.18041749502982107 0.0109375 0.032803180914512925
0 0.43385416666666665 0.18986083499005965 0.016666666666666666 0.04572564612326044
0 0.77421875 0.18141153081510936 0.0171875 0.014910536779324055
0 0.8328125 0.18389662027833 0.017708333333333333 0.013916500994035786
0 0.012239583333333333 0.19980119284294234 0.024479166666666666 0.02584493041749503
0 0.8682291666666667 0.2117296222664016 0.020833333333333332 0.013916500994035786
0 0.5260416666666666 0.2191848906560636 0.022916666666666665 0.020874751491053677
0 0.36875 0.2301192842942346 0.00625 0.03479125248508946
0 0.165625 0.23260437375745527 0.009375 0.03180914512922465
0 0.03723958333333333 0.24204771371769385 0.016145833333333335 0.018886679920477135
0 0.7942708333333334 0.24403578528827038 0.010416666666666666 0.012922465208747515
0 0.9838541666666667 0.24652087475149106 0.015625 0.017892644135188866
0 0.20677083333333332 0.2649105367793241 0.013541666666666667 0.020874751491053677
0 0.7645833333333333 0.2788270377733598 0.013541666666666667 0.012922465208747515
0 0.93359375 0.33250497017892644 0.021354166666666667 0.04671968190854871
0 0.5580729166666667 0.3275347912524851 0.005729166666666666 0.020874751491053677
0 0.8359375 0.3543737574552684 0.010416666666666666 0.02485089463220676
0 0.3515625 0.36232604373757454 0.007291666666666667 0.03479125248508946
0 0.7114583333333333 0.3742544731610338 0.011458333333333333 0.05069582504970179
0 0.19765625 0.36928429423459247 0.011979166666666667 0.020874751491053677
0 0.4041666666666667 0.37524850894632206 0.013541666666666667 0.014910536779324055
0 0.6026041666666667 0.3986083499005964 0.009375 0.02385685884691849
0 0.28515625 0.4120278330019881 0.013020833333333334 0.018886679920477135
0 0.8513020833333333 0.42445328031809143 0.008854166666666666 0.013916500994035786
0 0.9666666666666667 0.4279324055666004 0.013541666666666667 0.016898608349900597
0 0.5369791666666667 0.43240556660039764 0.008333333333333333 0.019880715705765408
0 0.4671875 0.4363817097415507 0.017708333333333333 0.02385685884691849
0 0.8208333333333333 0.4433399602385686 0.010416666666666666 0.02186878727634195
0 0.10885416666666667 0.44582504970178927 0.008333333333333333 0.012922465208747515
0 0.37005208333333334 0.45129224652087474 0.0067708333333333336 0.02584493041749503
0 0.13802083333333334 0.46222664015904574 0.022916666666666665 0.03777335984095427
0 0.23098958333333333 0.46669980119284293 0.013020833333333334 0.032803180914512925
0 0.40260416666666665 0.46669980119284293 0.0125 0.02882703777335984
0 0.6421875 0.45825049701789267 0.008333333333333333 0.011928429423459244
0 0.8278645833333333 0.46819085487077533 0.009895833333333333 0.027833001988071572
0 0.9385416666666667 0.4915506958250497 0.017708333333333333 0.018886679920477135
0 0.4075520833333333 0.49801192842942343 0.0203125 0.02584493041749503
0 0.1734375 0.5014910536779325 0.005208333333333333 0.0268389662027833
0 0.8518229166666667 0.5029821073558648 0.021354166666666667 0.027833001988071572
0 0.3203125 0.5054671968190855 0.005208333333333333 0.02485089463220676
0 0.45286458333333335 0.525844930417495 0.015104166666666667 0.03777335984095427
0 0.25807291666666665 0.5253479125248509 0.0078125 0.02286282306163022
0 0.17057291666666666 0.5387673956262425 0.030729166666666665 0.02584493041749503
0 0.46927083333333336 0.5397614314115308 0.0125 0.02186878727634195
0 0.42604166666666665 0.5501988071570576 0.0125 0.03479125248508946
0 0.5223958333333333 0.5422465208747514 0.0125 0.012922465208747515
0 0.253125 0.5710735586481114 0.023958333333333335 0.03479125248508946
0 0.3885416666666667 0.5680914512922465 0.0125 0.020874751491053677
0 0.45208333333333334 0.5825049701789264 0.027083333333333334 0.039761431411530816
0 0.49322916666666666 0.5825049701789264 0.030208333333333334 0.03180914512922465
0 0.21536458333333333 0.5904572564612326 0.0203125 0.0437375745526839
0 0.378125 0.5795228628230616 0.009375 0.019880715705765408
0 0.24270833333333333 0.6088469184890656 0.016666666666666666 0.0268389662027833
0 0.39375 0.6033797216699801 0.00625 0.011928429423459244
0 0.5296875 0.6063618290258449 0.010416666666666666 0.013916500994035786
0 0.2869791666666667 0.6202783300198808 0.021875 0.033797216699801194
0 0.49192708333333335 0.6267395626242545 0.0109375 0.04473161033797217
0 0.26510416666666664 0.6148111332007953 0.011458333333333333 0.018886679920477135
0 0.4002604166666667 0.6307157057654076 0.0234375 0.03479125248508946
0 0.5598958333333334 0.6277335984095428 0.004166666666666667 0.02485089463220676
0 0.33828125 0.6401590457256461 0.0078125 0.041749502982107355
0 0.3692708333333333 0.6391650099403579 0.009375 0.03180914512922465
0 0.5807291666666666 0.6491053677932406 0.005208333333333333 0.02584493041749503
0 0.4708333333333333 0.6466202783300199 0.013541666666666667 0.014910536779324055
0 0.0296875 0.68389662027833 0.021875 0.07157057654075547
0 0.84921875 0.6694831013916501 0.028645833333333332 0.04473161033797217
0 0.07760416666666667 0.6749502982107356 0.022916666666666665 0.03180914512922465
0 0.478125 0.6714711729622267 0.016666666666666666 0.016898608349900597
0 0.37942708333333336 0.691351888667992 0.0067708333333333336 0.02882703777335984
0 0.5 0.6933399602385686 0.013541666666666667 0.014910536779324055
0 0.4747395833333333 0.6943339960238568 0.0140625 0.006958250497017893
0 0.7791666666666667 0.7176938369781312 0.015625 0.039761431411530816
0 0.8859375 0.713220675944334 0.009375 0.02882703777335984
0 0.4354166666666667 0.7117296222664016 0.021875 0.015904572564612324
0 0.40625 0.7206759443339961 0.025 0.03180914512922465
0 0.3302083333333333 0.7266401590457257 0.011458333333333333 0.02982107355864811
0 0.012239583333333333 0.7311133200795229 0.0140625 0.032803180914512925
0 0.58828125 0.7365805168986084 0.0109375 0.017892644135188866
0 0.38958333333333334 0.7350894632206759 0.010416666666666666 0.010934393638170975
0 0.7356770833333334 0.7445328031809145 0.005729166666666666 0.013916500994035786
0 0.3880208333333333 0.7490059642147118 0.0125 0.012922465208747515
0 0.4901041666666667 0.7703777335984096 0.01875 0.041749502982107355
0 0.4044270833333333 0.7659045725646123 0.0203125 0.02485089463220676
0 0.4479166666666667 0.7743538767395626 0.009375 0.02982107355864811
0 0.4661458333333333 0.76441351888668 0.013541666666666667 0.011928429423459244
0 0.29322916666666665 0.7852882703777336 0.013541666666666667 0.033797216699801194
0 0.10494791666666667 0.7842942345924453 0.005729166666666666 0.02385685884691849
0 0.65390625 0.7847912524850894 0.016145833333333335 0.010934393638170975
0 0.24609375 0.8026838966202783 0.009895833333333333 0.04473161033797217
0 0.4197916666666667 0.7947316103379721 0.011458333333333333 0.020874751491053677
0 0.3890625 0.794234592445328 0.016666666666666666 0.011928429423459244
0 0.43359375 0.8096421471172962 0.005729166666666666 0.032803180914512925
0 0.5002604166666667 0.8041749502982107 0.0140625 0.013916500994035786
0 0.2721354166666667 0.8101391650099403 0.016145833333333335 0.02385685884691849
0 0.2981770833333333 0.820079522862823 0.009895833333333333 0.019880715705765408
0 0.37447916666666664 0.8175944333996024 0.008333333333333333 0.008946322067594433
0 0.45807291666666666 0.8245526838966203 0.016145833333333335 0.018886679920477135
0 0.14140625 0.8334990059642147 0.0078125 0.030815109343936383
0 0.31875 0.8265407554671969 0.016666666666666666 0.016898608349900597
0 0.684375 0.8399602385685885 0.011458333333333333 0.02186878727634195
0 0.46848958333333335 0.8548707753479126 0.0203125 0.03180914512922465
0 0.3575520833333333 0.8479125248508946 0.0078125 0.015904572564612324
0 0.13177083333333334 0.8697813121272365 0.015625 0.039761431411530816
0 0.24348958333333334 0.8727634194831014 0.008854166666666666 0.03578528827037773
0 0.9247395833333333 0.8906560636182903 0.013020833333333334 0.015904572564612324
0 0.6630208333333333 0.9120278330019881 0.011458333333333333 0.014910536779324055
0 0.9895833333333334 0.9269383697813122 0.008333333333333333 0.016898608349900597
0 0.46041666666666664 0.9329025844930418 0.005208333333333333 0.0268389662027833
0 0.37552083333333336 0.9552683896620279 0.009375 0.04572564612326044
0 0.36041666666666666 0.9761431411530815 0.013541666666666667 0.04572564612326044
0 0.0046875 0.9721669980119284 0.009375 0.013916500994035786
0 0.1234375 0.9711729622266402 0.014583333333333334 0.009940357852882704
0 0.15625 0.9776341948310139 0.013541666666666667 0.014910536779324055
0 0.6192708333333333 0.9875745526838966 0.0125 0.02286282306163022
0 0.6486979166666667 0.9900596421471173 0.005729166666666666 0.017892644135188866
0 0.8924479166666667 0.9915506958250497 0.0109375 0.014910536779324055
0 0.17552083333333332 0.992544731610338 0.011458333333333333 0.012922465208747515