0 0.36041666666666666 0.019383697813121274 0.01875 0.010934393638170975
0 0.42161458333333335 0.02186878727634195 0.013020833333333334 0.013916500994035786
0 0.4822916666666667 0.030815109343936383 0.00625 0.02982107355864811
0 0.6971354166666667 0.03230616302186879 0.0109375 0.030815109343936383
0 0.16041666666666668 0.03180914512922465 0.013541666666666667 0.02186878727634195
0 0.6135416666666667 0.039761431411530816 0.004166666666666667 0.02584493041749503
0 0.9200520833333333 0.04473161033797217 0.0078125 0.03180914512922465
0 0.6513020833333333 0.04572564612326044 0.008854166666666666 0.02385685884691849
0 0.7723958333333333 0.048707753479125246 0.008333333333333333 0.02584493041749503
0 0.012239583333333333 0.059145129224652086 0.009895833333333333 0.012922465208747515
0 0.38723958333333336 0.07703777335984095 0.013020833333333334 0.02882703777335984
0 0.9424479166666667 0.11282306163021869 0.018229166666666668 0.042743538767395624
0 0.17161458333333332 0.10288270377733598 0.015104166666666667 0.012922465208747515
0 0.240625 0.12027833001988071 0.005208333333333333 0.027833001988071572
0 0.7802083333333333 0.1242544731610338 0.019791666666666666 0.03180914512922465
0 0.1953125 0.15009940357852883 0.009375 0.039761431411530816
0 0.7638020833333333 0.1525844930417495 0.011979166666666667 0.016898608349900597
0 0.9575520833333333 0.1754473161033797 0.0109375 0.03876739562624255
0 0.24322916666666666 0.1749502982107356 0.004166666666666667 0.02584493041749503
0 0.48671875 0.17196819085487078 0.0171875 0.011928429423459244
0 0.7109375 0.19284294234592445 0.014583333333333334 0.03777335984095427
0 0.7877604166666666 0.19831013916500995 0.0140625 0.030815109343936383
0 0.23046875 0.20328031809145128 0.0109375 0.010934393638170975
0 0.46458333333333335 0.20675944333996024 0.013541666666666667 0.013916500994035786
0 0.48098958333333336 0.23757455268389663 0.008854166666666666 0.03777335984095427
0 0.90546875 0.23956262425447317 0.009895833333333333 0.03777335984095427
0 0.7067708333333333 0.23658051689860835 0.013541666666666667 0.02584493041749503
0 0.25442708333333336 0.26093439363817095 0.009895833333333333 0.042743538767395624
0 0.45859375 0.25198807157057657 0.013020833333333334 0.020874751491053677
0 0.5533854166666666 0.2524850894632207 0.0078125 0.015904572564612324
0 0.5338541666666666 0.25497017892644136 0.010416666666666666 0.018886679920477135
0 0.7494791666666667 0.25646123260437376 0.0125 0.009940357852882704
0 0.04635416666666667 0.2659045725646123 0.008333333333333333 0.018886679920477135
0 0.8359375 0.2803180914512923 0.020833333333333332 0.02982107355864811
0 0.8763020833333334 0.28180914512922467 0.0203125 0.030815109343936383
0 0.740625 0.2808151093439364 0.005208333333333333 0.02485089463220676
0 0.9356770833333333 0.2803180914512923 0.0109375 0.015904572564612324
0 0.8580729166666666 0.3036779324055666 0.016145833333333335 0.04473161033797217
0 0.40625 0.30119284294234594 0.009375 0.03180914512922465
0 0.43645833333333334 0.3066600397614314 0.0125 0.02485089463220676
0 0.11380208333333333 0.32703777335984097 0.0265625 0.05168986083499006
0 0.7268229166666667 0.33250497017892644 0.0036458333333333334 0.0268389662027833
0 0.34765625 0.34393638170974156 0.0171875 0.03777335984095427
0 0.2953125 0.3489065606361829 0.013541666666666667 0.02584493041749503
0 0.3651041666666667 0.3643141153081511 0.007291666666666667 0.030815109343936383
0 0.5291666666666667 0.371272365805169 0.011458333333333333 0.016898608349900597
0 0.31614583333333335 0.3802186878727634 0.009375 0.02882703777335984
0 0.7221354166666667 0.3772365805168986 0.021354166666666667 0.02286282306163022
0 0.9854166666666667 0.38469184890656066 0.028125 0.02385685884691849
0 0.4591145833333333 0.39065606361829025 0.009895833333333333 0.027833001988071572
0 0.27291666666666664 0.41699801192842945 0.013541666666666667 0.03479125248508946
0 0.475 0.40506958250497016 0.008333333333333333 0.010934393638170975
0 0.921875 0.4179920477137177 0.04583333333333333 0.020874751491053677
0 0.9713541666666666 0.41749502982107356 0.0125 0.02186878727634195
0 0.6770833333333334 0.4378727634194831 0.022916666666666665 0.020874751491053677
0 0.04765625 0.4418489065606362 0.013020833333333334 0.018886679920477135
0 0.43203125 0.4567594433399602 0.013020833333333334 0.042743538767395624
0 0.15052083333333333 0.44681908548707755 0.0125 0.014910536779324055
0 0.8005208333333333 0.4507952286282306 0.01875 0.018886679920477135
0 0.37864583333333335 0.4542743538767396 0.008333333333333333 0.019880715705765408
0 0.4044270833333333 0.4676938369781312 0.024479166666666666 0.036779324055666
0 0.9875 0.4617296222664016 0.015625 0.020874751491053677
0 0.7434895833333334 0.46520874751491054 0.018229166666666668 0.011928429423459244
0 0.09114583333333333 0.470675944333996 0.008333333333333333 0.012922465208747515
0 0.878125 0.47962226640159045 0.010416666666666666 0.020874751491053677
0 0.3455729166666667 0.4821073558648111 0.015104166666666667 0.015904572564612324
0 0.4609375 0.49254473161033796 0.005208333333333333 0.036779324055666
0 0.3703125 0.48906560636182905 0.013541666666666667 0.017892644135188866
0 0.8497395833333333 0.49304174950298213 0.009895833333333333 0.011928429423459244
0 0.7265625 0.5009940357852882 0.03125 0.019880715705765408
0 0.6669270833333333 0.5029821073558648 0.009895833333333333 0.011928429423459244
0 0.4197916666666667 0.5079522862823062 0.004166666666666667 0.019880715705765408
0 0.6171875 0.5059642147117296 0.010416666666666666 0.009940357852882704
0 0.3375 0.5178926441351889 0.020833333333333332 0.019880715705765408
0 0.60390625 0.5149105367793241 0.011979166666666667 0.013916500994035786
0 0.18151041666666667 0.5168986083499006 0.0171875 0.011928429423459244
0 0.6640625 0.5218687872763419 0.008333333333333333 0.015904572564612324
0 0.28541666666666665 0.5377733598409543 0.007291666666666667 0.033797216699801194
0 0.37526041666666665 0.525844930417495 0.013020833333333334 0.011928429423459244
0 0.68125 0.5342942345924453 0.011458333333333333 0.02882703777335984
0 0.26484375 0.5283300198807157 0.013020833333333334 0.012922465208747515
0 0.4713541666666667 0.5308151093439364 0.011458333333333333 0.017892644135188866
0 0.509375 0.5531809145129225 0.008333333333333333 0.06063618290258449
0 0.5388020833333333 0.544234592445328 0.008854166666666666 0.04473161033797217
0 0.63125 0.536779324055666 0.014583333333333334 0.027833001988071572
0 0.82890625 0.5352882703777336 0.0078125 0.012922465208747515
0 0.32057291666666665 0.5497017892644135 0.019270833333333334 0.02186878727634195
0 0.34921875 0.5536779324055666 0.0109375 0.009940357852882704
0 0.71875 0.5601391650099403 0.00625 0.014910536779324055
0 0.5244791666666667 0.5680914512922465 0.008333333333333333 0.02485089463220676
0 0.39817708333333335 0.5720675944333996 0.0109375 0.02286282306163022
0 0.653125 0.5695825049701789 0.010416666666666666 0.015904572564612324
0 0.8958333333333334 0.5740556660039762 0.013541666666666667 0.016898608349900597
0 0.21901041666666668 0.581013916500994 0.013020833333333334 0.020874751491053677
0 0.2682291666666667 0.581013916500994 0.00625 0.020874751491053677
0 0.32890625 0.5825049701789264 0.0140625 0.019880715705765408
0 0.4734375 0.5805168986083499 0.014583333333333334 0.007952286282306162
0 0.6846354166666667 0.595427435387674 0.011979166666666667 0.039761431411530816
0 0.42864583333333334 0.591948310139165 0.005208333333333333 0.0268389662027833
0 0.9854166666666667 0.6207753479125249 0.015625 0.04671968190854871
0 0.33229166666666665 0.6202783300198808 0.010416666666666666 0.041749502982107355
0 0.3502604166666667 0.6123260437375746 0.009895833333333333 0.02584493041749503
0 0.4005208333333333 0.6217693836978131 0.030208333333333334 0.04473161033797217
0 0.5606770833333333 0.6158051689860835 0.0140625 0.02286282306163022
0 0.75 0.6232604373757455 0.021875 0.03180914512922465
0 0.5770833333333333 0.6227634194831014 0.0125 0.0268389662027833
0 0.5502604166666667 0.6237574552683897 0.011979166666666667 0.02286282306163022
0 0.10026041666666667 0.6267395626242545 0.016145833333333335 0.020874751491053677
0 0.22942708333333334 0.6252485089463221 0.011979166666666667 0.015904572564612324
0 0.19166666666666668 0.6406560636182903 0.017708333333333333 0.018886679920477135
0 0.31276041666666665 0.6505964214711729 0.008854166666666666 0.030815109343936383
0 0.47760416666666666 0.6426441351888668 0.0125 0.014910536779324055
0 0.996875 0.6515904572564613 0.005208333333333333 0.032803180914512925
0 0.30026041666666664 0.6491053677932406 0.0036458333333333334 0.017892644135188866
0 0.6229166666666667 0.6486083499005965 0.008333333333333333 0.016898608349900597
0 0.6747395833333333 0.6535785288270378 0.016145833333333335 0.020874751491053677
0 0.37005208333333334 0.6595427435387674 0.0109375 0.020874751491053677
0 0.56796875 0.6650099403578529 0.016145833333333335 0.027833001988071572
0 0.13697916666666668 0.6635188866799204 0.016666666666666666 0.020874751491053677
0 0.18932291666666667 0.6764413518886679 0.008854166666666666 0.036779324055666
0 0.20520833333333333 0.6640159045725647 0.015625 0.013916500994035786
0 0.47109375 0.6754473161033797 0.0067708333333333336 0.02882703777335984
0 0.23984375 0.6893638170974155 0.0265625 0.036779324055666
0 0.37473958333333335 0.6973161033797217 0.021354166666666667 0.05069582504970179
0 0.21536458333333333 0.6933399602385686 0.0109375 0.02286282306163022
0 0.2950520833333333 0.6918489065606361 0.011979166666666667 0.011928429423459244
0 0.3294270833333333 0.6988071570576541 0.0140625 0.009940357852882704
0 0.34765625 0.7062624254473161 0.0109375 0.014910536779324055
0 0.9385416666666667 0.7296222664015904 0.011458333333333333 0.05168986083499006
0 0.17604166666666668 0.7127236580516899 0.013541666666666667 0.015904572564612324
0 0.43671875 0.7276341948310139 0.015104166666666667 0.03578528827037773
0 0.21145833333333333 0.7221669980119284 0.017708333333333333 0.016898608349900597
0 0.9908854166666666 0.7226640159045725 0.009895833333333333 0.017892644135188866
0 0.8768229166666667 0.7271371769383698 0.0109375 0.02286282306163022
0 0.2890625 0.7271371769383698 0.010416666666666666 0.010934393638170975
0 0.5184895833333333 0.7514910536779325 0.019270833333333334 0.055666003976143144
0 0.5546875 0.7375745526838966 0.008333333333333333 0.02982107355864811
0 0.2638020833333333 0.7340954274353877 0.016145833333333335 0.018886679920477135
0 0.59921875 0.7301192842942346 0.013020833333333334 0.006958250497017893
0 0.23072916666666668 0.7410536779324056 0.0125 0.02286282306163022
0 0.3734375 0.7455268389662028 0.014583333333333334 0.02982107355864811
0 0.3359375 0.7495029821073559 0.021875 0.033797216699801194
0 0.5380208333333333 0.7455268389662028 0.015625 0.015904572564612324
0 0.28125 0.7455268389662028 0.015625 0.009940357852882704
0 0.8919270833333334 0.76441351888668 0.0203125 0.0437375745526839
0 0.9190104166666667 0.7589463220675944 0.015104166666666667 0.02882703777335984
0 0.1703125 0.7639165009940357 0.007291666666666667 0.02882703777335984
0 0.24921875 0.7589463220675944 0.015104166666666667 0.016898608349900597
0 0.5005208333333333 0.7659045725646123 0.015625 0.02485089463220676
0 0.4041666666666667 0.7728628230616302 0.007291666666666667 0.036779324055666
0 0.4578125 0.7713717693836978 0.00625 0.02186878727634195
0 0.6268229166666667 0.775844930417495 0.028645833333333332 0.0268389662027833
0 0.11041666666666666 0.7842942345924453 0.013541666666666667 0.033797216699801194
0 0.26223958333333336 0.7842942345924453 0.0140625 0.03180914512922465
0 0.08776041666666666 0.8001988071570576 0.0140625 0.03777335984095427
0 0.3455729166666667 0.7907554671968191 0.013020833333333334 0.020874751491053677
0 0.8973958333333333 0.7947316103379721 0.0125 0.020874751491053677
0 0.5075520833333333 0.8190854870775348 0.013020833333333334 0.0536779324055666
0 0.16380208333333332 0.8180914512922465 0.0296875 0.04771371769383698
0 0.48932291666666666 0.8076540755467196 0.009895833333333333 0.02485089463220676
0 0.37135416666666665 0.8006958250497018 0.014583333333333334 0.008946322067594433
0 0.5744791666666667 0.8091451292246521 0.00625 0.02584493041749503
0 0.30755208333333334 0.8101391650099403 0.005729166666666666 0.02385685884691849
0 0.334375 0.805168986083499 0.00625 0.011928429423459244
0 0.528125 0.8151093439363817 0.013541666666666667 0.02982107355864811
0 0.38385416666666666 0.8146123260437376 0.005208333333333333 0.02485089463220676
0 0.81875 0.8220675944333996 0.00625 0.02584493041749503
0 0.6203125 0.8230616302186878 0.011458333333333333 0.017892644135188866
0 0.43645833333333334 0.8280318091451292 0.007291666666666667 0.019880715705765408
0 0.34765625 0.8334990059642147 0.009895833333333333 0.02485089463220676
0 0.21276041666666667 0.8290258449304175 0.0109375 0.013916500994035786
0 0.5453125 0.8364811133200796 0.017708333333333333 0.02286282306163022
0 0.09088541666666666 0.8553677932405567 0.0234375 0.04671968190854871
0 0.5658854166666667 0.8469184890656064 0.0109375 0.027833001988071572
0 0.4036458333333333 0.8588469184890656 0.0125 0.033797216699801194
0 0.16614583333333333 0.8638170974155069 0.019791666666666666 0.027833001988071572
0 0.9419270833333333 0.860337972166998 0.0078125 0.012922465208747515
0 0.3484375 0.8707753479125249 0.020833333333333332 0.019880715705765408
0 0.12526041666666668 0.8836978131212724 0.018229166666666668 0.027833001988071572
0 0.4114583333333333 0.8921471172962226 0.029166666666666667 0.040755467196819085
0 0.8197916666666667 0.8961232604373758 0.022916666666666665 0.03876739562624255
0 0.5260416666666666 0.9020874751491054 0.009375 0.0268389662027833
0 0.35234375 0.918986083499006 0.0067708333333333336 0.032803180914512925
0 0.44479166666666664 0.9150099403578529 0.00625 0.02286282306163022
0 0.478125 0.9160039761431411 0.007291666666666667 0.02485089463220676
0 0.5403645833333334 0.9184890656063618 0.0078125 0.02385685884691849
0 0.9395833333333333 0.9279324055666004 0.017708333333333333 0.042743538767395624
0 0.66015625 0.9209741550695825 0.015104166666666667 0.02485089463220676
0 0.7846354166666667 0.918986083499006 0.015104166666666667 0.016898608349900597
0 0.8283854166666667 0.9254473161033797 0.0140625 0.02982107355864811
0 0.059375 0.922962226640159 0.026041666666666668 0.02286282306163022
0 0.33932291666666664 0.9353876739562624 0.0109375 0.03578528827037773
0 0.44427083333333334 0.9348906560636183 0.030208333333333334 0.02882703777335984
0 0.46796875 0.9433399602385686 0.0140625 0.033797216699801194
0 0.85546875 0.9473161033797217 0.011979166666666667 0.02584493041749503
0 0.8895833333333333 0.9453280318091452 0.00625 0.015904572564612324
0 0.43255208333333334 0.9577534791252486 0.0171875 0.02882703777335984
0 0.3098958333333333 0.963220675944334 0.015625 0.033797216699801194
0 0.48098958333333336 0.9721669980119284 0.011979166666666667 0.039761431411530816
0 0.4197916666666667 0.9701789264413518 0.010416666666666666 0.02982107355864811
0 0.23515625 0.9721669980119284 0.018229166666666668 0.019880715705765408
0 0.9166666666666666 0.9831013916500994 0.016666666666666666 0.03180914512922465
0 0.28828125 0.9751491053677932 0.013020833333333334 0.011928429423459244
0 0.8559895833333333 0.9840954274353877 0.013020833333333334 0.02982107355864811
0 0.41692708333333334 0.9865805168986084 0.024479166666666666 0.02485089463220676
0 0.6104166666666667 0.9791252485089463 0.009375 0.009940357852882704
0 0.24947916666666667 0.9880715705765407 0.00625 0.02186878727634195
0 0.17161458333333332 0.9860834990059643 0.0067708333333333336 0.013916500994035786
0 0.5333333333333333 0.9900596421471173 0.009375 0.017892644135188866