0 0.2421875 0.009443339960238568 0.01875 0.018886679920477135
0 0.14036458333333332 0.007952286282306162 0.0078125 0.015904572564612324
0 0.4557291666666667 0.019383697813121274 0.01875 0.02286282306163022
0 0.16484375 0.0636182902584493 0.022395833333333334 0.08151093439363817
0 0.04921875 0.048707753479125246 0.0140625 0.027833001988071572
0 0.5518229166666667 0.048707753479125246 0.0078125 0.017892644135188866
0 0.034895833333333334 0.051192842942345926 0.007291666666666667 0.020874751491053677
0 0.024739583333333332 0.05765407554671968 0.0078125 0.017892644135188866
0 0.008072916666666667 0.06312127236580517 0.015104166666666667 0.020874751491053677
0 0.3338541666666667 0.08996023856858847 0.010416666666666666 0.008946322067594433
0 0.7221354166666667 0.10089463220675944 0.0078125 0.02286282306163022
0 0.018229166666666668 0.1143141153081511 0.011458333333333333 0.017892644135188866
0 0.1546875 0.13369781312127235 0.010416666666666666 0.03479125248508946
0 0.10234375 0.1411530815109344 0.0109375 0.02186878727634195
0 0.28958333333333336 0.14910536779324055 0.005208333333333333 0.019880715705765408
0 0.12005208333333334 0.15109343936381708 0.0078125 0.017892644135188866
0 0.24557291666666667 0.1694831013916501 0.011979166666666667 0.02485089463220676
0 0.19713541666666667 0.17594433399602386 0.016145833333333335 0.013916500994035786
0 0.06666666666666667 0.17892644135188868 0.009375 0.011928429423459244
0 0.03177083333333333 0.1918489065606362 0.022916666666666665 0.017892644135188866
0 0.253125 0.19035785288270377 0.017708333333333333 0.012922465208747515
0 0.29453125 0.21421471172962225 0.021354166666666667 0.032803180914512925
0 0.23385416666666667 0.20874751491053678 0.011458333333333333 0.02186878727634195
0 0.04296875 0.2147117296222664 0.009895833333333333 0.02584493041749503
0 0.3067708333333333 0.2584493041749503 0.042708333333333334 0.04572564612326044
0 0.10130208333333333 0.2644135188866799 0.0140625 0.02186878727634195
0 0.0890625 0.28578528827037775 0.007291666666666667 0.014910536779324055
0 0.3098958333333333 0.29721669980119286 0.015625 0.033797216699801194
0 0.365625 0.3091451292246521 0.00625 0.02385685884691849
0 0.284375 0.32007952286282304 0.008333333333333333 0.02584493041749503
0 0.15546875 0.3230616302186879 0.008854166666666666 0.027833001988071572
0 0.13567708333333334 0.3260437375745527 0.0109375 0.02186878727634195
0 0.28958333333333336 0.3533797216699801 0.009375 0.016898608349900597
0 0.20286458333333332 0.35636182902584496 0.011979166666666667 0.018886679920477135
0 0.13020833333333334 0.3812127236580517 0.007291666666666667 0.0268389662027833
0 0.7239583333333334 0.3832007952286282 0.008333333333333333 0.016898608349900597
0 0.51953125 0.4239562624254473 0.005729166666666666 0.0268389662027833
0 0.3768229166666667 0.42445328031809143 0.009895833333333333 0.019880715705765408
0 0.13489583333333333 0.4269383697813121 0.014583333333333334 0.012922465208747515
0 0.8455729166666667 0.4388667992047714 0.008854166666666666 0.032803180914512925
0 0.45286458333333335 0.43339960238568587 0.008854166666666666 0.009940357852882704
0 0.13177083333333334 0.44731610337972166 0.0125 0.015904572564612324
0 0.026041666666666668 0.46123260437375746 0.019791666666666666 0.02584493041749503
0 0.3065104166666667 0.49652087475149104 0.011979166666666667 0.018886679920477135
0 0.08723958333333333 0.5089463220675944 0.022395833333333334 0.03180914512922465
0 0.07369791666666667 0.5228628230616302 0.0140625 0.009940357852882704
0 0.10911458333333333 0.5462226640159046 0.024479166666666666 0.042743538767395624
0 0.45651041666666664 0.5536779324055666 0.0171875 0.033797216699801194
0 0.2520833333333333 0.5606361829025845 0.011458333333333333 0.013916500994035786
0 0.07708333333333334 0.5705765407554672 0.00625 0.02186878727634195
0 0.26171875 0.5735586481113321 0.0078125 0.013916500994035786
0 0.14583333333333334 0.5800198807157058 0.007291666666666667 0.02882703777335984
0 0.1375 0.5914512922465208 0.010416666666666666 0.02385685884691849
0 0.6223958333333334 0.6128230616302187 0.00625 0.018886679920477135
0 0.39140625 0.6297216699801192 0.009895833333333333 0.030815109343936383
0 0.3138020833333333 0.6257455268389662 0.015104166666666667 0.016898608349900597
0 0.23932291666666666 0.6416500994035785 0.009895833333333333 0.02286282306163022
0 0.04973958333333333 0.6491053677932406 0.018229166666666668 0.03578528827037773
0 0.6205729166666667 0.6585487077534792 0.0109375 0.020874751491053677
0 0.28203125 0.6754473161033797 0.013020833333333334 0.02882703777335984
0 0.98984375 0.6833996023856859 0.011979166666666667 0.03876739562624255
0 0.09036458333333333 0.6744532803180915 0.013020833333333334 0.014910536779324055
0 0.6692708333333334 0.6853876739562624 0.015625 0.02485089463220676
0 0.13307291666666668 0.68389662027833 0.009895833333333333 0.019880715705765408
0 0.17838541666666666 0.6833996023856859 0.009895833333333333 0.016898608349900597
0 0.21588541666666666 0.6843936381709742 0.016145833333333335 0.012922465208747515
0 0.05 0.7072564612326043 0.021875 0.036779324055666
0 0.3541666666666667 0.7301192842942346 0.007291666666666667 0.0268389662027833
0 0.08255208333333333 0.7311133200795229 0.019270833333333334 0.02485089463220676
0 0.00546875 0.7326043737574552 0.009895833333333333 0.02385685884691849
0 0.9440104166666666 0.7519880715705766 0.0140625 0.03479125248508946
0 0.49322916666666666 0.7495029821073559 0.0125 0.019880715705765408
0 0.29921875 0.7529821073558648 0.013020833333333334 0.012922465208747515
0 0.06901041666666667 0.7698807157057654 0.0234375 0.040755467196819085
0 0.20442708333333334 0.7668986083499006 0.013020833333333334 0.018886679920477135
0 0.9817708333333334 0.7738568588469185 0.013541666666666667 0.0268389662027833
0 0.3768229166666667 0.7768389662027833 0.013020833333333334 0.012922465208747515
0 0.0036458333333333334 0.7872763419483101 0.00625 0.027833001988071572
0 0.20911458333333333 0.8056660039761432 0.0203125 0.030815109343936383
0 0.3216145833333333 0.8101391650099403 0.0046875 0.02982107355864811
0 0.88046875 0.8146123260437376 0.028645833333333332 0.0268389662027833
0 0.36354166666666665 0.8185884691848907 0.003125 0.0268389662027833
0 0.33515625 0.8240556660039762 0.0078125 0.03180914512922465
0 0.8395833333333333 0.8389662027833003 0.019791666666666666 0.04970178926441352
0 0.39401041666666664 0.8469184890656064 0.013020833333333334 0.04572564612326044
0 0.57109375 0.8429423459244533 0.013020833333333334 0.027833001988071572
0 0.06171875 0.8653081510934394 0.021354166666666667 0.03876739562624255
0 0.26536458333333335 0.8658051689860835 0.016145833333333335 0.017892644135188866
0 0.014583333333333334 0.8702783300198808 0.011458333333333333 0.020874751491053677
0 0.98828125 0.8836978131212724 0.0234375 0.0437375745526839
0 0.44947916666666665 0.8653081510934394 0.013541666666666667 0.006958250497017893
0 0.15546875 0.8742544731610338 0.0140625 0.018886679920477135
0 0.6453125 0.8752485089463221 0.013541666666666667 0.014910536779324055
0 0.3455729166666667 0.8846918489065606 0.009895833333333333 0.027833001988071572
0 0.22369791666666666 0.8936381709741551 0.0140625 0.03777335984095427
0 0.94140625 0.8976143141153081 0.021354166666666667 0.027833001988071572
0 0.006510416666666667 0.9055666003976143 0.011979166666666667 0.019880715705765408
0 0.36744791666666665 0.9219681908548708 0.019270833333333334 0.048707753479125246
0 0.30130208333333336 0.915506958250497 0.030729166666666665 0.03578528827037773
0 0.18541666666666667 0.9105367793240556 0.016666666666666666 0.02385685884691849
0 0.44947916666666665 0.9244532803180915 0.005208333333333333 0.03180914512922465
0 0.9731770833333333 0.9324055666003976 0.034895833333333334 0.03777335984095427
0 0.39765625 0.9304174950298211 0.0109375 0.027833001988071572
0 0.34036458333333336 0.9239562624254473 0.013020833333333334 0.006958250497017893
0 0.9416666666666667 0.9398608349900597 0.01875 0.03479125248508946
0 0.27057291666666666 0.93389662027833 0.005729166666666666 0.02485089463220676
0 0.4317708333333333 0.9353876739562624 0.013541666666666667 0.009940357852882704
0 0.7109375 0.9378727634194831 0.0125 0.012922465208747515
0 0.415625 0.9473161033797217 0.009375 0.02584493041749503
0 0.12552083333333333 0.9592445328031809 0.011458333333333333 0.04771371769383698
0 0.04635416666666667 0.9642147117296223 0.009375 0.03578528827037773
0 0.8184895833333333 0.9602385685884692 0.013020833333333334 0.017892644135188866
0 0.01875 0.963220675944334 0.01875 0.019880715705765408
0 0.3494791666666667 0.9716699801192843 0.016666666666666666 0.020874751491053677
0 0.759375 0.981610337972167 0.0125 0.03479125248508946
0 0.5127604166666667 0.981610337972167 0.0109375 0.03479125248508946
0 0.20885416666666667 0.9721669980119284 0.016666666666666666 0.017892644135188866
0 0.15 0.9811133200795229 0.015625 0.017892644135188866
0 0.26953125 0.9801192842942346 0.0109375 0.013916500994035786
0 0.29713541666666665 0.9826043737574552 0.013020833333333334 0.010934393638170975
0 0.8171875 0.9895626242544732 0.009375 0.018886679920477135
0 0.45677083333333335 0.9865805168986084 0.015625 0.010934393638170975