0 0.045572916666666664 0.01341948310139165 0.0171875 0.0268389662027833
0 0.11744791666666667 0.017892644135188866 0.011979166666666667 0.03578528827037773
0 0.22890625 0.017892644135188866 0.0265625 0.03578528827037773
0 0.4466145833333333 0.010437375745526839 0.0171875 0.020874751491053677
0 0.49505208333333334 0.0054671968190854875 0.021354166666666667 0.010934393638170975
0 0.803125 0.008946322067594433 0.010416666666666666 0.017892644135188866
0 0.878125 0.022365805168986085 0.028125 0.04473161033797217
0 0.32447916666666665 0.018389662027833 0.014583333333333334 0.02485089463220676
0 0.7677083333333333 0.02584493041749503 0.013541666666666667 0.041749502982107355
0 0.36744791666666665 0.03777335984095427 0.015104166666666667 0.03180914512922465
0 0.3028645833333333 0.051192842942345926 0.0265625 0.05467196819085487
0 0.40598958333333335 0.03180914512922465 0.0140625 0.013916500994035786
0 0.525 0.04721669980119284 0.009375 0.04473161033797217
0 0.271875 0.05666003976143141 0.029166666666666667 0.04970178926441352
0 0.3888020833333333 0.051192842942345926 0.011979166666666667 0.0268389662027833
0 0.22942708333333334 0.06510934393638171 0.0067708333333333336 0.042743538767395624
0 0.34661458333333334 0.06610337972166998 0.0078125 0.04671968190854871
0 0.5703125 0.06709741550695825 0.015625 0.04671968190854871
0 0.5393229166666667 0.06262425447316103 0.011979166666666667 0.02982107355864811
0 0.00703125 0.07007952286282307 0.011979166666666667 0.02882703777335984
0 0.04765625 0.07256461232604373 0.015104166666666667 0.03180914512922465
0 0.19765625 0.06510934393638171 0.005729166666666666 0.016898608349900597
0 0.6348958333333333 0.06809145129224652 0.011458333333333333 0.018886679920477135
0 0.41302083333333334 0.07405566600397614 0.0125 0.02286282306163022
0 0.028385416666666666 0.07604373757455268 0.011979166666666667 0.020874751491053677
0 0.7067708333333333 0.07604373757455268 0.015625 0.020874751491053677
0 0.7786458333333334 0.08250497017892644 0.008333333333333333 0.033797216699801194
0 0.153125 0.08648111332007952 0.028125 0.03180914512922465
0 0.016927083333333332 0.09244532803180915 0.013020833333333334 0.03180914512922465
0 0.20234375 0.08797216699801193 0.0067708333333333336 0.012922465208747515
0 0.4544270833333333 0.09393638170974156 0.0046875 0.02485089463220676
0 0.25807291666666665 0.09095427435387674 0.018229166666666668 0.014910536779324055
0 0.3684895833333333 0.11182902584493042 0.028645833333333332 0.05666003976143141
0 0.70234375 0.10785288270377734 0.022395833333333334 0.032803180914512925
0 0.8838541666666667 0.1073558648111332 0.00625 0.017892644135188866
0 0.83515625 0.11928429423459244 0.018229166666666668 0.033797216699801194
0 0.18229166666666666 0.11530815109343936 0.009375 0.019880715705765408
0 0.49609375 0.12027833001988071 0.013020833333333334 0.02584493041749503
0 0.1984375 0.11779324055666004 0.015625 0.014910536779324055
0 0.29322916666666665 0.1317097415506958 0.016666666666666666 0.032803180914512925
0 0.4234375 0.12375745526838966 0.008333333333333333 0.018886679920477135
0 0.5221354166666666 0.13469184890656064 0.016145833333333335 0.03876739562624255
0 0.7231770833333333 0.13667992047713717 0.0109375 0.036779324055666
0 0.3450520833333333 0.14314115308151093 0.0140625 0.02584493041749503
0 0.92421875 0.13916500994035785 0.0078125 0.017892644135188866
0 0.21145833333333333 0.14314115308151093 0.019791666666666666 0.02186878727634195
0 0.5919270833333333 0.1550695825049702 0.015104166666666667 0.03578528827037773
0 0.2859375 0.15904572564612326 0.011458333333333333 0.019880715705765408
0 0.30234375 0.16053677932405566 0.011979166666666667 0.02286282306163022
0 0.3690104166666667 0.16650099403578528 0.0067708333333333336 0.0268389662027833
0 0.4166666666666667 0.17196819085487078 0.015625 0.039761431411530816
0 0.26067708333333334 0.17246520874751492 0.005729166666666666 0.032803180914512925
0 0.5026041666666666 0.16998011928429424 0.027083333333333334 0.02186878727634195
0 0.28411458333333334 0.19135188866799205 0.019270833333333334 0.040755467196819085
0 0.36015625 0.18041749502982107 0.009895833333333333 0.018886679920477135
0 0.4713541666666667 0.19433399602385687 0.023958333333333335 0.048707753479125246
0 0.3263020833333333 0.18588469184890655 0.021354166666666667 0.02385685884691849
0 0.44973958333333336 0.18986083499005965 0.0203125 0.02385685884691849
0 0.5026041666666666 0.19681908548707752 0.00625 0.03180914512922465
0 0.6203125 0.20129224652087474 0.011458333333333333 0.040755467196819085
0 0.584375 0.20576540755467196 0.0125 0.033797216699801194
0 0.6424479166666667 0.20129224652087474 0.016145833333333335 0.02485089463220676
0 0.3885416666666667 0.20874751491053678 0.023958333333333335 0.03777335984095427
0 0.7846354166666667 0.19681908548707752 0.009895833333333333 0.011928429423459244
0 0.8377604166666667 0.2117296222664016 0.025520833333333333 0.03578528827037773
0 0.31223958333333335 0.2047713717693837 0.009895833333333333 0.015904572564612324
0 0.10520833333333333 0.22117296222664015 0.013541666666666667 0.03876739562624255
0 0.23541666666666666 0.2191848906560636 0.026041666666666668 0.02286282306163022
0 0.5263020833333333 0.23111332007952287 0.0140625 0.03876739562624255
0 0.21640625 0.22266401590457258 0.009895833333333333 0.015904572564612324
0 0.35 0.2216699801192843 0.010416666666666666 0.015904572564612324
0 0.5984375 0.2430417495029821 0.009375 0.040755467196819085
0 0.3296875 0.25695825049701787 0.019791666666666666 0.06063618290258449
0 0.6236979166666666 0.25198807157057657 0.03697916666666667 0.05069582504970179
0 0.39739583333333334 0.24502982107355864 0.00625 0.032803180914512925
0 0.7372395833333333 0.24950298210735586 0.0067708333333333336 0.039761431411530816
0 0.9247395833333333 0.25894632206759444 0.022395833333333334 0.04473161033797217
0 0.43046875 0.25596421471172964 0.021354166666666667 0.03479125248508946
0 0.5739583333333333 0.2554671968190855 0.015625 0.017892644135188866
0 0.8333333333333334 0.2678926441351889 0.01875 0.042743538767395624
0 0.9880208333333333 0.27485089463220674 0.022916666666666665 0.05666003976143141
0 0.6567708333333333 0.2634194831013916 0.021875 0.027833001988071572
0 0.34869791666666666 0.2738568588469185 0.016145833333333335 0.030815109343936383
0 0.2989583333333333 0.28330019880715707 0.011458333333333333 0.02186878727634195
0 0.06666666666666667 0.2952286282306163 0.010416666666666666 0.03578528827037773
0 0.42864583333333334 0.294234592445328 0.011458333333333333 0.033797216699801194
0 0.5346354166666667 0.28578528827037775 0.008854166666666666 0.014910536779324055
0 0.04921875 0.2992047713717694 0.0109375 0.03578528827037773
0 0.8614583333333333 0.2967196819085487 0.014583333333333334 0.02286282306163022
0 0.1796875 0.2947316103379722 0.016666666666666666 0.012922465208747515
0 0.22864583333333333 0.308648111332008 0.007291666666666667 0.03876739562624255
0 0.020572916666666666 0.30268389662027834 0.011979166666666667 0.020874751491053677
0 0.5026041666666666 0.3091451292246521 0.019791666666666666 0.02385685884691849
0 0.5408854166666667 0.31461232604373757 0.0109375 0.02485089463220676
0 0.24635416666666668 0.34642147117296224 0.0125 0.05864811133200795
0 0.31197916666666664 0.3414512922465209 0.023958333333333335 0.04473161033797217
0 0.12760416666666666 0.34542743538767395 0.010416666666666666 0.04671968190854871
0 0.17864583333333334 0.34095427435387676 0.015625 0.03777335984095427
0 0.5236979166666667 0.3374751491053678 0.0203125 0.030815109343936383
0 0.5807291666666666 0.3384691848906561 0.0125 0.02485089463220676
0 0.4986979166666667 0.34244532803180916 0.018229166666666668 0.02882703777335984
0 0.8927083333333333 0.34642147117296224 0.022916666666666665 0.02882703777335984
0 0.2703125 0.3513916500994036 0.010416666666666666 0.036779324055666
0 0.14557291666666666 0.34343936381709744 0.008854166666666666 0.014910536779324055
0 0.5325520833333334 0.36232604373757454 0.0234375 0.05268389662027833
0 0.4005208333333333 0.3697813121272366 0.027083333333333334 0.05964214711729622
0 0.22421875 0.36182902584493043 0.0140625 0.02584493041749503
0 0.41484375 0.3543737574552684 0.0109375 0.008946322067594433
0 0.509375 0.3727634194831014 0.00625 0.03578528827037773
0 0.07552083333333333 0.3628230616302187 0.007291666666666667 0.011928429423459244
0 0.7984375 0.3757455268389662 0.01875 0.02584493041749503
0 0.06380208333333333 0.3702783300198807 0.0067708333333333336 0.010934393638170975
0 0.35390625 0.3986083499005964 0.0359375 0.05964214711729622
0 0.14505208333333333 0.3911530815109344 0.025520833333333333 0.032803180914512925
0 0.275 0.38469184890656066 0.019791666666666666 0.019880715705765408
0 0.49453125 0.3841948310139165 0.0078125 0.018886679920477135
0 0.3346354166666667 0.38866799204771374 0.018229166666666668 0.019880715705765408
0 0.55234375 0.3991053677932406 0.013020833333333334 0.036779324055666
0 0.22916666666666666 0.3986083499005964 0.0125 0.02186878727634195
0 0.7291666666666666 0.40059642147117297 0.014583333333333334 0.02584493041749503
0 0.18515625 0.39363817097415504 0.0078125 0.009940357852882704
0 0.4640625 0.40457256461232605 0.020833333333333332 0.03180914512922465
0 0.39947916666666666 0.4150099403578529 0.010416666666666666 0.036779324055666
0 0.30625 0.4105367793240557 0.010416666666666666 0.02186878727634195
0 0.20520833333333333 0.41699801192842945 0.00625 0.032803180914512925
0 0.27395833333333336 0.4105367793240557 0.014583333333333334 0.019880715705765408
0 0.08463541666666667 0.4289264413518887 0.011979166666666667 0.048707753479125246
0 0.31953125 0.4393638170974155 0.018229166666666668 0.04572564612326044
0 0.7716145833333333 0.4279324055666004 0.019270833333333334 0.020874751491053677
0 0.4161458333333333 0.4284294234592445 0.017708333333333333 0.013916500994035786
0 0.25390625 0.4398608349900596 0.0140625 0.03479125248508946
0 0.3848958333333333 0.4408548707753479 0.008333333333333333 0.03479125248508946
0 0.225 0.44731610337972166 0.011458333333333333 0.03578528827037773
0 0.9953125 0.4383697813121272 0.008333333333333333 0.015904572564612324
0 0.2734375 0.44681908548707755 0.020833333333333332 0.014910536779324055
0 0.30390625 0.470675944333996 0.021354166666666667 0.06262425447316103
0 0.44479166666666664 0.4537773359840954 0.017708333333333333 0.02882703777335984
0 0.35234375 0.4701789264413519 0.0296875 0.04572564612326044
0 0.4005208333333333 0.4662027833001988 0.00625 0.033797216699801194
0 0.7846354166666667 0.4746520874751491 0.011979166666666667 0.042743538767395624
0 0.5036458333333333 0.46371769383697814 0.008333333333333333 0.012922465208747515
0 0.52109375 0.47713717693836977 0.016145833333333335 0.039761431411530816
0 0.92734375 0.4840954274353877 0.011979166666666667 0.027833001988071572
0 0.027083333333333334 0.4885685884691849 0.016666666666666666 0.030815109343936383
0 0.26171875 0.48111332007952284 0.015104166666666667 0.013916500994035786
0 0.37786458333333334 0.4835984095427435 0.008854166666666666 0.010934393638170975
0 0.24401041666666667 0.4955268389662028 0.0067708333333333336 0.016898608349900597
0 0.55234375 0.5094433399602386 0.0078125 0.036779324055666
0 0.9341145833333333 0.4990059642147117 0.0067708333333333336 0.017892644135188866
0 0.33307291666666666 0.5044731610337972 0.008854166666666666 0.018886679920477135
0 0.5778645833333333 0.5049701789264414 0.0140625 0.017892644135188866
0 0.740625 0.5248508946322068 0.0375 0.04771371769383698
0 0.79609375 0.5139165009940357 0.0234375 0.02385685884691849
0 0.036458333333333336 0.51441351888668 0.023958333333333335 0.020874751491053677
0 0.23515625 0.5308151093439364 0.025520833333333333 0.04970178926441352
0 0.16692708333333334 0.5387673956262425 0.0203125 0.061630218687872766
0 0.3268229166666667 0.5233598409542743 0.0109375 0.012922465208747515
0 0.5658854166666667 0.5387673956262425 0.013020833333333334 0.041749502982107355
0 0.19375 0.5377733598409543 0.027083333333333334 0.03180914512922465
0 0.3859375 0.5382703777335984 0.011458333333333333 0.018886679920477135
0 0.5080729166666667 0.5601391650099403 0.0203125 0.05864811133200795
0 0.26927083333333335 0.5462226640159046 0.01875 0.014910536779324055
0 0.39114583333333336 0.5666003976143141 0.019791666666666666 0.04771371769383698
0 0.3263020833333333 0.555168986083499 0.008854166666666666 0.016898608349900597
0 0.5822916666666667 0.5566600397614314 0.014583333333333334 0.017892644135188866
0 0.4473958333333333 0.5616302186878728 0.016666666666666666 0.019880715705765408
0 0.6403645833333333 0.5695825049701789 0.0140625 0.03578528827037773
0 0.27786458333333336 0.5755467196819085 0.022395833333333334 0.039761431411530816
0 0.4315104166666667 0.5760437375745527 0.009895833333333333 0.02882703777335984
0 0.48359375 0.5710735586481114 0.0171875 0.016898608349900597
0 0.3515625 0.5725646123260437 0.010416666666666666 0.015904572564612324
0 0.40989583333333335 0.5745526838966203 0.0125 0.019880715705765408
0 0.3268229166666667 0.5815109343936382 0.0078125 0.019880715705765408
0 0.29765625 0.5859840954274353 0.008854166666666666 0.012922465208747515
0 0.37161458333333336 0.6108349900596421 0.018229166666666668 0.048707753479125246
0 0.42864583333333334 0.6277335984095428 0.034375 0.07852882703777336
0 0.56328125 0.6078528827037774 0.0078125 0.03479125248508946
0 0.35182291666666665 0.6013916500994035 0.011979166666666667 0.015904572564612324
0 0.5981770833333333 0.6118290258449304 0.0171875 0.036779324055666
0 0.00234375 0.6033797216699801 0.0046875 0.015904572564612324
0 0.15989583333333332 0.6108349900596421 0.01875 0.016898608349900597
0 0.5088541666666667 0.6123260437375746 0.007291666666666667 0.02186878727634195
0 0.24140625 0.6177932405566601 0.0140625 0.02882703777335984
0 0.45546875 0.6083499005964215 0.009895833333333333 0.009940357852882704
0 0.1875 0.6192842942345924 0.021875 0.017892644135188866
0 0.3421875 0.628727634194831 0.015625 0.03479125248508946
0 0.3893229166666667 0.6272365805168986 0.0171875 0.02982107355864811
0 0.30625 0.6237574552683897 0.021875 0.016898608349900597
0 0.46953125 0.6336978131212724 0.0203125 0.03479125248508946
0 0.37578125 0.6272365805168986 0.008854166666666666 0.013916500994035786
0 0.4080729166666667 0.6272365805168986 0.018229166666666668 0.015904572564612324
0 0.0109375 0.6476143141153081 0.021875 0.048707753479125246
0 0.9236979166666667 0.6456262425447317 0.016145833333333335 0.042743538767395624
0 0.49322916666666666 0.6406560636182903 0.009375 0.0268389662027833
0 0.72734375 0.6466202783300199 0.019270833333333334 0.02286282306163022
0 0.33984375 0.6640159045725647 0.016145833333333335 0.0437375745526839
0 0.4791666666666667 0.6585487077534792 0.00625 0.03479125248508946
0 0.60234375 0.6590457256461233 0.013020833333333334 0.03180914512922465
0 0.73359375 0.6704771371769384 0.033854166666666664 0.05467196819085487
0 0.17994791666666668 0.6669980119284294 0.0067708333333333336 0.03578528827037773
0 0.4109375 0.6819085487077535 0.014583333333333334 0.061630218687872766
0 0.19557291666666668 0.6789264413518886 0.011979166666666667 0.039761431411530816
0 0.9153645833333334 0.6794234592445328 0.015104166666666667 0.020874751491053677
0 0.9799479166666667 0.6883697813121272 0.011979166666666667 0.036779324055666
0 0.5846354166666666 0.6898608349900597 0.009895833333333333 0.03777335984095427
0 0.8239583333333333 0.6833996023856859 0.01875 0.02485089463220676
0 0.35130208333333335 0.6898608349900597 0.0078125 0.027833001988071572
0 0.46536458333333336 0.7002982107355865 0.015104166666666667 0.048707753479125246
0 0.27760416666666665 0.6938369781312127 0.022916666666666665 0.033797216699801194
0 0.8580729166666666 0.7007952286282306 0.0140625 0.04572564612326044
0 0.60390625 0.7037773359840954 0.0140625 0.033797216699801194
0 0.43046875 0.6993041749502982 0.019270833333333334 0.016898608349900597
0 0.30026041666666664 0.7147117296222664 0.0171875 0.0437375745526839
0 0.027083333333333334 0.7201789264413518 0.015625 0.05069582504970179
0 0.34010416666666665 0.7162027833001988 0.014583333333333334 0.03876739562624255
0 0.56875 0.7211729622266402 0.009375 0.03876739562624255
0 0.16979166666666667 0.7266401590457257 0.015625 0.04771371769383698
0 0.3567708333333333 0.7266401590457257 0.010416666666666666 0.033797216699801194
0 0.44114583333333335 0.7410536779324056 0.00625 0.032803180914512925
0 0.303125 0.7480119284294234 0.00625 0.042743538767395624
0 0.21901041666666668 0.7455268389662028 0.013020833333333334 0.02584493041749503
0 0.41822916666666665 0.757455268389662 0.013541666666666667 0.03777335984095427
0 0.3138020833333333 0.7519880715705766 0.008854166666666666 0.02286282306163022
0 0.022395833333333334 0.7619284294234593 0.01875 0.02286282306163022
0 0.26197916666666665 0.7733598409542743 0.008333333333333333 0.02982107355864811
0 0.15286458333333333 0.7763419483101391 0.015104166666666667 0.03180914512922465
0 0.603125 0.7907554671968191 0.020833333333333332 0.06063618290258449
0 0.11875 0.7842942345924453 0.022916666666666665 0.019880715705765408
0 0.030989583333333334 0.7932405566600398 0.0203125 0.033797216699801194
0 0.28359375 0.7857852882703777 0.0078125 0.018886679920477135
0 0.34140625 0.7847912524850894 0.015104166666666667 0.016898608349900597
0 0.3419270833333333 0.808648111332008 0.0078125 0.0268389662027833
0 0.37942708333333336 0.8146123260437376 0.011979166666666667 0.02485089463220676
0 0.2671875 0.8439363817097415 0.0125 0.07952286282306163
0 0.7830729166666667 0.8235586481113321 0.0265625 0.036779324055666
0 0.31666666666666665 0.8175944333996024 0.010416666666666666 0.020874751491053677
0 0.22369791666666666 0.8180914512922465 0.0067708333333333336 0.017892644135188866
0 0.24557291666666667 0.8265407554671969 0.011979166666666667 0.03479125248508946
0 0.18984375 0.8374751491053678 0.015104166666666667 0.04473161033797217
0 0.4044270833333333 0.8265407554671969 0.013020833333333334 0.02485089463220676
0 0.49375 0.8399602385685885 0.026041666666666668 0.033797216699801194
0 0.5846354166666666 0.8379721669980119 0.0046875 0.015904572564612324
0 0.6122395833333333 0.8489065606361829 0.0140625 0.027833001988071572
0 0.52265625 0.8479125248508946 0.016145833333333335 0.02186878727634195
0 0.11770833333333333 0.8702783300198808 0.011458333333333333 0.05069582504970179
0 0.9825520833333333 0.8762425447316103 0.033854166666666664 0.05069582504970179
0 0.15651041666666668 0.8777335984095428 0.0265625 0.02982107355864811
0 0.13307291666666668 0.8792246520874751 0.0109375 0.02882703777335984
0 0.09505208333333333 0.878727634194831 0.0078125 0.02584493041749503
0 0.30885416666666665 0.8906560636182903 0.010416666666666666 0.04771371769383698
0 0.246875 0.8901590457256461 0.011458333333333333 0.0268389662027833
0 0.3268229166666667 0.8901590457256461 0.018229166666666668 0.0268389662027833
0 0.065625 0.893141153081511 0.014583333333333334 0.02882703777335984
0 0.12578125 0.897117296222664 0.008854166666666666 0.014910536779324055
0 0.24895833333333334 0.9140159045725647 0.023958333333333335 0.02286282306163022
0 0.6192708333333333 0.9150099403578529 0.017708333333333333 0.012922465208747515
0 0.0625 0.9244532803180915 0.019791666666666666 0.015904572564612324
0 0.36744791666666665 0.9304174950298211 0.0078125 0.02385685884691849
0 0.27265625 0.9438369781312127 0.0203125 0.048707753479125246
0 0.29635416666666664 0.9309145129224652 0.009375 0.018886679920477135
0 0.5658854166666667 0.9408548707753479 0.015104166666666667 0.0268389662027833
0 0.45 0.9428429423459245 0.017708333333333333 0.02485089463220676
0 0.37447916666666664 0.9666998011928429 0.028125 0.05864811133200795
0 0.32135416666666666 0.9507952286282306 0.007291666666666667 0.012922465208747515
0 0.11354166666666667 0.974155069582505 0.016666666666666666 0.0437375745526839
0 0.1453125 0.9766401590457257 0.022916666666666665 0.04473161033797217
0 0.65390625 0.9771371769383698 0.018229166666666668 0.03777335984095427
0 0.17994791666666668 0.9776341948310139 0.0109375 0.030815109343936383
0 0.22239583333333332 0.981610337972167 0.021875 0.03479125248508946
0 0.31145833333333334 0.9771371769383698 0.013541666666666667 0.02584493041749503
0 0.93828125 0.9880715705765407 0.022395833333333334 0.02186878727634195