0 0.01875 0.0004970178926441351 0.036458333333333336 0.0009940357852882703
0 0.515625 0.018389662027833 0.0125 0.020874751491053677
0 0.6447916666666667 0.027833001988071572 0.015625 0.02584493041749503
0 0.4036458333333333 0.027335984095427434 0.021875 0.012922465208747515
0 0.48046875 0.032803180914512925 0.0203125 0.017892644135188866
0 0.5541666666666667 0.03330019880715706 0.015625 0.010934393638170975
0 0.32421875 0.039761431411530816 0.005729166666666666 0.019880715705765408
0 0.8760416666666667 0.06958250497017893 0.013541666666666667 0.03180914512922465
0 0.3223958333333333 0.06113320079522863 0.015625 0.014910536779324055
0 0.8270833333333333 0.06809145129224652 0.017708333333333333 0.016898608349900597
0 0.5755208333333334 0.073558648111332 0.016666666666666666 0.02584493041749503
0 0.35963541666666665 0.07902584493041749 0.0171875 0.032803180914512925
0 0.23255208333333333 0.10288270377733598 0.0109375 0.02882703777335984
0 0.42630208333333336 0.10387673956262425 0.0171875 0.02286282306163022
0 0.5981770833333333 0.11679920477137178 0.011979166666666667 0.03479125248508946
0 0.5369791666666667 0.12176938369781312 0.013541666666666667 0.03479125248508946
0 0.04453125 0.13667992047713717 0.015104166666666667 0.036779324055666
0 0.9 0.1456262425447316 0.03333333333333333 0.048707753479125246
0 0.6989583333333333 0.13817097415506957 0.0125 0.02584493041749503
0 0.8875 0.18687872763419483 0.019791666666666666 0.033797216699801194
0 0.9122395833333333 0.18439363817097415 0.013020833333333334 0.018886679920477135
0 0.5947916666666667 0.1963220675944334 0.0125 0.032803180914512925
0 0.7893229166666667 0.21421471172962225 0.0203125 0.02882703777335984
0 0.98359375 0.23807157057654074 0.024479166666666666 0.036779324055666
0 0.26927083333333335 0.23359840954274355 0.00625 0.027833001988071572
0 0.6158854166666666 0.2301192842942346 0.0140625 0.016898608349900597
0 0.8018229166666667 0.24751491053677932 0.0171875 0.033797216699801194
0 0.35859375 0.2415506958250497 0.018229166666666668 0.02385685884691849
0 0.39895833333333336 0.24502982107355864 0.0125 0.014910536779324055
0 0.7026041666666667 0.2644135188866799 0.016666666666666666 0.017892644135188866
0 0.7955729166666666 0.2932405566600398 0.009895833333333333 0.03180914512922465
0 0.45 0.29721669980119286 0.017708333333333333 0.019880715705765408
0 0.03984375 0.30069582504970177 0.015104166666666667 0.014910536779324055
0 0.61953125 0.32554671968190857 0.0140625 0.040755467196819085
0 0.6658854166666667 0.3230616302186879 0.0067708333333333336 0.02385685884691849
0 0.578125 0.3379721669980119 0.009375 0.03578528827037773
0 0.5143229166666666 0.33151093439363816 0.019270833333333334 0.02485089463220676
0 0.5895833333333333 0.34393638170974156 0.011458333333333333 0.027833001988071572
0 0.5015625 0.3573558648111332 0.0125 0.04473161033797217
0 0.45260416666666664 0.3489065606361829 0.007291666666666667 0.017892644135188866
0 0.6895833333333333 0.3489065606361829 0.01875 0.013916500994035786
0 0.37994791666666666 0.36779324055666 0.0046875 0.02186878727634195
0 0.56796875 0.378727634194831 0.008854166666666666 0.02982107355864811
0 0.5950520833333334 0.39214711729622265 0.0359375 0.04671968190854871
0 0.48333333333333334 0.40656063618290256 0.025 0.027833001988071572
0 0.32369791666666664 0.4140159045725646 0.0078125 0.03479125248508946
0 0.8770833333333333 0.41302186878727637 0.009375 0.020874751491053677
0 0.62578125 0.4105367793240557 0.013020833333333334 0.011928429423459244
0 0.8549479166666667 0.4418489065606362 0.0067708333333333336 0.032803180914512925
0 0.7111979166666667 0.45029821073558646 0.0140625 0.04771371769383698
0 0.05416666666666667 0.44731610337972166 0.014583333333333334 0.015904572564612324
0 0.8859375 0.4542743538767396 0.023958333333333335 0.019880715705765408
0 0.6630208333333333 0.4587475149105368 0.007291666666666667 0.014910536779324055
0 0.5190104166666667 0.47664015904572565 0.009895833333333333 0.040755467196819085
0 0.9052083333333333 0.48111332007952284 0.019791666666666666 0.0437375745526839
0 0.6953125 0.47514910536779326 0.007291666666666667 0.013916500994035786
0 0.6744791666666666 0.4990059642147117 0.016666666666666666 0.05964214711729622
0 0.9338541666666667 0.4860834990059642 0.015625 0.02385685884691849
0 0.115625 0.4865805168986084 0.00625 0.012922465208747515
0 0.8200520833333333 0.49353876739562624 0.0140625 0.018886679920477135
0 0.7265625 0.4985089463220676 0.008333333333333333 0.016898608349900597
0 0.5809895833333333 0.5193836978131213 0.0203125 0.04473161033797217
0 0.8463541666666666 0.51441351888668 0.013541666666666667 0.032803180914512925
0 0.7515625 0.5337972166998012 0.010416666666666666 0.039761431411530816
0 0.8083333333333333 0.5253479125248509 0.01875 0.018886679920477135
0 0.7825520833333334 0.5313121272365805 0.0067708333333333336 0.02882703777335984
0 0.52421875 0.5357852882703777 0.0171875 0.011928429423459244
0 0.6653645833333334 0.5452286282306164 0.0109375 0.02286282306163022
0 0.79296875 0.5825049701789264 0.0296875 0.0437375745526839
0 0.6286458333333333 0.5710735586481114 0.010416666666666666 0.02286282306163022
0 0.5427083333333333 0.5795228628230616 0.016666666666666666 0.015904572564612324
0 0.5166666666666667 0.5785288270377733 0.0125 0.011928429423459244
0 0.31328125 0.5815109343936382 0.0140625 0.011928429423459244
0 0.60625 0.588469184890656 0.019791666666666666 0.011928429423459244
0 0.23619791666666667 0.5969184890656064 0.008854166666666666 0.018886679920477135
0 0.9325520833333333 0.6058648111332008 0.011979166666666667 0.02286282306163022
0 0.5505208333333333 0.6192842942345924 0.009375 0.041749502982107355
0 0.5888020833333333 0.6073558648111332 0.016145833333333335 0.013916500994035786
0 0.89453125 0.6187872763419483 0.0109375 0.0268389662027833
0 0.6591145833333333 0.6158051689860835 0.0234375 0.016898608349900597
0 0.578125 0.6242544731610338 0.015625 0.02584493041749503
0 0.8822916666666667 0.6491053677932406 0.01875 0.0437375745526839
0 0.6458333333333334 0.6724652087475149 0.019791666666666666 0.03479125248508946
0 0.9372395833333333 0.6833996023856859 0.0140625 0.032803180914512925
0 0.6114583333333333 0.6868787276341949 0.00625 0.02584493041749503
0 0.35520833333333335 0.6933399602385686 0.019791666666666666 0.02485089463220676
0 0.32083333333333336 0.7012922465208747 0.005208333333333333 0.030815109343936383
0 0.9794270833333333 0.7082504970178927 0.0296875 0.040755467196819085
0 0.5565104166666667 0.69831013916501 0.018229166666666668 0.012922465208747515
0 0.6619791666666667 0.7042743538767395 0.014583333333333334 0.010934393638170975
0 0.60078125 0.7181908548707754 0.0234375 0.014910536779324055
0 0.4231770833333333 0.7301192842942346 0.015104166666666667 0.030815109343936383
0 0.9950520833333333 0.73558648111332 0.009895833333333333 0.017892644135188866
0 0.09661458333333334 0.7529821073558648 0.013020833333333334 0.03479125248508946
0 0.596875 0.7514910536779325 0.01875 0.009940357852882704
0 0.5419270833333333 0.7723658051689861 0.016145833333333335 0.03777335984095427
0 0.9450520833333333 0.786779324055666 0.013020833333333334 0.032803180914512925
0 0.7619791666666667 0.8474155069582505 0.022916666666666665 0.032803180914512925
0 0.4921875 0.8543737574552683 0.019791666666666666 0.02882703777335984
0 0.5989583333333334 0.8588469184890656 0.019791666666666666 0.02982107355864811
0 0.58203125 0.8653081510934394 0.0078125 0.02882703777335984
0 0.8338541666666667 0.9015904572564613 0.020833333333333332 0.0536779324055666
0 0.45078125 0.8881709741550696 0.0067708333333333336 0.02882703777335984
0 0.38619791666666664 0.8946322067594433 0.0067708333333333336 0.03180914512922465
0 0.7057291666666666 0.9070576540755467 0.011458333333333333 0.040755467196819085
0 0.4296875 0.9025844930417495 0.008333333333333333 0.019880715705765408
0 0.41119791666666666 0.9035785288270378 0.011979166666666667 0.02385685884691849
0 0.9708333333333333 0.9145129224652088 0.011458333333333333 0.02186878727634195
0 0.759375 0.9309145129224652 0.0125 0.02286282306163022
0 0.5104166666666666 0.9567594433399602 0.008333333333333333 0.016898608349900597
0 0.9971354166666667 0.9637176938369781 0.005729166666666666 0.02882703777335984
0 0.8598958333333333 0.9766401590457257 0.023958333333333335 0.04473161033797217
0 0.77578125 0.9666998011928429 0.019270833333333334 0.012922465208747515
0 0.7856770833333333 0.9811133200795229 0.027604166666666666 0.03578528827037773
0 0.9315104166666667 0.9895626242544732 0.021354166666666667 0.018886679920477135