0 0.17161458333333332 0.018389662027833 0.009895833333333333 0.036779324055666
0 0.9026041666666667 0.0054671968190854875 0.019791666666666666 0.010934393638170975
0 0.73515625 0.027833001988071572 0.005729166666666666 0.03180914512922465
0 0.034895833333333334 0.027335984095427434 0.0125 0.02286282306163022
0 0.153125 0.059145129224652086 0.015625 0.06063618290258449
0 0.5606770833333333 0.040755467196819085 0.016145833333333335 0.02186878727634195
0 0.6028645833333334 0.04920477137176938 0.0140625 0.030815109343936383
0 0.18828125 0.04970178926441352 0.0067708333333333336 0.02584493041749503
0 0.26223958333333336 0.04721669980119284 0.013020833333333334 0.020874751491053677
0 0.9888020833333333 0.06709741550695825 0.021354166666666667 0.040755467196819085
0 0.6729166666666667 0.06809145129224652 0.021875 0.030815109343936383
0 0.5942708333333333 0.06411530815109344 0.014583333333333334 0.016898608349900597
0 0.005208333333333333 0.09791252485089463 0.010416666666666666 0.036779324055666
0 0.18177083333333333 0.10288270377733598 0.013541666666666667 0.040755467196819085
0 0.2674479166666667 0.09791252485089463 0.015104166666666667 0.030815109343936383
0 0.4390625 0.0989065606361829 0.0125 0.0268389662027833
0 0.30416666666666664 0.11083499005964215 0.014583333333333334 0.048707753479125246
0 0.02890625 0.1058648111332008 0.0109375 0.016898608349900597
0 0.33984375 0.11630218687872763 0.0067708333333333336 0.02982107355864811
0 0.61640625 0.11282306163021869 0.018229166666666668 0.02286282306163022
0 0.7169270833333333 0.12077534791252485 0.0140625 0.020874751491053677
0 0.4791666666666667 0.12823061630218688 0.0125 0.03180914512922465
0 0.2578125 0.13220675944333996 0.022916666666666665 0.033797216699801194
0 0.6252604166666667 0.1496023856858847 0.0078125 0.036779324055666
0 0.7005208333333334 0.14860834990059643 0.010416666666666666 0.02286282306163022
0 0.24270833333333333 0.15606361829025844 0.013541666666666667 0.02982107355864811
0 0.3888020833333333 0.1610337972166998 0.0140625 0.03180914512922465
0 0.4234375 0.17992047713717693 0.01875 0.039761431411530816
0 0.3026041666666667 0.1824055666003976 0.00625 0.018886679920477135
0 0.48151041666666666 0.18389662027833 0.013020833333333334 0.02186878727634195
0 0.7328125 0.1918489065606362 0.021875 0.03578528827037773
0 0.2708333333333333 0.20029821073558648 0.01875 0.03479125248508946
0 0.24713541666666666 0.1978131212723658 0.009895833333333333 0.02385685884691849
0 0.46848958333333335 0.19980119284294234 0.0046875 0.02584493041749503
0 0.4890625 0.21819085487077536 0.011458333333333333 0.040755467196819085
0 0.28619791666666666 0.21968190854870775 0.008854166666666666 0.033797216699801194
0 0.534375 0.21520874751491054 0.013541666666666667 0.016898608349900597
0 0.12942708333333333 0.23359840954274355 0.0203125 0.0437375745526839
0 0.37786458333333334 0.21769383697813122 0.0109375 0.011928429423459244
0 0.3104166666666667 0.2276341948310139 0.008333333333333333 0.02186878727634195
0 0.525 0.23061630218687873 0.015625 0.02982107355864811
0 0.3848958333333333 0.23856858846918488 0.014583333333333334 0.02385685884691849
0 0.40130208333333334 0.2345924453280318 0.0078125 0.013916500994035786
0 0.31145833333333334 0.24900596421471172 0.011458333333333333 0.02286282306163022
0 0.05755208333333333 0.2554671968190855 0.009895833333333333 0.02186878727634195
0 0.5174479166666667 0.2639165009940358 0.0078125 0.032803180914512925
0 0.36614583333333334 0.25646123260437376 0.013541666666666667 0.013916500994035786
0 0.26979166666666665 0.26192842942345923 0.0125 0.020874751491053677
0 0.15 0.2649105367793241 0.015625 0.018886679920477135
0 0.39114583333333336 0.27186878727634195 0.00625 0.02485089463220676
0 0.471875 0.275844930417495 0.00625 0.0268389662027833
0 0.37109375 0.2798210735586481 0.0078125 0.0268389662027833
0 0.6265625 0.27634194831013914 0.016666666666666666 0.011928429423459244
0 0.41354166666666664 0.28479125248508946 0.009375 0.0268389662027833
0 0.5380208333333333 0.28677932405566603 0.009375 0.0268389662027833
0 0.9408854166666667 0.2897614314115308 0.018229166666666668 0.018886679920477135
0 0.48359375 0.297713717693837 0.013020833333333334 0.02882703777335984
0 0.5940104166666667 0.2952286282306163 0.008854166666666666 0.019880715705765408
0 0.1984375 0.30019880715705766 0.010416666666666666 0.02385685884691849
0 0.4200520833333333 0.3106361829025845 0.008854166666666666 0.016898608349900597
0 0.45390625 0.31461232604373757 0.016145833333333335 0.02286282306163022
0 0.5122395833333333 0.31510934393638174 0.016145833333333335 0.013916500994035786
0 0.22317708333333333 0.3250497017892644 0.009895833333333333 0.027833001988071572
0 0.8359375 0.3275347912524851 0.016666666666666666 0.030815109343936383
0 0.4348958333333333 0.3290258449304175 0.009375 0.02982107355864811
0 0.5424479166666667 0.323558648111332 0.009895833333333333 0.018886679920477135
0 0.6166666666666667 0.323558648111332 0.013541666666666667 0.020874751491053677
0 0.6604166666666667 0.3374751491053678 0.017708333333333333 0.02286282306163022
0 0.5763020833333333 0.3359840954274354 0.0203125 0.015904572564612324
0 0.4921875 0.34343936381709744 0.009375 0.0268389662027833
0 0.36380208333333336 0.35685884691848907 0.013020833333333334 0.03777335984095427
0 0.5213541666666667 0.3429423459244533 0.009375 0.011928429423459244
0 0.30052083333333335 0.36182902584493043 0.021875 0.04572564612326044
0 0.029947916666666668 0.3553677932405567 0.0109375 0.02485089463220676
0 0.5114583333333333 0.34840954274353875 0.009375 0.010934393638170975
0 0.45026041666666666 0.3523856858846918 0.021354166666666667 0.014910536779324055
0 0.5596354166666667 0.35685884691848907 0.011979166666666667 0.02385685884691849
0 0.18411458333333333 0.35785288270377735 0.0109375 0.015904572564612324
0 0.1625 0.36928429423459247 0.0125 0.03479125248508946
0 0.7783854166666667 0.3672962226640159 0.0203125 0.020874751491053677
0 0.11875 0.3687872763419483 0.009375 0.017892644135188866
0 0.42291666666666666 0.3817097415506958 0.013541666666666667 0.02982107355864811
0 0.51796875 0.37922465208747513 0.015104166666666667 0.012922465208747515
0 0.054427083333333334 0.3856858846918489 0.016145833333333335 0.02186878727634195
0 0.7059895833333333 0.3911530815109344 0.013020833333333334 0.0268389662027833
0 0.20208333333333334 0.3966202783300199 0.014583333333333334 0.02982107355864811
0 0.16197916666666667 0.3996023856858847 0.007291666666666667 0.019880715705765408
0 0.44427083333333334 0.4070576540755467 0.00625 0.018886679920477135
0 0.17161458333333332 0.4120278330019881 0.009895833333333333 0.014910536779324055
0 0.46848958333333335 0.42196819085487075 0.0203125 0.030815109343936383
0 0.16276041666666666 0.43489065606361826 0.0140625 0.03876739562624255
0 0.30572916666666666 0.43141153081510936 0.019791666666666666 0.02982107355864811
0 0.4401041666666667 0.4259443339960239 0.005208333333333333 0.018886679920477135
0 0.5736979166666667 0.4572564612326044 0.016145833333333335 0.07952286282306163
0 0.6510416666666666 0.43439363817097415 0.015625 0.033797216699801194
0 0.09765625 0.43190854870775347 0.0171875 0.02286282306163022
0 0.28958333333333336 0.4418489065606362 0.009375 0.032803180914512925
0 0.5927083333333333 0.44582504970178927 0.009375 0.036779324055666
0 0.19609375 0.45278330019880714 0.009895833333333333 0.03876739562624255
0 0.5513020833333333 0.45129224652087474 0.024479166666666666 0.03578528827037773
0 0.22421875 0.4552683896620278 0.021354166666666667 0.03777335984095427
0 0.17864583333333334 0.474155069582505 0.011458333333333333 0.0536779324055666
0 0.017708333333333333 0.45825049701789267 0.008333333333333333 0.013916500994035786
0 0.06822916666666666 0.4676938369781312 0.013541666666666667 0.032803180914512925
0 0.14036458333333332 0.47813121272365805 0.0109375 0.0437375745526839
0 0.6049479166666667 0.4721669980119284 0.0140625 0.019880715705765408
0 0.65703125 0.4865805168986084 0.008854166666666666 0.042743538767395624
0 0.6341145833333334 0.4801192842942346 0.011979166666666667 0.02186878727634195
0 0.296875 0.4855864811133201 0.023958333333333335 0.016898608349900597
0 0.37109375 0.49204771371769385 0.005729166666666666 0.03180914512922465
0 0.026822916666666665 0.4985089463220676 0.009895833333333333 0.03876739562624255
0 0.5877604166666667 0.49204771371769385 0.009895833333333333 0.027833001988071572
0 0.6744791666666666 0.4945328031809145 0.019791666666666666 0.02882703777335984
0 0.640625 0.5089463220675944 0.03333333333333333 0.04970178926441352
0 0.11536458333333334 0.5034791252485089 0.016145833333333335 0.016898608349900597
0 0.47942708333333334 0.5064612326043738 0.0234375 0.018886679920477135
0 0.41822916666666665 0.5124254473161034 0.00625 0.02882703777335984
0 0.5729166666666666 0.5089463220675944 0.016666666666666666 0.015904572564612324
0 0.5903645833333333 0.5149105367793241 0.0140625 0.017892644135188866
0 0.08098958333333334 0.5168986083499006 0.0078125 0.011928429423459244
0 0.69921875 0.525844930417495 0.0067708333333333336 0.02982107355864811
0 0.67265625 0.5278330019880716 0.011979166666666667 0.015904572564612324
0 0.4049479166666667 0.5412524850894632 0.03697916666666667 0.032803180914512925
0 0.32786458333333335 0.5392644135188867 0.021354166666666667 0.016898608349900597
0 0.6453125 0.5561630218687873 0.013541666666666667 0.0268389662027833
0 0.05416666666666667 0.5631212723658051 0.013541666666666667 0.02485089463220676
0 0.5182291666666666 0.5800198807157058 0.009375 0.048707753479125246
0 0.44557291666666665 0.5750497017892644 0.019270833333333334 0.03479125248508946
0 0.9302083333333333 0.5785288270377733 0.011458333333333333 0.039761431411530816
0 0.0703125 0.5725646123260437 0.01875 0.02584493041749503
0 0.09921875 0.5710735586481114 0.009895833333333333 0.014910536779324055
0 0.6213541666666667 0.5780318091451292 0.0125 0.012922465208747515
0 0.6799479166666667 0.5849900596421471 0.0171875 0.0268389662027833
0 0.5364583333333334 0.5924453280318092 0.011458333333333333 0.033797216699801194
0 0.26276041666666666 0.5939363817097415 0.021354166666666667 0.02882703777335984
0 0.11822916666666666 0.6073558648111332 0.021875 0.027833001988071572
0 0.41458333333333336 0.6123260437375746 0.011458333333333333 0.03777335984095427
0 0.06796875 0.6118290258449304 0.011979166666666667 0.0268389662027833
0 0.46484375 0.6167992047713717 0.013020833333333334 0.030815109343936383
0 0.84453125 0.6163021868787276 0.018229166666666668 0.013916500994035786
0 0.578125 0.6277335984095428 0.016666666666666666 0.030815109343936383
0 0.68125 0.6237574552683897 0.015625 0.02485089463220676
0 0.728125 0.6257455268389662 0.010416666666666666 0.02485089463220676
0 0.4934895833333333 0.6361829025844931 0.016145833333333335 0.033797216699801194
0 0.27291666666666664 0.6441351888667992 0.009375 0.02385685884691849
0 0.09322916666666667 0.661530815109344 0.013541666666666667 0.02485089463220676
0 0.584375 0.6774353876739563 0.028125 0.05666003976143141
0 0.9231770833333334 0.6635188866799204 0.022395833333333334 0.0268389662027833
0 0.24453125 0.6620278330019881 0.0234375 0.019880715705765408
0 0.31145833333333334 0.6669980119284294 0.022916666666666665 0.017892644135188866
0 0.11354166666666667 0.6665009940357853 0.00625 0.014910536779324055
0 0.6171875 0.6789264413518886 0.016666666666666666 0.03777335984095427
0 0.45859375 0.6694831013916501 0.016145833333333335 0.016898608349900597
0 0.1734375 0.694831013916501 0.025 0.055666003976143144
0 0.13802083333333334 0.6863817097415507 0.014583333333333334 0.02286282306163022
0 0.47630208333333335 0.6963220675944334 0.015104166666666667 0.02485089463220676
0 0.45208333333333334 0.7012922465208747 0.014583333333333334 0.02882703777335984
0 0.4947916666666667 0.7052683896620279 0.013541666666666667 0.03479125248508946
0 0.6028645833333334 0.7122266401590457 0.015104166666666667 0.042743538767395624
0 0.6291666666666667 0.7152087475149106 0.009375 0.02882703777335984
0 0.578125 0.7117296222664016 0.007291666666666667 0.017892644135188866
0 0.7359375 0.7176938369781312 0.009375 0.02982107355864811
0 0.5705729166666667 0.7236580516898609 0.005729166666666666 0.013916500994035786
0 0.22682291666666668 0.7370775347912525 0.022395833333333334 0.02882703777335984
0 0.3953125 0.7435387673956262 0.017708333333333333 0.02982107355864811
0 0.4348958333333333 0.7350894632206759 0.00625 0.010934393638170975
0 0.5338541666666666 0.7475149105367793 0.009375 0.03578528827037773
0 0.07916666666666666 0.7544731610337972 0.022916666666666665 0.027833001988071572
0 0.50625 0.7490059642147118 0.017708333333333333 0.012922465208747515
0 0.18203125 0.7678926441351889 0.0203125 0.03479125248508946
0 0.56796875 0.7688866799204771 0.013020833333333334 0.03479125248508946
0 0.33671875 0.7624254473161034 0.0078125 0.019880715705765408
0 0.4484375 0.7614314115308151 0.007291666666666667 0.017892644135188866
0 0.3924479166666667 0.7664015904572564 0.0067708333333333336 0.02385685884691849
0 0.5981770833333333 0.7793240556660039 0.0140625 0.02982107355864811
0 0.5294270833333333 0.7783300198807157 0.0078125 0.013916500994035786
0 0.7497395833333333 0.7957256461232605 0.025520833333333333 0.03876739562624255
0 0.5265625 0.8001988071570576 0.008333333333333333 0.027833001988071572
0 0.8036458333333333 0.7997017892644135 0.015625 0.012922465208747515
0 0.5971354166666667 0.8031809145129225 0.0078125 0.013916500994035786
0 0.015625 0.8210735586481114 0.023958333333333335 0.0437375745526839
0 0.45234375 0.812624254473161 0.013020833333333334 0.018886679920477135
0 0.5760416666666667 0.8166003976143141 0.014583333333333334 0.02882703777335984
0 0.6619791666666667 0.820079522862823 0.00625 0.02186878727634195
0 0.7877604166666666 0.8215705765407555 0.0140625 0.02485089463220676
0 0.4432291666666667 0.8315109343936382 0.0125 0.040755467196819085
0 0.63125 0.8205765407554672 0.009375 0.016898608349900597
0 0.5421875 0.8225646123260437 0.014583333333333334 0.010934393638170975
0 0.4231770833333333 0.8374751491053678 0.005729166666666666 0.03479125248508946
0 0.5109375 0.8280318091451292 0.019791666666666666 0.013916500994035786
0 0.559375 0.8379721669980119 0.014583333333333334 0.02385685884691849
0 0.3072916666666667 0.8474155069582505 0.016666666666666666 0.03479125248508946
0 0.4622395833333333 0.8588469184890656 0.024479166666666666 0.0536779324055666
0 0.71953125 0.8503976143141153 0.024479166666666666 0.0268389662027833
0 0.33229166666666665 0.8508946322067594 0.01875 0.015904572564612324
0 0.6776041666666667 0.8583499005964215 0.016666666666666666 0.032803180914512925
0 0.7768229166666667 0.8717693836978131 0.0203125 0.0536779324055666
0 0.58671875 0.8623260437375746 0.015104166666666667 0.02485089463220676
0 0.039322916666666666 0.8697813121272365 0.011979166666666667 0.02982107355864811
0 0.6231770833333333 0.8667992047713717 0.018229166666666668 0.017892644135188866
0 0.7552083333333334 0.8742544731610338 0.015625 0.02485089463220676
0 0.60859375 0.8921471172962226 0.008854166666666666 0.040755467196819085
0 0.5643229166666667 0.8886679920477137 0.011979166666666667 0.02584493041749503
0 0.20572916666666666 0.8916500994035785 0.010416666666666666 0.013916500994035786
0 0.4296875 0.9005964214711729 0.016666666666666666 0.027833001988071572
0 0.09947916666666666 0.8986083499005965 0.008333333333333333 0.013916500994035786
0 0.6856770833333333 0.9035785288270378 0.009895833333333333 0.02186878727634195
0 0.3536458333333333 0.908051689860835 0.020833333333333332 0.02485089463220676
0 0.10572916666666667 0.915506958250497 0.009375 0.027833001988071572
0 0.5200520833333333 0.9174950298210736 0.018229166666666668 0.02385685884691849
0 0.5921875 0.9214711729622267 0.0125 0.02186878727634195
0 0.9059895833333333 0.9239562624254473 0.0078125 0.012922465208747515
0 0.17109375 0.9423459244532804 0.008854166666666666 0.011928429423459244
0 0.4674479166666667 0.9463220675944334 0.0140625 0.019880715705765408
0 0.5286458333333334 0.9527833001988072 0.016666666666666666 0.032803180914512925
0 0.4942708333333333 0.9512922465208747 0.013541666666666667 0.027833001988071572
0 0.42239583333333336 0.9617296222664016 0.019791666666666666 0.02286282306163022
0 0.70625 0.9826043737574552 0.011458333333333333 0.032803180914512925
0 0.19401041666666666 0.9845924453280318 0.024479166666666666 0.02882703777335984
0 0.3854166666666667 0.9840954274353877 0.010416666666666666 0.02982107355864811
0 0.16588541666666667 0.9845924453280318 0.008854166666666666 0.02286282306163022
0 0.35989583333333336 0.98558648111332 0.01875 0.018886679920477135
0 0.40338541666666666 0.989065606361829 0.011979166666666667 0.019880715705765408
0 0.7169270833333333 0.9920477137176938 0.0067708333333333336 0.013916500994035786
0 0.43333333333333335 0.9930417495029821 0.015625 0.011928429423459244
0 0.5588541666666667 0.9950298210735586 0.008333333333333333 0.007952286282306162
0 0.5736979166666667 0.9955268389662028 0.015104166666666667 0.006958250497017893