0 0.0171875 0.004970178926441352 0.022916666666666665 0.009940357852882704
0 0.9072916666666667 0.0034791252485089465 0.01875 0.006958250497017893
0 0.9645833333333333 0.007455268389662028 0.06979166666666667 0.014910536779324055
0 0.00625 0.0268389662027833 0.0125 0.02186878727634195
0 0.0546875 0.03777335984095427 0.007291666666666667 0.013916500994035786
0 0.8518229166666667 0.06312127236580517 0.0078125 0.016898608349900597
0 0.9283854166666666 0.0874751491053678 0.022395833333333334 0.027833001988071572
0 0.9041666666666667 0.11779324055666004 0.007291666666666667 0.012922465208747515
0 0.8645833333333334 0.12872763419483102 0.010416666666666666 0.012922465208747515
0 0.8177083333333334 0.13817097415506957 0.007291666666666667 0.013916500994035786
0 0.0049479166666666664 0.14512922465208747 0.009895833333333333 0.013916500994035786
0 0.66015625 0.15059642147117297 0.011979166666666667 0.018886679920477135
0 0.9895833333333334 0.1933399602385686 0.008333333333333333 0.018886679920477135
0 0.2825520833333333 0.22564612326043737 0.015104166666666667 0.019880715705765408
0 0.9619791666666667 0.268389662027833 0.016666666666666666 0.013916500994035786
0 0.7697916666666667 0.2813121272365805 0.007291666666666667 0.013916500994035786
0 0.6885416666666667 0.30318091451292245 0.014583333333333334 0.019880715705765408
0 0.4203125 0.3195825049701789 0.010416666666666666 0.012922465208747515
0 0.9296875 0.41898608349900596 0.010416666666666666 0.018886679920477135
0 0.84296875 0.42445328031809143 0.0109375 0.011928429423459244
0 0.20104166666666667 0.4403578528827038 0.010416666666666666 0.03777335984095427
0 0.00234375 0.4542743538767396 0.0046875 0.0536779324055666
0 0.9481770833333333 0.4517892644135189 0.009895833333333333 0.012922465208747515
0 0.9536458333333333 0.49204771371769385 0.010416666666666666 0.015904572564612324
0 0.23515625 0.5248508946322068 0.0078125 0.017892644135188866
0 0.9203125 0.5482107355864811 0.016666666666666666 0.014910536779324055
0 0.08697916666666666 0.5556660039761432 0.008333333333333333 0.013916500994035786
0 0.13776041666666666 0.562624254473161 0.008854166666666666 0.02584493041749503
0 0.2877604166666667 0.5755467196819085 0.009895833333333333 0.013916500994035786
0 0.4669270833333333 0.5790258449304175 0.0078125 0.02286282306163022
0 0.29921875 0.5859840954274353 0.0067708333333333336 0.012922465208747515
0 0.44609375 0.602882703777336 0.011979166666666667 0.032803180914512925
0 0.7221354166666667 0.5914512922465208 0.008854166666666666 0.011928429423459244
0 0.028385416666666666 0.6043737574552683 0.008854166666666666 0.019880715705765408
0 0.10364583333333334 0.6048707753479126 0.007291666666666667 0.02286282306163022
0 0.76328125 0.6113320079522863 0.005729166666666666 0.02385685884691849
0 0.69921875 0.610337972166998 0.0078125 0.013916500994035786
0 0.8463541666666666 0.614314115308151 0.008333333333333333 0.013916500994035786
0 0.103125 0.6242544731610338 0.007291666666666667 0.011928429423459244
0 0.5833333333333334 0.6401590457256461 0.017708333333333333 0.02584493041749503
0 0.6971354166666667 0.6505964214711729 0.0078125 0.02286282306163022
0 0.12395833333333334 0.6555666003976143 0.010416666666666666 0.02286282306163022
0 0.7291666666666666 0.6585487077534792 0.007291666666666667 0.016898608349900597
0 0.78046875 0.6699801192842942 0.0046875 0.02982107355864811
0 0.8033854166666666 0.6858846918489065 0.0078125 0.011928429423459244
0 0.60859375 0.6878727634194831 0.009895833333333333 0.013916500994035786
0 0.83046875 0.6888667992047713 0.011979166666666667 0.011928429423459244
0 0.9786458333333333 0.6968190854870775 0.00625 0.017892644135188866
0 0.640625 0.7067594433399602 0.009375 0.019880715705765408
0 0.7848958333333333 0.7365805168986084 0.010416666666666666 0.013916500994035786
0 0.43046875 0.7480119284294234 0.008854166666666666 0.016898608349900597
0 0.7955729166666666 0.7460238568588469 0.0067708333333333336 0.012922465208747515
0 0.8955729166666667 0.7569582504970179 0.0078125 0.02286282306163022
0 0.33046875 0.7659045725646123 0.0109375 0.02882703777335984
0 0.6953125 0.768389662027833 0.008333333333333333 0.011928429423459244
0 0.4713541666666667 0.7818091451292246 0.00625 0.02485089463220676
0 0.6703125 0.7917495029821073 0.00625 0.018886679920477135
0 0.7966145833333333 0.7997017892644135 0.013020833333333334 0.012922465208747515
0 0.815625 0.8146123260437376 0.013541666666666667 0.008946322067594433
0 0.5778645833333333 0.8260437375745527 0.008854166666666666 0.027833001988071572
0 0.6557291666666667 0.8315109343936382 0.010416666666666666 0.020874751491053677
0 0.006510416666666667 0.8369781312127237 0.0109375 0.02385685884691849
0 0.9708333333333333 0.8648111332007953 0.009375 0.019880715705765408
0 0.65390625 0.8682902584493042 0.016145833333333335 0.016898608349900597
0 0.9645833333333333 0.8836978131212724 0.009375 0.017892644135188866
0 0.7106770833333333 0.897117296222664 0.0109375 0.018886679920477135
0 0.03046875 0.9075546719681908 0.013020833333333334 0.019880715705765408
0 0.534375 0.904572564612326 0.011458333333333333 0.011928429423459244
0 0.88984375 0.9070576540755467 0.016145833333333335 0.018886679920477135
0 0.6807291666666667 0.9135188866799204 0.009375 0.015904572564612324
0 0.9348958333333334 0.9279324055666004 0.009375 0.012922465208747515
0 0.7080729166666667 0.9314115308151093 0.009895833333333333 0.013916500994035786
0 0.6760416666666667 0.9363817097415507 0.004166666666666667 0.019880715705765408
0 0.43515625 0.941351888667992 0.0067708333333333336 0.011928429423459244
0 0.7848958333333333 0.9507952286282306 0.00625 0.020874751491053677
0 0.8184895833333333 0.9686878727634195 0.013020833333333334 0.020874751491053677
0 0.5223958333333333 0.9681908548707754 0.011458333333333333 0.017892644135188866
0 0.6122395833333333 0.9666998011928429 0.0078125 0.010934393638170975
0 0.46328125 0.9721669980119284 0.019270833333333334 0.013916500994035786
0 0.7138020833333333 0.9751491053677932 0.011979166666666667 0.015904572564612324
0 0.7364583333333333 0.98558648111332 0.01875 0.0268389662027833
0 0.6661458333333333 0.9905566600397614 0.0125 0.016898608349900597