0 0.34739583333333335 0.3667992047713718 0.020833333333333332 0.0437375745526839
0 0.3640625 0.474155069582505 0.009375 0.033797216699801194
0 0.6484375 0.5417495029821073 0.014583333333333334 0.027833001988071572
0 0.6393229166666666 0.5601391650099403 0.0046875 0.020874751491053677
0 0.65 0.5730616302186878 0.0125 0.012922465208747515
0 0.44192708333333336 0.632703777335984 0.0078125 0.02485089463220676
0 0.9596354166666666 0.632703777335984 0.0078125 0.0268389662027833
0 0.36640625 0.7012922465208747 0.016145833333333335 0.0268389662027833
0 0.49166666666666664 0.6988071570576541 0.009375 0.015904572564612324
0 0.85625 0.7559642147117296 0.007291666666666667 0.040755467196819085
0 0.36770833333333336 0.782803180914513 0.0125 0.048707753479125246
0 0.5549479166666667 0.9835984095427436 0.011979166666666667 0.030815109343936383