0 0.52109375 0.020377733598409543 0.0203125 0.040755467196819085
0 0.80546875 0.011928429423459244 0.015104166666666667 0.02385685884691849
0 0.8338541666666667 0.009940357852882704 0.013541666666666667 0.019880715705765408
0 0.9864583333333333 0.014910536779324055 0.026041666666666668 0.02982107355864811
0 0.7421875 0.027335984095427434 0.0125 0.02485089463220676
0 0.35130208333333335 0.030815109343936383 0.0203125 0.027833001988071572
0 0.41901041666666666 0.030815109343936383 0.016145833333333335 0.02584493041749503
0 0.93671875 0.04970178926441352 0.011979166666666667 0.02584493041749503
0 0.6893229166666667 0.07654075546719682 0.021354166666666667 0.0437375745526839
0 0.89375 0.07803180914512922 0.036458333333333336 0.042743538767395624
0 0.71484375 0.073558648111332 0.0140625 0.027833001988071572
0 0.8377604166666667 0.091948310139165 0.008854166666666666 0.020874751491053677
0 0.7809895833333333 0.10188866799204771 0.0203125 0.030815109343936383
0 0.6651041666666667 0.10039761431411531 0.007291666666666667 0.019880715705765408
0 0.1609375 0.10685884691848907 0.010416666666666666 0.018886679920477135
0 0.34713541666666664 0.1073558648111332 0.0140625 0.02186878727634195
0 0.17291666666666666 0.11332007952286283 0.009375 0.019880715705765408
0 0.8783854166666667 0.11779324055666004 0.011979166666666667 0.0268389662027833
0 0.8979166666666667 0.11978131212723658 0.016666666666666666 0.030815109343936383
0 0.9135416666666667 0.13817097415506957 0.017708333333333333 0.0636182902584493
0 0.8190104166666666 0.1272365805168986 0.011979166666666667 0.013916500994035786
0 0.6729166666666667 0.15159045725646123 0.010416666666666666 0.032803180914512925
0 0.7455729166666667 0.15755467196819087 0.0140625 0.014910536779324055
0 0.2421875 0.17445328031809146 0.007291666666666667 0.02882703777335984
0 0.37421875 0.16998011928429424 0.0078125 0.011928429423459244
0 0.9731770833333333 0.17992047713717693 0.027604166666666666 0.027833001988071572
0 0.2955729166666667 0.17445328031809146 0.0067708333333333336 0.010934393638170975
0 0.19453125 0.2231610337972167 0.0203125 0.032803180914512925
0 0.7338541666666667 0.2201789264413519 0.007291666666666667 0.020874751491053677
0 0.7611979166666667 0.26043737574552683 0.005729166666666666 0.02584493041749503
0 0.73671875 0.268389662027833 0.008854166666666666 0.019880715705765408
0 0.29609375 0.2798210735586481 0.005729166666666666 0.030815109343936383
0 0.6653645833333334 0.2982107355864811 0.013020833333333334 0.013916500994035786
0 0.9932291666666667 0.31709741550695825 0.0125 0.02186878727634195
0 0.73359375 0.31809145129224653 0.011979166666666667 0.019880715705765408
0 0.45416666666666666 0.32952286282306165 0.015625 0.02882703777335984
0 0.796875 0.3349900596421471 0.011458333333333333 0.02186878727634195
0 0.4197916666666667 0.3379721669980119 0.008333333333333333 0.019880715705765408
0 0.98046875 0.34244532803180916 0.011979166666666667 0.02882703777335984
0 0.42916666666666664 0.352882703777336 0.016666666666666666 0.03180914512922465
0 0.6942708333333333 0.34840954274353875 0.013541666666666667 0.014910536779324055
0 0.5208333333333334 0.3697813121272366 0.021875 0.039761431411530816
0 0.5953125 0.3697813121272366 0.00625 0.02982107355864811
0 0.13151041666666666 0.37673956262425445 0.015104166666666667 0.033797216699801194
0 0.6734375 0.3782306163021869 0.009375 0.03479125248508946
0 0.6846354166666667 0.36928429423459247 0.0078125 0.012922465208747515
0 0.8109375 0.37922465208747513 0.010416666666666666 0.02485089463220676
0 0.7755208333333333 0.3832007952286282 0.013541666666666667 0.02485089463220676
0 0.7981770833333334 0.40059642147117297 0.0140625 0.019880715705765408
0 0.7234375 0.42147117296222664 0.010416666666666666 0.02186878727634195
0 0.2125 0.4577534791252485 0.007291666666666667 0.030815109343936383
0 0.83125 0.45029821073558646 0.0125 0.011928429423459244
0 0.5463541666666667 0.4696819085487077 0.005208333333333333 0.02882703777335984
0 0.9127604166666666 0.46669980119284293 0.013020833333333334 0.012922465208747515
0 0.78671875 0.4721669980119284 0.009895833333333333 0.007952286282306162
0 0.9119791666666667 0.48906560636182905 0.013541666666666667 0.015904572564612324
0 0.8614583333333333 0.4955268389662028 0.013541666666666667 0.016898608349900597
0 0.7463541666666667 0.5009940357852882 0.007291666666666667 0.02584493041749503
0 0.7645833333333333 0.49801192842942343 0.01875 0.015904572564612324
0 0.9856770833333334 0.5039761431411531 0.009895833333333333 0.02385685884691849
0 0.030208333333333334 0.525844930417495 0.015625 0.03777335984095427
0 0.53359375 0.5159045725646123 0.0171875 0.011928429423459244
0 0.9583333333333334 0.5248508946322068 0.009375 0.02584493041749503
0 0.93984375 0.532803180914513 0.016145833333333335 0.015904572564612324
0 0.7658854166666667 0.5432405566600398 0.005729166666666666 0.02882703777335984
0 0.5989583333333334 0.5636182902584493 0.010416666666666666 0.011928429423459244
0 0.7622395833333333 0.5760437375745527 0.009895833333333333 0.032803180914512925
0 0.9643229166666667 0.5800198807157058 0.025520833333333333 0.02882703777335984
0 0.7994791666666666 0.5815109343936382 0.011458333333333333 0.027833001988071572
0 0.6057291666666667 0.5904572564612326 0.009375 0.027833001988071572
0 0.9885416666666667 0.5949304174950298 0.011458333333333333 0.030815109343936383
0 0.5416666666666666 0.595427435387674 0.0125 0.019880715705765408
0 0.8705729166666667 0.6033797216699801 0.0067708333333333336 0.02584493041749503
0 0.2984375 0.6023856858846919 0.020833333333333332 0.015904572564612324
0 0.9963541666666667 0.6063618290258449 0.00625 0.02584493041749503
0 0.64296875 0.617296222664016 0.009895833333333333 0.017892644135188866
0 0.4270833333333333 0.628727634194831 0.008333333333333333 0.02882703777335984
0 0.46536458333333336 0.6406560636182903 0.0109375 0.05069582504970179
0 0.065625 0.6346918489065606 0.009375 0.030815109343936383
0 0.82734375 0.6277335984095428 0.016145833333333335 0.014910536779324055
0 0.27005208333333336 0.6307157057654076 0.018229166666666668 0.012922465208747515
0 0.7432291666666667 0.6515904572564613 0.015625 0.014910536779324055
0 0.7208333333333333 0.658051689860835 0.008333333333333333 0.015904572564612324
0 0.81875 0.6669980119284294 0.014583333333333334 0.02982107355864811
0 0.7002604166666667 0.6744532803180915 0.009895833333333333 0.030815109343936383
0 0.3138020833333333 0.6863817097415507 0.0067708333333333336 0.032803180914512925
0 0.8770833333333333 0.6868787276341949 0.03125 0.033797216699801194
0 0.9197916666666667 0.6804174950298211 0.013541666666666667 0.018886679920477135
0 0.7575520833333333 0.68389662027833 0.008854166666666666 0.017892644135188866
0 0.44296875 0.6958250497017893 0.016145833333333335 0.019880715705765408
0 0.6361979166666667 0.6988071570576541 0.009895833333333333 0.02186878727634195
0 0.7869791666666667 0.702286282306163 0.014583333333333334 0.020874751491053677
0 0.84140625 0.7027833001988072 0.015104166666666667 0.013916500994035786
0 0.9002604166666667 0.7281312127236581 0.019270833333333334 0.06262425447316103
0 0.8020833333333334 0.7375745526838966 0.019791666666666666 0.061630218687872766
0 0.6143229166666667 0.7186878727634195 0.013020833333333334 0.013916500994035786
0 0.7830729166666667 0.7201789264413518 0.013020833333333334 0.010934393638170975
0 0.690625 0.7410536779324056 0.007291666666666667 0.036779324055666
0 0.7192708333333333 0.742544731610338 0.014583333333333334 0.013916500994035786
0 0.41432291666666665 0.7450298210735586 0.009895833333333333 0.010934393638170975
0 0.5932291666666667 0.7668986083499006 0.014583333333333334 0.03876739562624255
0 0.04088541666666667 0.7668986083499006 0.016145833333333335 0.0268389662027833
0 0.7739583333333333 0.7713717693836978 0.0125 0.019880715705765408
0 0.8416666666666667 0.7733598409542743 0.0125 0.02385685884691849
0 0.70234375 0.794234592445328 0.0203125 0.04970178926441352
0 0.9463541666666667 0.7847912524850894 0.009375 0.030815109343936383
0 0.8950520833333333 0.7877733598409543 0.008854166666666666 0.030815109343936383
0 0.40208333333333335 0.7823061630218688 0.014583333333333334 0.011928429423459244
0 0.5627604166666667 0.7912524850894632 0.015104166666666667 0.017892644135188866
0 0.31640625 0.8006958250497018 0.0067708333333333336 0.02882703777335984
0 0.8770833333333333 0.8026838966202783 0.00625 0.030815109343936383
0 0.7708333333333334 0.797713717693837 0.010416666666666666 0.012922465208747515
0 0.8036458333333333 0.8076540755467196 0.011458333333333333 0.018886679920477135
0 0.5075520833333333 0.8116302186878728 0.005729166666666666 0.020874751491053677
0 0.8294270833333334 0.8195825049701789 0.018229166666666668 0.030815109343936383
0 0.6716145833333333 0.820079522862823 0.0109375 0.019880715705765408
0 0.5421875 0.8275347912524851 0.004166666666666667 0.02882703777335984
0 0.43515625 0.8265407554671969 0.0203125 0.02485089463220676
0 0.7908854166666667 0.8290258449304175 0.016145833333333335 0.027833001988071572
0 0.5760416666666667 0.8235586481113321 0.014583333333333334 0.012922465208747515
0 0.9049479166666666 0.8280318091451292 0.016145833333333335 0.019880715705765408
0 0.32838541666666665 0.8290258449304175 0.008854166666666666 0.011928429423459244
0 0.5578125 0.834493041749503 0.009375 0.02485089463220676
0 0.5838541666666667 0.841948310139165 0.017708333333333333 0.017892644135188866
0 0.41171875 0.8484095427435387 0.016145833333333335 0.0268389662027833
0 0.6533854166666667 0.8523856858846919 0.016145833333333335 0.02286282306163022
0 0.5018229166666667 0.8518886679920478 0.0203125 0.015904572564612324
0 0.78984375 0.8707753479125249 0.0109375 0.04771371769383698
0 0.759375 0.8553677932405567 0.014583333333333334 0.012922465208747515
0 0.778125 0.8628230616302187 0.010416666666666666 0.017892644135188866
0 0.5856770833333333 0.8658051689860835 0.018229166666666668 0.017892644135188866
0 0.95859375 0.8697813121272365 0.009895833333333333 0.015904572564612324
0 0.7588541666666667 0.8737574552683897 0.0125 0.017892644135188866
0 0.65 0.8951292246520874 0.036458333333333336 0.05666003976143141
0 0.49270833333333336 0.8737574552683897 0.008333333333333333 0.009940357852882704
0 0.6140625 0.8841948310139165 0.00625 0.02882703777335984
0 0.7471354166666667 0.8822067594433399 0.0078125 0.012922465208747515
0 0.7135416666666666 0.9199801192842942 0.011458333333333333 0.05666003976143141
0 0.10234375 0.9040755467196819 0.0203125 0.020874751491053677
0 0.3572916666666667 0.9120278330019881 0.021875 0.020874751491053677
0 0.39348958333333334 0.9145129224652088 0.025520833333333333 0.017892644135188866
0 0.44869791666666664 0.918986083499006 0.013020833333333334 0.0268389662027833
0 0.5395833333333333 0.9199801192842942 0.008333333333333333 0.0268389662027833
0 0.6065104166666667 0.9165009940357853 0.016145833333333335 0.011928429423459244
0 0.8059895833333334 0.9304174950298211 0.0140625 0.017892644135188866
0 0.25338541666666664 0.9393638170974155 0.011979166666666667 0.027833001988071572
0 0.8283854166666667 0.9418489065606361 0.0109375 0.032803180914512925
0 0.4942708333333333 0.9408548707753479 0.008333333333333333 0.02286282306163022
0 0.375 0.9463220675944334 0.025 0.02186878727634195
0 0.646875 0.944831013916501 0.011458333333333333 0.018886679920477135
0 0.6875 0.94831013916501 0.013541666666666667 0.013916500994035786
0 0.6098958333333333 0.9711729622266402 0.01875 0.055666003976143144
0 0.8580729166666666 0.9617296222664016 0.016145833333333335 0.02882703777335984
0 0.6307291666666667 0.9537773359840954 0.013541666666666667 0.008946322067594433
0 0.71484375 0.9681908548707754 0.03177083333333333 0.033797216699801194
0 0.5963541666666666 0.9706759443339961 0.005208333333333333 0.02286282306163022
0 0.7703125 0.9696819085487077 0.008333333333333333 0.020874751491053677
0 0.53671875 0.974155069582505 0.008854166666666666 0.02584493041749503
0 0.31302083333333336 0.9811133200795229 0.016666666666666666 0.03578528827037773
0 0.9966145833333333 0.9726640159045725 0.005729166666666666 0.014910536779324055
0 0.5880208333333333 0.9835984095427436 0.014583333333333334 0.02485089463220676
0 0.6453125 0.9771371769383698 0.013541666666666667 0.007952286282306162
0 0.69296875 0.9870775347912525 0.0171875 0.02385685884691849
0 0.7471354166666667 0.9900596421471173 0.018229166666666668 0.017892644135188866
0 0.35833333333333334 0.9915506958250497 0.008333333333333333 0.014910536779324055
0 0.58046875 0.9930417495029821 0.011979166666666667 0.011928429423459244