0 0.9291666666666667 0.0004970178926441351 0.026041666666666668 0.0009940357852882703
0 0.09973958333333334 0.006958250497017893 0.025520833333333333 0.013916500994035786
0 0.11510416666666666 0.03479125248508946 0.011458333333333333 0.027833001988071572
0 0.35572916666666665 0.042743538767395624 0.00625 0.02186878727634195
0 0.2747395833333333 0.05467196819085487 0.008854166666666666 0.02385685884691849
0 0.06614583333333333 0.061630218687872766 0.022916666666666665 0.02385685884691849
0 0.259375 0.0889662027833002 0.013541666666666667 0.010934393638170975
0 0.5557291666666667 0.09443339960238568 0.009375 0.015904572564612324
0 0.5192708333333333 0.10934393638170974 0.014583333333333334 0.009940357852882704
0 0.0578125 0.12127236580516898 0.0125 0.017892644135188866
0 0.45729166666666665 0.13817097415506957 0.0125 0.009940357852882704
0 0.23645833333333333 0.16749502982107356 0.015625 0.020874751491053677
0 0.0067708333333333336 0.1848906560636183 0.0125 0.027833001988071572
0 0.72890625 0.2077534791252485 0.005729166666666666 0.02385685884691849
0 0.30130208333333336 0.2231610337972167 0.0078125 0.016898608349900597
0 0.7518229166666667 0.24602385685884692 0.0140625 0.016898608349900597
0 0.21848958333333332 0.25745526838966204 0.0140625 0.02584493041749503
0 0.009635416666666667 0.25646123260437376 0.009895833333333333 0.015904572564612324
0 0.33151041666666664 0.25795228628230615 0.013020833333333334 0.016898608349900597
0 0.62109375 0.2773359840954274 0.013020833333333334 0.013916500994035786
0 0.09140625 0.2753479125248509 0.013020833333333334 0.009940357852882704
0 0.4161458333333333 0.31660039761431413 0.013541666666666667 0.012922465208747515
0 0.7114583333333333 0.32952286282306165 0.011458333333333333 0.0268389662027833
0 0.2453125 0.334493041749503 0.010416666666666666 0.020874751491053677
0 0.14036458333333332 0.3389662027833002 0.019270833333333334 0.017892644135188866
0 0.20416666666666666 0.3364811133200795 0.014583333333333334 0.010934393638170975
0 0.04401041666666667 0.34095427435387676 0.0067708333333333336 0.015904572564612324
0 0.6856770833333333 0.3548707753479125 0.0067708333333333336 0.02982107355864811
0 0.6408854166666667 0.36083499005964215 0.0078125 0.017892644135188866
0 0.3888020833333333 0.36530815109343934 0.0078125 0.02485089463220676
0 0.12395833333333334 0.3682902584493042 0.020833333333333332 0.020874751491053677
0 0.3671875 0.37524850894632206 0.016666666666666666 0.012922465208747515
0 0.28880208333333335 0.3836978131212724 0.0140625 0.02385685884691849
0 0.16223958333333333 0.3851888667992048 0.0046875 0.016898608349900597
0 0.18151041666666667 0.38966202783300197 0.011979166666666667 0.015904572564612324
0 0.5078125 0.40357852882703776 0.008333333333333333 0.027833001988071572
0 0.8221354166666667 0.4115308151093439 0.0140625 0.02186878727634195
0 0.2546875 0.4125248508946322 0.010416666666666666 0.019880715705765408
0 0.39895833333333336 0.4150099403578529 0.014583333333333334 0.010934393638170975
0 0.35963541666666665 0.4309145129224652 0.015104166666666667 0.020874751491053677
0 0.5208333333333334 0.44731610337972166 0.013541666666666667 0.03180914512922465
0 0.43697916666666664 0.4647117296222664 0.008333333333333333 0.030815109343936383
0 0.196875 0.4845924453280318 0.0125 0.02882703777335984
0 0.3953125 0.4870775347912525 0.005208333333333333 0.027833001988071572
0 0.8052083333333333 0.5089463220675944 0.0125 0.019880715705765408
0 0.5135416666666667 0.5318091451292246 0.010416666666666666 0.007952286282306162
0 0.08359375 0.544234592445328 0.005729166666666666 0.02286282306163022
0 0.2986979166666667 0.5382703777335984 0.009895833333333333 0.008946322067594433
0 0.2799479166666667 0.5825049701789264 0.009895833333333333 0.033797216699801194
0 0.47369791666666666 0.5899602385685885 0.019270833333333334 0.014910536779324055
0 0.4354166666666667 0.6003976143141153 0.013541666666666667 0.013916500994035786
0 0.6526041666666667 0.606858846918489 0.011458333333333333 0.02286282306163022
0 0.7098958333333333 0.6073558648111332 0.010416666666666666 0.015904572564612324
0 0.15104166666666666 0.6262425447316103 0.015625 0.02584493041749503
0 0.22526041666666666 0.6317097415506958 0.0109375 0.020874751491053677
0 0.3828125 0.6461232604373758 0.01875 0.02982107355864811
0 0.42161458333333335 0.6481113320079522 0.015104166666666667 0.015904572564612324
0 0.4713541666666667 0.6819085487077535 0.0125 0.015904572564612324
0 0.17239583333333333 0.6833996023856859 0.015625 0.010934393638170975
0 0.36875 0.6883697813121272 0.017708333333333333 0.018886679920477135
0 0.031510416666666666 0.687375745526839 0.013020833333333334 0.016898608349900597
0 0.4901041666666667 0.709741550695825 0.010416666666666666 0.033797216699801194
0 0.171875 0.7166998011928429 0.010416666666666666 0.017892644135188866
0 0.43802083333333336 0.7256461232604374 0.009375 0.03180914512922465
0 0.30572916666666666 0.7385685884691849 0.00625 0.027833001988071572
0 0.27057291666666666 0.7495029821073559 0.011979166666666667 0.039761431411530816
0 0.03359375 0.782803180914513 0.015104166666666667 0.016898608349900597
0 0.15182291666666667 0.7882703777335984 0.011979166666666667 0.019880715705765408
0 0.1640625 0.8076540755467196 0.01875 0.014910536779324055
0 0.30546875 0.8190854870775348 0.0078125 0.02982107355864811
0 0.33125 0.8290258449304175 0.010416666666666666 0.02385685884691849
0 0.27421875 0.8389662027833003 0.019270833333333334 0.033797216699801194
0 0.035416666666666666 0.8364811133200796 0.0125 0.02882703777335984
0 0.4744791666666667 0.8404572564612326 0.015625 0.018886679920477135
0 0.05286458333333333 0.8474155069582505 0.016145833333333335 0.032803180914512925
0 0.21302083333333333 0.841948310139165 0.016666666666666666 0.009940357852882704
0 0.27838541666666666 0.8638170974155069 0.0140625 0.027833001988071572
0 0.31328125 0.8747514910536779 0.022395833333333334 0.041749502982107355
0 0.15078125 0.8658051689860835 0.013020833333333334 0.019880715705765408
0 0.36640625 0.8876739562624254 0.013020833333333334 0.033797216699801194
0 0.5953125 0.9000994035785288 0.010416666666666666 0.02286282306163022
0 0.34427083333333336 0.918986083499006 0.026041666666666668 0.06063618290258449
0 0.7565104166666666 0.9000994035785288 0.0140625 0.020874751491053677
0 0.30442708333333335 0.9090457256461233 0.033854166666666664 0.030815109343936383
0 0.446875 0.9095427435387674 0.00625 0.027833001988071572
0 0.7057291666666666 0.9020874751491054 0.013541666666666667 0.008946322067594433
0 0.13177083333333334 0.9085487077534792 0.013541666666666667 0.017892644135188866
0 0.0036458333333333334 0.9130218687872763 0.00625 0.0268389662027833
0 0.3671875 0.9160039761431411 0.014583333333333334 0.016898608349900597
0 0.46171875 0.9174950298210736 0.0140625 0.013916500994035786
0 0.4393229166666667 0.9289264413518886 0.013020833333333334 0.02286282306163022
0 0.16354166666666667 0.9358846918489065 0.013541666666666667 0.02286282306163022
0 0.48020833333333335 0.9363817097415507 0.011458333333333333 0.017892644135188866
0 0.64453125 0.9428429423459245 0.013020833333333334 0.02485089463220676
0 0.06484375 0.9383697813121272 0.019270833333333334 0.017892644135188866
0 0.49166666666666664 0.9473161033797217 0.009375 0.02584493041749503
0 0.4627604166666667 0.9512922465208747 0.015104166666666667 0.02584493041749503
0 0.04244791666666667 0.9637176938369781 0.016145833333333335 0.04473161033797217
0 0.2864583333333333 0.9587475149105368 0.015625 0.018886679920477135
0 0.13489583333333333 0.9622266401590457 0.007291666666666667 0.019880715705765408
0 0.2643229166666667 0.9637176938369781 0.0203125 0.018886679920477135
0 0.4427083333333333 0.9691848906560636 0.016666666666666666 0.013916500994035786