0 0.6682291666666667 0.01441351888667992 0.008333333333333333 0.014910536779324055
0 0.384375 0.016898608349900597 0.010416666666666666 0.019880715705765408
0 0.27708333333333335 0.033797216699801194 0.014583333333333334 0.0437375745526839
0 0.84609375 0.06809145129224652 0.011979166666666667 0.012922465208747515
0 0.59609375 0.073558648111332 0.011979166666666667 0.02186878727634195
0 0.46796875 0.07952286282306163 0.008854166666666666 0.02982107355864811
0 0.67734375 0.11182902584493042 0.005729166666666666 0.030815109343936383
0 0.10234375 0.11878727634194831 0.011979166666666667 0.042743538767395624
0 0.6473958333333333 0.14512922465208747 0.010416666666666666 0.03777335984095427
0 0.51953125 0.16848906560636182 0.015104166666666667 0.030815109343936383
0 0.77578125 0.1918489065606362 0.011979166666666667 0.03578528827037773
0 0.34036458333333336 0.1908548707753479 0.005729166666666666 0.033797216699801194
0 0.6458333333333334 0.20178926441351888 0.020833333333333332 0.02584493041749503
0 0.7580729166666667 0.20079522862823063 0.0171875 0.02186878727634195
0 0.6138020833333333 0.1993041749502982 0.0109375 0.012922465208747515
0 0.14088541666666668 0.21520874751491054 0.0203125 0.02485089463220676
0 0.25625 0.23757455268389663 0.016666666666666666 0.04572564612326044
0 0.6036458333333333 0.23161033797216699 0.014583333333333334 0.017892644135188866
0 0.005208333333333333 0.24652087475149106 0.009375 0.011928429423459244
0 0.14036458333333332 0.26888667992047716 0.018229166666666668 0.030815109343936383
0 0.17578125 0.2982107355864811 0.0140625 0.0437375745526839
0 0.6380208333333334 0.3489065606361829 0.016666666666666666 0.03578528827037773
0 0.7864583333333334 0.3702783300198807 0.009375 0.048707753479125246
0 0.6432291666666666 0.4135188866799205 0.008333333333333333 0.027833001988071572
0 0.5776041666666667 0.46322067594433397 0.016666666666666666 0.013916500994035786
0 0.353125 0.5139165009940357 0.017708333333333333 0.017892644135188866
0 0.5309895833333333 0.5536779324055666 0.0140625 0.03180914512922465
0 0.7606770833333333 0.5601391650099403 0.013020833333333334 0.0268389662027833
0 0.5541666666666667 0.5611332007952287 0.016666666666666666 0.02286282306163022
0 0.5229166666666667 0.5839960238568589 0.009375 0.020874751491053677
0 0.6015625 0.5924453280318092 0.009375 0.03180914512922465
0 0.2794270833333333 0.5834990059642147 0.015104166666666667 0.009940357852882704
0 0.6158854166666666 0.610337972166998 0.015104166666666667 0.0536779324055666
0 0.58203125 0.6023856858846919 0.005729166666666666 0.02186878727634195
0 0.5981770833333333 0.6630218687872763 0.028645833333333332 0.0874751491053678
0 0.628125 0.6461232604373758 0.026041666666666668 0.041749502982107355
0 0.68203125 0.6406560636182903 0.0171875 0.012922465208747515
0 0.39401041666666664 0.6630218687872763 0.011979166666666667 0.03180914512922465
0 0.5513020833333333 0.709741550695825 0.0140625 0.011928429423459244
0 0.62265625 0.7216699801192843 0.0140625 0.02584493041749503
0 0.46979166666666666 0.7311133200795229 0.013541666666666667 0.02882703777335984
0 0.6911458333333333 0.7331013916500994 0.015625 0.016898608349900597
0 0.8533854166666667 0.7589463220675944 0.0265625 0.030815109343936383
0 0.5692708333333333 0.7509940357852882 0.007291666666666667 0.014910536779324055
0 0.5947916666666667 0.7544731610337972 0.025 0.019880715705765408
0 0.6359375 0.7559642147117296 0.010416666666666666 0.018886679920477135
0 0.6200520833333333 0.7708747514910537 0.013020833333333334 0.018886679920477135
0 0.5432291666666667 0.7768389662027833 0.007291666666666667 0.030815109343936383
0 0.7588541666666667 0.7922465208747514 0.01875 0.02186878727634195
0 0.46588541666666666 0.834493041749503 0.021354166666666667 0.018886679920477135
0 0.6244791666666667 0.834493041749503 0.005208333333333333 0.014910536779324055
0 0.47239583333333335 0.8722664015904572 0.011458333333333333 0.04473161033797217
0 0.7302083333333333 0.8866799204771372 0.014583333333333334 0.039761431411530816
0 0.9861979166666667 0.8737574552683897 0.0078125 0.011928429423459244
0 0.6736979166666667 0.8871769383697813 0.009895833333333333 0.03479125248508946
0 0.5697916666666667 0.915506958250497 0.020833333333333332 0.03578528827037773
0 0.6130208333333333 0.915506958250497 0.011458333333333333 0.02186878727634195
0 0.5940104166666667 0.9224652087475149 0.0078125 0.03180914512922465
0 0.84140625 0.9721669980119284 0.011979166666666667 0.041749502982107355