0 0.10598958333333333 0.012922465208747515 0.016145833333333335 0.02584493041749503
0 0.10390625 0.04473161033797217 0.005729166666666666 0.015904572564612324
0 0.3640625 0.06809145129224652 0.010416666666666666 0.04671968190854871
0 0.0109375 0.08250497017892644 0.008333333333333333 0.0636182902584493
0 0.8997395833333334 0.08349900596421471 0.024479166666666666 0.03180914512922465
0 0.42682291666666666 0.09095427435387674 0.0265625 0.03876739562624255
0 0.8013020833333333 0.13320079522862824 0.009895833333333333 0.033797216699801194
0 0.07682291666666667 0.1312127236580517 0.0109375 0.017892644135188866
0 0.009635416666666667 0.13320079522862824 0.015104166666666667 0.017892644135188866
0 0.3033854166666667 0.1595427435387674 0.0046875 0.03479125248508946
0 0.49375 0.16401590457256462 0.010416666666666666 0.033797216699801194
0 0.7046875 0.16401590457256462 0.013541666666666667 0.02982107355864811
0 0.6421875 0.17296222664015903 0.01875 0.013916500994035786
0 0.325 0.19135188866799205 0.019791666666666666 0.02485089463220676
0 0.40911458333333334 0.21819085487077536 0.016145833333333335 0.03876739562624255
0 0.5635416666666667 0.2286282306163022 0.021875 0.02385685884691849
0 0.35989583333333336 0.23359840954274355 0.019791666666666666 0.02982107355864811
0 0.3059895833333333 0.25944333996023855 0.013020833333333334 0.019880715705765408
0 0.121875 0.27087475149105367 0.013541666666666667 0.02485089463220676
0 0.9479166666666666 0.27186878727634195 0.020833333333333332 0.02882703777335984
0 0.41015625 0.2947316103379722 0.0078125 0.030815109343936383
0 0.8690104166666667 0.3081510934393638 0.019270833333333334 0.04771371769383698
0 0.3536458333333333 0.30566600397614313 0.010416666666666666 0.02485089463220676
0 0.16197916666666667 0.3190854870775348 0.010416666666666666 0.03777335984095427
0 0.3919270833333333 0.31461232604373757 0.0067708333333333336 0.030815109343936383
0 0.7408854166666666 0.3136182902584493 0.009895833333333333 0.012922465208747515
0 0.3346354166666667 0.341948310139165 0.025520833333333333 0.0437375745526839
0 0.3684895833333333 0.3548707753479125 0.011979166666666667 0.061630218687872766
0 0.29739583333333336 0.3414512922465209 0.009375 0.018886679920477135
0 0.09036458333333333 0.34642147117296224 0.015104166666666667 0.0268389662027833
0 0.746875 0.3643141153081511 0.022916666666666665 0.018886679920477135
0 0.396875 0.38817097415506957 0.016666666666666666 0.032803180914512925
0 0.34479166666666666 0.38618290258449306 0.009375 0.02485089463220676
0 0.35625 0.41898608349900596 0.009375 0.018886679920477135
0 0.34036458333333336 0.4284294234592445 0.016145833333333335 0.019880715705765408
0 0.39088541666666665 0.44582504970178927 0.011979166666666667 0.008946322067594433
0 0.4388020833333333 0.45129224652087474 0.0171875 0.015904572564612324
0 0.33307291666666666 0.4840954274353877 0.009895833333333333 0.015904572564612324
0 0.21328125 0.4990059642147117 0.018229166666666668 0.03578528827037773
0 0.3536458333333333 0.5283300198807157 0.008333333333333333 0.03479125248508946
0 0.43723958333333335 0.5342942345924453 0.013020833333333334 0.03479125248508946
0 0.4783854166666667 0.5278330019880716 0.0109375 0.019880715705765408
0 0.3984375 0.5397614314115308 0.009375 0.013916500994035786
0 0.790625 0.5492047713717694 0.01875 0.030815109343936383
0 0.4140625 0.5596421471172962 0.00625 0.0437375745526839
0 0.24557291666666667 0.5730616302186878 0.011979166666666667 0.036779324055666
0 0.07135416666666666 0.6033797216699801 0.016666666666666666 0.04771371769383698
0 0.14375 0.5984095427435387 0.015625 0.03578528827037773
0 0.5216145833333333 0.5914512922465208 0.0046875 0.02385685884691849
0 0.3729166666666667 0.5974155069582505 0.010416666666666666 0.02584493041749503
0 0.41848958333333336 0.6003976143141153 0.0078125 0.02982107355864811
0 0.4434895833333333 0.6252485089463221 0.019270833333333334 0.017892644135188866
0 0.6213541666666667 0.6272365805168986 0.01875 0.019880715705765408
0 0.4921875 0.6282306163021869 0.009375 0.015904572564612324
0 0.80078125 0.6555666003976143 0.018229166666666668 0.05666003976143141
0 0.46041666666666664 0.6481113320079522 0.008333333333333333 0.02982107355864811
0 0.53515625 0.6560636182902585 0.0078125 0.039761431411530816
0 0.3692708333333333 0.6565606361829026 0.011458333333333333 0.018886679920477135
0 0.4270833333333333 0.6784294234592445 0.005208333333333333 0.0268389662027833
0 0.575 0.6774353876739563 0.011458333333333333 0.020874751491053677
0 0.38515625 0.6774353876739563 0.0067708333333333336 0.016898608349900597
0 0.69375 0.6843936381709742 0.013541666666666667 0.020874751491053677
0 0.5072916666666667 0.6898608349900597 0.016666666666666666 0.02584493041749503
0 0.18802083333333333 0.69831013916501 0.013541666666666667 0.0268389662027833
0 0.6067708333333334 0.6943339960238568 0.022916666666666665 0.018886679920477135
0 0.30234375 0.7037773359840954 0.016145833333333335 0.019880715705765408
0 0.24010416666666667 0.7052683896620279 0.019791666666666666 0.016898608349900597
0 0.38645833333333335 0.7226640159045725 0.00625 0.019880715705765408
0 0.5127604166666667 0.7554671968190855 0.0171875 0.04771371769383698
0 0.2989583333333333 0.7564612326043738 0.028125 0.04572564612326044
0 0.53125 0.7445328031809145 0.013541666666666667 0.013916500994035786
0 0.5466145833333333 0.7659045725646123 0.013020833333333334 0.02286282306163022
0 0.18932291666666667 0.7748508946322068 0.0203125 0.036779324055666
0 0.4236979166666667 0.7693836978131213 0.0234375 0.017892644135188866
0 0.27395833333333336 0.775844930417495 0.027083333333333334 0.018886679920477135
0 0.5356770833333333 0.7778330019880716 0.005729166666666666 0.012922465208747515
0 0.5901041666666667 0.7763419483101391 0.008333333333333333 0.011928429423459244
0 0.22604166666666667 0.7808151093439364 0.007291666666666667 0.010934393638170975
0 0.36770833333333336 0.7962226640159046 0.016666666666666666 0.041749502982107355
0 0.30182291666666666 0.8359840954274353 0.027604166666666666 0.04572564612326044
0 0.5760416666666667 0.8225646123260437 0.016666666666666666 0.020874751491053677
0 0.9184895833333333 0.834493041749503 0.0203125 0.014910536779324055
0 0.2830729166666667 0.8494035785288271 0.011979166666666667 0.036779324055666
0 0.7463541666666667 0.8499005964214712 0.011458333333333333 0.03180914512922465
0 0.36692708333333335 0.9090457256461233 0.0140625 0.05268389662027833
0 0.59296875 0.8926441351888668 0.019270833333333334 0.019880715705765408
0 0.6158854166666666 0.8941351888667992 0.0067708333333333336 0.012922465208747515
0 0.47109375 0.9060636182902585 0.021354166666666667 0.020874751491053677
0 0.17734375 0.918986083499006 0.015104166666666667 0.02882703777335984
0 0.3067708333333333 0.93389662027833 0.005208333333333333 0.036779324055666
0 0.1453125 0.9294234592445328 0.020833333333333332 0.02385685884691849
0 0.16536458333333334 0.9612326043737575 0.018229166666666668 0.07554671968190854