0 0.6127604166666667 0.01242544731610338 0.015104166666666667 0.02485089463220676
0 0.8861979166666667 0.01341948310139165 0.013020833333333334 0.0268389662027833
0 0.14348958333333334 0.03180914512922465 0.0109375 0.03777335984095427
0 0.47291666666666665 0.045228628230616304 0.013541666666666667 0.008946322067594433
0 0.8880208333333334 0.09045725646123261 0.014583333333333334 0.033797216699801194
0 0.9427083333333334 0.09343936381709742 0.0125 0.017892644135188866
0 0.2015625 0.11381709741550695 0.0125 0.02286282306163022
0 0.8127604166666667 0.1426441351888668 0.008854166666666666 0.02286282306163022
0 0.65078125 0.17693836978131214 0.011979166666666667 0.015904572564612324
0 0.6619791666666667 0.1963220675944334 0.007291666666666667 0.016898608349900597
0 0.6356770833333333 0.2047713717693837 0.021354166666666667 0.017892644135188866
0 0.6166666666666667 0.22117296222664015 0.007291666666666667 0.036779324055666
0 0.39505208333333336 0.25 0.0078125 0.02485089463220676
0 0.5690104166666666 0.26938369781312127 0.018229166666666668 0.027833001988071572
0 0.9049479166666666 0.2678926441351889 0.015104166666666667 0.020874751491053677
0 0.36171875 0.2698807157057654 0.008854166666666666 0.016898608349900597
0 0.4708333333333333 0.27186878727634195 0.0125 0.020874751491053677
0 0.17005208333333333 0.28677932405566603 0.016145833333333335 0.02286282306163022
0 0.80390625 0.2992047713717694 0.008854166666666666 0.02385685884691849
0 0.44453125 0.31262425447316106 0.0067708333333333336 0.02485089463220676
0 0.35703125 0.31510934393638174 0.005729166666666666 0.027833001988071572
0 0.34479166666666666 0.31709741550695825 0.013541666666666667 0.013916500994035786
0 0.5908854166666667 0.33399602385685884 0.009895833333333333 0.02385685884691849
0 0.03359375 0.33399602385685884 0.011979166666666667 0.02186878727634195
0 0.07083333333333333 0.34095427435387676 0.00625 0.033797216699801194
0 0.005989583333333334 0.3543737574552684 0.011979166666666667 0.016898608349900597
0 0.7802083333333333 0.35685884691848907 0.014583333333333334 0.011928429423459244
0 0.01171875 0.378727634194831 0.0234375 0.03777335984095427
0 0.5018229166666667 0.3926441351888668 0.009895833333333333 0.039761431411530816
0 0.71875 0.39363817097415504 0.008333333333333333 0.027833001988071572
0 0.14895833333333333 0.40357852882703776 0.015625 0.017892644135188866
0 0.5419270833333333 0.40556660039761433 0.009895833333333333 0.02186878727634195
0 0.3455729166666667 0.40755467196819084 0.016145833333333335 0.017892644135188866
0 0.809375 0.4234592445328032 0.009375 0.011928429423459244
0 0.4197916666666667 0.4691848906560636 0.017708333333333333 0.015904572564612324
0 0.20520833333333333 0.5004970178926441 0.00625 0.0268389662027833
0 0.5028645833333333 0.5173956262425448 0.022395833333333334 0.06063618290258449
0 0.57109375 0.5114314115308151 0.0067708333333333336 0.030815109343936383
0 0.18645833333333334 0.5238568588469185 0.013541666666666667 0.03578528827037773
0 0.3770833333333333 0.5149105367793241 0.020833333333333332 0.017892644135188866
0 0.19869791666666667 0.5511928429423459 0.0109375 0.04473161033797217
0 0.97265625 0.540258449304175 0.011979166666666667 0.02485089463220676
0 0.4075520833333333 0.5427435387673957 0.008854166666666666 0.02186878727634195
0 0.4859375 0.5596421471172962 0.0125 0.03578528827037773
0 0.3328125 0.558648111332008 0.0125 0.02186878727634195
0 0.42916666666666664 0.562624254473161 0.00625 0.019880715705765408
0 0.2171875 0.5690854870775348 0.016666666666666666 0.02882703777335984
0 0.4984375 0.5780318091451292 0.010416666666666666 0.016898608349900597
0 0.29635416666666664 0.5894632206759444 0.010416666666666666 0.03578528827037773
0 0.01171875 0.5904572564612326 0.0067708333333333336 0.033797216699801194
0 0.5197916666666667 0.5934393638170974 0.025 0.039761431411530816
0 0.46015625 0.5889662027833003 0.018229166666666668 0.016898608349900597
0 0.21197916666666666 0.6013916500994035 0.008333333333333333 0.03777335984095427
0 0.3265625 0.6033797216699801 0.023958333333333335 0.03777335984095427
0 0.43385416666666665 0.602882703777336 0.025 0.036779324055666
0 0.0625 0.6013916500994035 0.011458333333333333 0.02186878727634195
0 0.2677083333333333 0.606858846918489 0.019791666666666666 0.03479125248508946
0 0.19401041666666666 0.6058648111332008 0.015104166666666667 0.0268389662027833
0 0.03854166666666667 0.6083499005964215 0.016666666666666666 0.02584493041749503
0 0.4010416666666667 0.6083499005964215 0.009375 0.019880715705765408
0 0.55234375 0.6158051689860835 0.022395833333333334 0.02286282306163022
0 0.5278645833333333 0.6182902584493042 0.016145833333333335 0.011928429423459244
0 0.45078125 0.6232604373757455 0.008854166666666666 0.007952286282306162
0 0.41822916666666665 0.6371769383697813 0.011458333333333333 0.02584493041749503
0 0.9291666666666667 0.6302186878727635 0.016666666666666666 0.013916500994035786
0 0.3184895833333333 0.6421471172962226 0.016145833333333335 0.02186878727634195
0 0.5536458333333333 0.6456262425447317 0.010416666666666666 0.018886679920477135
0 0.11432291666666666 0.6476143141153081 0.0171875 0.016898608349900597
0 0.5138020833333333 0.6500994035785288 0.0171875 0.013916500994035786
0 0.32708333333333334 0.679920477137177 0.019791666666666666 0.03777335984095427
0 0.16171875 0.6833996023856859 0.013020833333333334 0.040755467196819085
0 0.4856770833333333 0.6804174950298211 0.0359375 0.032803180914512925
0 0.4322916666666667 0.6933399602385686 0.0125 0.040755467196819085
0 0.10963541666666667 0.6853876739562624 0.013020833333333334 0.008946322067594433
0 0.3841145833333333 0.7017892644135189 0.0067708333333333336 0.02385685884691849
0 0.054427083333333334 0.7365805168986084 0.016145833333333335 0.06958250497017893
0 0.3307291666666667 0.7385685884691849 0.016666666666666666 0.07554671968190854
0 0.47265625 0.7261431411530815 0.0140625 0.042743538767395624
0 0.45364583333333336 0.7360834990059643 0.016666666666666666 0.02882703777335984
0 0.39401041666666664 0.7375745526838966 0.0171875 0.02584493041749503
0 0.37057291666666664 0.75 0.027604166666666666 0.04671968190854871
0 0.0421875 0.742544731610338 0.01875 0.02385685884691849
0 0.4984375 0.75 0.013541666666666667 0.0268389662027833
0 0.5236979166666667 0.7435387673956262 0.009895833333333333 0.013916500994035786
0 0.9346354166666667 0.757455268389662 0.013020833333333334 0.02982107355864811
0 0.2953125 0.7589463220675944 0.023958333333333335 0.02485089463220676
0 0.5341145833333333 0.7614314115308151 0.019270833333333334 0.027833001988071572
0 0.17630208333333333 0.7723658051689861 0.008854166666666666 0.02584493041749503
0 0.3411458333333333 0.782803180914513 0.011458333333333333 0.008946322067594433
0 0.29921875 0.8041749502982107 0.0078125 0.027833001988071572
0 0.23151041666666666 0.8185884691848907 0.016145833333333335 0.03479125248508946
0 0.3375 0.8131212723658051 0.010416666666666666 0.011928429423459244
0 0.7950520833333333 0.8275347912524851 0.013020833333333334 0.03876739562624255
0 0.5033854166666667 0.8185884691848907 0.0109375 0.016898608349900597
0 0.12864583333333332 0.8265407554671969 0.016666666666666666 0.012922465208747515
0 0.42552083333333335 0.8424453280318092 0.009375 0.018886679920477135
0 0.46901041666666665 0.856858846918489 0.0140625 0.03578528827037773
0 0.77734375 0.8553677932405567 0.009895833333333333 0.03479125248508946
0 0.44817708333333334 0.8538767395626242 0.009895833333333333 0.017892644135188866
0 0.49895833333333334 0.8687872763419483 0.015625 0.015904572564612324
0 0.7403645833333333 0.8846918489065606 0.019270833333333334 0.03180914512922465
0 0.2721354166666667 0.889662027833002 0.0078125 0.039761431411530816
0 0.7830729166666667 0.8836978131212724 0.021354166666666667 0.017892644135188866
0 0.18515625 0.9075546719681908 0.0140625 0.027833001988071572
0 0.44140625 0.9194831013916501 0.011979166666666667 0.0437375745526839
0 0.7080729166666667 0.911530815109344 0.009895833333333333 0.019880715705765408
0 0.7567708333333333 0.911530815109344 0.010416666666666666 0.015904572564612324
0 0.006510416666666667 0.9259443339960238 0.013020833333333334 0.036779324055666
0 0.8421875 0.9199801192842942 0.021875 0.014910536779324055
0 0.5703125 0.9393638170974155 0.0125 0.017892644135188866
0 0.5005208333333333 0.941351888667992 0.01875 0.015904572564612324
0 0.12630208333333334 0.9517892644135189 0.018229166666666668 0.030815109343936383
0 0.41875 0.9428429423459245 0.011458333333333333 0.014910536779324055
0 0.8466145833333333 0.955765407554672 0.009895833333333333 0.032803180914512925
0 0.22135416666666666 0.9696819085487077 0.010416666666666666 0.04671968190854871
0 0.46458333333333335 0.9736580516898609 0.015625 0.03876739562624255
0 0.48802083333333335 0.9686878727634195 0.008333333333333333 0.02286282306163022
0 0.0033854166666666668 0.9731610337972167 0.0067708333333333336 0.02584493041749503
0 0.4119791666666667 0.9781312127236581 0.0125 0.02982107355864811
0 0.8002604166666667 0.9746520874751491 0.0067708333333333336 0.010934393638170975
0 0.7924479166666667 0.9900596421471173 0.0109375 0.017892644135188866
0 0.43802083333333336 0.9950298210735586 0.013541666666666667 0.007952286282306162