0 0.3104166666666667 0.30318091451292245 0.013541666666666667 0.03578528827037773
0 0.3484375 0.4000994035785288 0.010416666666666666 0.018886679920477135
0 0.35598958333333336 0.5432405566600398 0.0078125 0.018886679920477135
0 0.35989583333333336 0.6018886679920478 0.013541666666666667 0.02882703777335984
0 0.35885416666666664 0.6307157057654076 0.013541666666666667 0.0268389662027833
0 0.36666666666666664 0.6918489065606361 0.00625 0.013916500994035786
0 0.44479166666666664 0.7142147117296223 0.013541666666666667 0.02286282306163022
0 0.3645833333333333 0.7485089463220675 0.009375 0.017892644135188866
0 0.9486979166666667 0.7808151093439364 0.009895833333333333 0.03479125248508946
0 0.6703125 0.7882703777335984 0.015625 0.019880715705765408
0 0.31953125 0.7992047713717694 0.016145833333333335 0.03180914512922465
0 0.5239583333333333 0.8021868787276342 0.011458333333333333 0.03180914512922465
0 0.8302083333333333 0.8434393638170974 0.019791666666666666 0.03479125248508946
0 0.4244791666666667 0.8752485089463221 0.026041666666666668 0.048707753479125246
0 0.5252604166666667 0.8921471172962226 0.018229166666666668 0.04473161033797217
0 0.296875 0.9055666003976143 0.011458333333333333 0.04572564612326044
0 0.19401041666666666 0.904572564612326 0.013020833333333334 0.03777335984095427
0 0.4505208333333333 0.9100397614314115 0.008333333333333333 0.020874751491053677
0 0.31302083333333336 0.9383697813121272 0.011458333333333333 0.033797216699801194
0 0.8536458333333333 0.9736580516898609 0.025 0.05069582504970179
0 0.3893229166666667 0.9771371769383698 0.015104166666666667 0.0437375745526839
0 0.21041666666666667 0.9806163021868787 0.010416666666666666 0.036779324055666
0 0.18671875 0.9860834990059643 0.0078125 0.02584493041749503