0 0.9559895833333333 0.016401590457256462 0.0203125 0.02485089463220676
0 0.6458333333333334 0.023359840954274354 0.008333333333333333 0.0268389662027833
0 0.7713541666666667 0.017892644135188866 0.014583333333333334 0.011928429423459244
0 0.7651041666666667 0.08499005964214712 0.014583333333333334 0.0268389662027833
0 0.13645833333333332 0.0805168986083499 0.007291666666666667 0.013916500994035786
0 0.865625 0.08697813121272366 0.008333333333333333 0.016898608349900597
0 0.9104166666666667 0.09990059642147117 0.014583333333333334 0.0268389662027833
0 0.8111979166666666 0.11829025844930417 0.0067708333333333336 0.027833001988071572
0 0.55859375 0.1317097415506958 0.015104166666666667 0.016898608349900597
0 0.7901041666666667 0.1833996023856859 0.013541666666666667 0.016898608349900597
0 0.76171875 0.19980119284294234 0.008854166666666666 0.019880715705765408
0 0.5963541666666666 0.21719681908548708 0.010416666666666666 0.014910536779324055
0 0.88515625 0.22664015904572565 0.0140625 0.027833001988071572
0 0.7268229166666667 0.22514910536779323 0.008854166666666666 0.016898608349900597
0 0.7450520833333333 0.2400596421471173 0.0078125 0.010934393638170975
0 0.7677083333333333 0.24652087475149106 0.008333333333333333 0.017892644135188866
0 0.9963541666666667 0.2544731610337972 0.00625 0.013916500994035786
0 0.19375 0.2659045725646123 0.008333333333333333 0.010934393638170975
0 0.3572916666666667 0.2664015904572565 0.009375 0.013916500994035786
0 0.8177083333333334 0.27137176938369784 0.00625 0.015904572564612324
0 0.05677083333333333 0.28330019880715707 0.0125 0.027833001988071572
0 0.7096354166666666 0.28180914512922467 0.011979166666666667 0.02286282306163022
0 0.41484375 0.2952286282306163 0.009895833333333333 0.019880715705765408
0 0.3731770833333333 0.29721669980119286 0.009895833333333333 0.007952286282306162
0 0.98671875 0.30218687872763417 0.013020833333333334 0.017892644135188866
0 0.22421875 0.31858846918489064 0.0140625 0.018886679920477135
0 0.33359375 0.3220675944333996 0.0078125 0.02584493041749503
0 0.023177083333333334 0.34393638170974156 0.016145833333333335 0.039761431411530816
0 0.9268229166666667 0.3513916500994036 0.018229166666666668 0.012922465208747515
0 0.6268229166666667 0.36232604373757454 0.0140625 0.008946322067594433
0 0.7786458333333334 0.37077534791252487 0.011458333333333333 0.017892644135188866
0 0.7630208333333334 0.37922465208747513 0.014583333333333334 0.020874751491053677
0 0.37057291666666664 0.3956262425447316 0.0067708333333333336 0.02584493041749503
0 0.6403645833333333 0.40606361829025844 0.0078125 0.02882703777335984
0 0.6010416666666667 0.40457256461232605 0.016666666666666666 0.019880715705765408
0 0.5385416666666667 0.41451292246520877 0.013541666666666667 0.02385685884691849
0 0.6911458333333333 0.41848906560636184 0.00625 0.02982107355864811
0 0.59296875 0.41998011928429424 0.009895833333333333 0.010934393638170975
0 0.9671875 0.4279324055666004 0.014583333333333334 0.016898608349900597
0 0.8786458333333333 0.43389662027833004 0.015625 0.018886679920477135
0 0.8830729166666667 0.46222664015904574 0.0140625 0.009940357852882704
0 0.9395833333333333 0.4691848906560636 0.011458333333333333 0.017892644135188866
0 0.40234375 0.4865805168986084 0.008854166666666666 0.03479125248508946
0 0.21067708333333332 0.4821073558648111 0.018229166666666668 0.019880715705765408
0 0.7833333333333333 0.47862823061630216 0.013541666666666667 0.010934393638170975
0 0.5653645833333333 0.4860834990059642 0.0046875 0.02385685884691849
0 0.24557291666666667 0.48906560636182905 0.025520833333333333 0.017892644135188866
0 0.99609375 0.4870775347912525 0.0067708333333333336 0.011928429423459244
0 0.7083333333333334 0.49353876739562624 0.013541666666666667 0.02286282306163022
0 0.1671875 0.5034791252485089 0.014583333333333334 0.02485089463220676
0 0.93671875 0.507455268389662 0.015104166666666667 0.018886679920477135
0 0.7341145833333333 0.5079522862823062 0.0171875 0.011928429423459244
0 0.9934895833333334 0.5323061630218688 0.011979166666666667 0.02485089463220676
0 0.7442708333333333 0.5412524850894632 0.008333333333333333 0.02286282306163022
0 0.90703125 0.5382703777335984 0.021354166666666667 0.016898608349900597
0 0.47708333333333336 0.5447316103379721 0.015625 0.013916500994035786
0 0.7309895833333333 0.5670974155069582 0.019270833333333334 0.04671968190854871
0 0.9854166666666667 0.5511928429423459 0.015625 0.014910536779324055
0 0.9205729166666666 0.5576540755467196 0.018229166666666668 0.02385685884691849
0 0.6770833333333334 0.5646123260437376 0.005208333333333333 0.02982107355864811
0 0.8559895833333333 0.5710735586481114 0.011979166666666667 0.0268389662027833
0 0.9015625 0.5656063618290258 0.016666666666666666 0.011928429423459244
0 0.97265625 0.5740556660039762 0.015104166666666667 0.020874751491053677
0 0.9375 0.5775347912524851 0.014583333333333334 0.019880715705765408
0 0.12135416666666667 0.6013916500994035 0.008333333333333333 0.019880715705765408
0 0.5221354166666666 0.6058648111332008 0.011979166666666667 0.014910536779324055
0 0.10911458333333333 0.6192842942345924 0.0109375 0.02982107355864811
0 0.3125 0.6277335984095428 0.011458333333333333 0.02485089463220676
0 0.6627604166666666 0.6585487077534792 0.013020833333333334 0.014910536779324055
0 0.8098958333333334 0.6704771371769384 0.014583333333333334 0.020874751491053677
0 0.5114583333333333 0.6719681908548708 0.013541666666666667 0.019880715705765408
0 0.9552083333333333 0.679920477137177 0.011458333333333333 0.03180914512922465
0 0.6505208333333333 0.6829025844930418 0.008333333333333333 0.027833001988071572
0 0.5971354166666667 0.6754473161033797 0.013020833333333334 0.008946322067594433
0 0.0026041666666666665 0.6928429423459245 0.005208333333333333 0.027833001988071572
0 0.5825520833333333 0.7087475149105368 0.0203125 0.04771371769383698
0 0.9278645833333333 0.6968190854870775 0.008854166666666666 0.02186878727634195
0 0.5375 0.6953280318091452 0.008333333333333333 0.014910536779324055
0 0.7104166666666667 0.6958250497017893 0.00625 0.017892644135188866
0 0.7484375 0.6993041749502982 0.005208333333333333 0.02485089463220676
0 0.7703125 0.6933399602385686 0.016666666666666666 0.010934393638170975
0 0.7263020833333333 0.7112326043737575 0.013020833333333334 0.030815109343936383
0 0.6994791666666667 0.7122266401590457 0.010416666666666666 0.0268389662027833
0 0.51484375 0.7201789264413518 0.0140625 0.014910536779324055
0 0.77890625 0.7231610337972167 0.011979166666666667 0.020874751491053677
0 0.59609375 0.7321073558648111 0.0109375 0.014910536779324055
0 0.7666666666666667 0.7331013916500994 0.0125 0.014910536779324055
0 0.7041666666666667 0.7375745526838966 0.010416666666666666 0.015904572564612324
0 0.73203125 0.7400596421471173 0.008854166666666666 0.012922465208747515
0 0.659375 0.7445328031809145 0.013541666666666667 0.013916500994035786
0 0.46848958333333335 0.7639165009940357 0.008854166666666666 0.04473161033797217
0 0.334375 0.760934393638171 0.0125 0.0268389662027833
0 0.4044270833333333 0.7654075546719682 0.0140625 0.02584493041749503
0 0.9184895833333333 0.7639165009940357 0.015104166666666667 0.012922465208747515
0 0.8591145833333333 0.7763419483101391 0.016145833333333335 0.011928429423459244
0 0.5078125 0.7907554671968191 0.011458333333333333 0.018886679920477135
0 0.6984375 0.8036779324055666 0.025 0.03876739562624255
0 0.75703125 0.7937375745526839 0.0140625 0.018886679920477135
0 0.7768229166666667 0.7957256461232605 0.0140625 0.010934393638170975
0 0.4973958333333333 0.8066600397614314 0.014583333333333334 0.02882703777335984
0 0.62109375 0.8056660039761432 0.008854166666666666 0.0268389662027833
0 0.67890625 0.8151093439363817 0.0140625 0.011928429423459244
0 0.73203125 0.8190854870775348 0.009895833333333333 0.019880715705765408
0 0.004166666666666667 0.8339960238568589 0.008333333333333333 0.019880715705765408
0 0.48411458333333335 0.8369781312127237 0.0078125 0.017892644135188866
0 0.6013020833333333 0.8364811133200796 0.008854166666666666 0.016898608349900597
0 0.7346354166666667 0.8429423459244533 0.0036458333333333334 0.02186878727634195
0 0.9669270833333333 0.8409542743538767 0.0140625 0.013916500994035786
0 0.6489583333333333 0.8742544731610338 0.01875 0.04671968190854871
0 0.5859375 0.8663021868787276 0.0125 0.02485089463220676
0 0.7614583333333333 0.8737574552683897 0.008333333333333333 0.027833001988071572
0 0.66484375 0.8946322067594433 0.0234375 0.055666003976143144
0 0.6947916666666667 0.8782306163021869 0.00625 0.018886679920477135
0 0.6307291666666667 0.885685884691849 0.010416666666666666 0.03180914512922465
0 0.7333333333333333 0.893141153081511 0.009375 0.03479125248508946
0 0.51640625 0.9025844930417495 0.008854166666666666 0.03180914512922465
0 0.6703125 0.8951292246520874 0.00625 0.016898608349900597
0 0.5799479166666667 0.9070576540755467 0.018229166666666668 0.03876739562624255
0 0.88515625 0.9015904572564613 0.0109375 0.027833001988071572
0 0.59296875 0.911530815109344 0.008854166666666666 0.02982107355864811
0 0.6924479166666667 0.9150099403578529 0.016145833333333335 0.016898608349900597
0 0.4861979166666667 0.9204771371769384 0.016145833333333335 0.02584493041749503
0 0.70859375 0.9214711729622267 0.009895833333333333 0.027833001988071572
0 0.84140625 0.9145129224652088 0.011979166666666667 0.013916500994035786
0 0.6453125 0.929920477137177 0.014583333333333334 0.014910536779324055
0 0.67890625 0.9259443339960238 0.009895833333333333 0.008946322067594433
0 0.6700520833333333 0.937375745526839 0.009895833333333333 0.009940357852882704
0 0.5609375 0.9716699801192843 0.0125 0.05467196819085487
0 0.5416666666666666 0.9527833001988072 0.00625 0.014910536779324055
0 0.8229166666666666 0.9582504970178927 0.014583333333333334 0.019880715705765408
0 0.5247395833333334 0.974155069582505 0.016145833333333335 0.04970178926441352
0 0.5002604166666667 0.9731610337972167 0.0265625 0.033797216699801194
0 0.5489583333333333 0.9642147117296223 0.009375 0.017892644135188866
0 0.57890625 0.9761431411530815 0.0203125 0.019880715705765408
0 0.93046875 0.9756461232604374 0.0171875 0.016898608349900597
0 0.47734375 0.9845924453280318 0.0078125 0.02882703777335984
0 0.6723958333333333 0.9811133200795229 0.013541666666666667 0.017892644135188866
0 0.6354166666666666 0.9860834990059643 0.008333333333333333 0.02584493041749503
0 0.8098958333333334 0.989065606361829 0.005208333333333333 0.019880715705765408
0 0.46901041666666665 0.9905566600397614 0.005729166666666666 0.016898608349900597
0 0.7419270833333333 0.9910536779324056 0.019270833333333334 0.015904572564612324