0 0.31302083333333336 0.013916500994035786 0.009375 0.027833001988071572
0 0.6239583333333333 0.002485089463220676 0.022916666666666665 0.004970178926441352
0 0.7708333333333334 0.01143141153081511 0.023958333333333335 0.02286282306163022
0 0.8182291666666667 0.01143141153081511 0.013541666666666667 0.02286282306163022
0 0.6408854166666667 0.03926441351888668 0.0203125 0.042743538767395624
0 0.3546875 0.03429423459244533 0.00625 0.016898608349900597
0 0.6036458333333333 0.03827037773359841 0.0125 0.018886679920477135
0 0.33255208333333336 0.053180914512922464 0.0078125 0.014910536779324055
0 0.95546875 0.060139165009940355 0.0078125 0.018886679920477135
0 0.6234375 0.07852882703777336 0.030208333333333334 0.05168986083499006
0 0.7403645833333333 0.06411530815109344 0.015104166666666667 0.012922465208747515
0 0.8950520833333333 0.07405566600397614 0.011979166666666667 0.030815109343936383
0 0.10338541666666666 0.07902584493041749 0.0109375 0.030815109343936383
0 0.7856770833333333 0.09343936381709742 0.009895833333333333 0.02385685884691849
0 0.6692708333333334 0.09691848906560636 0.021875 0.02882703777335984
0 0.7143229166666667 0.10934393638170974 0.0296875 0.03777335984095427
0 0.8716145833333333 0.11332007952286283 0.0171875 0.017892644135188866
0 0.6111979166666667 0.12127236580516898 0.005729166666666666 0.02186878727634195
0 0.8580729166666666 0.13717693836978131 0.008854166666666666 0.02186878727634195
0 0.8947916666666667 0.139662027833002 0.010416666666666666 0.02286282306163022
0 0.24973958333333332 0.16650099403578528 0.015104166666666667 0.05069582504970179
0 0.6713541666666667 0.18439363817097415 0.016666666666666666 0.0705765407554672
0 0.7893229166666667 0.16053677932405566 0.011979166666666667 0.010934393638170975
0 0.9192708333333334 0.1794234592445328 0.022916666666666665 0.032803180914512925
0 0.565625 0.18141153081510936 0.008333333333333333 0.02485089463220676
0 0.6861979166666666 0.18737574552683897 0.0067708333333333336 0.0268389662027833
0 0.8682291666666667 0.19035785288270377 0.0125 0.030815109343936383
0 0.9859375 0.18986083499005965 0.013541666666666667 0.009940357852882704
0 0.37161458333333336 0.2231610337972167 0.0078125 0.018886679920477135
0 0.2716145833333333 0.24353876739562624 0.0234375 0.02186878727634195
0 0.36432291666666666 0.24204771371769385 0.008854166666666666 0.018886679920477135
0 0.95234375 0.2539761431411531 0.027604166666666666 0.02882703777335984
0 0.8356770833333333 0.2584493041749503 0.016145833333333335 0.027833001988071572
0 0.71015625 0.25695825049701787 0.0140625 0.010934393638170975
0 0.28203125 0.2803180914512923 0.013020833333333334 0.0437375745526839
0 0.646875 0.2783300198807157 0.016666666666666666 0.027833001988071572
0 0.8598958333333333 0.27037773359840955 0.013541666666666667 0.013916500994035786
0 0.45338541666666665 0.2783300198807157 0.0067708333333333336 0.017892644135188866
0 0.7747395833333334 0.2768389662027833 0.013020833333333334 0.012922465208747515
0 0.9067708333333333 0.2852882703777336 0.009375 0.02584493041749503
0 0.9940104166666667 0.2882703777335984 0.0109375 0.015904572564612324
0 0.3299479166666667 0.28777335984095426 0.008854166666666666 0.012922465208747515
0 0.09322916666666667 0.29721669980119286 0.010416666666666666 0.02186878727634195
0 0.5848958333333333 0.2992047713717694 0.015625 0.02186878727634195
0 0.74140625 0.2992047713717694 0.0078125 0.019880715705765408
0 0.8080729166666667 0.3106361829025845 0.016145833333333335 0.032803180914512925
0 0.946875 0.29970178926441354 0.0125 0.010934393638170975
0 0.07473958333333333 0.3071570576540755 0.0109375 0.015904572564612324
0 0.6979166666666666 0.3106361829025845 0.013541666666666667 0.010934393638170975
0 0.6208333333333333 0.31411530815109345 0.009375 0.013916500994035786
0 0.37552083333333336 0.32803180914512925 0.011458333333333333 0.03777335984095427
0 0.21927083333333333 0.3334990059642147 0.014583333333333334 0.02485089463220676
0 0.9481770833333333 0.33697813121272363 0.0203125 0.02385685884691849
0 0.6916666666666667 0.3404572564612326 0.007291666666666667 0.014910536779324055
0 0.5997395833333333 0.34343936381709744 0.015104166666666667 0.014910536779324055
0 0.8604166666666667 0.3523856858846918 0.013541666666666667 0.0268389662027833
0 0.83984375 0.3553677932405567 0.008854166666666666 0.02286282306163022
0 0.225 0.3682902584493042 0.010416666666666666 0.02485089463220676
0 0.6830729166666667 0.371272365805169 0.015104166666666667 0.030815109343936383
0 0.7263020833333333 0.3687872763419483 0.0109375 0.02385685884691849
0 0.8231770833333333 0.3682902584493042 0.0046875 0.02286282306163022
0 0.4609375 0.3687872763419483 0.00625 0.011928429423459244
0 0.6596354166666667 0.3841948310139165 0.0067708333333333336 0.016898608349900597
0 0.8028645833333333 0.39165009940357853 0.015104166666666667 0.015904572564612324
0 0.9953125 0.40506958250497016 0.008333333333333333 0.03876739562624255
0 0.8778645833333333 0.4025844930417495 0.011979166666666667 0.03180914512922465
0 0.8635416666666667 0.42047713717693835 0.010416666666666666 0.03777335984095427
0 0.9682291666666667 0.426441351888668 0.021875 0.033797216699801194
0 0.6557291666666667 0.43190854870775347 0.005208333333333333 0.02286282306163022
0 0.9947916666666666 0.45278330019880714 0.009375 0.030815109343936383
0 0.8703125 0.45029821073558646 0.0125 0.013916500994035786
0 0.7015625 0.4696819085487077 0.008333333333333333 0.032803180914512925
0 0.9190104166666667 0.46073558648111335 0.011979166666666667 0.014910536779324055
0 0.4203125 0.46371769383697814 0.016666666666666666 0.010934393638170975
0 0.8596354166666667 0.4691848906560636 0.011979166666666667 0.013916500994035786
0 0.6661458333333333 0.481610337972167 0.008333333333333333 0.0268389662027833
0 0.9203125 0.4870775347912525 0.013541666666666667 0.017892644135188866
0 0.7427083333333333 0.4985089463220676 0.011458333333333333 0.018886679920477135
0 0.4119791666666667 0.5149105367793241 0.010416666666666666 0.03578528827037773
0 0.965625 0.5044731610337972 0.020833333333333332 0.016898608349900597
0 0.871875 0.5313121272365805 0.021875 0.06461232604373758
0 0.71640625 0.5193836978131213 0.008854166666666666 0.008946322067594433
0 0.909375 0.5352882703777336 0.005208333333333333 0.020874751491053677
0 0.7653645833333333 0.536779324055666 0.0067708333333333336 0.02186878727634195
0 0.47317708333333336 0.5397614314115308 0.0109375 0.02186878727634195
0 0.9333333333333333 0.5556660039761432 0.017708333333333333 0.017892644135188866
0 0.50546875 0.5641153081510935 0.016145833333333335 0.030815109343936383
0 0.528125 0.562624254473161 0.009375 0.02982107355864811
0 0.9947916666666666 0.5675944333996024 0.009375 0.019880715705765408
0 0.5703125 0.5755467196819085 0.017708333333333333 0.013916500994035786
0 0.9328125 0.5765407554671969 0.020833333333333332 0.013916500994035786
0 0.62578125 0.5830019880715706 0.009895833333333333 0.016898608349900597
0 0.740625 0.606858846918489 0.029166666666666667 0.04671968190854871
0 0.8783854166666667 0.602882703777336 0.0140625 0.0268389662027833
0 0.23098958333333333 0.6088469184890656 0.013020833333333334 0.02485089463220676
0 0.5596354166666667 0.6078528827037774 0.011979166666666667 0.014910536779324055
0 0.9255208333333333 0.6277335984095428 0.021875 0.03876739562624255
0 0.5729166666666666 0.639662027833002 0.013541666666666667 0.03876739562624255
0 0.7138020833333333 0.6496023856858847 0.0078125 0.02286282306163022
0 0.06354166666666666 0.6590457256461233 0.017708333333333333 0.013916500994035786
0 0.8559895833333333 0.6645129224652088 0.016145833333333335 0.012922465208747515
0 0.94375 0.6759443339960238 0.014583333333333334 0.015904572564612324
0 0.63515625 0.6883697813121272 0.0046875 0.02882703777335984
0 0.5794270833333334 0.6848906560636183 0.0067708333333333336 0.019880715705765408
0 0.7385416666666667 0.6923459244532804 0.010416666666666666 0.03479125248508946
0 0.8018229166666667 0.69831013916501 0.0078125 0.02286282306163022
0 0.95546875 0.6988071570576541 0.0171875 0.017892644135188866
0 0.8919270833333334 0.709741550695825 0.0078125 0.03777335984095427
0 0.859375 0.7077534791252486 0.014583333333333334 0.015904572564612324
0 0.50546875 0.7157057654075547 0.015104166666666667 0.02584493041749503
0 0.64921875 0.7311133200795229 0.016145833333333335 0.032803180914512925
0 0.002864583333333333 0.7256461232604374 0.005729166666666666 0.017892644135188866
0 0.9630208333333333 0.7221669980119284 0.008333333333333333 0.010934393638170975
0 0.9177083333333333 0.7271371769383698 0.00625 0.012922465208747515
0 0.6309895833333333 0.7385685884691849 0.0036458333333333334 0.027833001988071572
0 0.8143229166666667 0.7385685884691849 0.013020833333333334 0.02186878727634195
0 0.6033854166666667 0.7420477137176938 0.0067708333333333336 0.020874751491053677
0 0.6846354166666667 0.7445328031809145 0.0036458333333333334 0.027833001988071572
0 0.5473958333333333 0.7415506958250497 0.01875 0.017892644135188866
0 0.98203125 0.7370775347912525 0.009895833333333333 0.008946322067594433
0 0.5192708333333333 0.7604373757455268 0.011458333333333333 0.03578528827037773
0 0.6768229166666667 0.757455268389662 0.005729166666666666 0.02982107355864811
0 0.8002604166666667 0.7564612326043738 0.013020833333333334 0.013916500994035786
0 0.90234375 0.7649105367793241 0.0078125 0.014910536779324055
0 0.16145833333333334 0.7688866799204771 0.010416666666666666 0.016898608349900597
0 0.81953125 0.7678926441351889 0.011979166666666667 0.014910536779324055
0 0.64375 0.782803180914513 0.013541666666666667 0.008946322067594433
0 0.6390625 0.8131212723658051 0.04375 0.04970178926441352
0 0.7375 0.8026838966202783 0.008333333333333333 0.0268389662027833
0 0.5666666666666667 0.7987077534791253 0.015625 0.014910536779324055
0 0.8518229166666667 0.8091451292246521 0.015104166666666667 0.03180914512922465
0 0.7966145833333333 0.8091451292246521 0.009895833333333333 0.027833001988071572
0 0.5395833333333333 0.8175944333996024 0.004166666666666667 0.030815109343936383
0 0.9955729166666667 0.8230616302186878 0.0078125 0.019880715705765408
0 0.440625 0.8334990059642147 0.011458333333333333 0.036779324055666
0 0.97578125 0.8260437375745527 0.008854166666666666 0.017892644135188866
0 0.9111979166666667 0.838469184890656 0.015104166666666667 0.020874751491053677
0 0.74453125 0.8424453280318092 0.008854166666666666 0.02286282306163022
0 0.7921875 0.852882703777336 0.010416666666666666 0.03777335984095427
0 0.8216145833333334 0.8484095427435387 0.011979166666666667 0.018886679920477135
0 0.9854166666666667 0.8459244532803181 0.00625 0.013916500994035786
0 0.6109375 0.8464214711729622 0.011458333333333333 0.006958250497017893
0 0.10911458333333333 0.8623260437375746 0.011979166666666667 0.036779324055666
0 0.6322916666666667 0.8558648111332008 0.014583333333333334 0.02385685884691849
0 0.7075520833333333 0.8633200795228628 0.008854166666666666 0.032803180914512925
0 0.8393229166666667 0.8653081510934394 0.0067708333333333336 0.032803180914512925
0 0.5890625 0.8653081510934394 0.010416666666666666 0.02485089463220676
0 0.8505208333333333 0.864314115308151 0.011458333333333333 0.02286282306163022
0 0.9322916666666666 0.860337972166998 0.014583333333333334 0.016898608349900597
0 0.26119791666666664 0.8727634194831014 0.0171875 0.03180914512922465
0 0.6169270833333333 0.8613320079522863 0.009895833333333333 0.010934393638170975
0 0.8981770833333333 0.871272365805169 0.0171875 0.0268389662027833
0 0.8231770833333333 0.8687872763419483 0.015104166666666667 0.017892644135188866
0 0.321875 0.893141153081511 0.005208333333333333 0.0268389662027833
0 0.5361979166666667 0.897117296222664 0.0067708333333333336 0.030815109343936383
0 0.6575520833333334 0.8941351888667992 0.0140625 0.02485089463220676
0 0.9328125 0.8961232604373758 0.021875 0.02882703777335984
0 0.6854166666666667 0.8926441351888668 0.01875 0.015904572564612324
0 0.4934895833333333 0.9040755467196819 0.005729166666666666 0.016898608349900597
0 0.6901041666666666 0.9259443339960238 0.008333333333333333 0.02882703777335984
0 0.4700520833333333 0.9314115308151093 0.008854166666666666 0.027833001988071572
0 0.4903645833333333 0.9324055666003976 0.0109375 0.02186878727634195
0 0.8736979166666666 0.9324055666003976 0.0140625 0.02186878727634195
0 0.6783854166666666 0.944831013916501 0.008854166666666666 0.042743538767395624
0 0.65234375 0.941351888667992 0.0046875 0.02982107355864811
0 0.93828125 0.9348906560636183 0.0171875 0.016898608349900597
0 0.5973958333333333 0.9443339960238568 0.011458333333333333 0.02982107355864811
0 0.6208333333333333 0.9403578528827038 0.009375 0.017892644135188866
0 0.6307291666666667 0.9438369781312127 0.007291666666666667 0.020874751491053677
0 0.5440104166666667 0.9517892644135189 0.0078125 0.018886679920477135
0 0.72109375 0.9517892644135189 0.0067708333333333336 0.020874751491053677
0 0.5645833333333333 0.952286282306163 0.020833333333333332 0.017892644135188866
0 0.2203125 0.9746520874751491 0.015625 0.048707753479125246
0 0.3859375 0.9686878727634195 0.013541666666666667 0.02882703777335984
0 0.36692708333333335 0.9652087475149106 0.0109375 0.015904572564612324
0 0.765625 0.9731610337972167 0.008333333333333333 0.02982107355864811
0 0.15182291666666667 0.9781312127236581 0.028645833333333332 0.03578528827037773
0 0.69140625 0.9652087475149106 0.013020833333333334 0.011928429423459244
0 0.8677083333333333 0.9791252485089463 0.017708333333333333 0.039761431411530816
0 0.5736979166666667 0.9791252485089463 0.011979166666666667 0.02584493041749503
0 0.7033854166666667 0.9845924453280318 0.013020833333333334 0.02882703777335984
0 0.9359375 0.9771371769383698 0.008333333333333333 0.015904572564612324
0 0.5994791666666667 0.9831013916500994 0.010416666666666666 0.02385685884691849
0 0.67734375 0.9786282306163022 0.011979166666666667 0.008946322067594433
0 0.7841145833333333 0.9860834990059643 0.0171875 0.02584493041749503
0 0.6645833333333333 0.9910536779324056 0.014583333333333334 0.015904572564612324