0 0.9533854166666667 0.006958250497017893 0.008854166666666666 0.013916500994035786
0 0.9338541666666667 0.010934393638170975 0.020833333333333332 0.02186878727634195
0 0.9171875 0.008946322067594433 0.014583333333333334 0.017892644135188866
0 0.8856770833333333 0.005964214711729622 0.015104166666666667 0.011928429423459244
0 0.6919270833333333 0.018389662027833 0.019270833333333334 0.036779324055666
0 0.6377604166666667 0.009443339960238568 0.03697916666666667 0.018886679920477135
0 0.5760416666666667 0.019383697813121274 0.013541666666666667 0.03876739562624255
0 0.39036458333333335 0.01143141153081511 0.0234375 0.02286282306163022
0 0.06145833333333333 0.0054671968190854875 0.007291666666666667 0.010934393638170975
0 0.9052083333333333 0.037276341948310136 0.023958333333333335 0.06660039761431412
0 0.019270833333333334 0.023359840954274354 0.013541666666666667 0.040755467196819085
0 0.005208333333333333 0.022365805168986085 0.009375 0.032803180914512925
0 0.23125 0.019383697813121274 0.009375 0.012922465208747515
0 0.8744791666666667 0.029324055666003976 0.008333333333333333 0.02485089463220676
0 0.08411458333333334 0.026341948310139165 0.0109375 0.014910536779324055
0 0.7578125 0.02982107355864811 0.01875 0.017892644135188866
0 0.9283854166666666 0.061630218687872766 0.0265625 0.0775347912524851
0 0.44817708333333334 0.059145129224652086 0.028645833333333332 0.05467196819085487
0 0.790625 0.052186878727634195 0.021875 0.03876739562624255
0 0.16848958333333333 0.04473161033797217 0.013020833333333334 0.019880715705765408
0 0.92265625 0.0437375745526839 0.009895833333333333 0.013916500994035786
0 0.8848958333333333 0.05666003976143141 0.014583333333333334 0.02584493041749503
0 0.71796875 0.06610337972166998 0.0109375 0.04473161033797217
0 0.146875 0.05417495029821073 0.011458333333333333 0.016898608349900597
0 0.3763020833333333 0.05417495029821073 0.011979166666666667 0.014910536779324055
0 0.35546875 0.05417495029821073 0.0067708333333333336 0.012922465208747515
0 0.6239583333333333 0.06759443339960239 0.030208333333333334 0.03578528827037773
0 0.8190104166666666 0.07604373757455268 0.019270833333333334 0.036779324055666
0 0.39869791666666665 0.0874751491053678 0.0296875 0.05168986083499006
0 0.3619791666666667 0.06660039761431412 0.009375 0.011928429423459244
0 0.7765625 0.08846918489065607 0.013541666666666667 0.04572564612326044
0 0.19114583333333332 0.0805168986083499 0.015625 0.02982107355864811
0 0.15338541666666666 0.0805168986083499 0.027604166666666666 0.02982107355864811
0 0.051041666666666666 0.08548707753479125 0.015625 0.015904572564612324
0 0.6971354166666667 0.091948310139165 0.008854166666666666 0.014910536779324055
0 0.028125 0.09145129224652088 0.007291666666666667 0.013916500994035786
0 0.4390625 0.10337972166998012 0.019791666666666666 0.027833001988071572
0 0.9338541666666667 0.10387673956262425 0.025 0.02286282306163022
0 0.54609375 0.10387673956262425 0.008854166666666666 0.012922465208747515
0 0.0046875 0.11630218687872763 0.008333333333333333 0.03578528827037773
0 0.7565104166666666 0.13071570576540756 0.03802083333333333 0.05069582504970179
0 0.6552083333333333 0.1327037773359841 0.0125 0.036779324055666
0 0.6838541666666667 0.1540755467196819 0.017708333333333333 0.07157057654075547
0 0.22890625 0.1272365805168986 0.009895833333333333 0.017892644135188866
0 0.709375 0.13518886679920478 0.015625 0.027833001988071572
0 0.33515625 0.1426441351888668 0.03802083333333333 0.04473161033797217
0 0.72578125 0.13817097415506957 0.0109375 0.027833001988071572
0 0.02109375 0.14860834990059643 0.018229166666666668 0.04671968190854871
0 0.05703125 0.14761431411530815 0.011979166666666667 0.018886679920477135
0 0.007552083333333333 0.15705765407554673 0.0140625 0.03578528827037773
0 0.9669270833333333 0.15904572564612326 0.011979166666666667 0.02982107355864811
0 0.8921875 0.1754473161033797 0.0125 0.0268389662027833
0 0.8690104166666667 0.17296222664015903 0.0067708333333333336 0.019880715705765408
0 0.8106770833333333 0.18141153081510936 0.016145833333333335 0.018886679920477135
0 0.2908854166666667 0.19532803180914513 0.0265625 0.02882703777335984
0 0.078125 0.20178926441351888 0.010416666666666666 0.033797216699801194
0 0.10052083333333334 0.20377733598409542 0.015625 0.03578528827037773
0 0.49505208333333334 0.20328031809145128 0.011979166666666667 0.020874751491053677
0 0.6302083333333334 0.22365805168986083 0.019791666666666666 0.055666003976143144
0 0.5213541666666667 0.20328031809145128 0.013541666666666667 0.008946322067594433
0 0.9330729166666667 0.23061630218687873 0.022395833333333334 0.04970178926441352
0 0.5075520833333333 0.22514910536779323 0.028645833333333332 0.03876739562624255
0 0.06354166666666666 0.22415506958250497 0.017708333333333333 0.036779324055666
0 0.9052083333333333 0.21968190854870775 0.01875 0.02385685884691849
0 0.703125 0.2201789264413519 0.011458333333333333 0.014910536779324055
0 0.6864583333333333 0.22664015904572565 0.014583333333333334 0.02982107355864811
0 0.14479166666666668 0.24701789264413518 0.023958333333333335 0.03876739562624255
0 0.7700520833333333 0.23906560636182903 0.019270833333333334 0.018886679920477135
0 0.646875 0.24801192842942346 0.013541666666666667 0.032803180914512925
0 0.30104166666666665 0.2415506958250497 0.019791666666666666 0.019880715705765408
0 0.72265625 0.24602385685884692 0.011979166666666667 0.020874751491053677
0 0.4875 0.25 0.013541666666666667 0.018886679920477135
0 0.5072916666666667 0.25596421471172964 0.00625 0.016898608349900597
0 0.8791666666666667 0.2639165009940358 0.010416666666666666 0.020874751491053677
0 0.12213541666666666 0.2634194831013916 0.0140625 0.013916500994035786
0 0.9671875 0.27186878727634195 0.00625 0.0268389662027833
0 0.18645833333333334 0.2852882703777336 0.027083333333333334 0.05168986083499006
0 0.6947916666666667 0.2788270377733598 0.013541666666666667 0.03479125248508946
0 0.28671875 0.27435387673956263 0.0171875 0.017892644135188866
0 0.5390625 0.28777335984095426 0.013541666666666667 0.032803180914512925
0 0.5078125 0.28578528827037775 0.015625 0.020874751491053677
0 0.21067708333333332 0.3121272365805169 0.019270833333333334 0.061630218687872766
0 0.71484375 0.2952286282306163 0.024479166666666666 0.02186878727634195
0 0.009895833333333333 0.29721669980119286 0.007291666666666667 0.011928429423459244
0 0.9190104166666667 0.3121272365805169 0.0171875 0.03578528827037773
0 0.54765625 0.3111332007952286 0.0171875 0.03578528827037773
0 0.5822916666666667 0.3081510934393638 0.014583333333333334 0.02186878727634195
0 0.11770833333333333 0.32803180914512925 0.028125 0.05765407554671968
0 0.69375 0.3349900596421471 0.010416666666666666 0.02982107355864811
0 0.71640625 0.3275347912524851 0.0067708333333333336 0.012922465208747515
0 0.5880208333333333 0.34493041749502984 0.017708333333333333 0.04572564612326044
0 0.9924479166666667 0.3389662027833002 0.015104166666666667 0.02982107355864811
0 0.8505208333333333 0.35785288270377735 0.020833333333333332 0.055666003976143144
0 0.6020833333333333 0.36083499005964215 0.027083333333333334 0.05765407554671968
0 0.9140625 0.3518886679920477 0.016666666666666666 0.019880715705765408
0 0.33203125 0.36928429423459247 0.0234375 0.03876739562624255
0 0.5518229166666667 0.36928429423459247 0.0109375 0.02286282306163022
0 0.7677083333333333 0.3658051689860835 0.014583333333333334 0.013916500994035786
0 0.7 0.3866799204771372 0.016666666666666666 0.041749502982107355
0 0.7247395833333333 0.3772365805168986 0.005729166666666666 0.016898608349900597
0 0.04973958333333333 0.3827037773359841 0.0067708333333333336 0.015904572564612324
0 0.7151041666666667 0.3996023856858847 0.007291666666666667 0.015904572564612324
0 0.24661458333333333 0.40506958250497016 0.011979166666666667 0.02485089463220676
0 0.7609375 0.4284294234592445 0.013541666666666667 0.03578528827037773
0 0.6927083333333334 0.4284294234592445 0.0125 0.027833001988071572
0 0.6096354166666667 0.43190854870775347 0.015104166666666667 0.0268389662027833
0 0.6700520833333333 0.4284294234592445 0.0109375 0.013916500994035786
0 0.72421875 0.45278330019880714 0.0171875 0.05666003976143141
0 0.6192708333333333 0.44930417495029823 0.013541666666666667 0.039761431411530816
0 0.31744791666666666 0.4542743538767396 0.0203125 0.0437375745526839
0 0.2513020833333333 0.4517892644135189 0.0265625 0.02882703777335984
0 0.9161458333333333 0.455765407554672 0.021875 0.02882703777335984
0 0.65390625 0.4567594433399602 0.008854166666666666 0.02485089463220676
0 0.5630208333333333 0.45825049701789267 0.008333333333333333 0.02186878727634195
0 0.062239583333333334 0.46669980119284293 0.0234375 0.032803180914512925
0 0.82265625 0.4617296222664016 0.019270833333333334 0.018886679920477135
0 0.7515625 0.4701789264413519 0.014583333333333334 0.02584493041749503
0 0.6484375 0.4945328031809145 0.030208333333333334 0.06660039761431412
0 0.86796875 0.47514910536779326 0.025520833333333333 0.02584493041749503
0 0.7786458333333334 0.4840954274353877 0.03125 0.0437375745526839
0 0.7403645833333333 0.481610337972167 0.013020833333333334 0.03876739562624255
0 0.28229166666666666 0.4990059642147117 0.022916666666666665 0.041749502982107355
0 0.7140625 0.5069582504970179 0.017708333333333333 0.041749502982107355
0 0.5674479166666667 0.5039761431411531 0.0109375 0.02982107355864811
0 0.49947916666666664 0.5014910536779325 0.0125 0.02485089463220676
0 0.13359375 0.49801192842942343 0.018229166666666668 0.019880715705765408
0 0.44036458333333334 0.5089463220675944 0.0140625 0.019880715705765408
0 0.8205729166666667 0.518389662027833 0.018229166666666668 0.036779324055666
0 0.734375 0.5228628230616302 0.015625 0.02385685884691849
0 0.3453125 0.5308151093439364 0.022916666666666665 0.03180914512922465
0 0.9109375 0.55168986083499 0.023958333333333335 0.04771371769383698
0 0.6791666666666667 0.5452286282306164 0.007291666666666667 0.0268389662027833
0 0.15104166666666666 0.5611332007952287 0.01875 0.036779324055666
0 0.5380208333333333 0.5541749502982107 0.016666666666666666 0.016898608349900597
0 0.32395833333333335 0.5641153081510935 0.0125 0.032803180914512925
0 0.7783854166666667 0.5765407554671969 0.0234375 0.03578528827037773
0 0.6440104166666667 0.5864811133200796 0.009895833333333333 0.013916500994035786
0 0.8822916666666667 0.628727634194831 0.015625 0.08449304174950298
0 0.8434895833333333 0.6078528827037774 0.015104166666666667 0.030815109343936383
0 0.5729166666666666 0.6048707753479126 0.015625 0.014910536779324055
0 0.18098958333333334 0.6038767395626242 0.0067708333333333336 0.010934393638170975
0 0.7549479166666667 0.6341948310139165 0.009895833333333333 0.04572564612326044
0 0.6776041666666667 0.6247514910536779 0.021875 0.0268389662027833
0 0.5075520833333333 0.6371769383697813 0.0265625 0.0437375745526839
0 0.8140625 0.6441351888667992 0.015625 0.019880715705765408
0 0.5643229166666667 0.6466202783300199 0.028645833333333332 0.02485089463220676
0 0.5244791666666667 0.6451292246520874 0.011458333333333333 0.013916500994035786
0 0.3841145833333333 0.6550695825049702 0.0140625 0.02584493041749503
0 0.46458333333333335 0.6709741550695825 0.013541666666666667 0.041749502982107355
0 0.32526041666666666 0.6774353876739563 0.008854166666666666 0.03479125248508946
0 0.8244791666666667 0.6709741550695825 0.009375 0.019880715705765408
0 0.7588541666666667 0.6943339960238568 0.010416666666666666 0.05268389662027833
0 0.28411458333333334 0.6938369781312127 0.015104166666666667 0.03578528827037773
0 0.5229166666666667 0.6853876739562624 0.016666666666666666 0.016898608349900597
0 0.8203125 0.6898608349900597 0.00625 0.011928429423459244
0 0.07239583333333334 0.6973161033797217 0.008333333333333333 0.016898608349900597
0 0.11875 0.7092445328031809 0.017708333333333333 0.02286282306163022
0 0.8200520833333333 0.7226640159045725 0.022395833333333334 0.041749502982107355
0 0.9223958333333333 0.713220675944334 0.008333333333333333 0.018886679920477135
0 0.5231770833333333 0.7191848906560636 0.0140625 0.018886679920477135
0 0.6981770833333333 0.7335984095427436 0.0203125 0.03777335984095427
0 0.7932291666666667 0.7450298210735586 0.007291666666666667 0.040755467196819085
0 0.78125 0.7415506958250497 0.011458333333333333 0.033797216699801194
0 0.36796875 0.7495029821073559 0.005729166666666666 0.03180914512922465
0 0.8627604166666667 0.7544731610337972 0.018229166666666668 0.02982107355864811
0 0.44947916666666665 0.7634194831013916 0.020833333333333332 0.04970178926441352
0 0.41041666666666665 0.757455268389662 0.016666666666666666 0.02584493041749503
0 0.5997395833333333 0.7649105367793241 0.013020833333333334 0.02485089463220676
0 0.56484375 0.7673956262425448 0.011979166666666667 0.027833001988071572
0 0.2703125 0.7773359840954275 0.016666666666666666 0.041749502982107355
0 0.6671875 0.7698807157057654 0.010416666666666666 0.020874751491053677
0 0.6927083333333334 0.7773359840954275 0.025 0.027833001988071572
0 0.9877604166666667 0.782803180914513 0.024479166666666666 0.036779324055666
0 0.048177083333333336 0.7992047713717694 0.011979166666666667 0.02584493041749503
0 0.73984375 0.8180914512922465 0.009895833333333333 0.03578528827037773
0 0.578125 0.8195825049701789 0.010416666666666666 0.02882703777335984
0 0.26328125 0.820079522862823 0.022395833333333334 0.02186878727634195
0 0.35078125 0.8469184890656064 0.0140625 0.04771371769383698
0 0.12083333333333333 0.8354870775347912 0.021875 0.02485089463220676
0 0.7072916666666667 0.856858846918489 0.017708333333333333 0.04771371769383698
0 0.020572916666666666 0.8434393638170974 0.0067708333333333336 0.020874751491053677
0 0.47760416666666666 0.8518886679920478 0.0125 0.03578528827037773
0 0.9934895833333334 0.8533797216699801 0.013020833333333334 0.02286282306163022
0 0.5802083333333333 0.8697813121272365 0.010416666666666666 0.04572564612326044
0 0.6921875 0.8792246520874751 0.0125 0.040755467196819085
0 0.046875 0.8722664015904572 0.008333333333333333 0.02485089463220676
0 0.4361979166666667 0.8767395626242545 0.019270833333333334 0.017892644135188866
0 0.26197916666666665 0.8881709741550696 0.017708333333333333 0.040755467196819085
0 0.5932291666666667 0.8891650099403579 0.008333333333333333 0.032803180914512925
0 0.0010416666666666667 0.9060636182902585 0.0010416666666666667 0.05666003976143141
0 0.9893229166666667 0.9005964214711729 0.021354166666666667 0.041749502982107355
0 0.23776041666666667 0.8966202783300199 0.015104166666666667 0.027833001988071572
0 0.11979166666666667 0.9105367793240556 0.027083333333333334 0.03777335984095427
0 0.728125 0.9244532803180915 0.020833333333333332 0.03578528827037773
0 0.4546875 0.9552683896620279 0.011458333333333333 0.0437375745526839
0 0.7028645833333333 0.9577534791252486 0.011979166666666667 0.036779324055666
0 0.4265625 0.9612326043737575 0.015625 0.0437375745526839
0 0.38515625 0.9567594433399602 0.008854166666666666 0.030815109343936383
0 0.6697916666666667 0.9696819085487077 0.017708333333333333 0.04473161033797217
0 0.46770833333333334 0.9662027833001988 0.010416666666666666 0.02584493041749503
0 0.01328125 0.9766401590457257 0.025520833333333333 0.04473161033797217
0 0.3098958333333333 0.967196819085487 0.017708333333333333 0.019880715705765408
0 0.82734375 0.9826043737574552 0.0109375 0.032803180914512925
0 0.5638020833333334 0.9865805168986084 0.0171875 0.02485089463220676
0 0.5895833333333333 0.9880715705765407 0.015625 0.02186878727634195
0 0.6864583333333333 0.989065606361829 0.008333333333333333 0.019880715705765408
0 0.9958333333333333 0.9910536779324056 0.008333333333333333 0.015904572564612324
0 0.12395833333333334 0.9930417495029821 0.0125 0.011928429423459244