0 0.7953125 0.0064612326043737576 0.016666666666666666 0.012922465208747515
0 0.46875 0.005964214711729622 0.011458333333333333 0.011928429423459244
0 0.3723958333333333 0.0064612326043737576 0.01875 0.012922465208747515
0 0.6744791666666666 0.010934393638170975 0.014583333333333334 0.013916500994035786
0 0.5588541666666667 0.012922465208747515 0.015625 0.011928429423459244
0 0.578125 0.04025844930417495 0.008333333333333333 0.02286282306163022
0 0.80234375 0.08399602385685885 0.005729166666666666 0.0268389662027833
0 0.7466145833333333 0.11530815109343936 0.0067708333333333336 0.02385685884691849
0 0.5825520833333333 0.12524850894632206 0.009895833333333333 0.02385685884691849
0 0.8958333333333334 0.15805168986083498 0.017708333333333333 0.02186878727634195
0 0.7247395833333333 0.176441351888668 0.008854166666666666 0.012922465208747515
0 0.7979166666666667 0.21570576540755468 0.010416666666666666 0.02385685884691849
0 0.8268229166666666 0.22514910536779323 0.0078125 0.0268389662027833
0 0.6158854166666666 0.23658051689860835 0.0109375 0.015904572564612324
0 0.5338541666666666 0.24254473161033796 0.016666666666666666 0.02186878727634195
0 0.34609375 0.2504970178926441 0.019270833333333334 0.02385685884691849
0 0.8609375 0.2738568588469185 0.00625 0.012922465208747515
0 0.6143229166666667 0.34840954274353875 0.008854166666666666 0.036779324055666
0 0.459375 0.34791252485089463 0.009375 0.027833001988071572
0 0.5859375 0.3643141153081511 0.010416666666666666 0.02882703777335984
0 0.9080729166666667 0.37326043737574555 0.0109375 0.02286282306163022
0 0.7104166666666667 0.3836978131212724 0.015625 0.04572564612326044
0 0.64296875 0.3866799204771372 0.015104166666666667 0.033797216699801194
0 0.6661458333333333 0.3817097415506958 0.013541666666666667 0.019880715705765408
0 0.5544270833333333 0.3871769383697813 0.0234375 0.016898608349900597
0 0.51875 0.4000994035785288 0.008333333333333333 0.042743538767395624
0 0.68515625 0.3991053677932406 0.018229166666666668 0.0268389662027833
0 0.45651041666666664 0.4000994035785288 0.0140625 0.018886679920477135
0 0.49114583333333334 0.41898608349900596 0.011458333333333333 0.040755467196819085
0 0.5869791666666667 0.41302186878727637 0.015625 0.008946322067594433
0 0.509375 0.43240556660039764 0.009375 0.013916500994035786
0 0.91328125 0.4433399602385686 0.015104166666666667 0.02186878727634195
0 0.8817708333333333 0.46272365805168986 0.016666666666666666 0.05467196819085487
0 0.48776041666666664 0.46272365805168986 0.03177083333333333 0.03479125248508946
0 0.6270833333333333 0.46272365805168986 0.013541666666666667 0.02882703777335984
0 0.7796875 0.46421471172962225 0.009375 0.02584493041749503
0 0.65234375 0.4647117296222664 0.0171875 0.02882703777335984
0 0.5458333333333333 0.46222664015904574 0.014583333333333334 0.015904572564612324
0 0.017447916666666667 0.4691848906560636 0.018229166666666668 0.02186878727634195
0 0.97578125 0.4915506958250497 0.024479166666666666 0.06262425447316103
0 0.60546875 0.4840954274353877 0.0067708333333333336 0.03180914512922465
0 0.6361979166666667 0.5154075546719682 0.016145833333333335 0.03479125248508946
0 0.7244791666666667 0.5243538767395626 0.00625 0.02882703777335984
0 0.6848958333333334 0.5407554671968191 0.027083333333333334 0.041749502982107355
0 0.5049479166666667 0.5372763419483101 0.013020833333333334 0.02882703777335984
0 0.5791666666666667 0.5462226640159046 0.011458333333333333 0.018886679920477135
0 0.46796875 0.5501988071570576 0.009895833333333333 0.02882703777335984
0 0.9265625 0.595427435387674 0.028125 0.055666003976143144
0 0.646875 0.5984095427435387 0.014583333333333334 0.033797216699801194
0 0.71328125 0.5924453280318092 0.016145833333333335 0.017892644135188866
0 0.6924479166666667 0.5944333996023857 0.0067708333333333336 0.015904572564612324
0 0.8955729166666667 0.6088469184890656 0.024479166666666666 0.020874751491053677
0 0.7635416666666667 0.6128230616302187 0.00625 0.02882703777335984
0 0.7911458333333333 0.6197813121272365 0.009375 0.040755467196819085
0 0.56796875 0.6177932405566601 0.019270833333333334 0.018886679920477135
0 0.9924479166666667 0.6476143141153081 0.015104166666666667 0.03479125248508946
0 0.5786458333333333 0.6585487077534792 0.011458333333333333 0.02485089463220676
0 0.759375 0.6570576540755467 0.007291666666666667 0.009940357852882704
0 0.51171875 0.6719681908548708 0.0203125 0.02584493041749503
0 0.5546875 0.6694831013916501 0.016666666666666666 0.016898608349900597
0 0.39166666666666666 0.6918489065606361 0.009375 0.03180914512922465
0 0.9716145833333333 0.6893638170974155 0.022395833333333334 0.02485089463220676
0 0.6119791666666666 0.7286282306163022 0.011458333333333333 0.0437375745526839
0 0.58203125 0.7211729622266402 0.0067708333333333336 0.0268389662027833
0 0.634375 0.7524850894632207 0.015625 0.04970178926441352
0 0.5557291666666667 0.7549701789264414 0.017708333333333333 0.05467196819085487
0 0.11614583333333334 0.75 0.008333333333333333 0.02882703777335984
0 0.68828125 0.7654075546719682 0.0328125 0.041749502982107355
0 0.4796875 0.7534791252485089 0.01875 0.011928429423459244
0 0.6171875 0.7693836978131213 0.0125 0.02584493041749503
0 0.7416666666666667 0.7887673956262425 0.013541666666666667 0.02882703777335984
0 0.5013020833333334 0.812624254473161 0.016145833333333335 0.030815109343936383
0 0.4161458333333333 0.8255467196819085 0.010416666666666666 0.042743538767395624
0 0.49270833333333336 0.8404572564612326 0.016666666666666666 0.030815109343936383
0 0.9908854166666666 0.8648111332007953 0.018229166666666668 0.027833001988071572
0 0.6703125 0.8752485089463221 0.011458333333333333 0.030815109343936383
0 0.22291666666666668 0.8792246520874751 0.016666666666666666 0.0268389662027833
0 0.834375 0.8871769383697813 0.013541666666666667 0.03876739562624255
0 0.7666666666666667 0.9204771371769384 0.010416666666666666 0.0437375745526839
0 0.5541666666666667 0.9160039761431411 0.023958333333333335 0.02485089463220676
0 0.7513020833333334 0.9274353876739563 0.013020833333333334 0.041749502982107355
0 0.9934895833333334 0.9498011928429424 0.013020833333333334 0.03876739562624255
0 0.15052083333333333 0.9920477137176938 0.011458333333333333 0.013916500994035786