0 0.9817708333333334 0.007455268389662028 0.014583333333333334 0.014910536779324055
0 0.25885416666666666 0.037276341948310136 0.008333333333333333 0.012922465208747515
0 0.33541666666666664 0.32803180914512925 0.009375 0.02385685884691849
0 0.40625 0.34592445328031807 0.011458333333333333 0.019880715705765408
0 0.4080729166666667 0.3687872763419483 0.0140625 0.015904572564612324
0 0.4276041666666667 0.4269383697813121 0.008333333333333333 0.008946322067594433
0 0.5533854166666666 0.5213717693836978 0.0109375 0.012922465208747515
0 0.5716145833333334 0.5248508946322068 0.0109375 0.015904572564612324
0 0.453125 0.5720675944333996 0.010416666666666666 0.012922465208747515
0 0.4588541666666667 0.6038767395626242 0.0125 0.03876739562624255
0 0.41484375 0.6048707753479126 0.0067708333333333336 0.0268389662027833
0 0.13098958333333333 0.6466202783300199 0.018229166666666668 0.02485089463220676
0 0.53671875 0.6411530815109344 0.016145833333333335 0.011928429423459244
0 0.46770833333333334 0.6510934393638171 0.016666666666666666 0.019880715705765408
0 0.6705729166666666 0.7415506958250497 0.0109375 0.017892644135188866
0 0.04609375 0.7470178926441352 0.011979166666666667 0.008946322067594433
0 0.0203125 0.9766401590457257 0.009375 0.018886679920477135
0 0.006510416666666667 0.9811133200795229 0.0109375 0.011928429423459244