0 0.93203125 0.004970178926441352 0.0067708333333333336 0.009940357852882704
0 0.73359375 0.008449304174950299 0.0078125 0.016898608349900597
0 0.5372395833333333 0.02584493041749503 0.019270833333333334 0.019880715705765408
0 0.6674479166666667 0.06461232604373758 0.009895833333333333 0.03578528827037773
0 0.9614583333333333 0.10337972166998012 0.013541666666666667 0.02385685884691849
0 0.06276041666666667 0.13518886679920478 0.0109375 0.041749502982107355
0 0.9208333333333333 0.15656063618290258 0.015625 0.05268389662027833
0 0.40598958333333335 0.14314115308151093 0.0067708333333333336 0.013916500994035786
0 0.7640625 0.15705765407554673 0.009375 0.033797216699801194
0 0.196875 0.18389662027833 0.022916666666666665 0.02385685884691849
0 0.4044270833333333 0.18986083499005965 0.0078125 0.015904572564612324
0 0.5526041666666667 0.20129224652087474 0.005208333333333333 0.030815109343936383
0 0.25104166666666666 0.19980119284294234 0.015625 0.027833001988071572
0 0.7481770833333333 0.20377733598409542 0.022395833333333334 0.02584493041749503
0 0.6388020833333333 0.21371769383697814 0.008854166666666666 0.02982107355864811
0 0.6575520833333334 0.2147117296222664 0.015104166666666667 0.015904572564612324
0 0.8450520833333334 0.24403578528827038 0.016145833333333335 0.02485089463220676
0 0.7817708333333333 0.24900596421471172 0.016666666666666666 0.032803180914512925
0 0.64609375 0.23856858846918488 0.011979166666666667 0.009940357852882704
0 0.2203125 0.25347912524850896 0.00625 0.033797216699801194
0 0.8041666666666667 0.25198807157057657 0.014583333333333334 0.02882703777335984
0 0.6375 0.2614314115308151 0.010416666666666666 0.03180914512922465
0 0.5330729166666667 0.2828031809145129 0.0234375 0.040755467196819085
0 0.2604166666666667 0.2768389662027833 0.005208333333333333 0.0268389662027833
0 0.56640625 0.27634194831013914 0.008854166666666666 0.017892644135188866
0 0.7671875 0.28876739562624254 0.010416666666666666 0.02286282306163022
0 0.95546875 0.294234592445328 0.0234375 0.02982107355864811
0 0.8841145833333334 0.2952286282306163 0.018229166666666668 0.019880715705765408
0 0.4903645833333333 0.30318091451292245 0.022395833333333334 0.02385685884691849
0 0.8270833333333333 0.3071570576540755 0.013541666666666667 0.02385685884691849
0 0.5958333333333333 0.30467196819085485 0.00625 0.018886679920477135
0 0.053125 0.323558648111332 0.017708333333333333 0.05069582504970179
0 0.859375 0.3265407554671968 0.009375 0.042743538767395624
0 0.7145833333333333 0.323558648111332 0.005208333333333333 0.030815109343936383
0 0.9848958333333333 0.33001988071570576 0.016666666666666666 0.03777335984095427
0 0.6057291666666667 0.32803180914512925 0.0125 0.019880715705765408
0 0.740625 0.3553677932405567 0.014583333333333334 0.02286282306163022
0 0.5947916666666667 0.34840954274353875 0.009375 0.010934393638170975
0 0.7153645833333333 0.36928429423459247 0.015104166666666667 0.016898608349900597
0 0.42864583333333334 0.36779324055666 0.011458333333333333 0.011928429423459244
0 0.6114583333333333 0.39363817097415504 0.009375 0.041749502982107355
0 0.7291666666666666 0.3851888667992048 0.011458333333333333 0.012922465208747515
0 0.28619791666666666 0.3956262425447316 0.011979166666666667 0.02982107355864811
0 0.11354166666666667 0.3976143141153082 0.013541666666666667 0.02584493041749503
0 0.5526041666666667 0.3981113320079523 0.013541666666666667 0.018886679920477135
0 0.7356770833333334 0.40357852882703776 0.013020833333333334 0.007952286282306162
0 0.4515625 0.4274353876739563 0.010416666666666666 0.02584493041749503
0 0.6869791666666667 0.4507952286282306 0.009375 0.018886679920477135
0 0.20130208333333333 0.4542743538767396 0.009895833333333333 0.019880715705765408
0 0.896875 0.46322067594433397 0.01875 0.011928429423459244
0 0.5083333333333333 0.47514910536779326 0.00625 0.033797216699801194
0 0.20989583333333334 0.46520874751491054 0.011458333333333333 0.013916500994035786
0 0.19453125 0.4875745526838966 0.018229166666666668 0.036779324055666
0 0.21432291666666667 0.4835984095427435 0.0067708333333333336 0.012922465208747515
0 0.72890625 0.5034791252485089 0.016145833333333335 0.040755467196819085
0 0.6276041666666666 0.4900596421471173 0.009375 0.015904572564612324
0 0.5427083333333333 0.4985089463220676 0.005208333333333333 0.014910536779324055
0 0.09921875 0.5154075546719682 0.016145833333333335 0.040755467196819085
0 0.5947916666666667 0.5129224652087475 0.005208333333333333 0.02982107355864811
0 0.6638020833333333 0.5253479125248509 0.0078125 0.02485089463220676
0 0.7216145833333333 0.5333001988071571 0.005729166666666666 0.032803180914512925
0 0.36822916666666666 0.5531809145129225 0.017708333333333333 0.06660039761431412
0 0.5236979166666667 0.5392644135188867 0.0203125 0.030815109343936383
0 0.15494791666666666 0.5342942345924453 0.009895833333333333 0.018886679920477135
0 0.19921875 0.5457256461232605 0.0265625 0.039761431411530816
0 0.05520833333333333 0.5422465208747514 0.011458333333333333 0.02485089463220676
0 0.59140625 0.5472166998011928 0.0140625 0.012922465208747515
0 0.5354166666666667 0.5511928429423459 0.015625 0.020874751491053677
0 0.51875 0.5690854870775348 0.007291666666666667 0.020874751491053677
0 0.7856770833333333 0.5745526838966203 0.016145833333333335 0.011928429423459244
0 0.9041666666666667 0.5849900596421471 0.008333333333333333 0.02485089463220676
0 0.12057291666666667 0.5929423459244533 0.0140625 0.03479125248508946
0 0.5963541666666666 0.5924453280318092 0.023958333333333335 0.015904572564612324
0 0.7950520833333333 0.5984095427435387 0.018229166666666668 0.015904572564612324
0 0.5403645833333334 0.6013916500994035 0.011979166666666667 0.02385685884691849
0 0.5588541666666667 0.6088469184890656 0.011458333333333333 0.02286282306163022
0 0.5213541666666667 0.6098409542743539 0.007291666666666667 0.014910536779324055
0 0.4401041666666667 0.6093439363817097 0.00625 0.013916500994035786
0 0.5890625 0.6416500994035785 0.016666666666666666 0.0705765407554672
0 0.8916666666666667 0.6297216699801192 0.025 0.03479125248508946
0 0.7 0.6257455268389662 0.017708333333333333 0.018886679920477135
0 0.5348958333333333 0.6237574552683897 0.021875 0.016898608349900597
0 0.8075520833333333 0.628727634194831 0.0203125 0.016898608349900597
0 0.4861979166666667 0.6436381709741551 0.005729166666666666 0.03479125248508946
0 0.015364583333333333 0.639662027833002 0.011979166666666667 0.0268389662027833
0 0.47109375 0.6466202783300199 0.0046875 0.02882703777335984
0 0.51875 0.6540755467196819 0.023958333333333335 0.03777335984095427
0 0.1453125 0.6560636182902585 0.016666666666666666 0.039761431411530816
0 0.044270833333333336 0.6575546719681908 0.0125 0.030815109343936383
0 0.55078125 0.6595427435387674 0.015104166666666667 0.016898608349900597
0 0.5328125 0.6600397614314115 0.008333333333333333 0.015904572564612324
0 0.7859375 0.6714711729622267 0.014583333333333334 0.018886679920477135
0 0.7307291666666667 0.668986083499006 0.010416666666666666 0.011928429423459244
0 0.5565104166666667 0.6744532803180915 0.008854166666666666 0.010934393638170975
0 0.43984375 0.6893638170974155 0.016145833333333335 0.040755467196819085
0 0.20208333333333334 0.6923459244532804 0.011458333333333333 0.036779324055666
0 0.7658854166666667 0.6908548707753479 0.0140625 0.02982107355864811
0 0.9565104166666667 0.6908548707753479 0.0109375 0.013916500994035786
0 0.9645833333333333 0.7037773359840954 0.010416666666666666 0.02186878727634195
0 0.9934895833333334 0.7087475149105368 0.013020833333333334 0.019880715705765408
0 0.7796875 0.7181908548707754 0.016666666666666666 0.03876739562624255
0 0.04401041666666667 0.73558648111332 0.019270833333333334 0.06759443339960239
0 0.6052083333333333 0.7077534791252486 0.010416666666666666 0.009940357852882704
0 0.55 0.717196819085487 0.008333333333333333 0.02882703777335984
0 0.4200520833333333 0.7117296222664016 0.0140625 0.011928429423459244
0 0.7989583333333333 0.7181908548707754 0.016666666666666666 0.020874751491053677
0 0.37942708333333336 0.7191848906560636 0.018229166666666668 0.02485089463220676
0 0.66015625 0.7291252485089463 0.013020833333333334 0.018886679920477135
0 0.9299479166666667 0.7485089463220675 0.015104166666666667 0.04970178926441352
0 0.4783854166666667 0.73558648111332 0.022395833333333334 0.02385685884691849
0 0.8216145833333334 0.7375745526838966 0.013020833333333334 0.02385685884691849
0 0.59453125 0.7420477137176938 0.013020833333333334 0.014910536779324055
0 0.8778645833333333 0.7490059642147118 0.011979166666666667 0.020874751491053677
0 0.5177083333333333 0.7539761431411531 0.008333333333333333 0.012922465208747515
0 0.5932291666666667 0.7723658051689861 0.015625 0.02584493041749503
0 0.4661458333333333 0.7723658051689861 0.0125 0.009940357852882704
0 0.67421875 0.7987077534791253 0.028645833333333332 0.05864811133200795
0 0.5609375 0.7793240556660039 0.005208333333333333 0.02186878727634195
0 0.37916666666666665 0.7798210735586482 0.016666666666666666 0.02286282306163022
0 0.9963541666666667 0.7972166998011928 0.007291666666666667 0.0437375745526839
0 0.31197916666666664 0.797713717693837 0.020833333333333332 0.042743538767395624
0 0.4984375 0.7982107355864811 0.00625 0.03578528827037773
0 0.6270833333333333 0.8111332007952287 0.016666666666666666 0.04970178926441352
0 0.9859375 0.7972166998011928 0.00625 0.015904572564612324
0 0.5361979166666667 0.8071570576540755 0.0109375 0.02584493041749503
0 0.65078125 0.8175944333996024 0.0067708333333333336 0.02485089463220676
0 0.6015625 0.8166003976143141 0.013541666666666667 0.02485089463220676
0 0.44427083333333334 0.841948310139165 0.008333333333333333 0.03578528827037773
0 0.8752604166666667 0.8523856858846919 0.0140625 0.040755467196819085
0 0.72890625 0.841948310139165 0.0067708333333333336 0.015904572564612324
0 0.3932291666666667 0.8538767395626242 0.01875 0.03777335984095427
0 0.03619791666666667 0.845427435387674 0.0140625 0.014910536779324055
0 0.8489583333333334 0.8618290258449304 0.0125 0.033797216699801194
0 0.5166666666666667 0.8578528827037774 0.004166666666666667 0.027833001988071572
0 0.4161458333333333 0.8499005964214712 0.015625 0.007952286282306162
0 0.9372395833333333 0.8638170974155069 0.025520833333333333 0.02982107355864811
0 0.6700520833333333 0.8633200795228628 0.008854166666666666 0.018886679920477135
0 0.5526041666666667 0.8762425447316103 0.011458333333333333 0.04473161033797217
0 0.03567708333333333 0.871272365805169 0.015104166666666667 0.02286282306163022
0 0.47369791666666666 0.8732604373757455 0.015104166666666667 0.020874751491053677
0 0.45416666666666666 0.8807157057654076 0.010416666666666666 0.02982107355864811
0 0.5669270833333333 0.8871769383697813 0.0109375 0.02485089463220676
0 0.8671875 0.8876739562624254 0.014583333333333334 0.019880715705765408
0 0.7354166666666667 0.8876739562624254 0.013541666666666667 0.017892644135188866
0 0.59375 0.8817097415506958 0.013541666666666667 0.007952286282306162
0 0.578125 0.9020874751491054 0.014583333333333334 0.036779324055666
0 0.9231770833333334 0.904572564612326 0.021354166666666667 0.03578528827037773
0 0.6325520833333333 0.9075546719681908 0.0046875 0.03180914512922465
0 0.8088541666666667 0.9130218687872763 0.014583333333333334 0.02286282306163022
0 0.7153645833333333 0.9169980119284294 0.011979166666666667 0.020874751491053677
0 0.6192708333333333 0.9244532803180915 0.009375 0.02186878727634195
0 0.4479166666666667 0.9274353876739563 0.009375 0.011928429423459244
0 0.5908854166666667 0.9403578528827038 0.0109375 0.033797216699801194
0 0.3611979166666667 0.9577534791252486 0.0067708333333333336 0.012922465208747515
0 0.36875 0.9845924453280318 0.017708333333333333 0.02882703777335984
0 0.08046875 0.9905566600397614 0.0067708333333333336 0.016898608349900597
0 0.6919270833333333 0.9930417495029821 0.0140625 0.011928429423459244
0 0.9700520833333334 0.9940357852882704 0.0140625 0.009940357852882704