0 0.8015625 0.016401590457256462 0.011458333333333333 0.0268389662027833
0 0.8559895833333333 0.016401590457256462 0.0109375 0.014910536779324055
0 0.8388020833333333 0.02982107355864811 0.011979166666666667 0.02584493041749503
0 0.7588541666666667 0.03578528827037773 0.011458333333333333 0.015904572564612324
0 0.7958333333333333 0.0437375745526839 0.011458333333333333 0.02186878727634195
0 0.8247395833333333 0.05417495029821073 0.025520833333333333 0.032803180914512925
0 0.7484375 0.06113320079522863 0.023958333333333335 0.040755467196819085
0 0.9783854166666667 0.0889662027833002 0.0171875 0.036779324055666
0 0.91484375 0.09343936381709742 0.0234375 0.027833001988071572
0 0.82265625 0.09741550695825049 0.0078125 0.011928429423459244
0 0.8864583333333333 0.1242544731610338 0.011458333333333333 0.02584493041749503
0 0.5763020833333333 0.15109343936381708 0.011979166666666667 0.02584493041749503
0 0.8927083333333333 0.16848906560636182 0.013541666666666667 0.02485089463220676
0 0.675 0.17345924453280318 0.010416666666666666 0.010934393638170975
0 0.4901041666666667 0.17992047713717693 0.0125 0.019880715705765408
0 0.9557291666666666 0.18538767395626243 0.0125 0.016898608349900597
0 0.9088541666666666 0.18986083499005965 0.013541666666666667 0.02186878727634195
0 0.9346354166666667 0.23658051689860835 0.018229166666666668 0.017892644135188866
0 0.6177083333333333 0.2957256461232604 0.016666666666666666 0.014910536779324055
0 0.71015625 0.3081510934393638 0.015104166666666667 0.017892644135188866
0 0.8359375 0.31312127236580517 0.005208333333333333 0.02385685884691849
0 0.8205729166666667 0.3210735586481113 0.0109375 0.019880715705765408
0 0.9692708333333333 0.3250497017892644 0.008333333333333333 0.019880715705765408
0 0.7919270833333333 0.35636182902584496 0.0078125 0.016898608349900597
0 0.8138020833333334 0.3648111332007952 0.0078125 0.02584493041749503
0 0.74453125 0.38866799204771374 0.008854166666666666 0.02385685884691849
0 0.49375 0.38866799204771374 0.015625 0.015904572564612324
0 0.8078125 0.4025844930417495 0.015625 0.015904572564612324
0 0.83828125 0.4309145129224652 0.008854166666666666 0.03479125248508946
0 0.7138020833333333 0.43737574552683894 0.005729166666666666 0.02584493041749503
0 0.13307291666666668 0.43538767395626243 0.024479166666666666 0.017892644135188866
0 0.8184895833333333 0.4398608349900596 0.011979166666666667 0.016898608349900597
0 0.5994791666666667 0.4701789264413519 0.005208333333333333 0.02385685884691849
0 0.63125 0.47813121272365805 0.00625 0.03180914512922465
0 0.7455729166666667 0.4761431411530815 0.0109375 0.009940357852882704
0 0.80078125 0.48061630218687873 0.009895833333333333 0.010934393638170975
0 0.9166666666666666 0.5392644135188867 0.00625 0.02882703777335984
0 0.51875 0.5482107355864811 0.009375 0.018886679920477135
0 0.8716145833333333 0.558648111332008 0.0067708333333333336 0.02584493041749503
0 0.8247395833333333 0.5596421471172962 0.008854166666666666 0.02385685884691849
0 0.9677083333333333 0.606858846918489 0.015625 0.02485089463220676
0 0.8049479166666667 0.6128230616302187 0.015104166666666667 0.02485089463220676
0 0.9354166666666667 0.6148111332007953 0.015625 0.02485089463220676
0 0.8885416666666667 0.6113320079522863 0.013541666666666667 0.011928429423459244
0 0.8197916666666667 0.6525844930417495 0.008333333333333333 0.05069582504970179
0 0.7544270833333333 0.6411530815109344 0.0046875 0.02385685884691849
0 0.6513020833333333 0.6411530815109344 0.011979166666666667 0.019880715705765408
0 0.6088541666666667 0.6714711729622267 0.011458333333333333 0.016898608349900597
0 0.7002604166666667 0.6684890656063618 0.018229166666666668 0.010934393638170975
0 0.7471354166666667 0.6789264413518886 0.013020833333333334 0.019880715705765408
0 0.8684895833333334 0.6858846918489065 0.013020833333333334 0.027833001988071572
0 0.8424479166666666 0.7067594433399602 0.0109375 0.04970178926441352
0 0.7171875 0.6998011928429424 0.00625 0.027833001988071572
0 0.5552083333333333 0.6938369781312127 0.015625 0.011928429423459244
0 0.7731770833333333 0.7216699801192843 0.009895833333333333 0.02186878727634195
0 0.87421875 0.7271371769383698 0.015104166666666667 0.02485089463220676
0 0.61484375 0.7360834990059643 0.013020833333333334 0.012922465208747515
0 0.7520833333333333 0.73558648111332 0.0125 0.013916500994035786
0 0.090625 0.7455268389662028 0.021875 0.027833001988071572
0 0.7401041666666667 0.7589463220675944 0.019791666666666666 0.04671968190854871
0 0.8966145833333333 0.7450298210735586 0.015104166666666667 0.014910536779324055
0 0.8455729166666667 0.7490059642147118 0.011979166666666667 0.018886679920477135
0 0.9911458333333333 0.7549701789264414 0.016666666666666666 0.030815109343936383
0 0.76953125 0.7773359840954275 0.0171875 0.041749502982107355
0 0.5567708333333333 0.7957256461232605 0.017708333333333333 0.030815109343936383
0 0.34427083333333336 0.7992047713717694 0.008333333333333333 0.02385685884691849
0 0.45677083333333335 0.7997017892644135 0.010416666666666666 0.010934393638170975
0 0.9515625 0.8041749502982107 0.016666666666666666 0.011928429423459244
0 0.5770833333333333 0.8290258449304175 0.007291666666666667 0.03578528827037773
0 0.8338541666666667 0.8275347912524851 0.008333333333333333 0.030815109343936383
0 0.7307291666666667 0.8265407554671969 0.00625 0.02485089463220676
0 0.8231770833333333 0.8339960238568589 0.0078125 0.02982107355864811
0 0.7458333333333333 0.8399602385685885 0.0125 0.017892644135188866
0 0.7682291666666666 0.8608349900596421 0.009375 0.027833001988071572
0 0.7091145833333333 0.8653081510934394 0.005729166666666666 0.018886679920477135
0 0.56796875 0.882703777335984 0.015104166666666667 0.02186878727634195
0 0.50625 0.8956262425447317 0.009375 0.03180914512922465
0 0.7486979166666666 0.8941351888667992 0.008854166666666666 0.02485089463220676
0 0.17708333333333334 0.9070576540755467 0.017708333333333333 0.03876739562624255
0 0.7864583333333334 0.8976143141153081 0.013541666666666667 0.017892644135188866
0 0.8369791666666667 0.9070576540755467 0.013541666666666667 0.02882703777335984
0 0.55859375 0.9179920477137177 0.018229166666666668 0.042743538767395624
0 0.00625 0.9264413518886679 0.0125 0.055666003976143144
0 0.5809895833333333 0.9145129224652088 0.005729166666666666 0.02385685884691849
0 0.6359375 0.9194831013916501 0.011458333333333333 0.02385685884691849
0 0.6799479166666667 0.9179920477137177 0.013020833333333334 0.018886679920477135
0 0.078125 0.9219681908548708 0.010416666666666666 0.016898608349900597
0 0.99453125 0.9463220675944334 0.009895833333333333 0.039761431411530816
0 0.0828125 0.9348906560636183 0.008333333333333333 0.014910536779324055
0 0.54296875 0.9393638170974155 0.015104166666666667 0.017892644135188866
0 0.03463541666666667 0.9463220675944334 0.018229166666666668 0.02584493041749503
0 0.48671875 0.94831013916501 0.0203125 0.02584493041749503
0 0.6455729166666667 0.9488071570576541 0.011979166666666667 0.02286282306163022
0 0.7544270833333333 0.9622266401590457 0.015104166666666667 0.0437375745526839
0 0.775 0.9512922465208747 0.013541666666666667 0.019880715705765408
0 0.5838541666666667 0.9617296222664016 0.015625 0.0268389662027833
0 0.84375 0.9592445328031809 0.015625 0.019880715705765408
0 0.6635416666666667 0.9726640159045725 0.007291666666666667 0.02882703777335984
0 0.6768229166666667 0.9716699801192843 0.009895833333333333 0.020874751491053677
0 0.64453125 0.9840954274353877 0.016145833333333335 0.017892644135188866
0 0.5643229166666667 0.989065606361829 0.0067708333333333336 0.019880715705765408
0 0.8036458333333333 0.9900596421471173 0.004166666666666667 0.017892644135188866
0 0.7104166666666667 0.9915506958250497 0.015625 0.014910536779324055
0 0.6221354166666667 0.9955268389662028 0.015104166666666667 0.006958250497017893