0 0.46197916666666666 0.18986083499005965 0.014583333333333334 0.02385685884691849
0 0.4473958333333333 0.20029821073558648 0.008333333333333333 0.018886679920477135
0 0.4908854166666667 0.21968190854870775 0.0171875 0.019880715705765408
0 0.53046875 0.24353876739562624 0.027604166666666666 0.02385685884691849
0 0.5294270833333333 0.3036779324055666 0.028645833333333332 0.09045725646123261
0 0.53984375 0.28876739562624254 0.013020833333333334 0.016898608349900597
0 0.5385416666666667 0.323558648111332 0.015625 0.02485089463220676
0 0.5307291666666667 0.3499005964214712 0.010416666666666666 0.02584493041749503
0 0.528125 0.4165009940357853 0.01875 0.04970178926441352
0 0.9763020833333333 0.5670974155069582 0.009895833333333333 0.010934393638170975
0 0.9744791666666667 0.5969184890656064 0.008333333333333333 0.03876739562624255
0 0.965625 0.6262425447316103 0.010416666666666666 0.02186878727634195
0 0.4934895833333333 0.6371769383697813 0.013020833333333334 0.02385685884691849
0 0.53359375 0.7728628230616302 0.0171875 0.02882703777335984
0 0.44375 0.790258449304175 0.00625 0.02385685884691849