0 0.017708333333333333 0.004970178926441352 0.010416666666666666 0.009940357852882704
0 0.9799479166666667 0.019383697813121274 0.0390625 0.03876739562624255
0 0.009635416666666667 0.01441351888667992 0.0078125 0.012922465208747515
0 0.7559895833333333 0.018886679920477135 0.013020833333333334 0.015904572564612324
0 0.9140625 0.037276341948310136 0.01875 0.03876739562624255
0 0.8880208333333334 0.03876739562624255 0.009375 0.02584493041749503
0 0.9776041666666667 0.03777335984095427 0.015625 0.02186878727634195
0 0.7450520833333333 0.045228628230616304 0.011979166666666667 0.012922465208747515
0 0.8075520833333333 0.060139165009940355 0.0078125 0.02485089463220676
0 0.6502604166666667 0.06510934393638171 0.011979166666666667 0.012922465208747515
0 0.9958333333333333 0.08151093439363817 0.007291666666666667 0.015904572564612324
0 0.6236979166666666 0.08598409542743539 0.0078125 0.014910536779324055
0 0.8885416666666667 0.09542743538767395 0.0125 0.027833001988071572
0 0.8458333333333333 0.10785288270377734 0.009375 0.014910536779324055
0 0.8481770833333333 0.12823061630218688 0.009895833333333333 0.013916500994035786
0 0.5815104166666667 0.15308151093439365 0.0067708333333333336 0.013916500994035786
0 0.9286458333333333 0.16451292246520874 0.015625 0.02286282306163022
0 0.7669270833333334 0.16749502982107356 0.0046875 0.02286282306163022
0 0.9942708333333333 0.1779324055666004 0.010416666666666666 0.019880715705765408
0 0.9971354166666667 0.20675944333996024 0.0046875 0.02584493041749503
0 0.8317708333333333 0.20974155069582506 0.009375 0.027833001988071572
0 0.6911458333333333 0.2062624254473161 0.0125 0.010934393638170975
0 0.9557291666666666 0.2430417495029821 0.013541666666666667 0.06461232604373758
0 0.8361979166666667 0.25198807157057657 0.013020833333333334 0.014910536779324055
0 0.7330729166666666 0.2639165009940358 0.0109375 0.014910536779324055
0 0.72265625 0.27485089463220674 0.008854166666666666 0.0268389662027833
0 0.18619791666666666 0.2828031809145129 0.011979166666666667 0.020874751491053677
0 0.7921875 0.28727634194831014 0.004166666666666667 0.027833001988071572
0 0.8739583333333333 0.2837972166998012 0.015625 0.020874751491053677
0 0.6143229166666667 0.294234592445328 0.0203125 0.02385685884691849
0 0.8614583333333333 0.30069582504970177 0.010416666666666666 0.032803180914512925
0 0.8372395833333334 0.3265407554671968 0.013020833333333334 0.02286282306163022
0 0.8549479166666667 0.3394632206759443 0.018229166666666668 0.02286282306163022
0 0.11875 0.3802186878727634 0.009375 0.036779324055666
0 0.7807291666666667 0.37524850894632206 0.010416666666666666 0.010934393638170975
0 0.13385416666666666 0.39214711729622265 0.009375 0.02286282306163022
0 0.5661458333333333 0.41998011928429424 0.004166666666666667 0.020874751491053677
0 0.81328125 0.42296222664015903 0.011979166666666667 0.018886679920477135
0 0.7046875 0.43339960238568587 0.00625 0.033797216699801194
0 0.86015625 0.44532803180914515 0.0078125 0.019880715705765408
0 0.99453125 0.44781312127236583 0.0067708333333333336 0.02485089463220676
0 0.5190104166666667 0.44831013916500995 0.0078125 0.017892644135188866
0 0.9669270833333333 0.4696819085487077 0.013020833333333334 0.032803180914512925
0 0.6828125 0.4746520874751491 0.016666666666666666 0.012922465208747515
0 0.5135416666666667 0.47962226640159045 0.0125 0.014910536779324055
0 0.9869791666666666 0.49055666003976145 0.014583333333333334 0.010934393638170975
0 0.07291666666666667 0.5208747514910537 0.015625 0.027833001988071572
0 0.7700520833333333 0.5342942345924453 0.0140625 0.042743538767395624
0 0.88125 0.525844930417495 0.015625 0.027833001988071572
0 0.7921875 0.5303180914512923 0.014583333333333334 0.016898608349900597
0 0.7125 0.5407554671968191 0.00625 0.027833001988071572
0 0.7416666666666667 0.5318091451292246 0.0125 0.011928429423459244
0 0.9192708333333334 0.5397614314115308 0.016666666666666666 0.015904572564612324
0 0.7236979166666667 0.5591451292246521 0.0067708333333333336 0.02286282306163022
0 0.10416666666666667 0.5616302186878728 0.010416666666666666 0.019880715705765408
0 0.6510416666666666 0.5959244532803181 0.017708333333333333 0.02485089463220676
0 0.7989583333333333 0.5974155069582505 0.009375 0.009940357852882704
0 0.6825520833333333 0.6108349900596421 0.013020833333333334 0.02882703777335984
0 0.84140625 0.6088469184890656 0.0109375 0.018886679920477135
0 0.9265625 0.6153081510934394 0.007291666666666667 0.017892644135188866
0 0.7109375 0.621272365805169 0.007291666666666667 0.027833001988071572
0 0.56875 0.6257455268389662 0.009375 0.02485089463220676
0 0.796875 0.6332007952286283 0.009375 0.019880715705765408
0 0.059895833333333336 0.6476143141153081 0.015625 0.030815109343936383
0 0.7388020833333333 0.643141153081511 0.0046875 0.019880715705765408
0 0.771875 0.6530815109343936 0.016666666666666666 0.011928429423459244
0 0.36770833333333336 0.668986083499006 0.0125 0.015904572564612324
0 0.9677083333333333 0.6978131212723658 0.011458333333333333 0.027833001988071572
0 0.865625 0.6958250497017893 0.011458333333333333 0.02186878727634195
0 0.9174479166666667 0.713220675944334 0.013020833333333334 0.02286282306163022
0 0.8057291666666667 0.7201789264413518 0.00625 0.02485089463220676
0 0.6723958333333333 0.7176938369781312 0.0125 0.009940357852882704
0 0.8630208333333333 0.7256461232604374 0.010416666666666666 0.02186878727634195
0 0.9119791666666667 0.7475149105367793 0.015625 0.015904572564612324
0 0.8817708333333333 0.7529821073558648 0.008333333333333333 0.02485089463220676
0 0.63984375 0.75 0.013020833333333334 0.006958250497017893
0 0.7125 0.7539761431411531 0.0125 0.008946322067594433
0 0.8286458333333333 0.7664015904572564 0.008333333333333333 0.033797216699801194
0 0.90625 0.7818091451292246 0.020833333333333332 0.05069582504970179
0 0.7205729166666667 0.786779324055666 0.018229166666666668 0.018886679920477135
0 0.6744791666666666 0.7992047713717694 0.010416666666666666 0.02385685884691849
0 0.4518229166666667 0.7987077534791253 0.0109375 0.014910536779324055
0 0.7315104166666667 0.808648111332008 0.0171875 0.02286282306163022
0 0.5731770833333333 0.8111332007952287 0.0109375 0.02584493041749503
0 0.63359375 0.8096421471172962 0.013020833333333334 0.020874751491053677
0 0.06796875 0.8280318091451292 0.0203125 0.0536779324055666
0 0.69140625 0.8265407554671969 0.005729166666666666 0.032803180914512925
0 0.66640625 0.8250497017892644 0.0109375 0.02584493041749503
0 0.9536458333333333 0.8300198807157058 0.017708333333333333 0.017892644135188866
0 0.9731770833333333 0.8295228628230616 0.0078125 0.016898608349900597
0 0.65546875 0.8459244532803181 0.009895833333333333 0.027833001988071572
0 0.74296875 0.841948310139165 0.015104166666666667 0.011928429423459244
0 0.7072916666666667 0.8449304174950298 0.0125 0.013916500994035786
0 0.028645833333333332 0.8608349900596421 0.016666666666666666 0.03578528827037773
0 0.89921875 0.8727634194831014 0.016145833333333335 0.02186878727634195
0 0.5911458333333334 0.8807157057654076 0.004166666666666667 0.02982107355864811
0 0.7635416666666667 0.8767395626242545 0.026041666666666668 0.019880715705765408
0 0.8583333333333333 0.8881709741550696 0.011458333333333333 0.036779324055666
0 0.6994791666666667 0.8916500994035785 0.010416666666666666 0.02186878727634195
0 0.7625 0.9015904572564613 0.008333333333333333 0.027833001988071572
0 0.59921875 0.9075546719681908 0.008854166666666666 0.03578528827037773
0 0.7815104166666667 0.9100397614314115 0.015104166666666667 0.020874751491053677
0 0.6296875 0.9244532803180915 0.005208333333333333 0.02982107355864811
0 0.46432291666666664 0.9254473161033797 0.011979166666666667 0.017892644135188866
0 0.575 0.93389662027833 0.00625 0.032803180914512925
0 0.8783854166666667 0.9324055666003976 0.009895833333333333 0.02385685884691849
0 0.77265625 0.9348906560636183 0.0046875 0.0268389662027833
0 0.6065104166666667 0.9358846918489065 0.0078125 0.02286282306163022
0 0.7286458333333333 0.9443339960238568 0.01875 0.041749502982107355
0 0.8317708333333333 0.9438369781312127 0.010416666666666666 0.03876739562624255
0 0.5578125 0.9463220675944334 0.009375 0.019880715705765408
0 0.58671875 0.9428429423459245 0.009895833333333333 0.014910536779324055
0 0.9010416666666666 0.9527833001988072 0.010416666666666666 0.02882703777335984
0 0.68203125 0.9567594433399602 0.0078125 0.0268389662027833
0 0.6557291666666667 0.9681908548707754 0.017708333333333333 0.04572564612326044
0 0.5822916666666667 0.9617296222664016 0.011458333333333333 0.014910536779324055
0 0.7041666666666667 0.9691848906560636 0.015625 0.02982107355864811
0 0.7625 0.9761431411530815 0.013541666666666667 0.02385685884691849
0 0.5096354166666667 0.9865805168986084 0.013020833333333334 0.02485089463220676
0 0.63359375 0.9875745526838966 0.0171875 0.02286282306163022
0 0.45208333333333334 0.9885685884691849 0.017708333333333333 0.020874751491053677
0 0.6046875 0.9905566600397614 0.00625 0.016898608349900597
0 0.278125 0.992544731610338 0.021875 0.012922465208747515
0 0.7885416666666667 0.992544731610338 0.015625 0.012922465208747515