0 0.8140625 0.01143141153081511 0.01875 0.02286282306163022
0 0.8950520833333333 0.021371769383697812 0.011979166666666667 0.018886679920477135
0 0.5947916666666667 0.07107355864811134 0.005208333333333333 0.02485089463220676
0 0.8682291666666667 0.1143141153081511 0.0375 0.05168986083499006
0 0.32838541666666665 0.11679920477137178 0.011979166666666667 0.0268389662027833
0 0.7296875 0.12773359840954274 0.026041666666666668 0.02286282306163022
0 0.44557291666666665 0.18190854870775347 0.009895833333333333 0.02982107355864811
0 0.39609375 0.1848906560636183 0.022395833333333334 0.03777335984095427
0 0.42526041666666664 0.1878727634194831 0.015104166666666667 0.03777335984095427
0 0.75 0.17992047713717693 0.013541666666666667 0.017892644135188866
0 0.4817708333333333 0.18836978131212723 0.013541666666666667 0.02286282306163022
0 0.8260416666666667 0.19731610337972166 0.016666666666666666 0.014910536779324055
0 0.75234375 0.21421471172962225 0.0067708333333333336 0.036779324055666
0 0.3578125 0.21570576540755468 0.0125 0.007952286282306162
0 0.99609375 0.24701789264413518 0.0078125 0.018886679920477135
0 0.07395833333333333 0.2624254473161034 0.016666666666666666 0.041749502982107355
0 0.5942708333333333 0.2624254473161034 0.019791666666666666 0.027833001988071572
0 0.4875 0.2668986083499006 0.013541666666666667 0.018886679920477135
0 0.37916666666666665 0.2798210735586481 0.007291666666666667 0.032803180914512925
0 0.00390625 0.27037773359840955 0.0067708333333333336 0.011928429423459244
0 0.496875 0.2897614314115308 0.013541666666666667 0.02882703777335984
0 0.9877604166666667 0.30168986083499005 0.008854166666666666 0.0268389662027833
0 0.3067708333333333 0.30566600397614313 0.008333333333333333 0.0268389662027833
0 0.8140625 0.3230616302186879 0.016666666666666666 0.013916500994035786
0 0.7260416666666667 0.3379721669980119 0.008333333333333333 0.02982107355864811
0 0.25 0.34840954274353875 0.013541666666666667 0.02882703777335984
0 0.1734375 0.34542743538767395 0.010416666666666666 0.018886679920477135
0 0.9317708333333333 0.34840954274353875 0.011458333333333333 0.020874751491053677
0 0.5338541666666666 0.3508946322067594 0.013541666666666667 0.02584493041749503
0 0.2890625 0.3489065606361829 0.023958333333333335 0.02186878727634195
0 0.5565104166666667 0.3633200795228628 0.0067708333333333336 0.03479125248508946
0 0.8015625 0.39165009940357853 0.011458333333333333 0.05168986083499006
0 0.4265625 0.3871769383697813 0.005208333333333333 0.030815109343936383
0 0.390625 0.3856858846918489 0.004166666666666667 0.02186878727634195
0 0.30416666666666664 0.3961232604373757 0.014583333333333334 0.0268389662027833
0 0.725 0.40656063618290256 0.008333333333333333 0.02584493041749503
0 0.1046875 0.3991053677932406 0.016666666666666666 0.010934393638170975
0 0.8994791666666667 0.43141153081510936 0.017708333333333333 0.02584493041749503
0 0.65 0.4279324055666004 0.011458333333333333 0.014910536779324055
0 0.48203125 0.43240556660039764 0.0109375 0.019880715705765408
0 0.05286458333333333 0.44980119284294234 0.008854166666666666 0.02882703777335984
0 0.5994791666666667 0.46520874751491054 0.022916666666666665 0.0536779324055666
0 0.359375 0.46272365805168986 0.008333333333333333 0.016898608349900597
0 0.2989583333333333 0.4716699801192843 0.014583333333333334 0.018886679920477135
0 0.95390625 0.4875745526838966 0.018229166666666668 0.02485089463220676
0 0.5046875 0.4865805168986084 0.013541666666666667 0.02286282306163022
0 0.9203125 0.49105367793240556 0.015625 0.02982107355864811
0 0.5541666666666667 0.49403578528827036 0.014583333333333334 0.017892644135188866
0 0.9729166666666667 0.5079522862823062 0.015625 0.03777335984095427
0 0.6450520833333333 0.5124254473161034 0.0109375 0.030815109343936383
0 0.24010416666666667 0.5079522862823062 0.016666666666666666 0.02186878727634195
0 0.20338541666666668 0.507455268389662 0.011979166666666667 0.02286282306163022
0 0.5481770833333334 0.5134194831013916 0.013020833333333334 0.008946322067594433
0 0.9158854166666667 0.5308151093439364 0.009895833333333333 0.019880715705765408
0 0.35885416666666664 0.5298210735586482 0.008333333333333333 0.017892644135188866
0 0.7143229166666667 0.5407554671968191 0.0234375 0.02584493041749503
0 0.018489583333333334 0.5566600397614314 0.022395833333333334 0.05765407554671968
0 0.9567708333333333 0.5452286282306164 0.011458333333333333 0.0268389662027833
0 0.078125 0.5561630218687873 0.014583333333333334 0.036779324055666
0 0.6307291666666667 0.5541749502982107 0.016666666666666666 0.02882703777335984
0 0.19973958333333333 0.5631212723658051 0.015104166666666667 0.018886679920477135
0 0.8505208333333333 0.5680914512922465 0.022916666666666665 0.018886679920477135
0 0.8236979166666667 0.5785288270377733 0.011979166666666667 0.019880715705765408
0 0.6143229166666667 0.581013916500994 0.013020833333333334 0.014910536779324055
0 0.5776041666666667 0.5924453280318092 0.017708333333333333 0.03777335984095427
0 0.9143229166666667 0.5849900596421471 0.0171875 0.016898608349900597
0 0.7484375 0.6043737574552683 0.034375 0.02584493041749503
0 0.4979166666666667 0.6063618290258449 0.005208333333333333 0.02982107355864811
0 0.5450520833333333 0.6078528827037774 0.005729166666666666 0.0268389662027833
0 0.5627604166666667 0.6088469184890656 0.011979166666666667 0.018886679920477135
0 0.41302083333333334 0.610337972166998 0.016666666666666666 0.007952286282306162
0 0.5877604166666667 0.6535785288270378 0.011979166666666667 0.032803180914512925
0 0.6203125 0.6446322067594433 0.013541666666666667 0.008946322067594433
0 0.5653645833333333 0.6441351888667992 0.011979166666666667 0.009940357852882704
0 0.3458333333333333 0.665506958250497 0.021875 0.0268389662027833
0 0.5739583333333333 0.6605367793240556 0.009375 0.010934393638170975
0 0.4940104166666667 0.6719681908548708 0.0067708333333333336 0.033797216699801194
0 0.62109375 0.6719681908548708 0.013020833333333334 0.013916500994035786
0 0.8325520833333333 0.6848906560636183 0.0109375 0.033797216699801194
0 0.5359375 0.6774353876739563 0.00625 0.018886679920477135
0 0.7682291666666666 0.6878727634194831 0.041666666666666664 0.03777335984095427
0 0.4479166666666667 0.6868787276341949 0.0125 0.03578528827037773
0 0.9973958333333334 0.6833996023856859 0.005208333333333333 0.02286282306163022
0 0.6908854166666667 0.6868787276341949 0.008854166666666666 0.02385685884691849
0 0.5455729166666666 0.6829025844930418 0.008854166666666666 0.015904572564612324
0 0.5299479166666666 0.6963220675944334 0.008854166666666666 0.020874751491053677
0 0.9744791666666667 0.7032803180914513 0.01875 0.020874751491053677
0 0.5825520833333333 0.7012922465208747 0.016145833333333335 0.016898608349900597
0 0.36223958333333334 0.7122266401590457 0.013020833333333334 0.016898608349900597
0 0.9463541666666667 0.7216699801192843 0.013541666666666667 0.033797216699801194
0 0.77109375 0.7181908548707754 0.011979166666666667 0.02485089463220676
0 0.23177083333333334 0.7157057654075547 0.010416666666666666 0.02186878727634195
0 0.6440104166666667 0.7186878727634195 0.009895833333333333 0.02186878727634195
0 0.11432291666666666 0.7256461232604374 0.008854166666666666 0.02385685884691849
0 0.96171875 0.7360834990059643 0.015104166666666667 0.042743538767395624
0 0.7286458333333333 0.7266401590457257 0.010416666666666666 0.02186878727634195
0 0.4513020833333333 0.7236580516898609 0.0078125 0.015904572564612324
0 0.7575520833333333 0.7509940357852882 0.016145833333333335 0.03876739562624255
0 0.62421875 0.7460238568588469 0.0067708333333333336 0.016898608349900597
0 0.4986979166666667 0.75 0.008854166666666666 0.0268389662027833
0 0.7869791666666667 0.7475149105367793 0.023958333333333335 0.015904572564612324
0 0.82265625 0.7524850894632207 0.013020833333333334 0.019880715705765408
0 0.7338541666666667 0.7519880715705766 0.007291666666666667 0.018886679920477135
0 0.45729166666666665 0.768389662027833 0.013541666666666667 0.02385685884691849
0 0.5734375 0.7649105367793241 0.007291666666666667 0.012922465208747515
0 0.51171875 0.7698807157057654 0.0078125 0.02286282306163022
0 0.30104166666666665 0.7713717693836978 0.019791666666666666 0.02385685884691849
0 0.184375 0.7773359840954275 0.007291666666666667 0.02186878727634195
0 0.7924479166666667 0.7862823061630219 0.021354166666666667 0.033797216699801194
0 0.6294270833333333 0.7862823061630219 0.013020833333333334 0.03578528827037773
0 0.5526041666666667 0.7823061630218688 0.00625 0.02584493041749503
0 0.5763020833333333 0.7927435387673957 0.0109375 0.03876739562624255
0 0.5260416666666666 0.7833001988071571 0.008333333333333333 0.02186878727634195
0 0.19713541666666667 0.7862823061630219 0.0171875 0.02385685884691849
0 0.6596354166666667 0.7972166998011928 0.0078125 0.02584493041749503
0 0.5119791666666667 0.8136182902584493 0.013541666666666667 0.042743538767395624
0 0.8369791666666667 0.8036779324055666 0.010416666666666666 0.018886679920477135
0 0.9109375 0.8061630218687873 0.021875 0.017892644135188866
0 0.33255208333333336 0.8001988071570576 0.013020833333333334 0.007952286282306162
0 0.48203125 0.808648111332008 0.0109375 0.016898608349900597
0 0.35885416666666664 0.812624254473161 0.016666666666666666 0.020874751491053677
0 0.5630208333333333 0.8151093439363817 0.007291666666666667 0.015904572564612324
0 0.58203125 0.831013916500994 0.016145833333333335 0.011928429423459244
0 0.4861979166666667 0.841948310139165 0.0171875 0.03578528827037773
0 0.31666666666666665 0.8394632206759444 0.0125 0.020874751491053677
0 0.6166666666666667 0.8503976143141153 0.008333333333333333 0.030815109343936383
0 0.3846354166666667 0.8543737574552683 0.019270833333333334 0.040755467196819085
0 0.7434895833333334 0.8479125248508946 0.015104166666666667 0.019880715705765408
0 0.6682291666666667 0.860337972166998 0.015625 0.036779324055666
0 0.20390625 0.8553677932405567 0.0140625 0.02286282306163022
0 0.5541666666666667 0.8513916500994035 0.014583333333333334 0.010934393638170975
0 0.4393229166666667 0.8613320079522863 0.0109375 0.030815109343936383
0 0.5122395833333333 0.8633200795228628 0.0171875 0.020874751491053677
0 0.6388020833333333 0.8692842942345924 0.019270833333333334 0.02485089463220676
0 0.6578125 0.8822067594433399 0.011458333333333333 0.02286282306163022
0 0.7065104166666667 0.8946322067594433 0.0067708333333333336 0.03578528827037773
0 0.37604166666666666 0.8916500994035785 0.010416666666666666 0.02982107355864811
0 0.940625 0.9055666003976143 0.026041666666666668 0.039761431411530816
0 0.3578125 0.9040755467196819 0.007291666666666667 0.030815109343936383
0 0.32265625 0.9020874751491054 0.0203125 0.0268389662027833
0 0.48463541666666665 0.9040755467196819 0.021354166666666667 0.02882703777335984
0 0.8927083333333333 0.9145129224652088 0.014583333333333334 0.03777335984095427
0 0.4432291666666667 0.9174950298210736 0.007291666666666667 0.02982107355864811
0 0.5489583333333333 0.922962226640159 0.025 0.03876739562624255
0 0.5236979166666667 0.9264413518886679 0.0140625 0.041749502982107355
0 0.5932291666666667 0.9234592445328031 0.011458333333333333 0.03180914512922465
0 0.6700520833333333 0.9160039761431411 0.013020833333333334 0.012922465208747515
0 0.19739583333333333 0.9319085487077535 0.009375 0.04473161033797217
0 0.05546875 0.9309145129224652 0.0171875 0.020874751491053677
0 0.175 0.9463220675944334 0.017708333333333333 0.041749502982107355
0 0.5651041666666666 0.9343936381709742 0.009375 0.013916500994035786
0 0.47213541666666664 0.9537773359840954 0.0203125 0.0268389662027833
0 0.9015625 0.9572564612326043 0.010416666666666666 0.02982107355864811
0 0.6885416666666667 0.9587475149105368 0.007291666666666667 0.020874751491053677
0 0.5625 0.9666998011928429 0.015625 0.032803180914512925
0 0.8421875 0.9691848906560636 0.016666666666666666 0.03578528827037773
0 0.5390625 0.9592445328031809 0.019791666666666666 0.013916500994035786
0 0.0609375 0.9736580516898609 0.0125 0.036779324055666
0 0.37161458333333336 0.9666998011928429 0.013020833333333334 0.014910536779324055
0 0.5760416666666667 0.9706759443339961 0.008333333333333333 0.018886679920477135
0 0.4127604166666667 0.9776341948310139 0.018229166666666668 0.02485089463220676
0 0.5921875 0.9860834990059643 0.014583333333333334 0.017892644135188866
0 0.6890625 0.9910536779324056 0.010416666666666666 0.015904572564612324