0 0.8440104166666667 0.0044731610337972166 0.011979166666666667 0.008946322067594433
0 0.6690104166666667 0.044234592445328035 0.0067708333333333336 0.040755467196819085
0 0.9125 0.05168986083499006 0.015625 0.033797216699801194
0 0.95 0.09045725646123261 0.022916666666666665 0.055666003976143144
0 0.47239583333333335 0.11878727634194831 0.00625 0.03479125248508946
0 0.6028645833333334 0.13021868787276342 0.0067708333333333336 0.039761431411530816
0 0.5348958333333333 0.12673956262425448 0.011458333333333333 0.0268389662027833
0 0.6645833333333333 0.1257455268389662 0.0125 0.014910536779324055
0 0.7307291666666667 0.14065606361829025 0.014583333333333334 0.010934393638170975
0 0.6921875 0.1555666003976143 0.007291666666666667 0.036779324055666
0 0.57578125 0.17047713717693838 0.018229166666666668 0.0268389662027833
0 0.36770833333333336 0.17047713717693838 0.014583333333333334 0.02882703777335984
0 0.8197916666666667 0.1824055666003976 0.014583333333333334 0.030815109343936383
0 0.6661458333333333 0.1779324055666004 0.0125 0.02385685884691849
0 0.6328125 0.18041749502982107 0.013541666666666667 0.018886679920477135
0 0.96171875 0.1988071570576541 0.015104166666666667 0.04572564612326044
0 0.67109375 0.21023856858846918 0.022395833333333334 0.030815109343936383
0 0.6541666666666667 0.20029821073558648 0.008333333333333333 0.012922465208747515
0 0.9481770833333333 0.2261431411530815 0.013020833333333334 0.018886679920477135
0 0.37942708333333336 0.24055666003976142 0.0203125 0.02385685884691849
0 0.6479166666666667 0.32007952286282304 0.005208333333333333 0.03180914512922465
0 0.69921875 0.31610337972166996 0.0067708333333333336 0.013916500994035786
0 0.13984375 0.3334990059642147 0.0109375 0.030815109343936383
0 0.8231770833333333 0.34244532803180916 0.015104166666666667 0.04671968190854871
0 0.284375 0.3320079522862823 0.010416666666666666 0.019880715705765408
0 0.45416666666666666 0.3334990059642147 0.016666666666666666 0.016898608349900597
0 0.5971354166666667 0.34244532803180916 0.009895833333333333 0.020874751491053677
0 0.5776041666666667 0.36530815109343934 0.009375 0.040755467196819085
0 0.02890625 0.36381709741550694 0.027604166666666666 0.03180914512922465
0 0.6893229166666667 0.38071570576540753 0.0109375 0.027833001988071572
0 0.6638020833333333 0.3976143141153082 0.0067708333333333336 0.011928429423459244
0 0.6510416666666666 0.41848906560636184 0.019791666666666666 0.02584493041749503
0 0.5713541666666667 0.4423459244532803 0.011458333333333333 0.013916500994035786
0 0.45286458333333335 0.44781312127236583 0.022395833333333334 0.018886679920477135
0 0.5692708333333333 0.4726640159045726 0.017708333333333333 0.0268389662027833
0 0.8911458333333333 0.4731610337972167 0.013541666666666667 0.017892644135188866
0 0.628125 0.4761431411530815 0.007291666666666667 0.017892644135188866
0 0.8598958333333333 0.5034791252485089 0.013541666666666667 0.02286282306163022
0 0.6875 0.5298210735586482 0.025 0.055666003976143144
0 0.5424479166666667 0.5213717693836978 0.019270833333333334 0.010934393638170975
0 0.640625 0.5526838966202783 0.009375 0.03578528827037773
0 0.9833333333333333 0.5636182902584493 0.017708333333333333 0.03180914512922465
0 0.5703125 0.5854870775347912 0.007291666666666667 0.033797216699801194
0 0.7330729166666666 0.5864811133200796 0.009895833333333333 0.02982107355864811
0 0.5901041666666667 0.6098409542743539 0.021875 0.012922465208747515
0 0.24765625 0.6177932405566601 0.0109375 0.0268389662027833
0 0.7125 0.6297216699801192 0.017708333333333333 0.02286282306163022
0 0.6244791666666667 0.6242544731610338 0.009375 0.009940357852882704
0 0.08932291666666667 0.6366799204771372 0.009895833333333333 0.03479125248508946
0 0.6072916666666667 0.632703777335984 0.0125 0.020874751491053677
0 0.5822916666666667 0.6361829025844931 0.013541666666666667 0.013916500994035786
0 0.4591145833333333 0.6426441351888668 0.0171875 0.020874751491053677
0 0.7255208333333333 0.6500994035785288 0.007291666666666667 0.03180914512922465
0 0.48723958333333334 0.6709741550695825 0.013020833333333334 0.061630218687872766
0 0.7416666666666667 0.661530815109344 0.016666666666666666 0.02882703777335984
0 0.5114583333333333 0.6575546719681908 0.013541666666666667 0.018886679920477135
0 0.6221354166666667 0.6868787276341949 0.0109375 0.033797216699801194
0 0.3190104166666667 0.6843936381709742 0.019270833333333334 0.016898608349900597
0 0.86953125 0.6908548707753479 0.018229166666666668 0.02186878727634195
0 0.51484375 0.6848906560636183 0.009895833333333333 0.011928429423459244
0 0.6005208333333333 0.694831013916501 0.007291666666666667 0.015904572564612324
0 0.6044270833333333 0.7117296222664016 0.0234375 0.015904572564612324
0 0.5877604166666667 0.7256461232604374 0.0078125 0.02584493041749503
0 0.5778645833333333 0.7335984095427436 0.009895833333333333 0.02385685884691849
0 0.5611979166666666 0.7375745526838966 0.0109375 0.02982107355864811
0 0.6294270833333333 0.7713717693836978 0.0171875 0.039761431411530816
0 0.5817708333333333 0.7639165009940357 0.009375 0.0268389662027833
0 0.690625 0.7624254473161034 0.011458333333333333 0.017892644135188866
0 0.5247395833333334 0.7748508946322068 0.011979166666666667 0.03479125248508946
0 0.79921875 0.7768389662027833 0.015104166666666667 0.032803180914512925
0 0.65703125 0.768389662027833 0.0171875 0.015904572564612324
0 0.6802083333333333 0.7952286282306164 0.029166666666666667 0.061630218687872766
0 0.5760416666666667 0.8175944333996024 0.013541666666666667 0.032803180914512925
0 0.71328125 0.845427435387674 0.008854166666666666 0.010934393638170975
0 0.4083333333333333 0.871272365805169 0.013541666666666667 0.020874751491053677
0 0.6528645833333333 0.8836978131212724 0.0109375 0.02385685884691849
0 0.4544270833333333 0.8966202783300199 0.0140625 0.03578528827037773
0 0.07760416666666667 0.9905566600397614 0.15416666666666667 0.016898608349900597