0 0.7674479166666667 0.0044731610337972166 0.009895833333333333 0.008946322067594433
0 0.6557291666666667 0.008946322067594433 0.025 0.017892644135188866
0 0.2635416666666667 0.018886679920477135 0.020833333333333332 0.019880715705765408
0 0.64140625 0.02485089463220676 0.016145833333333335 0.017892644135188866
0 0.20338541666666668 0.028330019880715707 0.011979166666666667 0.02485089463220676
0 0.42109375 0.030815109343936383 0.005729166666666666 0.02584493041749503
0 0.6690104166666667 0.04821073558648111 0.0140625 0.010934393638170975
0 0.6354166666666666 0.06560636182902585 0.008333333333333333 0.03180914512922465
0 0.6111979166666667 0.07107355864811134 0.0203125 0.030815109343936383
0 0.6921875 0.10685884691848907 0.023958333333333335 0.032803180914512925
0 0.9307291666666667 0.11679920477137178 0.008333333333333333 0.03876739562624255
0 0.346875 0.10884691848906561 0.013541666666666667 0.02286282306163022
0 0.22708333333333333 0.11530815109343936 0.014583333333333334 0.02982107355864811
0 0.28932291666666665 0.1386679920477137 0.005729166666666666 0.032803180914512925
0 0.8299479166666667 0.1426441351888668 0.0109375 0.030815109343936383
0 0.5377604166666666 0.1540755467196819 0.008854166666666666 0.027833001988071572
0 0.76015625 0.16600397614314116 0.0203125 0.019880715705765408
0 0.6268229166666667 0.16749502982107356 0.018229166666666668 0.020874751491053677
0 0.9736979166666667 0.17445328031809146 0.011979166666666667 0.032803180914512925
0 0.17213541666666668 0.17246520874751492 0.015104166666666667 0.02882703777335984
0 0.6986979166666667 0.18588469184890655 0.018229166666666668 0.013916500994035786
0 0.3065104166666667 0.1833996023856859 0.015104166666666667 0.010934393638170975
0 0.8018229166666667 0.20178926441351888 0.018229166666666668 0.02385685884691849
0 0.28463541666666664 0.23856858846918488 0.0109375 0.0437375745526839
0 0.049479166666666664 0.22813121272365805 0.008333333333333333 0.018886679920477135
0 0.5065104166666666 0.2360834990059642 0.0078125 0.018886679920477135
0 0.5395833333333333 0.2504970178926441 0.007291666666666667 0.033797216699801194
0 0.7984375 0.2649105367793241 0.014583333333333334 0.048707753479125246
0 0.19140625 0.25795228628230615 0.005729166666666666 0.02882703777335984
0 0.005208333333333333 0.2584493041749503 0.009375 0.019880715705765408
0 0.42942708333333335 0.2803180914512923 0.008854166666666666 0.027833001988071572
0 0.2109375 0.279324055666004 0.008333333333333333 0.019880715705765408
0 0.6911458333333333 0.29870775347912526 0.008333333333333333 0.036779324055666
0 0.36328125 0.30467196819085485 0.016145833333333335 0.012922465208747515
0 0.6684895833333333 0.308648111332008 0.0078125 0.014910536779324055
0 0.7463541666666667 0.3250497017892644 0.009375 0.033797216699801194
0 0.16953125 0.3374751491053678 0.011979166666666667 0.030815109343936383
0 0.06432291666666666 0.35934393638170975 0.008854166666666666 0.020874751491053677
0 0.9864583333333333 0.3727634194831014 0.015625 0.041749502982107355
0 0.14765625 0.38866799204771374 0.005729166666666666 0.015904572564612324
0 0.33098958333333334 0.40059642147117297 0.008854166666666666 0.015904572564612324
0 0.6239583333333333 0.41699801192842945 0.01875 0.032803180914512925
0 0.5239583333333333 0.4115308151093439 0.023958333333333335 0.013916500994035786
0 0.55078125 0.4165009940357853 0.011979166666666667 0.019880715705765408
0 0.8765625 0.4259443339960239 0.007291666666666667 0.0268389662027833
0 0.009895833333333333 0.46272365805168986 0.01875 0.05069582504970179
0 0.26927083333333335 0.46371769383697814 0.008333333333333333 0.02286282306163022
0 0.7057291666666666 0.4860834990059642 0.03333333333333333 0.03578528827037773
0 0.5682291666666667 0.51441351888668 0.016666666666666666 0.018886679920477135
0 0.6578125 0.5303180914512923 0.009375 0.018886679920477135
0 0.4200520833333333 0.5303180914512923 0.0109375 0.020874751491053677
0 0.6190104166666667 0.5333001988071571 0.011979166666666667 0.016898608349900597
0 0.7854166666666667 0.5397614314115308 0.007291666666666667 0.02584493041749503
0 0.7591145833333334 0.5571570576540755 0.0109375 0.018886679920477135
0 0.9080729166666667 0.5765407554671969 0.0140625 0.03180914512922465
0 0.5723958333333333 0.5710735586481114 0.010416666666666666 0.020874751491053677
0 0.6078125 0.5834990059642147 0.007291666666666667 0.041749502982107355
0 0.70546875 0.5760437375745527 0.0140625 0.018886679920477135
0 0.4109375 0.5745526838966203 0.015625 0.017892644135188866
0 0.6364583333333333 0.6013916500994035 0.0375 0.055666003976143144
0 0.4973958333333333 0.5994035785288271 0.025 0.04970178926441352
0 0.44765625 0.5849900596421471 0.009895833333333333 0.016898608349900597
0 0.5203125 0.5904572564612326 0.008333333333333333 0.02385685884691849
0 0.47291666666666665 0.6008946322067594 0.017708333333333333 0.02882703777335984
0 0.69765625 0.6088469184890656 0.0067708333333333336 0.02485089463220676
0 0.7979166666666667 0.6148111332007953 0.008333333333333333 0.032803180914512925
0 0.037760416666666664 0.6262425447316103 0.016145833333333335 0.04771371769383698
0 0.8356770833333333 0.6123260437375746 0.018229166666666668 0.017892644135188866
0 0.7802083333333333 0.6222664015904572 0.010416666666666666 0.03180914512922465
0 0.5276041666666667 0.6217693836978131 0.005208333333333333 0.020874751491053677
0 0.9927083333333333 0.6386679920477137 0.014583333333333334 0.04473161033797217
0 0.44869791666666664 0.6341948310139165 0.008854166666666666 0.02385685884691849
0 0.5091145833333334 0.6346918489065606 0.0109375 0.010934393638170975
0 0.13932291666666666 0.647117296222664 0.016145833333333335 0.02982107355864811
0 0.6244791666666667 0.6510934393638171 0.020833333333333332 0.011928429423459244
0 0.51328125 0.6515904572564613 0.013020833333333334 0.008946322067594433
0 0.43125 0.6590457256461233 0.010416666666666666 0.017892644135188866
0 0.5955729166666667 0.6699801192842942 0.008854166666666666 0.02385685884691849
0 0.425 0.6769383697813122 0.0125 0.02982107355864811
0 0.925 0.6789264413518886 0.014583333333333334 0.02385685884691849
0 0.32734375 0.679920477137177 0.005729166666666666 0.02385685884691849
0 0.7677083333333333 0.6843936381709742 0.017708333333333333 0.02485089463220676
0 0.6364583333333333 0.6833996023856859 0.014583333333333334 0.020874751491053677
0 0.71328125 0.687375745526839 0.008854166666666666 0.02286282306163022
0 0.5328125 0.6848906560636183 0.009375 0.017892644135188866
0 0.021354166666666667 0.7017892644135189 0.022916666666666665 0.033797216699801194
0 0.23020833333333332 0.7127236580516899 0.015625 0.03777335984095427
0 0.8369791666666667 0.7032803180914513 0.010416666666666666 0.014910536779324055
0 0.08125 0.7162027833001988 0.03333333333333333 0.040755467196819085
0 0.11901041666666666 0.7216699801192843 0.0328125 0.04771371769383698
0 0.7278645833333334 0.7206759443339961 0.009895833333333333 0.0437375745526839
0 0.8505208333333333 0.7176938369781312 0.0125 0.02385685884691849
0 0.5471354166666667 0.713220675944334 0.009895833333333333 0.012922465208747515
0 0.6736979166666667 0.7251491053677932 0.0234375 0.020874751491053677
0 0.7989583333333333 0.731610337972167 0.013541666666666667 0.02186878727634195
0 0.625 0.7370775347912525 0.007291666666666667 0.016898608349900597
0 0.828125 0.7395626242544732 0.013541666666666667 0.017892644135188866
0 0.49505208333333334 0.7480119284294234 0.016145833333333335 0.014910536779324055
0 0.7575520833333333 0.75 0.0109375 0.014910536779324055
0 0.7328125 0.7589463220675944 0.011458333333333333 0.018886679920477135
0 0.209375 0.7753479125248509 0.014583333333333334 0.04572564612326044
0 0.3953125 0.768389662027833 0.007291666666666667 0.02584493041749503
0 0.81796875 0.7783300198807157 0.024479166666666666 0.03777335984095427
0 0.9671875 0.7962226640159046 0.029166666666666667 0.039761431411530816
0 0.8515625 0.7967196819085487 0.030208333333333334 0.0268389662027833
0 0.30130208333333336 0.7987077534791253 0.0067708333333333336 0.02882703777335984
0 0.5302083333333333 0.8006958250497018 0.014583333333333334 0.012922465208747515
0 0.6140625 0.8136182902584493 0.00625 0.016898608349900597
0 0.4986979166666667 0.8166003976143141 0.018229166666666668 0.018886679920477135
0 0.5986979166666667 0.8146123260437376 0.0078125 0.012922465208747515
0 0.5348958333333333 0.8195825049701789 0.011458333333333333 0.018886679920477135
0 0.41432291666666665 0.8379721669980119 0.0140625 0.03180914512922465
0 0.0671875 0.8414512922465208 0.011458333333333333 0.020874751491053677
0 0.6856770833333333 0.8404572564612326 0.0078125 0.012922465208747515
0 0.64453125 0.8518886679920478 0.0109375 0.03578528827037773
0 0.5736979166666667 0.845427435387674 0.024479166666666666 0.020874751491053677
0 0.8442708333333333 0.8548707753479126 0.020833333333333332 0.027833001988071572
0 0.7075520833333333 0.8543737574552683 0.0234375 0.02882703777335984
0 0.6723958333333333 0.8503976143141153 0.0125 0.018886679920477135
0 0.4861979166666667 0.8508946322067594 0.013020833333333334 0.015904572564612324
0 0.16979166666666667 0.8553677932405567 0.011458333333333333 0.0268389662027833
0 0.5177083333333333 0.8558648111332008 0.010416666666666666 0.02186878727634195
0 0.21328125 0.8623260437375746 0.008854166666666666 0.02485089463220676
0 0.47369791666666666 0.8687872763419483 0.005729166666666666 0.02385685884691849
0 0.4432291666666667 0.8598409542743539 0.011458333333333333 0.007952286282306162
0 0.809375 0.8752485089463221 0.010416666666666666 0.02882703777335984
0 0.6609375 0.8737574552683897 0.007291666666666667 0.02385685884691849
0 0.8609375 0.8757455268389662 0.020833333333333332 0.02385685884691849
0 0.5653645833333333 0.8777335984095428 0.013020833333333334 0.02584493041749503
0 0.053125 0.8707753479125249 0.00625 0.013916500994035786
0 0.00546875 0.8797216699801192 0.009895833333333333 0.02385685884691849
0 0.7783854166666667 0.8876739562624254 0.0203125 0.027833001988071572
0 0.7057291666666666 0.8961232604373758 0.0125 0.016898608349900597
0 0.8388020833333333 0.9020874751491054 0.015104166666666667 0.02286282306163022
0 0.67421875 0.915506958250497 0.027604166666666666 0.04970178926441352
0 0.4901041666666667 0.8956262425447317 0.015625 0.007952286282306162
0 0.6033854166666667 0.908051689860835 0.011979166666666667 0.02882703777335984
0 0.35885416666666664 0.9060636182902585 0.0125 0.020874751491053677
0 0.7536458333333333 0.9100397614314115 0.010416666666666666 0.02286282306163022
0 0.58125 0.9125248508946322 0.009375 0.02186878727634195
0 0.9026041666666667 0.9224652087475149 0.011458333333333333 0.019880715705765408
0 0.46145833333333336 0.9284294234592445 0.020833333333333332 0.011928429423459244
0 0.3515625 0.9393638170974155 0.013541666666666667 0.027833001988071572
0 0.44375 0.9438369781312127 0.007291666666666667 0.012922465208747515
0 0.49973958333333335 0.9547713717693836 0.008854166666666666 0.010934393638170975
0 0.8625 0.974155069582505 0.019791666666666666 0.0437375745526839
0 0.5471354166666667 0.974155069582505 0.018229166666666668 0.0437375745526839
0 0.6005208333333333 0.9766401590457257 0.013541666666666667 0.03876739562624255
0 0.48880208333333336 0.9627236580516899 0.0078125 0.010934393638170975
0 0.23385416666666667 0.9796222664015904 0.01875 0.030815109343936383
0 0.77421875 0.9811133200795229 0.018229166666666668 0.02385685884691849
0 0.7395833333333334 0.9845924453280318 0.009375 0.02286282306163022
0 0.45598958333333334 0.9845924453280318 0.009895833333333333 0.02286282306163022
0 0.8932291666666666 0.9845924453280318 0.0125 0.012922465208747515
0 0.6888020833333334 0.989065606361829 0.0109375 0.013916500994035786