0 0.67578125 0.005964214711729622 0.011979166666666667 0.011928429423459244
0 0.9361979166666666 0.02485089463220676 0.011979166666666667 0.033797216699801194
0 0.9044270833333333 0.09990059642147117 0.027604166666666666 0.048707753479125246
0 0.82578125 0.08499005964214712 0.0171875 0.018886679920477135
0 0.061197916666666664 0.09493041749502983 0.0203125 0.032803180914512925
0 0.00625 0.1242544731610338 0.011458333333333333 0.05964214711729622
0 0.6783854166666666 0.13717693836978131 0.013020833333333334 0.03180914512922465
0 0.8908854166666667 0.13817097415506957 0.013020833333333334 0.03180914512922465
0 0.79140625 0.14314115308151093 0.011979166666666667 0.019880715705765408
0 0.35625 0.17296222664015903 0.021875 0.017892644135188866
0 0.9390625 0.1824055666003976 0.007291666666666667 0.02882703777335984
0 0.8606770833333334 0.19135188866799205 0.018229166666666668 0.0268389662027833
0 0.7479166666666667 0.24602385685884692 0.0125 0.036779324055666
0 0.6890625 0.2524850894632207 0.009375 0.0437375745526839
0 0.62421875 0.2584493041749503 0.0036458333333333334 0.02186878727634195
0 0.771875 0.2654075546719682 0.005208333333333333 0.02385685884691849
0 0.26119791666666664 0.2808151093439364 0.0067708333333333336 0.020874751491053677
0 0.2869791666666667 0.3066600397614314 0.021875 0.02882703777335984
0 0.8091145833333333 0.308648111332008 0.024479166666666666 0.0268389662027833
0 0.5411458333333333 0.3071570576540755 0.019791666666666666 0.009940357852882704
0 0.39609375 0.3225646123260437 0.0078125 0.040755467196819085
0 0.24140625 0.31858846918489064 0.0067708333333333336 0.030815109343936383
0 0.03046875 0.32007952286282304 0.0140625 0.017892644135188866
0 0.79375 0.3305168986083499 0.007291666666666667 0.010934393638170975
0 0.046875 0.33548707753479123 0.017708333333333333 0.016898608349900597
0 0.7169270833333333 0.3643141153081511 0.0265625 0.05268389662027833
0 0.09088541666666666 0.35685884691848907 0.016145833333333335 0.03777335984095427
0 0.425 0.3827037773359841 0.009375 0.015904572564612324
0 0.60703125 0.40208747514910537 0.024479166666666666 0.040755467196819085
0 0.8018229166666667 0.3991053677932406 0.018229166666666668 0.012922465208747515
0 0.6627604166666666 0.3991053677932406 0.013020833333333334 0.012922465208747515
0 0.7286458333333333 0.40556660039761433 0.015625 0.013916500994035786
0 0.5614583333333333 0.4140159045725646 0.009375 0.020874751491053677
0 0.7747395833333334 0.41749502982107356 0.018229166666666668 0.02186878727634195
0 0.678125 0.426441351888668 0.011458333333333333 0.011928429423459244
0 0.728125 0.4517892644135189 0.017708333333333333 0.04671968190854871
0 0.30234375 0.4378727634194831 0.0046875 0.016898608349900597
0 0.63515625 0.4418489065606362 0.0171875 0.020874751491053677
0 0.0828125 0.4552683896620278 0.010416666666666666 0.02385685884691849
0 0.49505208333333334 0.45825049701789267 0.008854166666666666 0.02186878727634195
0 0.26848958333333334 0.4577534791252485 0.013020833333333334 0.018886679920477135
0 0.7080729166666667 0.474155069582505 0.011979166666666667 0.02186878727634195
0 0.17994791666666668 0.4721669980119284 0.0171875 0.011928429423459244
0 0.825 0.4960238568588469 0.021875 0.02186878727634195
0 0.5135416666666667 0.49304174950298213 0.01875 0.013916500994035786
0 0.6322916666666667 0.5124254473161034 0.014583333333333334 0.04473161033797217
0 0.20390625 0.510934393638171 0.008854166666666666 0.02186878727634195
0 0.7981770833333334 0.5238568588469185 0.009895833333333333 0.03777335984095427
0 0.6744791666666666 0.5223658051689861 0.022916666666666665 0.02485089463220676
0 0.5455729166666666 0.5387673956262425 0.0046875 0.02982107355864811
0 0.31354166666666666 0.5417495029821073 0.019791666666666666 0.02584493041749503
0 0.23723958333333334 0.5427435387673957 0.011979166666666667 0.02186878727634195
0 0.9546875 0.558648111332008 0.008333333333333333 0.033797216699801194
0 0.37916666666666665 0.5591451292246521 0.009375 0.032803180914512925
0 0.5307291666666667 0.5571570576540755 0.016666666666666666 0.012922465208747515
0 0.17317708333333334 0.5695825049701789 0.009895833333333333 0.03180914512922465
0 0.67578125 0.5675944333996024 0.0171875 0.02186878727634195
0 0.5723958333333333 0.5760437375745527 0.025 0.036779324055666
0 0.4315104166666667 0.5695825049701789 0.011979166666666667 0.013916500994035786
0 0.45390625 0.5680914512922465 0.011979166666666667 0.008946322067594433
0 0.60234375 0.5909542743538767 0.027604166666666666 0.04671968190854871
0 0.7111979166666667 0.5830019880715706 0.0078125 0.016898608349900597
0 0.29609375 0.5904572564612326 0.019270833333333334 0.03180914512922465
0 0.5377604166666666 0.5914512922465208 0.018229166666666668 0.03180914512922465
0 0.6252604166666667 0.5864811133200796 0.009895833333333333 0.015904572564612324
0 0.7033854166666667 0.5949304174950298 0.0109375 0.02286282306163022
0 0.93984375 0.5944333996023857 0.011979166666666667 0.015904572564612324
0 0.6921875 0.6023856858846919 0.007291666666666667 0.02584493041749503
0 0.8252604166666667 0.6048707753479126 0.016145833333333335 0.020874751491053677
0 0.7135416666666666 0.6148111332007953 0.007291666666666667 0.02882703777335984
0 0.6072916666666667 0.614314115308151 0.00625 0.015904572564612324
0 0.5768229166666666 0.6346918489065606 0.027604166666666666 0.032803180914512925
0 0.6151041666666667 0.647117296222664 0.011458333333333333 0.02186878727634195
0 0.3924479166666667 0.6491053677932406 0.009895833333333333 0.02584493041749503
0 0.5122395833333333 0.6630218687872763 0.0234375 0.04771371769383698
0 0.46380208333333334 0.6630218687872763 0.019270833333333334 0.02186878727634195
0 0.17291666666666666 0.6679920477137177 0.007291666666666667 0.015904572564612324
0 0.6666666666666666 0.6709741550695825 0.019791666666666666 0.015904572564612324
0 0.56640625 0.6744532803180915 0.013020833333333334 0.018886679920477135
0 0.5872395833333334 0.6819085487077535 0.008854166666666666 0.013916500994035786
0 0.68125 0.6943339960238568 0.01875 0.02882703777335984
0 0.440625 0.7017892644135189 0.007291666666666667 0.02584493041749503
0 0.7190104166666667 0.7087475149105368 0.008854166666666666 0.033797216699801194
0 0.6572916666666667 0.7047713717693836 0.01875 0.02186878727634195
0 0.30885416666666665 0.7142147117296223 0.014583333333333334 0.042743538767395624
0 0.5463541666666667 0.7137176938369781 0.013541666666666667 0.011928429423459244
0 0.4158854166666667 0.7196819085487077 0.0046875 0.02584493041749503
0 0.2833333333333333 0.7291252485089463 0.015625 0.042743538767395624
0 0.56328125 0.7261431411530815 0.0067708333333333336 0.032803180914512925
0 0.37395833333333334 0.7211729622266402 0.011458333333333333 0.012922465208747515
0 0.21041666666666667 0.7340954274353877 0.007291666666666667 0.016898608349900597
0 0.4622395833333333 0.731610337972167 0.011979166666666667 0.009940357852882704
0 0.6661458333333333 0.7360834990059643 0.013541666666666667 0.014910536779324055
0 0.23072916666666668 0.7470178926441352 0.021875 0.02485089463220676
0 0.6044270833333333 0.7629224652087475 0.024479166666666666 0.040755467196819085
0 0.7791666666666667 0.7639165009940357 0.010416666666666666 0.032803180914512925
0 0.553125 0.7589463220675944 0.004166666666666667 0.020874751491053677
0 0.6380208333333334 0.7579522862823062 0.016666666666666666 0.010934393638170975
0 0.40130208333333334 0.7708747514910537 0.0234375 0.02485089463220676
0 0.8705729166666667 0.7837972166998012 0.011979166666666667 0.032803180914512925
0 0.5486979166666667 0.8076540755467196 0.0140625 0.030815109343936383
0 0.4427083333333333 0.805168986083499 0.016666666666666666 0.02385685884691849
0 0.7692708333333333 0.8066600397614314 0.013541666666666667 0.018886679920477135
0 0.6690104166666667 0.8021868787276342 0.015104166666666667 0.009940357852882704
0 0.5721354166666667 0.8111332007952287 0.0036458333333333334 0.02584493041749503
0 0.63359375 0.8195825049701789 0.008854166666666666 0.030815109343936383
0 0.19114583333333332 0.8106361829025845 0.009375 0.012922465208747515
0 0.4625 0.8116302186878728 0.011458333333333333 0.010934393638170975
0 0.8169270833333333 0.81610337972167 0.0140625 0.015904572564612324
0 0.50078125 0.8151093439363817 0.018229166666666668 0.011928429423459244
0 0.20729166666666668 0.8190854870775348 0.016666666666666666 0.017892644135188866
0 0.026302083333333334 0.8235586481113321 0.013020833333333334 0.020874751491053677
0 0.9770833333333333 0.8369781312127237 0.0125 0.03180914512922465
0 0.9619791666666667 0.8598409542743539 0.019791666666666666 0.06759443339960239
0 0.5697916666666667 0.8543737574552683 0.015625 0.030815109343936383
0 0.8078125 0.8618290258449304 0.027083333333333334 0.02982107355864811
0 0.646875 0.8548707753479126 0.017708333333333333 0.011928429423459244
0 0.76484375 0.8613320079522863 0.0203125 0.02286282306163022
0 0.84296875 0.8822067594433399 0.008854166666666666 0.036779324055666
0 0.50859375 0.8916500994035785 0.016145833333333335 0.04771371769383698
0 0.3489583333333333 0.8866799204771372 0.013541666666666667 0.017892644135188866
0 0.5390625 0.9075546719681908 0.00625 0.03180914512922465
0 0.8578125 0.9150099403578529 0.03125 0.032803180914512925
0 0.17708333333333334 0.9179920477137177 0.013541666666666667 0.03876739562624255
0 0.4234375 0.9184890656063618 0.011458333333333333 0.02385685884691849
0 0.7986979166666667 0.9259443339960238 0.0078125 0.02485089463220676
0 0.32760416666666664 0.9493041749502982 0.016666666666666666 0.055666003976143144
0 0.35078125 0.9453280318091452 0.009895833333333333 0.019880715705765408
0 0.44635416666666666 0.9627236580516899 0.013541666666666667 0.03876739562624255
0 0.25416666666666665 0.9542743538767395 0.017708333333333333 0.017892644135188866
0 0.34375 0.9666998011928429 0.011458333333333333 0.012922465208747515
0 0.13307291666666668 0.9850894632206759 0.019270833333333334 0.027833001988071572
0 0.6880208333333333 0.9865805168986084 0.009375 0.02485089463220676
0 0.7270833333333333 0.9875745526838966 0.007291666666666667 0.02286282306163022