0 0.034375 0.009940357852882704 0.017708333333333333 0.019880715705765408
0 0.5494791666666666 0.04324055666003976 0.011458333333333333 0.032803180914512925
0 0.06536458333333334 0.04721669980119284 0.0109375 0.036779324055666
0 0.7260416666666667 0.05268389662027833 0.013541666666666667 0.013916500994035786
0 0.017708333333333333 0.06461232604373758 0.026041666666666668 0.02982107355864811
0 0.3296875 0.06411530815109344 0.00625 0.0268389662027833
0 0.29791666666666666 0.07703777335984095 0.015625 0.03479125248508946
0 0.5205729166666667 0.08101391650099403 0.0067708333333333336 0.040755467196819085
0 0.58671875 0.08349900596421471 0.0109375 0.019880715705765408
0 0.7153645833333333 0.10039761431411531 0.0140625 0.041749502982107355
0 0.4125 0.10437375745526839 0.01875 0.0437375745526839
0 0.3815104166666667 0.12226640159045726 0.009895833333333333 0.039761431411530816
0 0.9713541666666666 0.12127236580516898 0.01875 0.03777335984095427
0 0.10338541666666666 0.14165009940357853 0.009895833333333333 0.030815109343936383
0 0.31484375 0.1481113320079523 0.015104166666666667 0.02584493041749503
0 0.23411458333333332 0.1625248508946322 0.011979166666666667 0.032803180914512925
0 0.89140625 0.16202783300198806 0.008854166666666666 0.02982107355864811
0 0.5822916666666667 0.17743538767395625 0.010416666666666666 0.008946322067594433
0 0.03229166666666667 0.18986083499005965 0.016666666666666666 0.02385685884691849
0 0.8205729166666667 0.1908548707753479 0.0046875 0.02385685884691849
0 0.2872395833333333 0.20328031809145128 0.013020833333333334 0.02882703777335984
0 0.024739583333333332 0.20079522862823063 0.011979166666666667 0.017892644135188866
0 0.5010416666666667 0.25894632206759444 0.0125 0.032803180914512925
0 0.8596354166666667 0.2539761431411531 0.013020833333333334 0.016898608349900597
0 0.3065104166666667 0.2639165009940358 0.018229166666666668 0.02485089463220676
0 0.053125 0.26192842942345923 0.014583333333333334 0.016898608349900597
0 0.09348958333333333 0.2738568588469185 0.011979166666666667 0.016898608349900597
0 0.171875 0.2912524850894632 0.023958333333333335 0.02982107355864811
0 0.32786458333333335 0.3389662027833002 0.016145833333333335 0.017892644135188866
0 0.0033854166666666668 0.35636182902584496 0.0067708333333333336 0.016898608349900597
0 0.3338541666666667 0.3851888667992048 0.0125 0.02286282306163022
0 0.6947916666666667 0.3946322067594433 0.008333333333333333 0.027833001988071572
0 0.4953125 0.43190854870775347 0.011458333333333333 0.0268389662027833
0 0.27578125 0.4433399602385686 0.018229166666666668 0.019880715705765408
0 0.7010416666666667 0.45278330019880714 0.015625 0.018886679920477135
0 0.5401041666666667 0.4537773359840954 0.015625 0.018886679920477135
0 0.4359375 0.4671968190854871 0.010416666666666666 0.015904572564612324
0 0.7848958333333333 0.4701789264413519 0.007291666666666667 0.02186878727634195
0 0.9630208333333333 0.47862823061630216 0.014583333333333334 0.036779324055666
0 0.36692708333333335 0.4885685884691849 0.016145833333333335 0.032803180914512925
0 0.56015625 0.49353876739562624 0.0203125 0.012922465208747515
0 0.19270833333333334 0.4985089463220676 0.021875 0.018886679920477135
0 0.9348958333333334 0.5009940357852882 0.020833333333333332 0.02584493041749503
0 0.7794270833333333 0.5168986083499006 0.009895833333333333 0.009940357852882704
0 0.20598958333333334 0.5323061630218688 0.0140625 0.02485089463220676
0 0.11223958333333334 0.5397614314115308 0.016145833333333335 0.02385685884691849
0 0.8057291666666667 0.5616302186878728 0.008333333333333333 0.03180914512922465
0 0.134375 0.5621272365805169 0.011458333333333333 0.02286282306163022
0 0.8255208333333334 0.5651093439363817 0.0125 0.030815109343936383
0 0.0640625 0.5670974155069582 0.011458333333333333 0.018886679920477135
0 0.8466145833333333 0.5775347912524851 0.0203125 0.03180914512922465
0 0.38255208333333335 0.5750497017892644 0.016145833333333335 0.016898608349900597
0 0.56171875 0.5815109343936382 0.013020833333333334 0.017892644135188866
0 0.45260416666666664 0.5820079522862823 0.0125 0.012922465208747515
0 0.34869791666666666 0.5899602385685885 0.009895833333333333 0.014910536779324055
0 0.018229166666666668 0.6048707753479126 0.020833333333333332 0.02882703777335984
0 0.8205729166666667 0.6008946322067594 0.0078125 0.012922465208747515
0 0.4348958333333333 0.6123260437375746 0.007291666666666667 0.02584493041749503
0 0.6723958333333333 0.6222664015904572 0.022916666666666665 0.039761431411530816
0 0.98203125 0.6207753479125249 0.0109375 0.02286282306163022
0 0.11484375 0.6366799204771372 0.016145833333333335 0.04473161033797217
0 0.428125 0.6302186878727635 0.0125 0.013916500994035786
0 0.8203125 0.6341948310139165 0.008333333333333333 0.017892644135188866
0 0.3893229166666667 0.6441351888667992 0.024479166666666666 0.019880715705765408
0 0.61640625 0.6496023856858847 0.008854166666666666 0.02286282306163022
0 0.71796875 0.6496023856858847 0.013020833333333334 0.02485089463220676
0 0.3729166666666667 0.6555666003976143 0.007291666666666667 0.02882703777335984
0 0.4356770833333333 0.6595427435387674 0.019270833333333334 0.030815109343936383
0 0.21796875 0.6585487077534792 0.011979166666666667 0.02485089463220676
0 0.4140625 0.665506958250497 0.016666666666666666 0.03876739562624255
0 0.85234375 0.6555666003976143 0.008854166666666666 0.014910536779324055
0 0.4010416666666667 0.6565606361829026 0.011458333333333333 0.008946322067594433
0 0.7755208333333333 0.6679920477137177 0.008333333333333333 0.02982107355864811
0 0.9958333333333333 0.672962226640159 0.007291666666666667 0.039761431411530816
0 0.7375 0.6739562624254473 0.0125 0.02584493041749503
0 0.5390625 0.6714711729622267 0.010416666666666666 0.016898608349900597
0 0.67265625 0.6774353876739563 0.009895833333333333 0.02286282306163022
0 0.8684895833333334 0.6824055666003976 0.013020833333333334 0.016898608349900597
0 0.9309895833333334 0.6988071570576541 0.0140625 0.03578528827037773
0 0.3684895833333333 0.6988071570576541 0.0171875 0.027833001988071572
0 0.47552083333333334 0.6973161033797217 0.00625 0.016898608349900597
0 0.7044270833333334 0.7017892644135189 0.015104166666666667 0.02385685884691849
0 0.42630208333333336 0.7107355864811133 0.011979166666666667 0.03578528827037773
0 0.33828125 0.7017892644135189 0.0140625 0.011928429423459244
0 0.5489583333333333 0.7047713717693836 0.005208333333333333 0.015904572564612324
0 0.8747395833333333 0.7286282306163022 0.0265625 0.039761431411530816
0 0.06796875 0.7211729622266402 0.015104166666666667 0.020874751491053677
0 0.76328125 0.7335984095427436 0.030729166666666665 0.039761431411530816
0 0.8471354166666667 0.7405566600397614 0.011979166666666667 0.02186878727634195
0 0.4088541666666667 0.7420477137176938 0.010416666666666666 0.008946322067594433
0 0.21848958333333332 0.7668986083499006 0.008854166666666666 0.02286282306163022
0 0.6955729166666667 0.7763419483101391 0.011979166666666667 0.0437375745526839
0 0.14921875 0.7743538767395626 0.009895833333333333 0.033797216699801194
0 0.5481770833333334 0.7673956262425448 0.0171875 0.019880715705765408
0 0.18828125 0.7773359840954275 0.0109375 0.03578528827037773
0 0.4627604166666667 0.7649105367793241 0.0171875 0.012922465208747515
0 0.7877604166666666 0.7733598409542743 0.0171875 0.02982107355864811
0 0.3625 0.7728628230616302 0.011458333333333333 0.02286282306163022
0 0.6419270833333334 0.7753479125248509 0.015104166666666667 0.02186878727634195
0 0.71484375 0.7793240556660039 0.005729166666666666 0.013916500994035786
0 0.21197916666666666 0.7847912524850894 0.007291666666666667 0.020874751491053677
0 0.553125 0.7937375745526839 0.014583333333333334 0.020874751491053677
0 0.5015625 0.8026838966202783 0.007291666666666667 0.030815109343936383
0 0.26484375 0.8071570576540755 0.013020833333333334 0.03777335984095427
0 0.11484375 0.7992047713717694 0.015104166666666667 0.013916500994035786
0 0.4825520833333333 0.8081510934393639 0.013020833333333334 0.03180914512922465
0 0.20520833333333333 0.8131212723658051 0.007291666666666667 0.03777335984095427
0 0.62265625 0.8066600397614314 0.009895833333333333 0.02485089463220676
0 0.6450520833333333 0.808648111332008 0.021354166666666667 0.02485089463220676
0 0.6783854166666666 0.8131212723658051 0.016145833333333335 0.03180914512922465
0 0.31015625 0.8111332007952287 0.0067708333333333336 0.02584493041749503
0 0.34713541666666664 0.8076540755467196 0.011979166666666667 0.018886679920477135
0 0.22838541666666667 0.8091451292246521 0.011979166666666667 0.015904572564612324
0 0.59375 0.8146123260437376 0.011458333333333333 0.020874751491053677
0 0.32864583333333336 0.8141153081510935 0.008333333333333333 0.011928429423459244
0 0.4278645833333333 0.8280318091451292 0.009895833333333333 0.03777335984095427
0 0.51640625 0.8190854870775348 0.015104166666666667 0.017892644135188866
0 0.051041666666666666 0.8285288270377733 0.019791666666666666 0.030815109343936383
0 0.07369791666666667 0.8315109343936382 0.013020833333333334 0.0268389662027833
0 0.49192708333333335 0.8285288270377733 0.008854166666666666 0.020874751491053677
0 0.5653645833333333 0.8359840954274353 0.013020833333333334 0.02385685884691849
0 0.44036458333333334 0.8394632206759444 0.008854166666666666 0.018886679920477135
0 0.28151041666666665 0.8399602385685885 0.016145833333333335 0.013916500994035786
0 0.0296875 0.860337972166998 0.03125 0.04671968190854871
0 0.08359375 0.8494035785288271 0.015104166666666667 0.018886679920477135
0 0.4546875 0.8638170974155069 0.010416666666666666 0.03578528827037773
0 0.6458333333333334 0.8593439363817097 0.016666666666666666 0.0268389662027833
0 0.35078125 0.8687872763419483 0.0234375 0.033797216699801194
0 0.4705729166666667 0.8598409542743539 0.005729166666666666 0.013916500994035786
0 0.06536458333333334 0.8817097415506958 0.0171875 0.0536779324055666
0 0.39036458333333335 0.8747514910536779 0.0234375 0.017892644135188866
0 0.5385416666666667 0.8762425447316103 0.00625 0.020874751491053677
0 0.8109375 0.8921471172962226 0.017708333333333333 0.03876739562624255
0 0.4440104166666667 0.8886679920477137 0.011979166666666667 0.019880715705765408
0 0.5864583333333333 0.8921471172962226 0.013541666666666667 0.0268389662027833
0 0.40703125 0.9030815109343936 0.013020833333333334 0.02882703777335984
0 0.2421875 0.9025844930417495 0.00625 0.02385685884691849
0 0.27682291666666664 0.9095427435387674 0.0171875 0.039761431411530816
0 0.4557291666666667 0.904572564612326 0.011458333333333333 0.02584493041749503
0 0.16614583333333333 0.9130218687872763 0.011458333333333333 0.0268389662027833
0 0.46822916666666664 0.9140159045725647 0.008333333333333333 0.02485089463220676
0 0.375 0.911530815109344 0.009375 0.009940357852882704
0 0.5216145833333333 0.9309145129224652 0.0171875 0.048707753479125246
0 0.18854166666666666 0.915506958250497 0.00625 0.015904572564612324
0 0.33307291666666666 0.922962226640159 0.009895833333333333 0.02286282306163022
0 0.35989583333333336 0.9219681908548708 0.007291666666666667 0.016898608349900597
0 0.6963541666666667 0.9577534791252486 0.014583333333333334 0.048707753479125246
0 0.02578125 0.941351888667992 0.0067708333333333336 0.009940357852882704
0 0.99453125 0.952286282306163 0.009895833333333333 0.019880715705765408
0 0.37604166666666666 0.959741550695825 0.016666666666666666 0.0268389662027833
0 0.81796875 0.9582504970178927 0.016145833333333335 0.02584493041749503
0 0.090625 0.9627236580516899 0.023958333333333335 0.02882703777335984
0 0.1953125 0.9662027833001988 0.00625 0.03180914512922465
0 0.25286458333333334 0.9676938369781312 0.009895833333333333 0.02286282306163022
0 0.7838541666666666 0.9736580516898609 0.013541666666666667 0.030815109343936383
0 0.16510416666666666 0.9701789264413518 0.017708333333333333 0.015904572564612324
0 0.6098958333333333 0.9761431411530815 0.010416666666666666 0.02385685884691849
0 0.7645833333333333 0.9776341948310139 0.00625 0.02485089463220676
0 0.4609375 0.9870775347912525 0.016666666666666666 0.011928429423459244