0 0.18255208333333334 0.0054671968190854875 0.008854166666666666 0.010934393638170975
0 0.03958333333333333 0.03876739562624255 0.009375 0.03578528827037773
0 0.66875 0.06461232604373758 0.009375 0.0437375745526839
0 0.8252604166666667 0.08101391650099403 0.013020833333333334 0.04671968190854871
0 0.79765625 0.08598409542743539 0.0078125 0.032803180914512925
0 0.37135416666666665 0.08250497017892644 0.009375 0.019880715705765408
0 0.71484375 0.12027833001988071 0.013020833333333334 0.019880715705765408
0 0.22057291666666667 0.12475149105367793 0.0171875 0.010934393638170975
0 0.46901041666666665 0.13021868787276342 0.0140625 0.019880715705765408
0 0.23489583333333333 0.14314115308151093 0.011458333333333333 0.03180914512922465
0 0.9447916666666667 0.14463220675944333 0.035416666666666666 0.030815109343936383
0 0.76640625 0.1540755467196819 0.008854166666666666 0.03578528827037773
0 0.246875 0.16500994035785288 0.00625 0.03777335984095427
0 0.21171875 0.1625248508946322 0.011979166666666667 0.0268389662027833
0 0.5080729166666667 0.17892644135188868 0.0109375 0.0536779324055666
0 0.27109375 0.176441351888668 0.016145833333333335 0.030815109343936383
0 0.7796875 0.1794234592445328 0.022916666666666665 0.030815109343936383
0 0.42265625 0.18041749502982107 0.011979166666666667 0.02286282306163022
0 0.44869791666666664 0.20129224652087474 0.009895833333333333 0.02286282306163022
0 0.6520833333333333 0.22117296222664015 0.009375 0.014910536779324055
0 0.0640625 0.2624254473161034 0.009375 0.03777335984095427
0 0.7372395833333333 0.25894632206759444 0.0140625 0.020874751491053677
0 0.2421875 0.2922465208747515 0.011458333333333333 0.017892644135188866
0 0.5921875 0.2937375745526839 0.009375 0.018886679920477135
0 0.7018229166666666 0.32554671968190857 0.0067708333333333336 0.030815109343936383
0 0.353125 0.3240556660039761 0.013541666666666667 0.02186878727634195
0 0.62734375 0.33151093439363816 0.0046875 0.02882703777335984
0 0.43203125 0.3265407554671968 0.009895833333333333 0.012922465208747515
0 0.40234375 0.3290258449304175 0.018229166666666668 0.011928429423459244
0 0.0640625 0.3513916500994036 0.008333333333333333 0.04473161033797217
0 0.45677083333333335 0.36083499005964215 0.007291666666666667 0.02385685884691849
0 0.20598958333333334 0.36381709741550694 0.0109375 0.019880715705765408
0 0.84375 0.3672962226640159 0.009375 0.020874751491053677
0 0.5927083333333333 0.39065606361829025 0.009375 0.03578528827037773
0 0.31536458333333334 0.39165009940357853 0.005729166666666666 0.02982107355864811
0 0.35651041666666666 0.40308151093439365 0.0203125 0.040755467196819085
0 0.37994791666666666 0.415506958250497 0.008854166666666666 0.03578528827037773
0 0.9877604166666667 0.42147117296222664 0.0171875 0.02982107355864811
0 0.34375 0.41998011928429424 0.0125 0.018886679920477135
0 0.3729166666666667 0.4423459244532803 0.014583333333333334 0.02982107355864811
0 0.8682291666666667 0.4383697813121272 0.008333333333333333 0.019880715705765408
0 0.98125 0.4463220675944334 0.013541666666666667 0.02584493041749503
0 0.16927083333333334 0.4567594433399602 0.021875 0.0268389662027833
0 0.06979166666666667 0.4671968190854871 0.023958333333333335 0.03777335984095427
0 0.9875 0.4662027833001988 0.010416666666666666 0.015904572564612324
0 0.2877604166666667 0.48061630218687873 0.009895833333333333 0.03876739562624255
0 0.4125 0.4711729622266402 0.007291666666666667 0.017892644135188866
0 0.04088541666666667 0.48906560636182905 0.016145833333333335 0.04970178926441352
0 0.44505208333333335 0.4761431411530815 0.021354166666666667 0.017892644135188866
0 0.12864583333333332 0.4831013916500994 0.010416666666666666 0.02982107355864811
0 0.35885416666666664 0.4831013916500994 0.008333333333333333 0.02385685884691849
0 0.5059895833333333 0.4801192842942346 0.0140625 0.017892644135188866
0 0.5643229166666667 0.5149105367793241 0.0109375 0.019880715705765408
0 0.93203125 0.5253479125248509 0.013020833333333334 0.0268389662027833
0 0.403125 0.5323061630218688 0.011458333333333333 0.008946322067594433
0 0.5057291666666667 0.55168986083499 0.0125 0.04771371769383698
0 0.5513020833333333 0.5377733598409543 0.011979166666666667 0.019880715705765408
0 0.19114583333333332 0.5397614314115308 0.01875 0.019880715705765408
0 0.6153645833333333 0.544234592445328 0.009895833333333333 0.008946322067594433
0 0.9291666666666667 0.5601391650099403 0.015625 0.03479125248508946
0 0.8450520833333334 0.5596421471172962 0.011979166666666667 0.019880715705765408
0 0.4390625 0.5621272365805169 0.00625 0.018886679920477135
0 0.6494791666666667 0.5715705765407555 0.00625 0.02982107355864811
0 0.5518229166666667 0.5680914512922465 0.0203125 0.018886679920477135
0 0.19036458333333334 0.5725646123260437 0.019270833333333334 0.02385685884691849
0 0.48463541666666665 0.5795228628230616 0.0109375 0.011928429423459244
0 0.121875 0.5914512922465208 0.009375 0.02385685884691849
0 0.31640625 0.5984095427435387 0.022395833333333334 0.033797216699801194
0 0.9223958333333333 0.5934393638170974 0.0125 0.017892644135188866
0 0.9744791666666667 0.5894632206759444 0.008333333333333333 0.011928429423459244
0 0.46640625 0.5964214711729622 0.013020833333333334 0.011928429423459244
0 0.6666666666666666 0.6272365805168986 0.013541666666666667 0.05168986083499006
0 0.45677083333333335 0.6207753479125249 0.0125 0.03479125248508946
0 0.01328125 0.6158051689860835 0.011979166666666667 0.018886679920477135
0 0.43984375 0.6123260437375746 0.011979166666666667 0.009940357852882704
0 0.97734375 0.6163021868787276 0.0078125 0.015904572564612324
0 0.32447916666666665 0.6222664015904572 0.0125 0.02584493041749503
0 0.19557291666666668 0.632703777335984 0.019270833333333334 0.014910536779324055
0 0.6153645833333333 0.6401590457256461 0.0067708333333333336 0.019880715705765408
0 0.3390625 0.6401590457256461 0.014583333333333334 0.015904572564612324
0 0.6411458333333333 0.6426441351888668 0.004166666666666667 0.02286282306163022
0 0.5044270833333333 0.647117296222664 0.008854166666666666 0.017892644135188866
0 0.3182291666666667 0.6476143141153081 0.017708333333333333 0.014910536779324055
0 0.45390625 0.6585487077534792 0.024479166666666666 0.036779324055666
0 0.012760416666666666 0.6505964214711729 0.016145833333333335 0.016898608349900597
0 0.6880208333333333 0.672962226640159 0.010416666666666666 0.0437375745526839
0 0.7395833333333334 0.6660039761431411 0.011458333333333333 0.017892644135188866
0 0.42864583333333334 0.6704771371769384 0.011458333333333333 0.020874751491053677
0 0.20104166666666667 0.6868787276341949 0.017708333333333333 0.04771371769383698
0 0.40625 0.6739562624254473 0.00625 0.017892644135188866
0 0.48072916666666665 0.6769383697813122 0.00625 0.015904572564612324
0 0.33958333333333335 0.6804174950298211 0.013541666666666667 0.016898608349900597
0 0.41484375 0.6898608349900597 0.0078125 0.027833001988071572
0 0.0234375 0.6918489065606361 0.010416666666666666 0.02385685884691849
0 0.9533854166666667 0.6968190854870775 0.016145833333333335 0.03578528827037773
0 0.3723958333333333 0.69831013916501 0.00625 0.03479125248508946
0 0.6143229166666667 0.6953280318091452 0.0140625 0.020874751491053677
0 0.6716145833333333 0.7087475149105368 0.0140625 0.013916500994035786
0 0.009375 0.7256461232604374 0.01875 0.04572564612326044
0 0.2609375 0.7176938369781312 0.0125 0.02982107355864811
0 0.56171875 0.7211729622266402 0.016145833333333335 0.032803180914512925
0 0.5234375 0.7186878727634195 0.00625 0.019880715705765408
0 0.19635416666666666 0.7236580516898609 0.014583333333333334 0.013916500994035786
0 0.39739583333333334 0.7291252485089463 0.004166666666666667 0.016898608349900597
0 0.4119791666666667 0.7306163021868787 0.005208333333333333 0.017892644135188866
0 0.2359375 0.7321073558648111 0.017708333333333333 0.014910536779324055
0 0.6578125 0.7385685884691849 0.008333333333333333 0.02584493041749503
0 0.8177083333333334 0.7420477137176938 0.009375 0.02286282306163022
0 0.63828125 0.7495029821073559 0.005729166666666666 0.02186878727634195
0 0.775 0.7659045725646123 0.017708333333333333 0.05467196819085487
0 0.6234375 0.7579522862823062 0.0125 0.016898608349900597
0 0.6953125 0.7673956262425448 0.00625 0.03180914512922465
0 0.6799479166666667 0.7629224652087475 0.009895833333333333 0.016898608349900597
0 0.7388020833333333 0.7639165009940357 0.021354166666666667 0.018886679920477135
0 0.005208333333333333 0.7698807157057654 0.010416666666666666 0.02286282306163022
0 0.46119791666666665 0.7713717693836978 0.019270833333333334 0.011928429423459244
0 0.5747395833333333 0.7718687872763419 0.018229166666666668 0.014910536779324055
0 0.9411458333333333 0.7803180914512923 0.010416666666666666 0.02385685884691849
0 0.4513020833333333 0.7962226640159046 0.011979166666666667 0.041749502982107355
0 0.475 0.8081510934393639 0.020833333333333332 0.0536779324055666
0 0.4166666666666667 0.7917495029821073 0.009375 0.014910536779324055
0 0.4625 0.8066600397614314 0.005208333333333333 0.0268389662027833
0 0.04609375 0.8180914512922465 0.016145833333333335 0.0437375745526839
0 0.3338541666666667 0.8220675944333996 0.011458333333333333 0.05168986083499006
0 0.3536458333333333 0.8091451292246521 0.013541666666666667 0.02186878727634195
0 0.27005208333333336 0.8255467196819085 0.013020833333333334 0.04473161033797217
0 0.5234375 0.8071570576540755 0.0125 0.009940357852882704
0 0.3690104166666667 0.8320079522862823 0.0109375 0.03180914512922465
0 0.428125 0.8240556660039762 0.016666666666666666 0.011928429423459244
0 0.3841145833333333 0.8369781312127237 0.008854166666666666 0.02186878727634195
0 0.5096354166666667 0.8315109343936382 0.0109375 0.008946322067594433
0 0.9328125 0.841948310139165 0.007291666666666667 0.027833001988071572
0 0.5565104166666667 0.8484095427435387 0.015104166666666667 0.032803180914512925
0 0.471875 0.8638170974155069 0.011458333333333333 0.03180914512922465
0 0.60625 0.8732604373757455 0.013541666666666667 0.030815109343936383
0 0.14869791666666668 0.8841948310139165 0.0109375 0.0268389662027833
0 0.5002604166666667 0.8762425447316103 0.013020833333333334 0.010934393638170975
0 0.51875 0.8802186878727635 0.019791666666666666 0.012922465208747515
0 0.25234375 0.8866799204771372 0.015104166666666667 0.02186878727634195
0 0.4786458333333333 0.8891650099403579 0.010416666666666666 0.0268389662027833
0 0.06770833333333333 0.8966202783300199 0.017708333333333333 0.03578528827037773
0 0.33984375 0.904572564612326 0.013020833333333334 0.019880715705765408
0 0.5052083333333334 0.9070576540755467 0.013541666666666667 0.016898608349900597
0 0.26614583333333336 0.911530815109344 0.016666666666666666 0.02186878727634195
0 0.43411458333333336 0.9214711729622267 0.013020833333333334 0.017892644135188866
0 0.7447916666666666 0.9343936381709742 0.010416666666666666 0.033797216699801194
0 0.66640625 0.9428429423459245 0.0109375 0.030815109343936383
0 0.7244791666666667 0.9418489065606361 0.014583333333333334 0.02882703777335984
0 0.3294270833333333 0.9562624254473161 0.009895833333333333 0.04572564612326044
0 0.2565104166666667 0.9502982107355865 0.005729166666666666 0.02584493041749503
0 0.9434895833333333 0.963220675944334 0.024479166666666666 0.04771371769383698
0 0.903125 0.9701789264413518 0.013541666666666667 0.033797216699801194
0 0.4765625 0.9845924453280318 0.010416666666666666 0.02882703777335984
0 0.5479166666666667 0.9746520874751491 0.0125 0.010934393638170975
0 0.6885416666666667 0.9900596421471173 0.009375 0.017892644135188866
0 0.23984375 0.9915506958250497 0.018229166666666668 0.014910536779324055