0 0.04765625 0.0054671968190854875 0.0953125 0.004970178926441352
0 0.65546875 0.009443339960238568 0.013020833333333334 0.012922465208747515
0 0.7203125 0.02485089463220676 0.013541666666666667 0.03180914512922465
0 0.08385416666666666 0.045228628230616304 0.010416666666666666 0.02485089463220676
0 0.49453125 0.06610337972166998 0.0140625 0.02882703777335984
0 0.00234375 0.06510934393638171 0.0046875 0.014910536779324055
0 0.4401041666666667 0.06660039761431412 0.014583333333333334 0.015904572564612324
0 0.4434895833333333 0.09791252485089463 0.013020833333333334 0.014910536779324055
0 0.190625 0.13767395626242546 0.015625 0.012922465208747515
0 0.2877604166666667 0.16202783300198806 0.0203125 0.02584493041749503
0 0.7588541666666667 0.2216699801192843 0.015625 0.03180914512922465
0 0.21614583333333334 0.31660039761431413 0.016666666666666666 0.036779324055666
0 0.005989583333333334 0.31560636182902585 0.011979166666666667 0.02882703777335984
0 0.3528645833333333 0.3096421471172962 0.0109375 0.014910536779324055
0 0.11848958333333333 0.3250497017892644 0.021354166666666667 0.033797216699801194
0 0.8651041666666667 0.32852882703777336 0.01875 0.02882703777335984
0 0.2828125 0.323558648111332 0.01875 0.014910536779324055
0 0.15338541666666666 0.341948310139165 0.011979166666666667 0.02982107355864811
0 0.49895833333333334 0.3489065606361829 0.008333333333333333 0.02982107355864811
0 0.35598958333333336 0.3499005964214712 0.018229166666666668 0.027833001988071572
0 0.5533854166666666 0.3588469184890656 0.0036458333333333334 0.027833001988071572
0 0.0671875 0.3851888667992048 0.010416666666666666 0.032803180914512925
0 0.8005208333333333 0.38916500994035785 0.011458333333333333 0.02485089463220676
0 0.35078125 0.4179920477137177 0.005729166666666666 0.032803180914512925
0 0.18385416666666668 0.42147117296222664 0.016666666666666666 0.017892644135188866
0 0.6151041666666667 0.43439363817097415 0.013541666666666667 0.015904572564612324
0 0.29791666666666666 0.4647117296222664 0.013541666666666667 0.02882703777335984
0 0.40338541666666666 0.48906560636182905 0.008854166666666666 0.03578528827037773
0 0.004427083333333333 0.4845924453280318 0.008854166666666666 0.014910536779324055
0 0.16510416666666666 0.5049701789264414 0.016666666666666666 0.055666003976143144
0 0.478125 0.4975149105367793 0.015625 0.010934393638170975
0 0.23645833333333333 0.5198807157057654 0.013541666666666667 0.02584493041749503
0 0.38828125 0.5323061630218688 0.011979166666666667 0.014910536779324055
0 0.17734375 0.5541749502982107 0.0171875 0.0268389662027833
0 0.43515625 0.5541749502982107 0.015104166666666667 0.02882703777335984
0 0.10078125 0.5616302186878728 0.016145833333333335 0.027833001988071572
0 0.4700520833333333 0.5745526838966203 0.005729166666666666 0.03180914512922465
0 0.22526041666666666 0.5725646123260437 0.0171875 0.011928429423459244
0 0.1640625 0.5909542743538767 0.020833333333333332 0.02485089463220676
0 0.39296875 0.5864811133200796 0.022395833333333334 0.015904572564612324
0 0.43411458333333336 0.606858846918489 0.013020833333333334 0.032803180914512925
0 0.14713541666666666 0.6153081510934394 0.016145833333333335 0.02385685884691849
0 0.24713541666666666 0.6227634194831014 0.005729166666666666 0.020874751491053677
0 0.26484375 0.6322067594433399 0.0140625 0.011928429423459244
0 0.2598958333333333 0.6520874751491054 0.009375 0.02186878727634195
0 0.06848958333333334 0.6585487077534792 0.008854166666666666 0.010934393638170975
0 0.24817708333333333 0.6933399602385686 0.018229166666666668 0.06262425447316103
0 0.13541666666666666 0.6774353876739563 0.011458333333333333 0.0268389662027833
0 0.228125 0.6958250497017893 0.010416666666666666 0.011928429423459244
0 0.47890625 0.7107355864811133 0.0140625 0.017892644135188866
0 0.03515625 0.7380715705765407 0.030729166666666665 0.05666003976143141
0 0.55546875 0.7748508946322068 0.018229166666666668 0.012922465208747515
0 0.42135416666666664 0.7887673956262425 0.00625 0.036779324055666
0 0.21614583333333334 0.8444333996023857 0.01875 0.016898608349900597
0 0.0890625 0.8697813121272365 0.011458333333333333 0.013916500994035786
0 0.57734375 0.9388667992047713 0.016145833333333335 0.010934393638170975