0 0.23463541666666668 0.005964214711729622 0.005729166666666666 0.011928429423459244
0 0.2518229166666667 0.01341948310139165 0.011979166666666667 0.0268389662027833
0 0.29765625 0.015407554671968192 0.0265625 0.030815109343936383
0 0.43828125 0.010934393638170975 0.0067708333333333336 0.02186878727634195
0 0.48411458333333335 0.01242544731610338 0.016145833333333335 0.016898608349900597
0 0.2125 0.03827037773359841 0.008333333333333333 0.03876739562624255
0 0.17578125 0.04671968190854871 0.013020833333333334 0.02186878727634195
0 0.41171875 0.0536779324055666 0.015104166666666667 0.02982107355864811
0 0.31354166666666666 0.05864811133200795 0.00625 0.019880715705765408
0 0.1 0.06809145129224652 0.013541666666666667 0.03479125248508946
0 0.7265625 0.06063618290258449 0.014583333333333334 0.009940357852882704
0 0.25052083333333336 0.07107355864811134 0.020833333333333332 0.020874751491053677
0 0.06640625 0.08349900596421471 0.011979166666666667 0.027833001988071572
0 0.47109375 0.0874751491053678 0.0109375 0.033797216699801194
0 0.7294270833333333 0.08797216699801193 0.013020833333333334 0.02485089463220676
0 0.31197916666666664 0.10984095427435388 0.014583333333333334 0.03876739562624255
0 0.36770833333333336 0.10785288270377734 0.016666666666666666 0.02485089463220676
0 0.6080729166666666 0.10089463220675944 0.0109375 0.010934393638170975
0 0.6557291666666667 0.10884691848906561 0.016666666666666666 0.02485089463220676
0 0.0046875 0.110337972166998 0.009375 0.019880715705765408
0 0.09947916666666666 0.12226640159045726 0.016666666666666666 0.02385685884691849
0 0.19140625 0.12027833001988071 0.016145833333333335 0.013916500994035786
0 0.9466145833333334 0.13021868787276342 0.028645833333333332 0.033797216699801194
0 0.39817708333333335 0.12326043737574553 0.018229166666666668 0.015904572564612324
0 0.7875 0.1441351888667992 0.017708333333333333 0.03180914512922465
0 0.17760416666666667 0.15656063618290258 0.010416666666666666 0.032803180914512925
0 0.63125 0.16699801192842942 0.016666666666666666 0.03180914512922465
0 0.34140625 0.18588469184890655 0.013020833333333334 0.019880715705765408
0 0.5294270833333333 0.18737574552683897 0.0067708333333333336 0.02286282306163022
0 0.31015625 0.18588469184890655 0.0109375 0.013916500994035786
0 0.57578125 0.1918489065606362 0.0109375 0.015904572564612324
0 0.4153645833333333 0.20427435387673956 0.0109375 0.0268389662027833
0 0.44479166666666664 0.20029821073558648 0.013541666666666667 0.012922465208747515
0 0.043229166666666666 0.21570576540755468 0.016666666666666666 0.02385685884691849
0 0.46588541666666666 0.21620278330019882 0.008854166666666666 0.02286282306163022
0 0.7111979166666667 0.22266401590457258 0.009895833333333333 0.03777335984095427
0 0.2942708333333333 0.23260437375745527 0.027083333333333334 0.04771371769383698
0 0.009635416666666667 0.23161033797216699 0.019270833333333334 0.03777335984095427
0 0.30807291666666664 0.2216699801192843 0.021354166666666667 0.017892644135188866
0 0.44583333333333336 0.22465208747514911 0.016666666666666666 0.02584493041749503
0 0.16458333333333333 0.22962226640159045 0.014583333333333334 0.027833001988071572
0 0.3765625 0.24254473161033796 0.013541666666666667 0.033797216699801194
0 0.3359375 0.24900596421471172 0.008333333333333333 0.032803180914512925
0 0.41796875 0.2415506958250497 0.015104166666666667 0.013916500994035786
0 0.7369791666666666 0.24751491053677932 0.014583333333333334 0.02385685884691849
0 0.43046875 0.2634194831013916 0.005729166666666666 0.02186878727634195
0 0.36223958333333334 0.28628230616302186 0.0140625 0.05765407554671968
0 0.16770833333333332 0.27087475149105367 0.025 0.018886679920477135
0 0.5979166666666667 0.2803180914512923 0.009375 0.02982107355864811
0 0.6890625 0.28180914512922467 0.016666666666666666 0.032803180914512925
0 0.43802083333333336 0.2952286282306163 0.01875 0.04572564612326044
0 0.3776041666666667 0.28479125248508946 0.015625 0.016898608349900597
0 0.8393229166666667 0.2897614314115308 0.0171875 0.02485089463220676
0 0.46848958333333335 0.2907554671968191 0.0078125 0.012922465208747515
0 0.7322916666666667 0.294234592445328 0.014583333333333334 0.02186878727634195
0 0.15911458333333334 0.2962226640159046 0.0109375 0.017892644135188866
0 0.3966145833333333 0.29721669980119286 0.0109375 0.019880715705765408
0 0.45677083333333335 0.29721669980119286 0.010416666666666666 0.013916500994035786
0 0.5825520833333333 0.30168986083499005 0.0078125 0.014910536779324055
0 0.9338541666666667 0.31262425447316106 0.023958333333333335 0.03876739562624255
0 0.4153645833333333 0.31510934393638174 0.022395833333333334 0.033797216699801194
0 0.24166666666666667 0.3305168986083499 0.019791666666666666 0.048707753479125246
0 0.15 0.32803180914512925 0.029166666666666667 0.041749502982107355
0 0.396875 0.3275347912524851 0.015625 0.0268389662027833
0 0.13411458333333334 0.3230616302186879 0.013020833333333334 0.015904572564612324
0 0.44869791666666664 0.3290258449304175 0.0328125 0.02584493041749503
0 0.34921875 0.3364811133200795 0.0109375 0.03479125248508946
0 0.20494791666666667 0.334493041749503 0.015104166666666667 0.020874751491053677
0 0.4265625 0.34840954274353875 0.013541666666666667 0.02485089463220676
0 0.409375 0.3687872763419483 0.009375 0.04970178926441352
0 0.47317708333333336 0.36182902584493043 0.011979166666666667 0.027833001988071572
0 0.7036458333333333 0.3643141153081511 0.01875 0.016898608349900597
0 0.34661458333333334 0.3841948310139165 0.015104166666666667 0.02882703777335984
0 0.3846354166666667 0.3851888667992048 0.005729166666666666 0.030815109343936383
0 0.7541666666666667 0.3871769383697813 0.016666666666666666 0.03479125248508946
0 0.01484375 0.38767395626242546 0.0203125 0.02385685884691849
0 0.9744791666666667 0.38966202783300197 0.009375 0.02982107355864811
0 0.2513020833333333 0.3981113320079523 0.0109375 0.040755467196819085
0 0.5552083333333333 0.4070576540755467 0.019791666666666666 0.030815109343936383
0 0.10338541666666666 0.4000994035785288 0.013020833333333334 0.014910536779324055
0 0.5877604166666667 0.40208747514910537 0.013020833333333334 0.014910536779324055
0 0.36953125 0.41998011928429424 0.016145833333333335 0.040755467196819085
0 0.45729166666666665 0.42445328031809143 0.010416666666666666 0.039761431411530816
0 0.20625 0.4378727634194831 0.025 0.05864811133200795
0 0.2875 0.41998011928429424 0.007291666666666667 0.016898608349900597
0 0.41015625 0.4269383697813121 0.0203125 0.016898608349900597
0 0.07552083333333333 0.43439363817097415 0.007291666666666667 0.027833001988071572
0 0.26614583333333336 0.4398608349900596 0.00625 0.030815109343936383
0 0.5049479166666667 0.46819085487077533 0.018229166666666668 0.04970178926441352
0 0.43307291666666664 0.4662027833001988 0.0078125 0.03777335984095427
0 0.8052083333333333 0.45825049701789267 0.015625 0.011928429423459244
0 0.4622395833333333 0.47813121272365805 0.0171875 0.033797216699801194
0 0.10078125 0.49353876739562624 0.027604166666666666 0.048707753479125246
0 0.23776041666666667 0.5069582504970179 0.0171875 0.027833001988071572
0 0.628125 0.5039761431411531 0.014583333333333334 0.019880715705765408
0 0.28125 0.5228628230616302 0.015625 0.0437375745526839
0 0.18802083333333333 0.5168986083499006 0.010416666666666666 0.027833001988071572
0 0.55234375 0.5238568588469185 0.0171875 0.02982107355864811
0 0.21119791666666668 0.5168986083499006 0.008854166666666666 0.013916500994035786
0 0.8471354166666667 0.5168986083499006 0.0078125 0.011928429423459244
0 0.05234375 0.5233598409542743 0.015104166666666667 0.018886679920477135
0 0.3723958333333333 0.5313121272365805 0.010416666666666666 0.02882703777335984
0 0.4708333333333333 0.5352882703777336 0.009375 0.03876739562624255
0 0.16692708333333334 0.5313121272365805 0.027604166666666666 0.02286282306163022
0 0.03723958333333333 0.5541749502982107 0.0140625 0.06461232604373758
0 0.19583333333333333 0.5427435387673957 0.010416666666666666 0.015904572564612324
0 0.5484375 0.5531809145129225 0.015625 0.032803180914512925
0 0.7309895833333333 0.5536779324055666 0.009895833333333333 0.03180914512922465
0 0.4114583333333333 0.5556660039761432 0.0125 0.02982107355864811
0 0.5161458333333333 0.5576540755467196 0.008333333333333333 0.033797216699801194
0 0.53203125 0.5616302186878728 0.009895833333333333 0.03180914512922465
0 0.5760416666666667 0.5556660039761432 0.009375 0.019880715705765408
0 0.28828125 0.5621272365805169 0.0203125 0.016898608349900597
0 0.34453125 0.5646123260437376 0.009895833333333333 0.02186878727634195
0 0.5643229166666667 0.5740556660039762 0.0109375 0.040755467196819085
0 0.08255208333333333 0.5790258449304175 0.0109375 0.04473161033797217
0 0.11796875 0.5879721669980119 0.0140625 0.040755467196819085
0 0.26640625 0.5859840954274353 0.018229166666666668 0.030815109343936383
0 0.3541666666666667 0.584493041749503 0.007291666666666667 0.019880715705765408
0 0.43463541666666666 0.591948310139165 0.008854166666666666 0.03479125248508946
0 0.023697916666666666 0.5859840954274353 0.0078125 0.020874751491053677
0 0.15598958333333332 0.6038767395626242 0.0234375 0.05666003976143141
0 0.92421875 0.5949304174950298 0.009895833333333333 0.0268389662027833
0 0.65390625 0.5909542743538767 0.011979166666666667 0.012922465208747515
0 0.5502604166666667 0.6008946322067594 0.005729166666666666 0.030815109343936383
0 0.4015625 0.6038767395626242 0.015625 0.018886679920477135
0 0.35208333333333336 0.6242544731610338 0.013541666666666667 0.02385685884691849
0 0.5369791666666667 0.6232604373757455 0.007291666666666667 0.019880715705765408
0 0.2989583333333333 0.639662027833002 0.013541666666666667 0.030815109343936383
0 0.39296875 0.635685884691849 0.0234375 0.02485089463220676
0 0.6794270833333333 0.6451292246520874 0.0067708333333333336 0.02385685884691849
0 0.12135416666666667 0.6550695825049702 0.01875 0.03180914512922465
0 0.13958333333333334 0.6650099403578529 0.009375 0.041749502982107355
0 0.86796875 0.6590457256461233 0.0234375 0.02584493041749503
0 0.5153645833333333 0.6600397614314115 0.0203125 0.02385685884691849
0 0.38333333333333336 0.6620278330019881 0.026041666666666668 0.02385685884691849
0 0.69375 0.6819085487077535 0.025 0.03777335984095427
0 0.221875 0.6784294234592445 0.021875 0.02485089463220676
0 0.5911458333333334 0.6918489065606361 0.009375 0.027833001988071572
0 0.017447916666666667 0.7017892644135189 0.009895833333333333 0.017892644135188866
0 0.12604166666666666 0.7122266401590457 0.009375 0.036779324055666
0 0.5635416666666667 0.7077534791252486 0.028125 0.02584493041749503
0 0.15078125 0.7186878727634195 0.03177083333333333 0.03578528827037773
0 0.5270833333333333 0.7107355864811133 0.019791666666666666 0.011928429423459244
0 0.68828125 0.7176938369781312 0.0140625 0.017892644135188866
0 0.048177083333333336 0.7261431411530815 0.009895833333333333 0.018886679920477135
0 0.89140625 0.7415506958250497 0.018229166666666668 0.0437375745526839
0 0.5888020833333333 0.7340954274353877 0.005729166666666666 0.0268389662027833
0 0.49322916666666666 0.7395626242544732 0.01875 0.033797216699801194
0 0.09322916666666667 0.7773359840954275 0.017708333333333333 0.05765407554671968
0 0.9447916666666667 0.7624254473161034 0.011458333333333333 0.027833001988071572
0 0.33046875 0.7698807157057654 0.009895833333333333 0.03876739562624255
0 0.4239583333333333 0.7569582504970179 0.015625 0.010934393638170975
0 0.971875 0.7788270377733598 0.022916666666666665 0.048707753479125246
0 0.4859375 0.786779324055666 0.013541666666666667 0.04473161033797217
0 0.13125 0.7818091451292246 0.019791666666666666 0.02485089463220676
0 0.253125 0.7907554671968191 0.019791666666666666 0.02882703777335984
0 0.05182291666666667 0.7887673956262425 0.009895833333333333 0.010934393638170975
0 0.40598958333333335 0.7992047713717694 0.019270833333333334 0.02186878727634195
0 0.11875 0.8076540755467196 0.034375 0.0268389662027833
0 0.15546875 0.8300198807157058 0.025520833333333333 0.055666003976143144
0 0.08255208333333333 0.8141153081510935 0.011979166666666667 0.013916500994035786
0 0.06536458333333334 0.8290258449304175 0.016145833333333335 0.041749502982107355
0 0.19739583333333333 0.8364811133200796 0.020833333333333332 0.05069582504970179
0 0.57109375 0.8215705765407555 0.0067708333333333336 0.014910536779324055
0 0.28046875 0.8275347912524851 0.016145833333333335 0.012922465208747515
0 0.7361979166666667 0.8548707753479126 0.0234375 0.061630218687872766
0 0.4940104166666667 0.8374751491053678 0.027604166666666666 0.02286282306163022
0 0.38307291666666665 0.8563618290258449 0.008854166666666666 0.05268389662027833
0 0.013541666666666667 0.8444333996023857 0.013541666666666667 0.02485089463220676
0 0.10859375 0.8429423459244533 0.005729166666666666 0.019880715705765408
0 0.37083333333333335 0.8518886679920478 0.011458333333333333 0.027833001988071572
0 0.5346354166666667 0.8508946322067594 0.013020833333333334 0.02385685884691849
0 0.14817708333333332 0.8762425447316103 0.005729166666666666 0.02286282306163022
0 0.03046875 0.8797216699801192 0.015104166666666667 0.02584493041749503
0 0.4466145833333333 0.8807157057654076 0.019270833333333334 0.02982107355864811
0 0.050520833333333334 0.889662027833002 0.0125 0.039761431411530816
0 0.15859375 0.8782306163021869 0.0078125 0.016898608349900597
0 0.47265625 0.8832007952286283 0.015104166666666667 0.012922465208747515
0 0.34609375 0.8961232604373758 0.016145833333333335 0.02286282306163022
0 0.38203125 0.9145129224652088 0.0203125 0.0437375745526839
0 0.06875 0.9199801192842942 0.015625 0.04671968190854871
0 0.5125 0.9169980119284294 0.017708333333333333 0.016898608349900597
0 0.09635416666666667 0.9289264413518886 0.017708333333333333 0.03479125248508946
0 0.3338541666666667 0.9209741550695825 0.017708333333333333 0.012922465208747515
0 0.35520833333333335 0.9289264413518886 0.010416666666666666 0.016898608349900597
0 0.46510416666666665 0.9329025844930418 0.010416666666666666 0.02286282306163022
0 0.27291666666666664 0.9428429423459245 0.017708333333333333 0.02485089463220676
0 0.47734375 0.9463220675944334 0.005729166666666666 0.017892644135188866
0 0.15546875 0.9532803180914513 0.016145833333333335 0.017892644135188866
0 0.44036458333333334 0.9721669980119284 0.0296875 0.0536779324055666
0 0.3299479166666667 0.9681908548707754 0.028645833333333332 0.033797216699801194
0 0.35651041666666666 0.9726640159045725 0.0109375 0.03876739562624255
0 0.24036458333333333 0.9845924453280318 0.0109375 0.02882703777335984
0 0.30703125 0.9776341948310139 0.009895833333333333 0.014910536779324055
0 0.409375 0.9880715705765407 0.013541666666666667 0.02186878727634195
0 0.47291666666666665 0.9885685884691849 0.013541666666666667 0.020874751491053677
0 0.55625 0.992544731610338 0.015625 0.012922465208747515
0 0.7356770833333334 0.992544731610338 0.021354166666666667 0.012922465208747515