0 0.6604166666666667 0.004970178926441352 0.007291666666666667 0.009940357852882704
0 0.6502604166666667 0.042743538767395624 0.013020833333333334 0.061630218687872766
0 0.60234375 0.026341948310139165 0.0171875 0.012922465208747515
0 0.5981770833333333 0.052186878727634195 0.022395833333333334 0.02882703777335984
0 0.52421875 0.08250497017892644 0.021354166666666667 0.015904572564612324
0 0.6192708333333333 0.0959244532803181 0.009375 0.032803180914512925
0 0.4895833333333333 0.09642147117296222 0.005208333333333333 0.02982107355864811
0 0.7713541666666667 0.10238568588469185 0.014583333333333334 0.019880715705765408
0 0.9591145833333333 0.11779324055666004 0.019270833333333334 0.042743538767395624
0 0.9794270833333333 0.11679920477137178 0.019270833333333334 0.0268389662027833
0 0.018229166666666668 0.1327037773359841 0.017708333333333333 0.032803180914512925
0 0.5940104166666667 0.13320079522862824 0.0078125 0.03180914512922465
0 0.690625 0.13071570576540756 0.023958333333333335 0.016898608349900597
0 0.5088541666666667 0.15705765407554673 0.010416666666666666 0.03777335984095427
0 0.5268229166666667 0.16451292246520874 0.0067708333333333336 0.018886679920477135
0 0.5721354166666667 0.17147117296222664 0.009895833333333333 0.02485089463220676
0 0.7533854166666667 0.1824055666003976 0.0078125 0.020874751491053677
0 0.49244791666666665 0.1908548707753479 0.005729166666666666 0.017892644135188866
0 0.49973958333333335 0.2062624254473161 0.008854166666666666 0.014910536779324055
0 0.5515625 0.2231610337972167 0.028125 0.04671968190854871
0 0.76640625 0.21968190854870775 0.009895833333333333 0.03578528827037773
0 0.4171875 0.24751491053677932 0.014583333333333334 0.011928429423459244
0 0.9223958333333333 0.2644135188866799 0.020833333333333332 0.02982107355864811
0 0.38177083333333334 0.2773359840954274 0.014583333333333334 0.0437375745526839
0 0.5091145833333334 0.2907554671968191 0.015104166666666667 0.036779324055666
0 0.5408854166666667 0.30119284294234594 0.0140625 0.041749502982107355
0 0.5864583333333333 0.2947316103379722 0.011458333333333333 0.02286282306163022
0 0.07734375 0.2982107355864811 0.0109375 0.011928429423459244
0 0.6119791666666666 0.3320079522862823 0.0125 0.08151093439363817
0 0.5953125 0.3359840954274354 0.008333333333333333 0.02982107355864811
0 0.5205729166666667 0.38469184890656066 0.013020833333333334 0.0636182902584493
0 0.5890625 0.39065606361829025 0.011458333333333333 0.02385685884691849
0 0.5578125 0.43389662027833004 0.0125 0.014910536779324055
0 0.5434895833333333 0.4701789264413519 0.0140625 0.0775347912524851
0 0.33958333333333335 0.4438369781312127 0.01875 0.012922465208747515
0 0.4166666666666667 0.4552683896620278 0.016666666666666666 0.02982107355864811
0 0.4510416666666667 0.4542743538767396 0.0125 0.017892644135188866
0 0.6588541666666666 0.4865805168986084 0.014583333333333334 0.040755467196819085
0 0.68203125 0.5372763419483101 0.0140625 0.020874751491053677
0 0.99140625 0.5452286282306164 0.016145833333333335 0.032803180914512925
0 0.6619791666666667 0.5437375745526839 0.00625 0.02186878727634195
0 0.40677083333333336 0.5546719681908548 0.017708333333333333 0.013916500994035786
0 0.6888020833333334 0.5715705765407555 0.0078125 0.02385685884691849
0 0.72890625 0.5785288270377733 0.015104166666666667 0.02385685884691849
0 0.5046875 0.5815109343936382 0.009375 0.027833001988071572
0 0.5856770833333333 0.5989065606361829 0.013020833333333334 0.008946322067594433
0 0.35859375 0.6192842942345924 0.018229166666666668 0.019880715705765408
0 0.6341145833333334 0.6282306163021869 0.0140625 0.02584493041749503
0 0.90703125 0.639662027833002 0.021354166666666667 0.02286282306163022
0 0.43515625 0.6486083499005965 0.0067708333333333336 0.036779324055666
0 0.6627604166666666 0.6461232604373758 0.005729166666666666 0.033797216699801194
0 0.546875 0.6585487077534792 0.011458333333333333 0.02485089463220676
0 0.4596354166666667 0.6734592445328031 0.015104166666666667 0.030815109343936383
0 0.8958333333333334 0.6764413518886679 0.019791666666666666 0.018886679920477135
0 0.53515625 0.68389662027833 0.015104166666666667 0.02982107355864811
0 0.5872395833333334 0.69831013916501 0.0109375 0.036779324055666
0 0.36484375 0.7102385685884692 0.013020833333333334 0.05069582504970179
0 0.44427083333333334 0.7052683896620279 0.008333333333333333 0.020874751491053677
0 0.52734375 0.7286282306163022 0.0109375 0.04572564612326044
0 0.6533854166666667 0.7211729622266402 0.0140625 0.018886679920477135
0 0.4484375 0.7256461232604374 0.007291666666666667 0.011928429423459244
0 0.8484375 0.7435387673956262 0.01875 0.02186878727634195
0 0.29739583333333336 0.7604373757455268 0.013541666666666667 0.027833001988071572
0 0.24010416666666667 0.7589463220675944 0.019791666666666666 0.018886679920477135
0 0.70234375 0.7584493041749503 0.0109375 0.017892644135188866
0 0.6611979166666667 0.7614314115308151 0.0109375 0.015904572564612324
0 0.5140625 0.7992047713717694 0.014583333333333334 0.0437375745526839
0 0.6158854166666666 0.7887673956262425 0.016145833333333335 0.02286282306163022
0 0.7151041666666667 0.7932405566600398 0.017708333333333333 0.02584493041749503
0 0.10989583333333333 0.7987077534791253 0.01875 0.02286282306163022
0 0.67734375 0.8046719681908548 0.0067708333333333336 0.03479125248508946
0 0.53828125 0.827037773359841 0.0203125 0.073558648111332
0 0.40286458333333336 0.8240556660039762 0.0203125 0.0536779324055666
0 0.23229166666666667 0.8369781312127237 0.020833333333333332 0.04572564612326044
0 0.42682291666666666 0.8250497017892644 0.0203125 0.015904572564612324
0 0.68671875 0.8320079522862823 0.011979166666666667 0.02584493041749503
0 0.6385416666666667 0.8334990059642147 0.017708333333333333 0.014910536779324055
0 0.5083333333333333 0.8369781312127237 0.009375 0.013916500994035786
0 0.55390625 0.8563618290258449 0.009895833333333333 0.036779324055666
0 0.4453125 0.8628230616302187 0.019791666666666666 0.019880715705765408
0 0.5098958333333333 0.8692842942345924 0.016666666666666666 0.03479125248508946
0 0.87890625 0.8623260437375746 0.0171875 0.016898608349900597
0 0.40208333333333335 0.8638170974155069 0.01875 0.013916500994035786
0 0.47239583333333335 0.8702783300198808 0.015625 0.02286282306163022
0 0.15807291666666667 0.8767395626242545 0.0140625 0.011928429423459244
0 0.57578125 0.904572564612326 0.008854166666666666 0.019880715705765408
0 0.3971354166666667 0.9194831013916501 0.0067708333333333336 0.03777335984095427
0 0.9020833333333333 0.9304174950298211 0.017708333333333333 0.017892644135188866
0 0.4708333333333333 0.941351888667992 0.0125 0.03578528827037773
0 0.4296875 0.9478131212723658 0.017708333333333333 0.02485089463220676
0 0.24895833333333334 0.9746520874751491 0.007291666666666667 0.032803180914512925
0 0.41302083333333334 0.9806163021868787 0.009375 0.036779324055666
0 0.7565104166666666 0.9831013916500994 0.018229166666666668 0.02584493041749503