0 0.49583333333333335 0.018389662027833 0.021875 0.036779324055666
0 0.9200520833333333 0.0004970178926441351 0.027604166666666666 0.0009940357852882703
0 0.07265625 0.026341948310139165 0.013020833333333334 0.032803180914512925
0 0.21380208333333334 0.03429423459244533 0.015104166666666667 0.018886679920477135
0 0.50703125 0.05715705765407555 0.0140625 0.0268389662027833
0 0.5625 0.0705765407554672 0.009375 0.03578528827037773
0 0.49713541666666666 0.09791252485089463 0.018229166666666668 0.020874751491053677
0 0.9942708333333333 0.13767395626242546 0.010416666666666666 0.010934393638170975
0 0.48046875 0.1441351888667992 0.008854166666666666 0.017892644135188866
0 0.3651041666666667 0.1709741550695825 0.021875 0.019880715705765408
0 0.4747395833333333 0.21123260437375746 0.008854166666666666 0.010934393638170975
0 0.6291666666666667 0.2216699801192843 0.017708333333333333 0.017892644135188866
0 0.35052083333333334 0.22813121272365805 0.01875 0.02882703777335984
0 0.22083333333333333 0.27335984095427435 0.009375 0.03578528827037773
0 0.303125 0.2967196819085487 0.009375 0.0268389662027833
0 0.32838541666666665 0.35636182902584496 0.015104166666666667 0.0268389662027833
0 0.41484375 0.3702783300198807 0.019270833333333334 0.05268389662027833
0 0.7411458333333333 0.3951292246520875 0.013541666666666667 0.03876739562624255
0 0.36223958333333334 0.4110337972166998 0.0234375 0.06063618290258449
0 0.24114583333333334 0.40357852882703776 0.010416666666666666 0.027833001988071572
0 0.4434895833333333 0.40606361829025844 0.019270833333333334 0.02286282306163022
0 0.55625 0.4403578528827038 0.008333333333333333 0.039761431411530816
0 0.5375 0.4403578528827038 0.0125 0.027833001988071572
0 0.29921875 0.4507952286282306 0.016145833333333335 0.02882703777335984
0 0.41875 0.44930417495029823 0.009375 0.02385685884691849
0 0.39817708333333335 0.4567594433399602 0.018229166666666668 0.03479125248508946
0 0.26276041666666666 0.4537773359840954 0.0109375 0.02485089463220676
0 0.4375 0.4577534791252485 0.00625 0.020874751491053677
0 0.31328125 0.4662027833001988 0.0140625 0.009940357852882704
0 0.35546875 0.4845924453280318 0.008854166666666666 0.030815109343936383
0 0.4515625 0.4835984095427435 0.008333333333333333 0.02485089463220676
0 0.4669270833333333 0.5044731610337972 0.0067708333333333336 0.03876739562624255
0 0.42916666666666664 0.4970178926441352 0.004166666666666667 0.019880715705765408
0 0.440625 0.5029821073558648 0.008333333333333333 0.011928429423459244
0 0.3419270833333333 0.5243538767395626 0.009895833333333333 0.02286282306163022
0 0.44583333333333336 0.5253479125248509 0.00625 0.02485089463220676
0 0.478125 0.5472166998011928 0.009375 0.02485089463220676
0 0.3575520833333333 0.5606361829025845 0.0140625 0.039761431411530816
0 0.8549479166666667 0.5546719681908548 0.0109375 0.02385685884691849
0 0.16744791666666667 0.5591451292246521 0.015104166666666667 0.0268389662027833
0 0.40182291666666664 0.5745526838966203 0.011979166666666667 0.03180914512922465
0 0.3690104166666667 0.5944333996023857 0.018229166666666668 0.04572564612326044
0 0.41796875 0.577037773359841 0.008854166666666666 0.010934393638170975
0 0.48828125 0.5979125248508946 0.016145833333333335 0.02286282306163022
0 0.3888020833333333 0.6073558648111332 0.013020833333333334 0.02186878727634195
0 0.059375 0.6361829025844931 0.015625 0.0437375745526839
0 0.10182291666666667 0.6386679920477137 0.024479166666666666 0.030815109343936383
0 0.48411458333333335 0.6446322067594433 0.011979166666666667 0.02882703777335984
0 0.6760416666666667 0.6525844930417495 0.013541666666666667 0.02882703777335984
0 0.45755208333333336 0.6491053677932406 0.0171875 0.015904572564612324
0 0.37578125 0.7082504970178927 0.009895833333333333 0.0268389662027833
0 0.48046875 0.7092445328031809 0.0234375 0.02882703777335984
0 0.3424479166666667 0.7226640159045725 0.0109375 0.0437375745526839
0 0.30130208333333336 0.7216699801192843 0.0203125 0.013916500994035786
0 0.3809895833333333 0.7281312127236581 0.008854166666666666 0.020874751491053677
0 0.5609375 0.7460238568588469 0.013541666666666667 0.04671968190854871
0 0.08177083333333333 0.7460238568588469 0.022916666666666665 0.032803180914512925
0 0.2140625 0.7748508946322068 0.0125 0.042743538767395624
0 0.6028645833333334 0.7887673956262425 0.008854166666666666 0.042743538767395624
0 0.071875 0.7833001988071571 0.026041666666666668 0.027833001988071572
0 0.61875 0.7793240556660039 0.0125 0.02186878727634195
0 0.36796875 0.7912524850894632 0.0067708333333333336 0.027833001988071572
0 0.4234375 0.8091451292246521 0.013541666666666667 0.0437375745526839
0 0.6231770833333333 0.8180914512922465 0.009895833333333333 0.027833001988071572
0 0.1890625 0.8240556660039762 0.01875 0.02584493041749503
0 0.37526041666666665 0.8320079522862823 0.008854166666666666 0.027833001988071572
0 0.3494791666666667 0.8424453280318092 0.017708333333333333 0.04473161033797217
0 0.2734375 0.8414512922465208 0.020833333333333332 0.03876739562624255
0 0.14192708333333334 0.8523856858846919 0.021354166666666667 0.042743538767395624
0 0.32838541666666665 0.8469184890656064 0.0140625 0.033797216699801194
0 0.5598958333333334 0.856858846918489 0.007291666666666667 0.02982107355864811
0 0.6028645833333334 0.8479125248508946 0.011979166666666667 0.011928429423459244
0 0.79296875 0.8543737574552683 0.025520833333333333 0.02286282306163022
0 0.6643229166666667 0.8633200795228628 0.0078125 0.014910536779324055
0 0.653125 0.8792246520874751 0.005208333333333333 0.018886679920477135
0 0.16875 0.8996023856858847 0.017708333333333333 0.02385685884691849
0 0.9697916666666667 0.9100397614314115 0.0125 0.016898608349900597
0 0.2981770833333333 0.9264413518886679 0.024479166666666666 0.02385685884691849
0 0.37213541666666666 0.9378727634194831 0.024479166666666666 0.020874751491053677
0 0.5369791666666667 0.9423459244532804 0.016666666666666666 0.02584493041749503
0 0.46067708333333335 0.9468190854870775 0.0067708333333333336 0.02286282306163022
0 0.19479166666666667 0.9930417495029821 0.009375 0.011928429423459244