0 0.0375 0.01242544731610338 0.014583333333333334 0.020874751491053677
0 0.0018229166666666667 0.02385685884691849 0.0036458333333333334 0.02385685884691849
0 0.022395833333333334 0.039761431411530816 0.03125 0.02385685884691849
0 0.09114583333333333 0.04224652087475149 0.010416666666666666 0.020874751491053677
0 0.5143229166666666 0.06759443339960239 0.0109375 0.02982107355864811
0 0.04791666666666667 0.11928429423459244 0.01875 0.03578528827037773
0 0.30807291666666664 0.12872763419483102 0.019270833333333334 0.036779324055666
0 0.14791666666666667 0.2644135188866799 0.023958333333333335 0.02385685884691849
0 0.0036458333333333334 0.30069582504970177 0.007291666666666667 0.07654075546719682
0 0.015104166666666667 0.2803180914512923 0.022916666666666665 0.03180914512922465
0 0.0046875 0.41749502982107356 0.009375 0.027833001988071572
0 0.16302083333333334 0.42445328031809143 0.008333333333333333 0.039761431411530816
0 0.00390625 0.5387673956262425 0.0078125 0.05964214711729622
0 0.2125 0.5735586481113321 0.01875 0.02584493041749503
0 0.12734375 0.5765407554671969 0.019270833333333334 0.013916500994035786
0 0.06666666666666667 0.6018886679920478 0.019791666666666666 0.020874751491053677
0 0.37916666666666665 0.7748508946322068 0.022916666666666665 0.032803180914512925
0 0.12213541666666666 0.797713717693837 0.019270833333333334 0.04473161033797217
0 0.054947916666666666 0.8315109343936382 0.018229166666666668 0.040755467196819085