0 0.1640625 0.009443339960238568 0.013541666666666667 0.018886679920477135
0 0.378125 0.010934393638170975 0.029166666666666667 0.02186878727634195
0 0.64296875 0.012922465208747515 0.015104166666666667 0.017892644135188866
0 0.41432291666666665 0.023359840954274354 0.019270833333333334 0.032803180914512925
0 0.53671875 0.03330019880715706 0.0078125 0.02882703777335984
0 0.15963541666666667 0.040755467196819085 0.013020833333333334 0.02982107355864811
0 0.34427083333333336 0.04572564612326044 0.010416666666666666 0.02982107355864811
0 0.37213541666666666 0.0437375745526839 0.009895833333333333 0.013916500994035786
0 0.08307291666666666 0.05765407554671968 0.0171875 0.02186878727634195
0 0.14609375 0.06262425447316103 0.013020833333333334 0.027833001988071572
0 0.7143229166666667 0.07157057654075547 0.0078125 0.0437375745526839
0 0.4236979166666667 0.08846918489065607 0.009895833333333333 0.03578528827037773
0 0.36953125 0.0889662027833002 0.015104166666666667 0.02485089463220676
0 0.6065104166666667 0.0959244532803181 0.008854166666666666 0.02882703777335984
0 0.628125 0.0989065606361829 0.017708333333333333 0.030815109343936383
0 0.24375 0.10089463220675944 0.008333333333333333 0.032803180914512925
0 0.7518229166666667 0.10536779324055666 0.008854166666666666 0.013916500994035786
0 0.7078125 0.11332007952286283 0.015625 0.015904572564612324
0 0.5635416666666667 0.13667992047713717 0.0125 0.020874751491053677
0 0.3828125 0.15357852882703776 0.016666666666666666 0.030815109343936383
0 0.43697916666666664 0.18190854870775347 0.007291666666666667 0.02982107355864811
0 0.044270833333333336 0.1794234592445328 0.022916666666666665 0.02286282306163022
0 0.45234375 0.19433399602385687 0.016145833333333335 0.032803180914512925
0 0.25729166666666664 0.19135188866799205 0.00625 0.018886679920477135
0 0.08645833333333333 0.22564612326043737 0.010416666666666666 0.02982107355864811
0 0.21119791666666668 0.2415506958250497 0.011979166666666667 0.039761431411530816
0 0.3104166666666667 0.22962226640159045 0.010416666666666666 0.011928429423459244
0 0.35703125 0.2360834990059642 0.0109375 0.020874751491053677
0 0.2677083333333333 0.2345924453280318 0.014583333333333334 0.011928429423459244
0 0.41015625 0.2624254473161034 0.009895833333333333 0.033797216699801194
0 0.35234375 0.2624254473161034 0.0067708333333333336 0.02186878727634195
0 0.38984375 0.2678926441351889 0.008854166666666666 0.018886679920477135
0 0.4044270833333333 0.30566600397614313 0.0171875 0.05666003976143141
0 0.28151041666666665 0.2967196819085487 0.021354166666666667 0.02485089463220676
0 0.00390625 0.32852882703777336 0.0078125 0.0268389662027833
0 0.6236979166666666 0.3364811133200795 0.011979166666666667 0.032803180914512925
0 0.7143229166666667 0.3414512922465209 0.011979166666666667 0.040755467196819085
0 0.35442708333333334 0.34393638170974156 0.018229166666666668 0.02186878727634195
0 0.16588541666666667 0.371272365805169 0.0109375 0.032803180914512925
0 0.196875 0.36928429423459247 0.010416666666666666 0.02485089463220676
0 0.4283854166666667 0.36530815109343934 0.008854166666666666 0.016898608349900597
0 0.053385416666666664 0.3812127236580517 0.028645833333333332 0.04473161033797217
0 0.33359375 0.3702783300198807 0.018229166666666668 0.02286282306163022
0 0.471875 0.371272365805169 0.011458333333333333 0.02286282306163022
0 0.6221354166666667 0.3871769383697813 0.015104166666666667 0.0268389662027833
0 0.43255208333333334 0.3851888667992048 0.009895833333333333 0.018886679920477135
0 0.14661458333333333 0.40059642147117297 0.021354166666666667 0.033797216699801194
0 0.4713541666666667 0.4085487077534791 0.016666666666666666 0.03180914512922465
0 0.9817708333333334 0.4120278330019881 0.017708333333333333 0.018886679920477135
0 0.5354166666666667 0.4135188866799205 0.013541666666666667 0.013916500994035786
0 0.21041666666666667 0.4224652087475149 0.03229166666666667 0.02584493041749503
0 0.26223958333333336 0.441351888667992 0.022395833333333334 0.05765407554671968
0 0.12526041666666668 0.4378727634194831 0.0234375 0.03479125248508946
0 0.18828125 0.4309145129224652 0.0078125 0.012922465208747515
0 0.15416666666666667 0.4403578528827038 0.016666666666666666 0.02584493041749503
0 0.0578125 0.455765407554672 0.026041666666666668 0.048707753479125246
0 0.39817708333333335 0.441351888667992 0.016145833333333335 0.02186878727634195
0 0.9484375 0.46123260437375746 0.013541666666666667 0.02982107355864811
0 0.37890625 0.47962226640159045 0.009895833333333333 0.040755467196819085
0 0.45729166666666665 0.47713717693836977 0.035416666666666666 0.027833001988071572
0 0.41770833333333335 0.48906560636182905 0.013541666666666667 0.0437375745526839
0 0.26197916666666665 0.4831013916500994 0.014583333333333334 0.02584493041749503
0 0.6604166666666667 0.4840954274353877 0.010416666666666666 0.015904572564612324
0 0.2877604166666667 0.4970178926441352 0.016145833333333335 0.017892644135188866
0 0.4817708333333333 0.4985089463220676 0.016666666666666666 0.018886679920477135
0 0.4309895833333333 0.5094433399602386 0.015104166666666667 0.03479125248508946
0 0.12864583333333332 0.5099403578528827 0.010416666666666666 0.02982107355864811
0 0.45338541666666665 0.5154075546719682 0.025520833333333333 0.030815109343936383
0 0.3416666666666667 0.510934393638171 0.010416666666666666 0.017892644135188866
0 0.15963541666666667 0.5173956262425448 0.015104166666666667 0.0268389662027833
0 0.6591145833333333 0.5293240556660039 0.0140625 0.02882703777335984
0 0.32578125 0.5342942345924453 0.018229166666666668 0.03479125248508946
0 0.3958333333333333 0.5422465208747514 0.007291666666666667 0.032803180914512925
0 0.18697916666666667 0.5482107355864811 0.014583333333333334 0.032803180914512925
0 0.44166666666666665 0.5422465208747514 0.011458333333333333 0.020874751491053677
0 0.45729166666666665 0.5561630218687873 0.005208333333333333 0.032803180914512925
0 0.48515625 0.562624254473161 0.0171875 0.03180914512922465
0 0.23203125 0.5566600397614314 0.019270833333333334 0.017892644135188866
0 0.2833333333333333 0.5695825049701789 0.015625 0.017892644135188866
0 0.3580729166666667 0.5775347912524851 0.009895833333333333 0.03180914512922465
0 0.12005208333333334 0.5790258449304175 0.008854166666666666 0.02882703777335984
0 0.46979166666666666 0.5815109343936382 0.009375 0.02982107355864811
0 0.013541666666666667 0.581013916500994 0.00625 0.0268389662027833
0 0.42578125 0.5854870775347912 0.0171875 0.02584493041749503
0 0.5911458333333334 0.5834990059642147 0.019791666666666666 0.015904572564612324
0 0.33541666666666664 0.5959244532803181 0.008333333333333333 0.032803180914512925
0 0.21197916666666666 0.5889662027833003 0.014583333333333334 0.010934393638170975
0 0.15911458333333334 0.6038767395626242 0.011979166666666667 0.030815109343936383
0 0.046614583333333334 0.617296222664016 0.025520833333333333 0.04970178926441352
0 0.18958333333333333 0.602882703777336 0.007291666666666667 0.02286282306163022
0 0.3919270833333333 0.6078528827037774 0.022395833333333334 0.030815109343936383
0 0.01875 0.6073558648111332 0.008333333333333333 0.015904572564612324
0 0.303125 0.6222664015904572 0.009375 0.03578528827037773
0 0.14244791666666667 0.6177932405566601 0.008854166666666666 0.018886679920477135
0 0.3770833333333333 0.6272365805168986 0.008333333333333333 0.03180914512922465
0 0.11484375 0.6262425447316103 0.022395833333333334 0.019880715705765408
0 0.27682291666666664 0.6297216699801192 0.019270833333333334 0.02882703777335984
0 0.025 0.6376739562624254 0.01875 0.032803180914512925
0 0.19375 0.6371769383697813 0.030208333333333334 0.019880715705765408
0 0.4080729166666667 0.6446322067594433 0.0109375 0.02485089463220676
0 0.43828125 0.6426441351888668 0.009895833333333333 0.018886679920477135
0 0.9817708333333334 0.6421471172962226 0.011458333333333333 0.013916500994035786
0 0.4778645833333333 0.6645129224652088 0.0067708333333333336 0.036779324055666
0 0.6018229166666667 0.6595427435387674 0.0140625 0.02882703777335984
0 0.1640625 0.6610337972166997 0.020833333333333332 0.02186878727634195
0 0.22005208333333334 0.6630218687872763 0.015104166666666667 0.02385685884691849
0 0.31015625 0.6739562624254473 0.008854166666666666 0.039761431411530816
0 0.24140625 0.6714711729622267 0.0140625 0.0268389662027833
0 0.4078125 0.6933399602385686 0.010416666666666666 0.04671968190854871
0 0.029427083333333333 0.6928429423459245 0.0234375 0.0437375745526839
0 0.49192708333333335 0.6843936381709742 0.011979166666666667 0.0268389662027833
0 0.6893229166666667 0.6943339960238568 0.0067708333333333336 0.040755467196819085
0 0.30442708333333335 0.713220675944334 0.015104166666666667 0.03479125248508946
0 0.921875 0.7147117296222664 0.017708333333333333 0.03180914512922465
0 0.10598958333333333 0.7142147117296223 0.008854166666666666 0.016898608349900597
0 0.0765625 0.7559642147117296 0.01875 0.0268389662027833
0 0.1390625 0.7544731610337972 0.020833333333333332 0.02385685884691849
0 0.5252604166666667 0.7718687872763419 0.013020833333333334 0.036779324055666
0 0.03463541666666667 0.7738568588469185 0.013020833333333334 0.03479125248508946
0 0.09348958333333333 0.7907554671968191 0.019270833333333334 0.014910536779324055
0 0.30520833333333336 0.80168986083499 0.017708333333333333 0.010934393638170975
0 0.0578125 0.8156063618290258 0.010416666666666666 0.016898608349900597
0 0.76171875 0.8379721669980119 0.018229166666666668 0.017892644135188866
0 0.9354166666666667 0.8444333996023857 0.023958333333333335 0.02286282306163022
0 0.14895833333333333 0.8663021868787276 0.021875 0.020874751491053677
0 0.055989583333333336 0.9135188866799204 0.011979166666666667 0.03578528827037773
0 0.22473958333333333 0.9259443339960238 0.011979166666666667 0.042743538767395624
0 0.6104166666666667 0.9711729622266402 0.008333333333333333 0.0437375745526839
0 0.7283854166666667 0.9652087475149106 0.018229166666666668 0.02186878727634195
0 0.19921875 0.9657057654075547 0.0234375 0.020874751491053677
0 0.22734375 0.9766401590457257 0.0140625 0.02286282306163022
0 0.3372395833333333 0.9756461232604374 0.019270833333333334 0.020874751491053677
0 0.44166666666666665 0.9865805168986084 0.008333333333333333 0.02485089463220676
0 0.6513020833333333 0.9915506958250497 0.0046875 0.014910536779324055