0 0.5380208333333333 0.003976143141153081 0.015625 0.007952286282306162
0 0.24088541666666666 0.005964214711729622 0.0046875 0.011928429423459244
0 0.20572916666666666 0.019383697813121274 0.013541666666666667 0.02882703777335984
0 0.8578125 0.03628230616302187 0.01875 0.04671968190854871
0 0.9567708333333333 0.05417495029821073 0.025 0.03479125248508946
0 0.58046875 0.06660039761431412 0.0171875 0.017892644135188866
0 0.9703125 0.09642147117296222 0.019791666666666666 0.033797216699801194
0 0.7119791666666667 0.09294234592445327 0.017708333333333333 0.014910536779324055
0 0.9786458333333333 0.1466202783300199 0.030208333333333334 0.03479125248508946
0 0.3294270833333333 0.1386679920477137 0.018229166666666668 0.016898608349900597
0 0.8395833333333333 0.15009940357852883 0.017708333333333333 0.019880715705765408
0 0.45729166666666665 0.17345924453280318 0.007291666666666667 0.02286282306163022
0 0.41875 0.1824055666003976 0.013541666666666667 0.02882703777335984
0 0.434375 0.18986083499005965 0.0125 0.03777335984095427
0 0.6643229166666667 0.1908548707753479 0.024479166666666666 0.02385685884691849
0 0.5265625 0.19035785288270377 0.00625 0.016898608349900597
0 0.8013020833333333 0.2117296222664016 0.009895833333333333 0.027833001988071572
0 0.46588541666666666 0.20825049701789264 0.018229166666666668 0.014910536779324055
0 0.32369791666666664 0.21669980119284293 0.0046875 0.027833001988071572
0 0.6838541666666667 0.24453280318091453 0.013541666666666667 0.03578528827037773
0 0.5567708333333333 0.24254473161033796 0.0125 0.017892644135188866
0 0.34453125 0.25944333996023855 0.009895833333333333 0.041749502982107355
0 0.5903645833333333 0.2629224652087475 0.0109375 0.03876739562624255
0 0.31953125 0.2649105367793241 0.011979166666666667 0.042743538767395624
0 0.2838541666666667 0.2599403578528827 0.014583333333333334 0.032803180914512925
0 0.63203125 0.27634194831013914 0.022395833333333334 0.027833001988071572
0 0.47552083333333334 0.2738568588469185 0.0125 0.02485089463220676
0 0.57421875 0.2773359840954274 0.016145833333333335 0.02584493041749503
0 0.4322916666666667 0.279324055666004 0.009375 0.02982107355864811
0 0.6635416666666667 0.297713717693837 0.011458333333333333 0.036779324055666
0 0.6143229166666667 0.2922465208747515 0.0203125 0.02385685884691849
0 0.6815104166666667 0.3210735586481113 0.0078125 0.019880715705765408
0 0.5971354166666667 0.33300198807157055 0.011979166666666667 0.03777335984095427
0 0.35546875 0.3349900596421471 0.0078125 0.03777335984095427
0 0.6239583333333333 0.3364811133200795 0.016666666666666666 0.02485089463220676
0 0.5145833333333333 0.352882703777336 0.0125 0.041749502982107355
0 0.7625 0.3553677932405567 0.025 0.042743538767395624
0 0.46927083333333336 0.34940357852882703 0.011458333333333333 0.030815109343936383
0 0.7489583333333333 0.3797216699801193 0.017708333333333333 0.03578528827037773
0 0.4890625 0.38469184890656066 0.008333333333333333 0.011928429423459244
0 0.5018229166666667 0.39314115308151093 0.0140625 0.02286282306163022
0 0.7348958333333333 0.40506958250497016 0.023958333333333335 0.02485089463220676
0 0.6322916666666667 0.3991053677932406 0.007291666666666667 0.012922465208747515
0 0.79609375 0.40457256461232605 0.008854166666666666 0.011928429423459244
0 0.5333333333333333 0.40755467196819084 0.022916666666666665 0.017892644135188866
0 0.7 0.4279324055666004 0.01875 0.042743538767395624
0 0.6739583333333333 0.441351888667992 0.022916666666666665 0.06560636182902585
0 0.8606770833333334 0.4274353876739563 0.0109375 0.027833001988071572
0 0.82890625 0.43339960238568587 0.025520833333333333 0.03180914512922465
0 0.3859375 0.4517892644135189 0.016666666666666666 0.02286282306163022
0 0.5432291666666667 0.46073558648111335 0.015625 0.036779324055666
0 0.51875 0.4562624254473161 0.020833333333333332 0.013916500994035786
0 0.8627604166666667 0.4671968190854871 0.016145833333333335 0.02584493041749503
0 0.4544270833333333 0.46421471172962225 0.0203125 0.019880715705765408
0 0.28515625 0.4716699801192843 0.0109375 0.032803180914512925
0 0.5893229166666667 0.47713717693836977 0.0109375 0.039761431411530816
0 0.9322916666666666 0.47862823061630216 0.00625 0.014910536779324055
0 0.9942708333333333 0.5034791252485089 0.011458333333333333 0.04671968190854871
0 0.3890625 0.5089463220675944 0.014583333333333334 0.04572564612326044
0 0.15364583333333334 0.5129224652087475 0.017708333333333333 0.019880715705765408
0 0.6677083333333333 0.51441351888668 0.014583333333333334 0.018886679920477135
0 0.43723958333333335 0.5134194831013916 0.025520833333333333 0.018886679920477135
0 0.784375 0.5149105367793241 0.008333333333333333 0.013916500994035786
0 0.5653645833333333 0.5154075546719682 0.011979166666666667 0.012922465208747515
0 0.86875 0.5303180914512923 0.011458333333333333 0.02485089463220676
0 0.7880208333333333 0.544234592445328 0.014583333333333334 0.03479125248508946
0 0.5919270833333333 0.5362823061630219 0.0078125 0.014910536779324055
0 0.35885416666666664 0.5452286282306164 0.00625 0.032803180914512925
0 0.7502604166666667 0.5521868787276342 0.019270833333333334 0.03479125248508946
0 0.6036458333333333 0.544234592445328 0.011458333333333333 0.016898608349900597
0 0.5817708333333333 0.5506958250497018 0.010416666666666666 0.02982107355864811
0 0.5682291666666667 0.5462226640159046 0.011458333333333333 0.018886679920477135
0 0.28046875 0.5472166998011928 0.025520833333333333 0.02286282306163022
0 0.5 0.5531809145129225 0.008333333333333333 0.02882703777335984
0 0.9153645833333334 0.5541749502982107 0.013020833333333334 0.02485089463220676
0 0.9791666666666666 0.5735586481113321 0.020833333333333332 0.05168986083499006
0 0.64921875 0.5621272365805169 0.016145833333333335 0.02485089463220676
0 0.18411458333333333 0.5670974155069582 0.0171875 0.02286282306163022
0 0.6052083333333333 0.5690854870775348 0.0125 0.020874751491053677
0 0.95 0.5859840954274353 0.020833333333333332 0.0268389662027833
0 0.74375 0.5854870775347912 0.013541666666666667 0.015904572564612324
0 0.6986979166666667 0.6008946322067594 0.0140625 0.036779324055666
0 0.3341145833333333 0.5989065606361829 0.013020833333333334 0.032803180914512925
0 0.5908854166666667 0.5944333996023857 0.013020833333333334 0.017892644135188866
0 0.6299479166666667 0.6038767395626242 0.027604166666666666 0.032803180914512925
0 0.7854166666666667 0.5979125248508946 0.017708333333333333 0.016898608349900597
0 0.56171875 0.5974155069582505 0.005729166666666666 0.015904572564612324
0 0.9731770833333333 0.6073558648111332 0.0140625 0.02982107355864811
0 0.44036458333333334 0.6202783300198808 0.0109375 0.0536779324055666
0 0.6799479166666667 0.6123260437375746 0.009895833333333333 0.033797216699801194
0 0.3671875 0.628727634194831 0.019791666666666666 0.05864811133200795
0 0.30130208333333336 0.6232604373757455 0.005729166666666666 0.02982107355864811
0 0.5184895833333333 0.628727634194831 0.03177083333333333 0.03479125248508946
0 0.4088541666666667 0.6267395626242545 0.019791666666666666 0.0268389662027833
0 0.575 0.6366799204771372 0.008333333333333333 0.0268389662027833
0 0.7309895833333333 0.6426441351888668 0.0067708333333333336 0.030815109343936383
0 0.54375 0.6674950298210736 0.013541666666666667 0.048707753479125246
0 0.33828125 0.6789264413518886 0.0171875 0.0636182902584493
0 0.40729166666666666 0.6605367793240556 0.022916666666666665 0.014910536779324055
0 0.8591145833333333 0.6684890656063618 0.009895833333333333 0.016898608349900597
0 0.8471354166666667 0.6739562624254473 0.013020833333333334 0.017892644135188866
0 0.9950520833333333 0.7017892644135189 0.009895833333333333 0.06759443339960239
0 0.4591145833333333 0.7027833001988072 0.008854166666666666 0.05765407554671968
0 0.8010416666666667 0.709741550695825 0.040625 0.05964214711729622
0 0.49973958333333335 0.7082504970178927 0.028645833333333332 0.05666003976143141
0 0.4200520833333333 0.702286282306163 0.011979166666666667 0.042743538767395624
0 0.76953125 0.6998011928429424 0.009895833333333333 0.03180914512922465
0 0.4908854166666667 0.7286282306163022 0.011979166666666667 0.039761431411530816
0 0.6455729166666667 0.7415506958250497 0.0109375 0.04970178926441352
0 0.54609375 0.7539761431411531 0.013020833333333334 0.06063618290258449
0 0.28203125 0.7370775347912525 0.022395833333333334 0.018886679920477135
0 0.69375 0.7529821073558648 0.0125 0.048707753479125246
0 0.3377604166666667 0.7509940357852882 0.0140625 0.030815109343936383
0 0.6619791666666667 0.7619284294234593 0.005208333333333333 0.02882703777335984
0 0.790625 0.7907554671968191 0.008333333333333333 0.03479125248508946
0 0.7703125 0.7897614314115308 0.015625 0.03479125248508946
0 0.9903645833333333 0.7947316103379721 0.019270833333333334 0.032803180914512925
0 0.8213541666666667 0.80168986083499 0.010416666666666666 0.04473161033797217
0 0.29635416666666664 0.7967196819085487 0.020833333333333332 0.018886679920477135
0 0.56953125 0.8111332007952287 0.0109375 0.02385685884691849
0 0.45677083333333335 0.8374751491053678 0.013541666666666667 0.05864811133200795
0 0.75625 0.8245526838966203 0.016666666666666666 0.016898608349900597
0 0.290625 0.8325049701789264 0.011458333333333333 0.02485089463220676
0 0.9328125 0.8523856858846919 0.022916666666666665 0.05666003976143141
0 0.7869791666666667 0.8648111332007953 0.007291666666666667 0.02982107355864811
0 0.60546875 0.871272365805169 0.018229166666666668 0.0268389662027833
0 0.44895833333333335 0.8871769383697813 0.021875 0.03479125248508946
0 0.84609375 0.9055666003976143 0.025520833333333333 0.02982107355864811
0 0.15 0.9105367793240556 0.0125 0.03578528827037773
0 0.48489583333333336 0.9150099403578529 0.021875 0.030815109343936383
0 0.43984375 0.9165009940357853 0.0109375 0.027833001988071572
0 0.6143229166666667 0.9423459244532804 0.016145833333333335 0.0536779324055666
0 0.4744791666666667 0.9348906560636183 0.007291666666666667 0.020874751491053677
0 0.9484375 0.9547713717693836 0.015625 0.05467196819085487
0 0.5677083333333334 0.9473161033797217 0.026041666666666668 0.03180914512922465
0 0.9106770833333333 0.9686878727634195 0.019270833333333334 0.06063618290258449
0 0.48880208333333336 0.9642147117296223 0.019270833333333334 0.05168986083499006
0 0.3885416666666667 0.9547713717693836 0.019791666666666666 0.02882703777335984
0 0.44244791666666666 0.9736580516898609 0.018229166666666668 0.05069582504970179
0 0.9916666666666667 0.974155069582505 0.016666666666666666 0.04970178926441352
0 0.40390625 0.9736580516898609 0.009895833333333333 0.016898608349900597
0 0.5419270833333333 0.9796222664015904 0.016145833333333335 0.020874751491053677
0 0.2828125 0.9781312127236581 0.01875 0.017892644135188866
0 0.26015625 0.9840954274353877 0.011979166666666667 0.02982107355864811
0 0.5752604166666667 0.9930417495029821 0.0067708333333333336 0.011928429423459244