0 0.42291666666666666 0.010437375745526839 0.014583333333333334 0.020874751491053677
0 0.6192708333333333 0.007952286282306162 0.0125 0.015904572564612324
0 0.52890625 0.018886679920477135 0.024479166666666666 0.02982107355864811
0 0.63828125 0.042743538767395624 0.025520833333333333 0.027833001988071572
0 0.30572916666666666 0.06113320079522863 0.008333333333333333 0.03479125248508946
0 0.21354166666666666 0.08648111332007952 0.017708333333333333 0.02385685884691849
0 0.35833333333333334 0.09940357852882704 0.020833333333333332 0.02186878727634195
0 0.678125 0.10288270377733598 0.010416666666666666 0.02286282306163022
0 0.46536458333333336 0.10785288270377734 0.015104166666666667 0.008946322067594433
0 0.2674479166666667 0.16053677932405566 0.005729166666666666 0.030815109343936383
0 0.6895833333333333 0.15755467196819087 0.010416666666666666 0.016898608349900597
0 0.6763020833333333 0.16600397614314116 0.008854166666666666 0.015904572564612324
0 0.54921875 0.1824055666003976 0.013020833333333334 0.016898608349900597
0 0.53515625 0.21868787276341947 0.019270833333333334 0.019880715705765408
0 0.45208333333333334 0.25198807157057657 0.009375 0.042743538767395624
0 0.34036458333333336 0.24652087475149106 0.018229166666666668 0.02982107355864811
0 0.23463541666666668 0.24453280318091453 0.016145833333333335 0.013916500994035786
0 0.5536458333333333 0.25596421471172964 0.0125 0.018886679920477135
0 0.7401041666666667 0.2783300198807157 0.01875 0.027833001988071572
0 0.4666666666666667 0.28628230616302186 0.010416666666666666 0.039761431411530816
0 0.5325520833333334 0.2837972166998012 0.009895833333333333 0.02882703777335984
0 0.38958333333333334 0.28330019880715707 0.009375 0.015904572564612324
0 0.5072916666666667 0.28578528827037775 0.011458333333333333 0.012922465208747515
0 0.37109375 0.3066600397614314 0.0109375 0.05069582504970179
0 0.08307291666666666 0.31262425447316106 0.008854166666666666 0.016898608349900597
0 0.71484375 0.32554671968190857 0.011979166666666667 0.012922465208747515
0 0.56796875 0.34940357852882703 0.0203125 0.032803180914512925
0 0.5190104166666667 0.3548707753479125 0.005729166666666666 0.02982107355864811
0 0.49192708333333335 0.3503976143141153 0.0078125 0.012922465208747515
0 0.4630208333333333 0.37326043737574555 0.009375 0.016898608349900597
0 0.6135416666666667 0.3772365805168986 0.005208333333333333 0.02485089463220676
0 0.51015625 0.4010934393638171 0.0067708333333333336 0.016898608349900597
0 0.38645833333333335 0.4150099403578529 0.009375 0.016898608349900597
0 0.5572916666666666 0.4179920477137177 0.017708333333333333 0.020874751491053677
0 0.22760416666666666 0.4224652087475149 0.014583333333333334 0.02186878727634195
0 0.5341145833333333 0.4438369781312127 0.0203125 0.048707753479125246
0 0.57109375 0.4304174950298211 0.0109375 0.02186878727634195
0 0.38385416666666666 0.44731610337972166 0.016666666666666666 0.02186878727634195
0 0.73203125 0.5198807157057654 0.0140625 0.02584493041749503
0 0.53828125 0.5492047713717694 0.0140625 0.0705765407554672
0 0.99375 0.5531809145129225 0.011458333333333333 0.06262425447316103
0 0.0484375 0.5601391650099403 0.015625 0.04671968190854871
0 0.3416666666666667 0.5566600397614314 0.014583333333333334 0.02584493041749503
0 0.66484375 0.5785288270377733 0.011979166666666667 0.027833001988071572
0 0.5901041666666667 0.621272365805169 0.009375 0.015904572564612324
0 0.4895833333333333 0.6292246520874751 0.026041666666666668 0.02186878727634195
0 0.6145833333333334 0.635685884691849 0.019791666666666666 0.036779324055666
0 0.53828125 0.6302186878727635 0.005729166666666666 0.013916500994035786
0 0.88671875 0.6366799204771372 0.0067708333333333336 0.014910536779324055
0 0.7447916666666666 0.6406560636182903 0.013541666666666667 0.016898608349900597
0 0.6294270833333333 0.668986083499006 0.015104166666666667 0.027833001988071572
0 0.42213541666666665 0.6928429423459245 0.016145833333333335 0.03578528827037773
0 0.5734375 0.6938369781312127 0.017708333333333333 0.033797216699801194
0 0.5518229166666667 0.6928429423459245 0.0067708333333333336 0.015904572564612324
0 0.60078125 0.7082504970178927 0.019270833333333334 0.016898608349900597
0 0.6731770833333334 0.7162027833001988 0.016145833333333335 0.02882703777335984
0 0.11692708333333333 0.7157057654075547 0.015104166666666667 0.019880715705765408
0 0.6234375 0.7206759443339961 0.00625 0.019880715705765408
0 0.5653645833333333 0.7415506958250497 0.033854166666666664 0.03777335984095427
0 0.83984375 0.7400596421471173 0.022395833333333334 0.02485089463220676
0 0.5317708333333333 0.7385685884691849 0.005208333333333333 0.017892644135188866
0 0.6114583333333333 0.7569582504970179 0.007291666666666667 0.0268389662027833
0 0.6252604166666667 0.8001988071570576 0.018229166666666668 0.02385685884691849
0 0.4708333333333333 0.8046719681908548 0.011458333333333333 0.020874751491053677
0 0.6864583333333333 0.8061630218687873 0.021875 0.02385685884691849
0 0.8684895833333334 0.8166003976143141 0.009895833333333333 0.030815109343936383
0 0.49270833333333336 0.8170974155069582 0.020833333333333332 0.011928429423459244
0 0.60546875 0.8280318091451292 0.011979166666666667 0.03180914512922465
0 0.53046875 0.8325049701789264 0.015104166666666667 0.010934393638170975
0 0.6640625 0.8513916500994035 0.021875 0.02485089463220676
0 0.39036458333333335 0.864314115308151 0.0078125 0.03876739562624255
0 0.6588541666666666 0.9020874751491054 0.016666666666666666 0.014910536779324055
0 0.44921875 0.9100397614314115 0.008854166666666666 0.014910536779324055
0 0.6127604166666667 0.9304174950298211 0.015104166666666667 0.03180914512922465
0 0.43671875 0.9259443339960238 0.008854166666666666 0.018886679920477135
0 0.5619791666666667 0.9478131212723658 0.017708333333333333 0.010934393638170975
0 0.5893229166666667 0.959741550695825 0.018229166666666668 0.02485089463220676
0 0.50546875 0.9587475149105368 0.0078125 0.014910536779324055
0 0.4934895833333333 0.9761431411530815 0.009895833333333333 0.033797216699801194
0 0.4041666666666667 0.9811133200795229 0.005208333333333333 0.03578528827037773