0 0.7158854166666667 0.004970178926441352 0.011979166666666667 0.009940357852882704
0 0.77421875 0.01143141153081511 0.016145833333333335 0.02286282306163022
0 0.9513020833333333 0.030318091451292245 0.0109375 0.016898608349900597
0 0.5916666666666667 0.04572564612326044 0.005208333333333333 0.02186878727634195
0 0.8466145833333333 0.11580516898608349 0.0046875 0.020874751491053677
0 0.7940104166666667 0.13021868787276342 0.008854166666666666 0.02385685884691849
0 0.7114583333333333 0.1694831013916501 0.004166666666666667 0.02286282306163022
0 0.8151041666666666 0.24652087475149106 0.004166666666666667 0.02584493041749503
0 0.9223958333333333 0.24751491053677932 0.014583333333333334 0.015904572564612324
0 0.9143229166666667 0.3036779324055666 0.011979166666666667 0.008946322067594433
0 0.9723958333333333 0.3991053677932406 0.00625 0.0268389662027833
0 0.9528645833333333 0.40904572564612324 0.019270833333333334 0.04473161033797217
0 0.9828125 0.397117296222664 0.009375 0.016898608349900597
0 0.9963541666666667 0.3961232604373757 0.00625 0.014910536779324055
0 0.8325520833333333 0.4025844930417495 0.011979166666666667 0.017892644135188866
0 0.09088541666666666 0.470675944333996 0.0067708333333333336 0.020874751491053677
0 0.07942708333333333 0.48807157057654077 0.008854166666666666 0.027833001988071572
0 0.8380208333333333 0.5293240556660039 0.017708333333333333 0.02485089463220676
0 0.7028645833333333 0.5218687872763419 0.016145833333333335 0.007952286282306162
0 0.31484375 0.5472166998011928 0.015104166666666667 0.02286282306163022
0 0.98359375 0.5506958250497018 0.013020833333333334 0.007952286282306162
0 0.8455729166666667 0.5705765407554672 0.0078125 0.02186878727634195
0 0.76484375 0.5815109343936382 0.0046875 0.027833001988071572
0 0.9083333333333333 0.5800198807157058 0.015625 0.014910536779324055
0 0.60703125 0.5924453280318092 0.0078125 0.03180914512922465
0 0.5848958333333333 0.6003976143141153 0.011458333333333333 0.011928429423459244
0 0.403125 0.6053677932405567 0.014583333333333334 0.009940357852882704
0 0.465625 0.614314115308151 0.005208333333333333 0.02186878727634195
0 0.07760416666666667 0.6167992047713717 0.008333333333333333 0.02286282306163022
0 0.8033854166666666 0.6202783300198808 0.0078125 0.02584493041749503
0 0.59765625 0.6237574552683897 0.0078125 0.02882703777335984
0 0.9200520833333333 0.6227634194831014 0.0171875 0.010934393638170975
0 0.9497395833333333 0.632703777335984 0.016145833333333335 0.0268389662027833
0 0.42682291666666666 0.6525844930417495 0.009895833333333333 0.020874751491053677
0 0.5609375 0.6555666003976143 0.00625 0.0268389662027833
0 0.38515625 0.6560636182902585 0.013020833333333334 0.02385685884691849
0 0.4114583333333333 0.6908548707753479 0.009375 0.02584493041749503
0 0.8846354166666667 0.705765407554672 0.009895833333333333 0.013916500994035786
0 0.9263020833333333 0.7291252485089463 0.008854166666666666 0.0268389662027833
0 0.16041666666666668 0.731610337972167 0.008333333333333333 0.015904572564612324
0 0.6322916666666667 0.7445328031809145 0.005208333333333333 0.033797216699801194
0 0.44453125 0.7400596421471173 0.0140625 0.020874751491053677
0 0.7122395833333334 0.7490059642147118 0.016145833333333335 0.018886679920477135
0 0.48411458333333335 0.7475149105367793 0.0140625 0.009940357852882704
0 0.6734375 0.7485089463220675 0.008333333333333333 0.009940357852882704
0 0.67578125 0.7768389662027833 0.011979166666666667 0.02286282306163022
0 0.6927083333333334 0.7957256461232605 0.022916666666666665 0.05268389662027833
0 0.8986979166666667 0.7862823061630219 0.0203125 0.03180914512922465
0 0.5927083333333333 0.7877733598409543 0.011458333333333333 0.02485089463220676
0 0.7184895833333333 0.7842942345924453 0.008854166666666666 0.015904572564612324
0 0.8552083333333333 0.7932405566600398 0.017708333333333333 0.009940357852882704
0 0.50078125 0.8116302186878728 0.009895833333333333 0.036779324055666
0 0.7447916666666666 0.805168986083499 0.00625 0.02385685884691849
0 0.8119791666666667 0.8006958250497018 0.016666666666666666 0.014910536779324055
0 0.5955729166666667 0.8111332007952287 0.015104166666666667 0.02584493041749503
0 0.71796875 0.8121272365805169 0.013020833333333334 0.017892644135188866
0 0.9674479166666666 0.8175944333996024 0.013020833333333334 0.02882703777335984
0 0.61640625 0.8240556660039762 0.019270833333333334 0.03777335984095427
0 0.4484375 0.8220675944333996 0.010416666666666666 0.02186878727634195
0 0.73515625 0.8220675944333996 0.011979166666666667 0.015904572564612324
0 0.6963541666666667 0.8508946322067594 0.022916666666666665 0.02982107355864811
0 0.896875 0.8439363817097415 0.008333333333333333 0.013916500994035786
0 0.66640625 0.8717693836978131 0.015104166666666667 0.033797216699801194
0 0.87265625 0.8658051689860835 0.009895833333333333 0.02186878727634195
0 0.9151041666666667 0.8707753479125249 0.008333333333333333 0.033797216699801194
0 0.76875 0.8677932405566601 0.016666666666666666 0.02186878727634195
0 0.8940104166666667 0.8682902584493042 0.0140625 0.018886679920477135
0 0.7963541666666667 0.8732604373757455 0.008333333333333333 0.0268389662027833
0 0.5497395833333333 0.8757455268389662 0.0078125 0.027833001988071572
0 0.6513020833333333 0.8742544731610338 0.005729166666666666 0.020874751491053677
0 0.32838541666666665 0.8762425447316103 0.0171875 0.014910536779324055
0 0.7049479166666667 0.8757455268389662 0.013020833333333334 0.011928429423459244
0 0.61640625 0.8846918489065606 0.018229166666666668 0.02584493041749503
0 0.70078125 0.8986083499005965 0.015104166666666667 0.013916500994035786
0 0.5361979166666667 0.9184890656063618 0.011979166666666667 0.015904572564612324
0 0.7140625 0.9274353876739563 0.03229166666666667 0.027833001988071572
0 0.5315104166666667 0.9428429423459245 0.0140625 0.014910536779324055
0 0.6231770833333333 0.9438369781312127 0.0109375 0.014910536779324055
0 0.3528645833333333 0.944831013916501 0.008854166666666666 0.012922465208747515
0 0.7442708333333333 0.952286282306163 0.011458333333333333 0.02385685884691849
0 0.5708333333333333 0.9552683896620279 0.008333333333333333 0.011928429423459244
0 0.7721354166666666 0.9592445328031809 0.009895833333333333 0.017892644135188866
0 0.5140625 0.959741550695825 0.010416666666666666 0.012922465208747515
0 0.8971354166666666 0.9652087475149106 0.011979166666666667 0.013916500994035786
0 0.5796875 0.9791252485089463 0.009375 0.02584493041749503
0 0.9283854166666666 0.9801192842942346 0.019270833333333334 0.02186878727634195
0 0.5216145833333333 0.9860834990059643 0.0171875 0.02584493041749503
0 0.5458333333333333 0.9900596421471173 0.020833333333333332 0.017892644135188866
0 0.25885416666666666 0.9930417495029821 0.00625 0.011928429423459244