0 0.7145833333333333 0.05168986083499006 0.014583333333333334 0.0437375745526839
0 0.42864583333333334 0.10437375745526839 0.007291666666666667 0.02982107355864811
0 0.590625 0.1312127236580517 0.021875 0.03578528827037773
0 0.6174479166666667 0.15059642147117297 0.011979166666666667 0.03876739562624255
0 0.771875 0.15805168986083498 0.007291666666666667 0.013916500994035786
0 0.5700520833333333 0.2117296222664016 0.0171875 0.03578528827037773
0 0.24010416666666667 0.2639165009940358 0.0125 0.05069582504970179
0 0.5872395833333334 0.27087475149105367 0.013020833333333334 0.05666003976143141
0 0.6192708333333333 0.2768389662027833 0.011458333333333333 0.030815109343936383
0 0.25833333333333336 0.33697813121272363 0.017708333333333333 0.02385685884691849
0 0.66796875 0.35834990059642147 0.0140625 0.036779324055666
0 0.18072916666666666 0.36083499005964215 0.016666666666666666 0.033797216699801194
0 0.6455729166666667 0.3672962226640159 0.022395833333333334 0.03876739562624255
0 0.5578125 0.36530815109343934 0.00625 0.032803180914512925
0 0.22552083333333334 0.36779324055666 0.014583333333333334 0.03777335984095427
0 0.68203125 0.378727634194831 0.0109375 0.033797216699801194
0 0.24817708333333333 0.4120278330019881 0.0140625 0.04671968190854871
0 0.7013020833333333 0.42047713717693835 0.015104166666666667 0.041749502982107355
0 0.5104166666666666 0.4403578528827038 0.017708333333333333 0.02982107355864811
0 0.6294270833333333 0.5124254473161034 0.0046875 0.03876739562624255
0 0.39166666666666666 0.5273359840954275 0.015625 0.04473161033797217
0 0.6158854166666666 0.5347912524850894 0.0140625 0.03180914512922465
0 0.13177083333333334 0.5591451292246521 0.023958333333333335 0.036779324055666
0 0.15234375 0.5690854870775348 0.009895833333333333 0.036779324055666
0 0.36796875 0.562624254473161 0.0109375 0.013916500994035786
0 0.22708333333333333 0.5775347912524851 0.013541666666666667 0.0437375745526839
0 0.54453125 0.5745526838966203 0.011979166666666667 0.03180914512922465
0 0.5252604166666667 0.6192842942345924 0.013020833333333334 0.041749502982107355
0 0.23671875 0.6734592445328031 0.0078125 0.02286282306163022
0 0.49921875 0.7012922465208747 0.015104166666666667 0.04671968190854871
0 0.21223958333333334 0.717196819085487 0.027604166666666666 0.05666003976143141
0 0.48333333333333334 0.7226640159045725 0.011458333333333333 0.05964214711729622
0 0.053125 0.7206759443339961 0.019791666666666666 0.02584493041749503
0 0.33255208333333336 0.7465208747514911 0.024479166666666666 0.06958250497017893
0 0.6473958333333333 0.7534791252485089 0.021875 0.02385685884691849
0 0.19635416666666666 0.7549701789264414 0.0125 0.016898608349900597
0 0.13802083333333334 0.7808151093439364 0.019791666666666666 0.040755467196819085
0 0.52734375 0.7778330019880716 0.005729166666666666 0.016898608349900597
0 0.1640625 0.8096421471172962 0.025 0.042743538767395624
0 0.70625 0.8106361829025845 0.013541666666666667 0.032803180914512925
0 0.10885416666666667 0.8061630218687873 0.00625 0.015904572564612324
0 0.51015625 0.8235586481113321 0.019270833333333334 0.02485089463220676
0 0.31328125 0.8349900596421471 0.0234375 0.04572564612326044
0 0.6502604166666667 0.8543737574552683 0.009895833333333333 0.02286282306163022
0 0.46901041666666665 0.8697813121272365 0.0328125 0.0536779324055666
0 0.746875 0.8707753479125249 0.022916666666666665 0.041749502982107355
0 0.35260416666666666 0.8667992047713717 0.016666666666666666 0.027833001988071572
0 0.27369791666666665 0.8677932405566601 0.0203125 0.03180914512922465
0 0.18229166666666666 0.8846918489065606 0.025 0.04572564612326044
0 0.29635416666666664 0.8792246520874751 0.020833333333333332 0.030815109343936383
0 0.6890625 0.8921471172962226 0.01875 0.02882703777335984
0 0.5036458333333333 0.8906560636182903 0.011458333333333333 0.02385685884691849
0 0.4890625 0.9259443339960238 0.007291666666666667 0.018886679920477135
0 0.19947916666666668 0.9666998011928429 0.023958333333333335 0.04473161033797217
0 0.044270833333333336 0.9686878727634195 0.020833333333333332 0.048707753479125246
0 0.37161458333333336 0.9607355864811133 0.028645833333333332 0.02882703777335984
0 0.48802083333333335 0.9681908548707754 0.014583333333333334 0.015904572564612324
0 0.4158854166666667 0.9791252485089463 0.016145833333333335 0.039761431411530816
0 0.44609375 0.9835984095427436 0.0296875 0.030815109343936383
0 0.14973958333333334 0.9746520874751491 0.008854166666666666 0.012922465208747515