0 0.2296875 0.0034791252485089465 0.009375 0.006958250497017893
0 0.1515625 0.013916500994035786 0.021875 0.027833001988071572
0 0.07213541666666666 0.0064612326043737576 0.0078125 0.012922465208747515
0 0.03619791666666667 0.0004970178926441351 0.0265625 0.0009940357852882703
0 0.25807291666666665 0.015904572564612324 0.013020833333333334 0.011928429423459244
0 0.7153645833333333 0.019383697813121274 0.0140625 0.012922465208747515
0 0.015104166666666667 0.027335984095427434 0.015625 0.018886679920477135
0 0.08671875 0.036779324055666 0.0265625 0.033797216699801194
0 0.16979166666666667 0.03578528827037773 0.009375 0.02186878727634195
0 0.7713541666666667 0.05815109343936382 0.015625 0.020874751491053677
0 0.40182291666666664 0.05864811133200795 0.008854166666666666 0.013916500994035786
0 0.24322916666666666 0.06461232604373758 0.011458333333333333 0.017892644135188866
0 0.11171875 0.07554671968190854 0.022395833333333334 0.03578528827037773
0 0.4388020833333333 0.08200795228628231 0.011979166666666667 0.0268389662027833
0 0.09557291666666666 0.10785288270377734 0.0234375 0.06660039761431412
0 0.7223958333333333 0.10288270377733598 0.011458333333333333 0.016898608349900597
0 0.109375 0.1073558648111332 0.009375 0.017892644135188866
0 0.051041666666666666 0.11978131212723658 0.025 0.02882703777335984
0 0.17473958333333334 0.11530815109343936 0.011979166666666667 0.009940357852882704
0 0.86015625 0.1496023856858847 0.013020833333333334 0.016898608349900597
0 0.47552083333333334 0.16848906560636182 0.00625 0.014910536779324055
0 0.16067708333333333 0.16998011928429424 0.0140625 0.013916500994035786
0 0.25026041666666665 0.17743538767395625 0.009895833333333333 0.02485089463220676
0 0.31197916666666664 0.17842942345924453 0.009375 0.018886679920477135
0 0.033854166666666664 0.17594433399602386 0.023958333333333335 0.015904572564612324
0 0.003125 0.1918489065606362 0.005208333333333333 0.019880715705765408
0 0.11614583333333334 0.19681908548707752 0.004166666666666667 0.02186878727634195
0 0.5848958333333333 0.19980119284294234 0.009375 0.02385685884691849
0 0.14583333333333334 0.21570576540755468 0.015625 0.017892644135188866
0 0.47994791666666664 0.21819085487077536 0.0171875 0.010934393638170975
0 0.275 0.21669980119284293 0.014583333333333334 0.009940357852882704
0 0.803125 0.23260437375745527 0.014583333333333334 0.027833001988071572
0 0.03802083333333333 0.23856858846918488 0.014583333333333334 0.017892644135188866
0 0.840625 0.25497017892644136 0.014583333333333334 0.042743538767395624
0 0.31588541666666664 0.2509940357852883 0.0067708333333333336 0.018886679920477135
0 0.49973958333333335 0.25646123260437376 0.011979166666666667 0.02385685884691849
0 0.5658854166666667 0.2624254473161034 0.0140625 0.019880715705765408
0 0.16223958333333333 0.2629224652087475 0.0140625 0.012922465208747515
0 0.32421875 0.28677932405566603 0.011979166666666667 0.02882703777335984
0 0.35833333333333334 0.2957256461232604 0.009375 0.016898608349900597
0 0.8434895833333333 0.3076540755467197 0.016145833333333335 0.0268389662027833
0 0.21666666666666667 0.30318091451292245 0.011458333333333333 0.017892644135188866
0 0.1 0.31461232604373757 0.015625 0.02882703777335984
0 0.31328125 0.3190854870775348 0.0109375 0.011928429423459244
0 0.6427083333333333 0.3399602385685885 0.011458333333333333 0.019880715705765408
0 0.61875 0.34542743538767395 0.013541666666666667 0.018886679920477135
0 0.5763020833333333 0.352882703777336 0.008854166666666666 0.02982107355864811
0 0.9841145833333333 0.36083499005964215 0.0234375 0.039761431411530816
0 0.004427083333333333 0.3513916500994036 0.0078125 0.020874751491053677
0 0.5927083333333333 0.352882703777336 0.005208333333333333 0.019880715705765408
0 0.2794270833333333 0.3508946322067594 0.018229166666666668 0.011928429423459244
0 0.17395833333333333 0.3543737574552684 0.0125 0.012922465208747515
0 0.15598958333333332 0.36033797216699803 0.015104166666666667 0.016898608349900597
0 0.2942708333333333 0.3702783300198807 0.016666666666666666 0.018886679920477135
0 0.04635416666666667 0.3802186878727634 0.014583333333333334 0.018886679920477135
0 0.06041666666666667 0.40656063618290256 0.0375 0.0636182902584493
0 0.33489583333333334 0.40059642147117297 0.00625 0.02385685884691849
0 0.9747395833333333 0.4070576540755467 0.0140625 0.030815109343936383
0 0.6856770833333333 0.408051689860835 0.0109375 0.0268389662027833
0 0.005989583333333334 0.40904572564612324 0.0109375 0.020874751491053677
0 0.4515625 0.4165009940357853 0.007291666666666667 0.02982107355864811
0 0.278125 0.4125248508946322 0.004166666666666667 0.02385685884691849
0 0.8111979166666666 0.41600397614314116 0.011979166666666667 0.012922465208747515
0 0.041666666666666664 0.41451292246520877 0.014583333333333334 0.011928429423459244
0 0.07682291666666667 0.426441351888668 0.0140625 0.017892644135188866
0 0.7041666666666667 0.4363817097415507 0.0125 0.03180914512922465
0 0.7182291666666667 0.4304174950298211 0.011458333333333333 0.015904572564612324
0 0.5783854166666667 0.4438369781312127 0.0109375 0.03479125248508946
0 0.8552083333333333 0.43687872763419483 0.019791666666666666 0.012922465208747515
0 0.25052083333333336 0.4393638170974155 0.005208333333333333 0.017892644135188866
0 0.18828125 0.455765407554672 0.009895833333333333 0.03876739562624255
0 0.36744791666666665 0.4567594433399602 0.0067708333333333336 0.02882703777335984
0 0.3515625 0.4562624254473161 0.00625 0.017892644135188866
0 0.14895833333333333 0.4587475149105368 0.008333333333333333 0.010934393638170975
0 0.2520833333333333 0.4716699801192843 0.016666666666666666 0.010934393638170975
0 0.6971354166666667 0.4865805168986084 0.0067708333333333336 0.018886679920477135
0 0.6497395833333334 0.48906560636182905 0.016145833333333335 0.02186878727634195
0 0.1859375 0.49055666003976145 0.015625 0.014910536779324055
0 0.3809895833333333 0.5094433399602386 0.011979166666666667 0.02286282306163022
0 0.17630208333333333 0.5154075546719682 0.008854166666666666 0.0268389662027833
0 0.08802083333333334 0.5119284294234593 0.016666666666666666 0.017892644135188866
0 0.7776041666666667 0.5188866799204771 0.009375 0.02982107355864811
0 0.04296875 0.5178926441351889 0.0067708333333333336 0.02385685884691849
0 0.25416666666666665 0.5193836978131213 0.0125 0.02286282306163022
0 0.9518229166666666 0.5278330019880716 0.011979166666666667 0.02186878727634195
0 0.9807291666666667 0.5318091451292246 0.01875 0.015904572564612324
0 0.09088541666666666 0.5283300198807157 0.0140625 0.006958250497017893
0 0.33671875 0.5447316103379721 0.0171875 0.033797216699801194
0 0.45546875 0.5656063618290258 0.0067708333333333336 0.02982107355864811
0 0.06979166666666667 0.5606361829025845 0.017708333333333333 0.02186878727634195
0 0.9640625 0.558648111332008 0.010416666666666666 0.013916500994035786
0 0.9515625 0.5591451292246521 0.007291666666666667 0.010934393638170975
0 0.20729166666666668 0.5656063618290258 0.015625 0.02186878727634195
0 0.6638020833333333 0.5675944333996024 0.0140625 0.011928429423459244
0 0.4317708333333333 0.5785288270377733 0.010416666666666666 0.02982107355864811
0 0.03802083333333333 0.5705765407554672 0.015625 0.013916500994035786
0 0.2630208333333333 0.5760437375745527 0.014583333333333334 0.008946322067594433
0 0.8692708333333333 0.5909542743538767 0.0125 0.032803180914512925
0 0.07213541666666666 0.5899602385685885 0.0140625 0.02485089463220676
0 0.4609375 0.6003976143141153 0.017708333333333333 0.02186878727634195
0 0.25026041666666665 0.6023856858846919 0.013020833333333334 0.013916500994035786
0 0.31145833333333334 0.6113320079522863 0.017708333333333333 0.027833001988071572
0 0.3776041666666667 0.6163021868787276 0.0125 0.02186878727634195
0 0.12083333333333333 0.6163021868787276 0.011458333333333333 0.015904572564612324
0 0.8458333333333333 0.639662027833002 0.008333333333333333 0.014910536779324055
0 0.28489583333333335 0.6386679920477137 0.0125 0.010934393638170975
0 0.8885416666666667 0.6505964214711729 0.014583333333333334 0.0268389662027833
0 0.49557291666666664 0.6476143141153081 0.013020833333333334 0.020874751491053677
0 0.4513020833333333 0.6481113320079522 0.015104166666666667 0.015904572564612324
0 0.47109375 0.6650099403578529 0.015104166666666667 0.041749502982107355
0 0.65546875 0.6650099403578529 0.0140625 0.033797216699801194
0 0.5783854166666667 0.6679920477137177 0.0171875 0.039761431411530816
0 0.10208333333333333 0.6610337972166997 0.014583333333333334 0.015904572564612324
0 0.48828125 0.6784294234592445 0.0067708333333333336 0.040755467196819085
0 0.15885416666666666 0.668986083499006 0.015625 0.019880715705765408
0 0.32864583333333336 0.6769383697813122 0.005208333333333333 0.02982107355864811
0 0.20859375 0.6749502982107356 0.013020833333333334 0.02186878727634195
0 0.4440104166666667 0.6789264413518886 0.011979166666666667 0.027833001988071572
0 0.4283854166666667 0.6814115308151093 0.0109375 0.02882703777335984
0 0.7638020833333333 0.6833996023856859 0.011979166666666667 0.02485089463220676
0 0.29453125 0.6863817097415507 0.016145833333333335 0.018886679920477135
0 0.35911458333333335 0.691351888667992 0.015104166666666667 0.02485089463220676
0 0.07890625 0.6998011928429424 0.0265625 0.03180914512922465
0 0.92421875 0.705765407554672 0.022395833333333334 0.019880715705765408
0 0.016666666666666666 0.7127236580516899 0.005208333333333333 0.027833001988071572
0 0.8442708333333333 0.7201789264413518 0.027083333333333334 0.030815109343936383
0 0.36692708333333335 0.7360834990059643 0.013020833333333334 0.04473161033797217
0 0.2630208333333333 0.7350894632206759 0.010416666666666666 0.018886679920477135
0 0.8713541666666667 0.7375745526838966 0.01875 0.02186878727634195
0 0.11744791666666667 0.7465208747514911 0.008854166666666666 0.02186878727634195
0 0.6619791666666667 0.75 0.008333333333333333 0.02485089463220676
0 0.8158854166666667 0.7480119284294234 0.013020833333333334 0.012922465208747515
0 0.25286458333333334 0.7480119284294234 0.0109375 0.010934393638170975
0 0.3736979166666667 0.7614314115308151 0.0078125 0.033797216699801194
0 0.190625 0.760934393638171 0.004166666666666667 0.0268389662027833
0 0.4700520833333333 0.7713717693836978 0.008854166666666666 0.04572564612326044
0 0.30182291666666666 0.7599403578528827 0.009895833333333333 0.020874751491053677
0 0.9395833333333333 0.7649105367793241 0.009375 0.0268389662027833
0 0.390625 0.7559642147117296 0.014583333333333334 0.006958250497017893
0 0.35703125 0.7693836978131213 0.011979166666666667 0.02186878727634195
0 0.79453125 0.775844930417495 0.016145833333333335 0.016898608349900597
0 0.21458333333333332 0.7837972166998012 0.004166666666666667 0.0268389662027833
0 0.24270833333333333 0.7922465208747514 0.026041666666666668 0.03777335984095427
0 0.48489583333333336 0.7952286282306164 0.014583333333333334 0.02982107355864811
0 0.37838541666666664 0.7952286282306164 0.009895833333333333 0.019880715705765408
0 0.19609375 0.80168986083499 0.021354166666666667 0.03479125248508946
0 0.30442708333333335 0.7957256461232605 0.0109375 0.012922465208747515
0 0.5473958333333333 0.7957256461232605 0.014583333333333334 0.008946322067594433
0 0.39479166666666665 0.8141153081510935 0.009375 0.017892644135188866
0 0.9598958333333333 0.8180914512922465 0.016666666666666666 0.015904572564612324
0 0.4640625 0.8280318091451292 0.010416666666666666 0.03180914512922465
0 0.15963541666666667 0.820079522862823 0.011979166666666667 0.015904572564612324
0 0.8658854166666666 0.8220675944333996 0.009895833333333333 0.013916500994035786
0 0.5075520833333333 0.8225646123260437 0.013020833333333334 0.016898608349900597
0 0.23098958333333333 0.820079522862823 0.011979166666666667 0.011928429423459244
0 0.25625 0.8250497017892644 0.008333333333333333 0.013916500994035786
0 0.38359375 0.8305168986083499 0.013020833333333334 0.014910536779324055
0 0.32890625 0.8359840954274353 0.008854166666666666 0.02186878727634195
0 0.36015625 0.8330019880715706 0.008854166666666666 0.013916500994035786
0 0.31276041666666665 0.8369781312127237 0.0171875 0.009940357852882704
0 0.16953125 0.8409542743538767 0.013020833333333334 0.015904572564612324
0 0.37161458333333336 0.8489065606361829 0.009895833333333333 0.011928429423459244
0 0.23307291666666666 0.8588469184890656 0.0109375 0.015904572564612324
0 0.3455729166666667 0.8653081510934394 0.0109375 0.02485089463220676
0 0.21822916666666667 0.8707753479125249 0.013541666666666667 0.017892644135188866
0 0.029947916666666668 0.8767395626242545 0.0078125 0.027833001988071572
0 0.459375 0.8767395626242545 0.007291666666666667 0.02186878727634195
0 0.40651041666666665 0.8891650099403579 0.009895833333333333 0.02485089463220676
0 0.26067708333333334 0.8846918489065606 0.0140625 0.013916500994035786
0 0.07526041666666666 0.9010934393638171 0.0203125 0.04473161033797217
0 0.21640625 0.8906560636182903 0.0265625 0.02186878727634195
0 0.3411458333333333 0.8946322067594433 0.008333333333333333 0.019880715705765408
0 0.13333333333333333 0.908051689860835 0.016666666666666666 0.03876739562624255
0 0.48515625 0.8956262425447317 0.0078125 0.011928429423459244
0 0.39765625 0.904572564612326 0.0078125 0.02186878727634195
0 0.3580729166666667 0.9120278330019881 0.009895833333333333 0.03479125248508946
0 0.3109375 0.9035785288270378 0.009375 0.013916500994035786
0 0.0109375 0.9140159045725647 0.0125 0.032803180914512925
0 0.37109375 0.9199801192842942 0.009895833333333333 0.02485089463220676
0 0.5981770833333333 0.922962226640159 0.0203125 0.02286282306163022
0 0.19869791666666667 0.9249502982107356 0.019270833333333334 0.020874751491053677
0 0.33880208333333334 0.9239562624254473 0.0203125 0.016898608349900597
0 0.3033854166666667 0.929920477137177 0.0171875 0.02485089463220676
0 0.09869791666666666 0.9259443339960238 0.0234375 0.016898608349900597
0 0.44921875 0.929920477137177 0.013020833333333334 0.018886679920477135
0 0.26848958333333334 0.9343936381709742 0.009895833333333333 0.02186878727634195
0 0.28411458333333334 0.9383697813121272 0.011979166666666667 0.02186878727634195
0 0.08020833333333334 0.9527833001988072 0.016666666666666666 0.03479125248508946
0 0.47604166666666664 0.9512922465208747 0.01875 0.02385685884691849
0 0.3333333333333333 0.952286282306163 0.009375 0.02385685884691849
0 0.42916666666666664 0.9607355864811133 0.009375 0.032803180914512925
0 0.32083333333333336 0.9582504970178927 0.016666666666666666 0.02982107355864811
0 0.34661458333333334 0.9642147117296223 0.0109375 0.02385685884691849
0 0.3067708333333333 0.9751491053677932 0.007291666666666667 0.03180914512922465
0 0.58125 0.9756461232604374 0.01875 0.02882703777335984
0 0.45625 0.9831013916500994 0.010416666666666666 0.03180914512922465
0 0.2838541666666667 0.9826043737574552 0.020833333333333332 0.02485089463220676
0 0.31953125 0.9791252485089463 0.0078125 0.009940357852882704
0 0.221875 0.9806163021868787 0.014583333333333334 0.012922465208747515
0 0.43723958333333335 0.9875745526838966 0.0078125 0.02286282306163022
0 0.37213541666666666 0.9865805168986084 0.011979166666666667 0.014910536779324055
0 0.3302083333333333 0.9865805168986084 0.013541666666666667 0.010934393638170975
0 0.022916666666666665 0.9910536779324056 0.013541666666666667 0.015904572564612324
0 0.3572916666666667 0.9940357852882704 0.008333333333333333 0.009940357852882704