0 0.7434895833333334 0.032803180914512925 0.019270833333333334 0.02186878727634195
0 0.6276041666666666 0.04721669980119284 0.007291666666666667 0.02882703777335984
0 0.00390625 0.053180914512922464 0.0067708333333333336 0.02286282306163022
0 0.8145833333333333 0.06411530815109344 0.007291666666666667 0.02485089463220676
0 0.72265625 0.06262425447316103 0.015104166666666667 0.011928429423459244
0 0.5002604166666667 0.08648111332007952 0.0140625 0.02385685884691849
0 0.3190104166666667 0.09244532803180915 0.0078125 0.027833001988071572
0 0.5109375 0.09940357852882704 0.011458333333333333 0.03180914512922465
0 0.08333333333333333 0.10089463220675944 0.014583333333333334 0.02485089463220676
0 0.7239583333333334 0.15308151093439365 0.015625 0.013916500994035786
0 0.3359375 0.15755467196819087 0.009375 0.008946322067594433
0 0.8260416666666667 0.1908548707753479 0.008333333333333333 0.02385685884691849
0 0.09479166666666666 0.20675944333996024 0.008333333333333333 0.027833001988071572
0 0.1203125 0.20974155069582506 0.009375 0.02584493041749503
0 0.5138020833333333 0.24353876739562624 0.009895833333333333 0.027833001988071572
0 0.6205729166666667 0.25695825049701787 0.011979166666666667 0.0268389662027833
0 0.35130208333333335 0.2529821073558648 0.016145833333333335 0.010934393638170975
0 0.54140625 0.27186878727634195 0.0078125 0.0268389662027833
0 0.11119791666666666 0.30069582504970177 0.018229166666666668 0.05467196819085487
0 0.6231770833333333 0.3096421471172962 0.0078125 0.020874751491053677
0 0.6059895833333333 0.3091451292246521 0.011979166666666667 0.019880715705765408
0 0.884375 0.31461232604373757 0.009375 0.0268389662027833
0 0.19583333333333333 0.31411530815109345 0.013541666666666667 0.017892644135188866
0 0.5411458333333333 0.32554671968190857 0.013541666666666667 0.014910536779324055
0 0.29453125 0.34244532803180916 0.013020833333333334 0.0268389662027833
0 0.25234375 0.3543737574552684 0.005729166666666666 0.020874751491053677
0 0.5138020833333333 0.3553677932405567 0.013020833333333334 0.014910536779324055
0 0.7302083333333333 0.36928429423459247 0.019791666666666666 0.03479125248508946
0 0.3997395833333333 0.3757455268389662 0.011979166666666667 0.027833001988071572
0 0.24791666666666667 0.37326043737574555 0.007291666666666667 0.016898608349900597
0 0.8638020833333333 0.4085487077534791 0.008854166666666666 0.02584493041749503
0 0.4625 0.40506958250497016 0.014583333333333334 0.016898608349900597
0 0.48385416666666664 0.4249502982107356 0.008333333333333333 0.02286282306163022
0 0.7588541666666667 0.4279324055666004 0.011458333333333333 0.018886679920477135
0 0.81875 0.4408548707753479 0.011458333333333333 0.02286282306163022
0 0.9739583333333334 0.4532803180914513 0.015625 0.03578528827037773
0 0.7065104166666667 0.4393638170974155 0.011979166666666667 0.007952286282306162
0 0.3028645833333333 0.44831013916500995 0.008854166666666666 0.013916500994035786
0 0.91484375 0.46123260437375746 0.013020833333333334 0.017892644135188866
0 0.7026041666666667 0.4850894632206759 0.021875 0.013916500994035786
0 0.884375 0.5084493041749503 0.017708333333333333 0.03876739562624255
0 0.6190104166666667 0.510934393638171 0.0046875 0.019880715705765408
0 0.5825520833333333 0.5407554671968191 0.009895833333333333 0.011928429423459244
0 0.5518229166666667 0.5576540755467196 0.0067708333333333336 0.03180914512922465
0 0.5682291666666667 0.5685884691848907 0.004166666666666667 0.02186878727634195
0 0.46484375 0.5735586481113321 0.0036458333333333334 0.02584493041749503
0 0.6046875 0.6013916500994035 0.035416666666666666 0.07952286282306163
0 0.49166666666666664 0.5710735586481114 0.007291666666666667 0.016898608349900597
0 0.48333333333333334 0.5800198807157058 0.015625 0.0268389662027833
0 0.6578125 0.5854870775347912 0.010416666666666666 0.019880715705765408
0 0.09973958333333334 0.5914512922465208 0.013020833333333334 0.02186878727634195
0 0.9325520833333333 0.5899602385685885 0.0171875 0.012922465208747515
0 0.5296875 0.5989065606361829 0.030208333333333334 0.030815109343936383
0 0.39947916666666666 0.5964214711729622 0.013541666666666667 0.017892644135188866
0 0.5658854166666667 0.5979125248508946 0.011979166666666667 0.012922465208747515
0 0.9518229166666666 0.6048707753479126 0.016145833333333335 0.02286282306163022
0 0.6731770833333334 0.6192842942345924 0.015104166666666667 0.03180914512922465
0 0.2947916666666667 0.6232604373757455 0.011458333333333333 0.039761431411530816
0 0.4375 0.6133200795228628 0.008333333333333333 0.015904572564612324
0 0.5549479166666667 0.6192842942345924 0.005729166666666666 0.02385685884691849
0 0.17057291666666666 0.628727634194831 0.0140625 0.02882703777335984
0 0.4942708333333333 0.632703777335984 0.00625 0.02485089463220676
0 0.8375 0.6371769383697813 0.007291666666666667 0.02982107355864811
0 0.15078125 0.628727634194831 0.0140625 0.012922465208747515
0 0.5692708333333333 0.6585487077534792 0.008333333333333333 0.012922465208747515
0 0.9604166666666667 0.6809145129224652 0.017708333333333333 0.027833001988071572
0 0.5596354166666667 0.6893638170974155 0.015104166666666667 0.04473161033797217
0 0.9348958333333334 0.6853876739562624 0.009375 0.0268389662027833
0 0.6625 0.68389662027833 0.015625 0.019880715705765408
0 0.3692708333333333 0.6938369781312127 0.013541666666666667 0.03578528827037773
0 0.7776041666666667 0.691351888667992 0.022916666666666665 0.016898608349900597
0 0.6830729166666667 0.6998011928429424 0.009895833333333333 0.02982107355864811
0 0.85390625 0.7077534791252486 0.009895833333333333 0.03180914512922465
0 0.7411458333333333 0.7221669980119284 0.013541666666666667 0.04671968190854871
0 0.35104166666666664 0.7082504970178927 0.023958333333333335 0.018886679920477135
0 0.77734375 0.717196819085487 0.021354166666666667 0.0268389662027833
0 0.134375 0.7191848906560636 0.008333333333333333 0.030815109343936383
0 0.62265625 0.7142147117296223 0.0109375 0.012922465208747515
0 0.5799479166666667 0.7201789264413518 0.008854166666666666 0.010934393638170975
0 0.8807291666666667 0.7291252485089463 0.01875 0.02485089463220676
0 0.49583333333333335 0.7261431411530815 0.008333333333333333 0.016898608349900597
0 0.3763020833333333 0.7301192842942346 0.009895833333333333 0.0268389662027833
0 0.6700520833333333 0.7375745526838966 0.0109375 0.027833001988071572
0 0.46901041666666665 0.7286282306163022 0.009895833333333333 0.011928429423459244
0 0.565625 0.7514910536779325 0.00625 0.03180914512922465
0 0.48151041666666666 0.7410536779324056 0.011979166666666667 0.010934393638170975
0 0.49192708333333335 0.7673956262425448 0.008854166666666666 0.027833001988071572
0 0.32526041666666666 0.7688866799204771 0.005729166666666666 0.02286282306163022
0 0.33567708333333335 0.7763419483101391 0.0078125 0.03180914512922465
0 0.30104166666666665 0.7847912524850894 0.007291666666666667 0.03876739562624255
0 0.61484375 0.7783300198807157 0.011979166666666667 0.02385685884691849
0 0.8192708333333333 0.797713717693837 0.03958333333333333 0.05268389662027833
0 0.7401041666666667 0.7842942345924453 0.010416666666666666 0.019880715705765408
0 0.59375 0.7987077534791253 0.008333333333333333 0.032803180914512925
0 0.9020833333333333 0.8021868787276342 0.025 0.02982107355864811
0 0.4513020833333333 0.808648111332008 0.013020833333333334 0.040755467196819085
0 0.6283854166666667 0.8136182902584493 0.0203125 0.042743538767395624
0 0.30104166666666665 0.8295228628230616 0.014583333333333334 0.03479125248508946
0 0.9127604166666666 0.8439363817097415 0.018229166666666668 0.0437375745526839
0 0.6203125 0.8369781312127237 0.0125 0.015904572564612324
0 0.5296875 0.8374751491053678 0.016666666666666666 0.016898608349900597
0 0.3723958333333333 0.8434393638170974 0.009375 0.020874751491053677
0 0.29010416666666666 0.8499005964214712 0.011458333333333333 0.02982107355864811
0 0.7869791666666667 0.8563618290258449 0.013541666666666667 0.018886679920477135
0 0.6684895833333333 0.8648111332007953 0.0109375 0.02385685884691849
0 0.8872395833333333 0.9020874751491054 0.015104166666666667 0.05666003976143141
0 0.23723958333333334 0.889662027833002 0.013020833333333334 0.02584493041749503
0 0.7528645833333333 0.8921471172962226 0.015104166666666667 0.014910536779324055
0 0.87265625 0.897117296222664 0.009895833333333333 0.02286282306163022
0 0.6330729166666667 0.9199801192842942 0.0078125 0.040755467196819085
0 0.6013020833333333 0.918986083499006 0.013020833333333334 0.03479125248508946
0 0.6736979166666667 0.915506958250497 0.009895833333333333 0.013916500994035786
0 0.22005208333333334 0.9130218687872763 0.0171875 0.010934393638170975
0 0.26536458333333335 0.9234592445328031 0.0046875 0.02584493041749503
0 0.4640625 0.9239562624254473 0.0125 0.018886679920477135
0 0.5708333333333333 0.9269383697813122 0.019791666666666666 0.018886679920477135
0 0.3671875 0.9468190854870775 0.0125 0.018886679920477135
0 0.85390625 0.9647117296222664 0.0140625 0.012922465208747515
0 0.9744791666666667 0.9751491053677932 0.015625 0.027833001988071572
0 0.6098958333333333 0.9776341948310139 0.010416666666666666 0.0268389662027833
0 0.5705729166666667 0.9900596421471173 0.0109375 0.017892644135188866