0 0.35546875 0.007455268389662028 0.0046875 0.014910536779324055
0 0.67578125 0.008946322067594433 0.013020833333333334 0.017892644135188866
0 0.8911458333333333 0.022365805168986085 0.015625 0.018886679920477135
0 0.9747395833333333 0.020377733598409543 0.0067708333333333336 0.010934393638170975
0 0.13177083333333334 0.02485089463220676 0.00625 0.013916500994035786
0 0.5299479166666666 0.04125248508946322 0.0078125 0.010934393638170975
0 0.055989583333333336 0.05467196819085487 0.008854166666666666 0.02982107355864811
0 0.0033854166666666668 0.05666003976143141 0.0067708333333333336 0.017892644135188866
0 0.7315104166666667 0.06610337972166998 0.008854166666666666 0.014910536779324055
0 0.14817708333333332 0.07952286282306163 0.011979166666666667 0.02385685884691849
0 0.0671875 0.08001988071570576 0.009375 0.016898608349900597
0 0.6885416666666667 0.09691848906560636 0.010416666666666666 0.016898608349900597
0 0.1546875 0.10934393638170974 0.007291666666666667 0.011928429423459244
0 0.18932291666666667 0.1327037773359841 0.011979166666666667 0.016898608349900597
0 0.92890625 0.15109343936381708 0.015104166666666667 0.019880715705765408
0 0.5815104166666667 0.15755467196819087 0.0078125 0.016898608349900597
0 0.5640625 0.16600397614314116 0.01875 0.015904572564612324
0 0.03567708333333333 0.19135188866799205 0.011979166666666667 0.02286282306163022
0 0.45364583333333336 0.20825049701789264 0.010416666666666666 0.020874751491053677
0 0.8760416666666667 0.2231610337972167 0.00625 0.03876739562624255
0 0.21588541666666666 0.21819085487077536 0.0078125 0.012922465208747515
0 0.2604166666666667 0.22664015904572565 0.014583333333333334 0.015904572564612324
0 0.5502604166666667 0.23757455268389663 0.0067708333333333336 0.011928429423459244
0 0.4669270833333333 0.2504970178926441 0.0078125 0.02385685884691849
0 0.5174479166666667 0.2649105367793241 0.0078125 0.012922465208747515
0 0.8497395833333333 0.28479125248508946 0.016145833333333335 0.016898608349900597
0 0.34739583333333335 0.32703777335984097 0.013541666666666667 0.015904572564612324
0 0.9333333333333333 0.35685884691848907 0.013541666666666667 0.02584493041749503
0 0.9078125 0.3742544731610338 0.009375 0.016898608349900597
0 0.02578125 0.37673956262425445 0.0140625 0.013916500994035786
0 0.9380208333333333 0.39015904572564614 0.008333333333333333 0.02286282306163022
0 0.35520833333333335 0.40208747514910537 0.009375 0.030815109343936383
0 0.77265625 0.41600397614314116 0.0171875 0.018886679920477135
0 0.6890625 0.415506958250497 0.010416666666666666 0.013916500994035786
0 0.6216145833333333 0.4194831013916501 0.0078125 0.013916500994035786
0 0.37994791666666666 0.4403578528827038 0.0067708333333333336 0.019880715705765408
0 0.0671875 0.44532803180914515 0.017708333333333333 0.02186878727634195
0 0.8486979166666667 0.44582504970178927 0.008854166666666666 0.010934393638170975
0 0.9877604166666667 0.47365805168986086 0.009895833333333333 0.020874751491053677
0 0.14921875 0.47962226640159045 0.022395833333333334 0.016898608349900597
0 0.9638020833333333 0.49403578528827036 0.0109375 0.02982107355864811
0 0.9296875 0.4985089463220676 0.00625 0.012922465208747515
0 0.6158854166666666 0.5238568588469185 0.0109375 0.02385685884691849
0 0.9596354166666666 0.5561630218687873 0.019270833333333334 0.02882703777335984
0 0.3177083333333333 0.5611332007952287 0.011458333333333333 0.018886679920477135
0 0.5671875 0.5760437375745527 0.016666666666666666 0.02286282306163022
0 0.27369791666666665 0.5760437375745527 0.0067708333333333336 0.020874751491053677
0 0.42083333333333334 0.5780318091451292 0.00625 0.02286282306163022
0 0.92734375 0.5760437375745527 0.0140625 0.018886679920477135
0 0.1375 0.5859840954274353 0.011458333333333333 0.014910536779324055
0 0.20078125 0.6008946322067594 0.0171875 0.042743538767395624
0 0.55390625 0.5924453280318092 0.009895833333333333 0.013916500994035786
0 0.4552083333333333 0.5989065606361829 0.013541666666666667 0.012922465208747515
0 0.45 0.6262425447316103 0.007291666666666667 0.011928429423459244
0 0.8356770833333333 0.6461232604373758 0.0140625 0.017892644135188866
0 0.9208333333333333 0.6630218687872763 0.011458333333333333 0.02186878727634195
0 0.5958333333333333 0.6640159045725647 0.011458333333333333 0.007952286282306162
0 0.7057291666666666 0.6794234592445328 0.007291666666666667 0.02286282306163022
0 0.03671875 0.6863817097415507 0.0078125 0.02286282306163022
0 0.9734375 0.6943339960238568 0.010416666666666666 0.0268389662027833
0 0.3015625 0.69831013916501 0.009375 0.012922465208747515
0 0.3182291666666667 0.6973161033797217 0.007291666666666667 0.012922465208747515
0 0.4671875 0.7107355864811133 0.009375 0.02186878727634195
0 0.7549479166666667 0.7306163021868787 0.022395833333333334 0.03180914512922465
0 0.5583333333333333 0.7340954274353877 0.00625 0.018886679920477135
0 0.4981770833333333 0.7380715705765407 0.0067708333333333336 0.016898608349900597
0 0.9109375 0.7480119284294234 0.008333333333333333 0.0268389662027833
0 0.5955729166666667 0.7445328031809145 0.0109375 0.015904572564612324
0 0.17708333333333334 0.76441351888668 0.011458333333333333 0.013916500994035786
0 0.39375 0.7693836978131213 0.013541666666666667 0.017892644135188866
0 0.52578125 0.7738568588469185 0.0078125 0.016898608349900597
0 0.11901041666666666 0.7947316103379721 0.008854166666666666 0.010934393638170975
0 0.3963541666666667 0.8111332007952287 0.00625 0.015904572564612324
0 0.7111979166666667 0.8836978131212724 0.0046875 0.02385685884691849
0 0.5505208333333333 0.8911530815109344 0.008333333333333333 0.010934393638170975
0 0.95078125 0.9433399602385686 0.0078125 0.02186878727634195
0 0.46901041666666665 0.9751491053677932 0.011979166666666667 0.03578528827037773
0 0.7526041666666666 0.9875745526838966 0.007291666666666667 0.016898608349900597