0 0.17552083333333332 0.006958250497017893 0.008333333333333333 0.013916500994035786
0 0.2671875 0.004970178926441352 0.008333333333333333 0.009940357852882704
0 0.7325520833333333 0.01242544731610338 0.009895833333333333 0.02485089463220676
0 0.9463541666666667 0.006958250497017893 0.019791666666666666 0.013916500994035786
0 0.28046875 0.01441351888667992 0.0046875 0.02485089463220676
0 0.9190104166666667 0.023359840954274354 0.011979166666666667 0.02286282306163022
0 0.5106770833333333 0.025347912524850896 0.0171875 0.020874751491053677
0 0.8674479166666667 0.036779324055666 0.009895833333333333 0.041749502982107355
0 0.3770833333333333 0.05666003976143141 0.008333333333333333 0.0437375745526839
0 0.05625 0.07604373757455268 0.030208333333333334 0.036779324055666
0 0.6463541666666667 0.1172962226640159 0.010416666666666666 0.015904572564612324
0 0.8598958333333333 0.22365805168986083 0.0125 0.019880715705765408
0 0.0140625 0.27137176938369784 0.028125 0.04572564612326044
0 0.31197916666666664 0.28876739562624254 0.01875 0.014910536779324055
0 0.6934895833333333 0.30417495029821073 0.0067708333333333336 0.03180914512922465
0 0.9453125 0.30417495029821073 0.007291666666666667 0.017892644135188866
0 0.6174479166666667 0.31809145129224653 0.0067708333333333336 0.033797216699801194
0 0.2734375 0.34095427435387676 0.007291666666666667 0.02385685884691849
0 0.5096354166666667 0.34095427435387676 0.011979166666666667 0.015904572564612324
0 0.24114583333333334 0.3474155069582505 0.022916666666666665 0.018886679920477135
0 0.378125 0.3553677932405567 0.030208333333333334 0.018886679920477135
0 0.3138020833333333 0.37673956262425445 0.0171875 0.009940357852882704
0 0.17109375 0.4120278330019881 0.018229166666666668 0.032803180914512925
0 0.39088541666666665 0.40904572564612324 0.015104166666666667 0.02286282306163022
0 0.47734375 0.40506958250497016 0.005729166666666666 0.016898608349900597
0 0.5302083333333333 0.408051689860835 0.019791666666666666 0.02286282306163022
0 0.25625 0.42445328031809143 0.007291666666666667 0.02385685884691849
0 0.4705729166666667 0.4378727634194831 0.0078125 0.032803180914512925
0 0.5328125 0.43538767395626243 0.010416666666666666 0.019880715705765408
0 0.3533854166666667 0.4542743538767396 0.015104166666666667 0.0437375745526839
0 0.010677083333333334 0.4537773359840954 0.021354166666666667 0.036779324055666
0 0.21510416666666668 0.4532803180914513 0.021875 0.02584493041749503
0 0.428125 0.4547713717693837 0.019791666666666666 0.014910536779324055
0 0.4864583333333333 0.4552683896620278 0.00625 0.015904572564612324
0 0.5567708333333333 0.4572564612326044 0.016666666666666666 0.017892644135188866
0 0.5138020833333333 0.4691848906560636 0.008854166666666666 0.013916500994035786
0 0.4161458333333333 0.4826043737574553 0.01875 0.030815109343936383
0 0.12239583333333333 0.48111332007952284 0.016666666666666666 0.02186878727634195
0 0.75859375 0.4975149105367793 0.024479166666666666 0.02882703777335984
0 0.33489583333333334 0.4885685884691849 0.0125 0.006958250497017893
0 0.49557291666666664 0.4970178926441352 0.011979166666666667 0.019880715705765408
0 0.58515625 0.4990059642147117 0.011979166666666667 0.011928429423459244
0 0.7880208333333333 0.5238568588469185 0.015625 0.02982107355864811
0 0.50703125 0.5218687872763419 0.0109375 0.013916500994035786
0 0.89375 0.5352882703777336 0.011458333333333333 0.020874751491053677
0 0.24427083333333333 0.540258449304175 0.016666666666666666 0.020874751491053677
0 0.29192708333333334 0.5407554671968191 0.019270833333333334 0.02186878727634195
0 0.37161458333333336 0.5447316103379721 0.0140625 0.019880715705765408
0 0.803125 0.5482107355864811 0.011458333333333333 0.02882703777335984
0 0.40989583333333335 0.5561630218687873 0.011458333333333333 0.03876739562624255
0 0.4317708333333333 0.5765407554671969 0.014583333333333334 0.017892644135188866
0 0.446875 0.602882703777336 0.015625 0.0268389662027833
0 0.49192708333333335 0.5984095427435387 0.011979166666666667 0.015904572564612324
0 0.013020833333333334 0.6297216699801192 0.026041666666666668 0.07654075546719682
0 0.2755208333333333 0.6043737574552683 0.017708333333333333 0.02385685884691849
0 0.5088541666666667 0.6158051689860835 0.007291666666666667 0.03479125248508946
0 0.4630208333333333 0.610337972166998 0.007291666666666667 0.019880715705765408
0 0.9731770833333333 0.6093439363817097 0.015104166666666667 0.019880715705765408
0 0.4114583333333333 0.6167992047713717 0.013541666666666667 0.018886679920477135
0 0.8138020833333334 0.6257455268389662 0.008854166666666666 0.032803180914512925
0 0.10078125 0.628727634194831 0.011979166666666667 0.0268389662027833
0 0.47578125 0.6332007952286283 0.005729166666666666 0.03578528827037773
0 0.6403645833333333 0.6476143141153081 0.0203125 0.03479125248508946
0 0.16640625 0.6525844930417495 0.018229166666666668 0.042743538767395624
0 0.2796875 0.6535785288270378 0.011458333333333333 0.040755467196819085
0 0.36328125 0.6520874751491054 0.015104166666666667 0.013916500994035786
0 0.42265625 0.6709741550695825 0.016145833333333335 0.015904572564612324
0 0.26015625 0.6868787276341949 0.0140625 0.02982107355864811
0 0.37265625 0.6829025844930418 0.0067708333333333336 0.017892644135188866
0 0.80234375 0.6824055666003976 0.008854166666666666 0.014910536779324055
0 0.3848958333333333 0.6863817097415507 0.00625 0.016898608349900597
0 0.15885416666666666 0.6893638170974155 0.017708333333333333 0.012922465208747515
0 0.4122395833333333 0.6968190854870775 0.008854166666666666 0.015904572564612324
0 0.37213541666666666 0.7102385685884692 0.011979166666666667 0.02882703777335984
0 0.6552083333333333 0.7117296222664016 0.00625 0.03180914512922465
0 0.0625 0.7142147117296223 0.015625 0.030815109343936383
0 0.17552083333333332 0.7137176938369781 0.007291666666666667 0.02584493041749503
0 0.19322916666666667 0.7281312127236581 0.009375 0.040755467196819085
0 0.26614583333333336 0.7157057654075547 0.013541666666666667 0.013916500994035786
0 0.7434895833333334 0.7296222664015904 0.019270833333333334 0.041749502982107355
0 0.22994791666666667 0.7291252485089463 0.0109375 0.02286282306163022
0 0.7825520833333334 0.7405566600397614 0.0140625 0.0437375745526839
0 0.3255208333333333 0.7465208747514911 0.0125 0.015904572564612324
0 0.38046875 0.7445328031809145 0.018229166666666668 0.011928429423459244
0 0.4549479166666667 0.7549701789264414 0.015104166666666667 0.032803180914512925
0 0.6 0.7549701789264414 0.010416666666666666 0.02485089463220676
0 0.17526041666666667 0.7514910536779325 0.0140625 0.009940357852882704
0 0.09661458333333334 0.7753479125248509 0.033854166666666664 0.04970178926441352
0 0.2682291666666667 0.7743538767395626 0.009375 0.0437375745526839
0 0.4270833333333333 0.7833001988071571 0.009375 0.013916500994035786
0 0.2484375 0.7907554671968191 0.013541666666666667 0.02485089463220676
0 0.11354166666666667 0.8066600397614314 0.01875 0.030815109343936383
0 0.42473958333333334 0.812624254473161 0.009895833333333333 0.020874751491053677
0 0.99140625 0.8170974155069582 0.011979166666666667 0.013916500994035786
0 0.7669270833333334 0.8255467196819085 0.0140625 0.018886679920477135
0 0.27708333333333335 0.8290258449304175 0.011458333333333333 0.019880715705765408
0 0.30052083333333335 0.8414512922465208 0.009375 0.032803180914512925
0 0.38046875 0.8593439363817097 0.0203125 0.06660039761431412
0 0.6268229166666667 0.8330019880715706 0.019270833333333334 0.011928429423459244
0 0.36276041666666664 0.8518886679920478 0.0067708333333333336 0.02584493041749503
0 0.34479166666666666 0.8533797216699801 0.009375 0.020874751491053677
0 0.6442708333333333 0.8588469184890656 0.019791666666666666 0.02982107355864811
0 0.5138020833333333 0.8598409542743539 0.0109375 0.015904572564612324
0 0.36015625 0.8901590457256461 0.011979166666666667 0.032803180914512925
0 0.2765625 0.9025844930417495 0.010416666666666666 0.02186878727634195
0 0.375 0.9090457256461233 0.016666666666666666 0.018886679920477135
0 0.51484375 0.9160039761431411 0.0140625 0.02882703777335984
0 0.40989583333333335 0.9125248508946322 0.01875 0.017892644135188866
0 0.4328125 0.9199801192842942 0.015625 0.02286282306163022
0 0.5010416666666667 0.9219681908548708 0.013541666666666667 0.012922465208747515
0 0.24036458333333333 0.9333996023856859 0.021354166666666667 0.019880715705765408
0 0.39036458333333335 0.9319085487077535 0.0067708333333333336 0.010934393638170975
0 0.46588541666666666 0.9383697813121272 0.016145833333333335 0.011928429423459244
0 0.7229166666666667 0.9408548707753479 0.013541666666666667 0.010934393638170975
0 0.22109375 0.9612326043737575 0.043229166666666666 0.03180914512922465
0 0.35442708333333334 0.9527833001988072 0.013020833333333334 0.012922465208747515
0 0.41692708333333334 0.963220675944334 0.016145833333333335 0.033797216699801194
0 0.3606770833333333 0.9786282306163022 0.021354166666666667 0.02286282306163022
0 0.009375 0.9826043737574552 0.01875 0.02485089463220676
0 0.3421875 0.9880715705765407 0.008333333333333333 0.02186878727634195
0 0.3971354166666667 0.9905566600397614 0.0078125 0.016898608349900597