0 0.28854166666666664 0.011928429423459244 0.007291666666666667 0.02385685884691849
0 0.7356770833333334 0.010934393638170975 0.011979166666666667 0.02186878727634195
0 0.9244791666666666 0.015407554671968192 0.01875 0.030815109343936383
0 0.19947916666666668 0.031312127236580514 0.013541666666666667 0.020874751491053677
0 0.5174479166666667 0.060139165009940355 0.018229166666666668 0.042743538767395624
0 0.6557291666666667 0.05168986083499006 0.010416666666666666 0.011928429423459244
0 0.8205729166666667 0.059145129224652086 0.03697916666666667 0.02882703777335984
0 0.9888020833333333 0.06759443339960239 0.021354166666666667 0.04572564612326044
0 0.8591145833333333 0.06560636182902585 0.0109375 0.03180914512922465
0 0.41640625 0.0705765407554672 0.0046875 0.027833001988071572
0 0.15234375 0.08250497017892644 0.013020833333333334 0.041749502982107355
0 0.6223958333333334 0.0874751491053678 0.00625 0.033797216699801194
0 0.5140625 0.09990059642147117 0.010416666666666666 0.020874751491053677
0 0.9901041666666667 0.10039761431411531 0.010416666666666666 0.015904572564612324
0 0.6247395833333333 0.14065606361829025 0.009895833333333333 0.036779324055666
0 0.0020833333333333333 0.13618290258449303 0.004166666666666667 0.017892644135188866
0 0.17057291666666666 0.1441351888667992 0.0140625 0.03578528827037773
0 0.22552083333333334 0.1496023856858847 0.01875 0.02485089463220676
0 0.9111979166666667 0.1749502982107356 0.0171875 0.055666003976143144
0 0.6643229166666667 0.16500994035785288 0.018229166666666668 0.02186878727634195
0 0.4231770833333333 0.17196819085487078 0.008854166666666666 0.02982107355864811
0 0.6119791666666666 0.1709741550695825 0.016666666666666666 0.02584493041749503
0 0.8322916666666667 0.1918489065606362 0.027083333333333334 0.041749502982107355
0 0.7893229166666667 0.20129224652087474 0.033854166666666664 0.040755467196819085
0 0.8526041666666667 0.19035785288270377 0.008333333333333333 0.016898608349900597
0 0.17864583333333334 0.21769383697813122 0.015625 0.009940357852882704
0 0.2708333333333333 0.2261431411530815 0.007291666666666667 0.02286282306163022
0 0.22239583333333332 0.22266401590457258 0.020833333333333332 0.011928429423459244
0 0.39114583333333336 0.2271371769383698 0.014583333333333334 0.016898608349900597
0 0.8296875 0.23856858846918488 0.00625 0.02584493041749503
0 0.165625 0.24801192842942346 0.0125 0.02485089463220676
0 0.8981770833333333 0.2599403578528827 0.015104166666666667 0.03479125248508946
0 0.3307291666666667 0.31610337972166996 0.021875 0.02385685884691849
0 0.42604166666666665 0.31610337972166996 0.015625 0.015904572564612324
0 0.5614583333333333 0.31660039761431413 0.017708333333333333 0.014910536779324055
0 0.6559895833333333 0.32803180914512925 0.016145833333333335 0.02385685884691849
0 0.39895833333333336 0.34592445328031807 0.013541666666666667 0.04771371769383698
0 0.33984375 0.34493041749502984 0.0171875 0.015904572564612324
0 0.45677083333333335 0.35834990059642147 0.015625 0.02286282306163022
0 0.8377604166666667 0.36033797216699803 0.0067708333333333336 0.020874751491053677
0 0.41744791666666664 0.37624254473161034 0.013020833333333334 0.042743538767395624
0 0.3645833333333333 0.3697813121272366 0.01875 0.013916500994035786
0 0.12838541666666667 0.38966202783300197 0.0078125 0.02982107355864811
0 0.2947916666666667 0.39314115308151093 0.009375 0.0268389662027833
0 0.0046875 0.40606361829025844 0.009375 0.0268389662027833
0 0.10234375 0.4095427435387674 0.013020833333333334 0.03180914512922465
0 0.49322916666666666 0.42047713717693835 0.009375 0.041749502982107355
0 0.27265625 0.4165009940357853 0.0109375 0.02385685884691849
0 0.46015625 0.4249502982107356 0.0109375 0.014910536779324055
0 0.9440104166666666 0.4383697813121272 0.0203125 0.041749502982107355
0 0.959375 0.4284294234592445 0.007291666666666667 0.019880715705765408
0 0.42421875 0.43439363817097415 0.015104166666666667 0.011928429423459244
0 0.37083333333333335 0.4532803180914513 0.0125 0.033797216699801194
0 0.5424479166666667 0.452286282306163 0.009895833333333333 0.02584493041749503
0 0.57734375 0.4577534791252485 0.013020833333333334 0.02485089463220676
0 0.48098958333333336 0.46520874751491054 0.018229166666666668 0.03578528827037773
0 0.43255208333333334 0.4587475149105368 0.0078125 0.018886679920477135
0 0.16119791666666666 0.47862823061630216 0.0140625 0.02882703777335984
0 0.534375 0.4865805168986084 0.011458333333333333 0.012922465208747515
0 0.9625 0.5119284294234593 0.027083333333333334 0.0437375745526839
0 0.19817708333333334 0.510934393638171 0.0078125 0.03777335984095427
0 0.5221354166666666 0.5014910536779325 0.011979166666666667 0.016898608349900597
0 0.48072916666666665 0.5164015904572564 0.00625 0.02485089463220676
0 0.49635416666666665 0.5134194831013916 0.017708333333333333 0.014910536779324055
0 0.4161458333333333 0.5178926441351889 0.0125 0.011928429423459244
0 0.45286458333333335 0.5342942345924453 0.009895833333333333 0.03876739562624255
0 0.48463541666666665 0.5362823061630219 0.0078125 0.02485089463220676
0 0.23098958333333333 0.5511928429423459 0.0067708333333333336 0.0268389662027833
0 0.4002604166666667 0.5526838966202783 0.011979166666666667 0.02584493041749503
0 0.5135416666666667 0.5526838966202783 0.0125 0.019880715705765408
0 0.36380208333333336 0.555168986083499 0.0067708333333333336 0.014910536779324055
0 0.48333333333333334 0.5616302186878728 0.016666666666666666 0.017892644135188866
0 0.3927083333333333 0.5805168986083499 0.03229166666666667 0.0536779324055666
0 0.23802083333333332 0.581013916500994 0.0125 0.02485089463220676
0 0.3653645833333333 0.577037773359841 0.0078125 0.016898608349900597
0 0.8518229166666667 0.5869781312127237 0.015104166666666667 0.036779324055666
0 0.4942708333333333 0.5830019880715706 0.03125 0.0268389662027833
0 0.57265625 0.577037773359841 0.0171875 0.012922465208747515
0 0.4640625 0.5994035785288271 0.027083333333333334 0.0437375745526839
0 0.68046875 0.5994035785288271 0.0140625 0.03180914512922465
0 0.18828125 0.5984095427435387 0.0203125 0.02385685884691849
0 0.44427083333333334 0.6008946322067594 0.017708333333333333 0.02882703777335984
0 0.27760416666666665 0.6078528827037774 0.016666666666666666 0.016898608349900597
0 0.34609375 0.614314115308151 0.0046875 0.02186878727634195
0 0.49765625 0.6153081510934394 0.008854166666666666 0.011928429423459244
0 0.5411458333333333 0.6197813121272365 0.017708333333333333 0.010934393638170975
0 0.4703125 0.6302186878727635 0.023958333333333335 0.015904572564612324
0 0.32578125 0.6297216699801192 0.011979166666666667 0.012922465208747515
0 0.4981770833333333 0.6411530815109344 0.024479166666666666 0.02982107355864811
0 0.8921875 0.6371769383697813 0.015625 0.02385685884691849
0 0.26875 0.6476143141153081 0.008333333333333333 0.012922465208747515
0 0.471875 0.6570576540755467 0.0125 0.027833001988071572
0 0.34348958333333335 0.6595427435387674 0.005729166666666666 0.02882703777335984
0 0.4239583333333333 0.6560636182902585 0.009375 0.02186878727634195
0 0.6005208333333333 0.6635188866799204 0.00625 0.032803180914512925
0 0.9911458333333333 0.6764413518886679 0.016666666666666666 0.05864811133200795
0 0.5651041666666666 0.6833996023856859 0.019791666666666666 0.03876739562624255
0 0.6497395833333334 0.6814115308151093 0.011979166666666667 0.032803180914512925
0 0.44921875 0.6744532803180915 0.009895833333333333 0.014910536779324055
0 0.21953125 0.6774353876739563 0.016145833333333335 0.014910536779324055
0 0.49505208333333334 0.6784294234592445 0.013020833333333334 0.012922465208747515
0 0.2518229166666667 0.6858846918489065 0.024479166666666666 0.02186878727634195
0 0.4401041666666667 0.687375745526839 0.00625 0.014910536779324055
0 0.03958333333333333 0.702286282306163 0.014583333333333334 0.036779324055666
0 0.20572916666666666 0.7052683896620279 0.0125 0.03479125248508946
0 0.5822916666666667 0.7042743538767395 0.008333333333333333 0.02485089463220676
0 0.5369791666666667 0.7042743538767395 0.007291666666666667 0.02286282306163022
0 0.33619791666666665 0.7032803180914513 0.0140625 0.010934393638170975
0 0.4708333333333333 0.7191848906560636 0.009375 0.0268389662027833
0 0.3541666666666667 0.7226640159045725 0.014583333333333334 0.02584493041749503
0 0.7518229166666667 0.7430417495029821 0.018229166666666668 0.06262425447316103
0 0.8697916666666666 0.7236580516898609 0.013541666666666667 0.019880715705765408
0 0.33125 0.73558648111332 0.016666666666666666 0.033797216699801194
0 0.5786458333333333 0.7360834990059643 0.013541666666666667 0.016898608349900597
0 0.4434895833333333 0.739065606361829 0.0078125 0.012922465208747515
0 0.50625 0.7534791252485089 0.0125 0.02186878727634195
0 0.9309895833333334 0.7678926441351889 0.019270833333333334 0.030815109343936383
0 0.37786458333333334 0.7649105367793241 0.0109375 0.020874751491053677
0 0.44583333333333336 0.775844930417495 0.009375 0.0268389662027833
0 0.5432291666666667 0.768389662027833 0.013541666666666667 0.011928429423459244
0 0.39010416666666664 0.7778330019880716 0.009375 0.012922465208747515
0 0.71875 0.7813121272365805 0.007291666666666667 0.017892644135188866
0 0.4153645833333333 0.80168986083499 0.03697916666666667 0.042743538767395624
0 0.36328125 0.790258449304175 0.011979166666666667 0.015904572564612324
0 0.0640625 0.8275347912524851 0.021875 0.06063618290258449
0 0.19270833333333334 0.8036779324055666 0.015625 0.014910536779324055
0 0.33151041666666664 0.8076540755467196 0.0109375 0.020874751491053677
0 0.17734375 0.8195825049701789 0.0078125 0.0268389662027833
0 0.38203125 0.8170974155069582 0.0067708333333333336 0.013916500994035786
0 0.6856770833333333 0.8275347912524851 0.016145833333333335 0.020874751491053677
0 0.2515625 0.8414512922465208 0.009375 0.02882703777335984
0 0.571875 0.8315109343936382 0.013541666666666667 0.008946322067594433
0 0.8 0.8469184890656064 0.03229166666666667 0.033797216699801194
0 0.48515625 0.8464214711729622 0.0067708333333333336 0.02882703777335984
0 0.3768229166666667 0.8499005964214712 0.016145833333333335 0.02385685884691849
0 0.47213541666666664 0.8543737574552683 0.0036458333333333334 0.02485089463220676
0 0.40260416666666665 0.8523856858846919 0.008333333333333333 0.016898608349900597
0 0.3223958333333333 0.8613320079522863 0.0125 0.010934393638170975
0 0.41432291666666665 0.867296222664016 0.0109375 0.02286282306163022
0 0.2609375 0.8782306163021869 0.027083333333333334 0.032803180914512925
0 0.84296875 0.8742544731610338 0.018229166666666668 0.020874751491053677
0 0.14869791666666668 0.8807157057654076 0.018229166666666668 0.02982107355864811
0 0.85390625 0.8891650099403579 0.008854166666666666 0.02882703777335984
0 0.5505208333333333 0.9135188866799204 0.01875 0.033797216699801194
0 0.28203125 0.908051689860835 0.018229166666666668 0.018886679920477135
0 0.42239583333333336 0.9125248508946322 0.007291666666666667 0.02982107355864811
0 0.09166666666666666 0.9214711729622267 0.014583333333333334 0.03777335984095427
0 0.026041666666666668 0.9264413518886679 0.026041666666666668 0.041749502982107355
0 0.36822916666666666 0.9209741550695825 0.0125 0.016898608349900597
0 0.9833333333333333 0.93389662027833 0.017708333333333333 0.040755467196819085
0 0.33177083333333335 0.9284294234592445 0.009375 0.02186878727634195
0 0.4557291666666667 0.944831013916501 0.023958333333333335 0.032803180914512925
0 0.4265625 0.9403578528827038 0.008333333333333333 0.02186878727634195
0 0.40625 0.9592445328031809 0.017708333333333333 0.02186878727634195
0 0.990625 0.963220675944334 0.017708333333333333 0.02584493041749503
0 0.66015625 0.9761431411530815 0.0234375 0.02584493041749503
0 0.496875 0.9751491053677932 0.009375 0.019880715705765408
0 0.30130208333333336 0.9776341948310139 0.0109375 0.016898608349900597
0 0.6231770833333333 0.9756461232604374 0.009895833333333333 0.008946322067594433
0 0.1734375 0.9845924453280318 0.015625 0.020874751491053677
0 0.9375 0.9880715705765407 0.014583333333333334 0.02186878727634195
0 0.4666666666666667 0.9945328031809145 0.008333333333333333 0.008946322067594433