0 0.23463541666666668 0.06610337972166998 0.0078125 0.014910536779324055
0 0.11276041666666667 0.17395626242544732 0.0109375 0.027833001988071572
0 0.48932291666666666 0.294234592445328 0.011979166666666667 0.03578528827037773
0 0.5140625 0.2937375745526839 0.013541666666666667 0.030815109343936383
0 0.49244791666666665 0.34443339960238567 0.0026041666666666665 0.0268389662027833
0 0.5677083333333334 0.4567594433399602 0.0125 0.036779324055666
0 0.5125 0.4850894632206759 0.017708333333333333 0.019880715705765408
0 0.82734375 0.5969184890656064 0.008854166666666666 0.018886679920477135
0 0.6325520833333333 0.6048707753479126 0.009895833333333333 0.020874751491053677
0 0.05651041666666667 0.6083499005964215 0.0067708333333333336 0.017892644135188866
0 0.6125 0.6640159045725647 0.014583333333333334 0.019880715705765408
0 0.596875 0.6833996023856859 0.011458333333333333 0.036779324055666
0 0.6760416666666667 0.7798210735586482 0.013541666666666667 0.06262425447316103
0 0.6440104166666667 0.8449304174950298 0.049479166666666664 0.04572564612326044
0 0.70703125 0.8503976143141153 0.009895833333333333 0.014910536779324055
0 0.7796875 0.8682902584493042 0.009375 0.014910536779324055
0 0.6609375 0.8906560636182903 0.009375 0.02385685884691849
0 0.9846354166666667 0.918986083499006 0.0078125 0.018886679920477135
0 0.9424479166666667 0.9701789264413518 0.009895833333333333 0.02982107355864811