0 0.19479166666666667 0.0004970178926441351 0.029166666666666667 0.0009940357852882703
0 0.2296875 0.0004970178926441351 0.030208333333333334 0.0009940357852882703
0 0.7729166666666667 0.015407554671968192 0.0125 0.030815109343936383
0 0.7966145833333333 0.04324055666003976 0.011979166666666667 0.02882703777335984
0 0.315625 0.05616302186878728 0.019791666666666666 0.016898608349900597
0 0.371875 0.08300198807157058 0.010416666666666666 0.03876739562624255
0 0.023958333333333335 0.10188866799204771 0.023958333333333335 0.048707753479125246
0 0.35859375 0.11580516898608349 0.021354166666666667 0.036779324055666
0 0.34270833333333334 0.1863817097415507 0.011458333333333333 0.016898608349900597
0 0.4708333333333333 0.19731610337972166 0.0125 0.036779324055666
0 0.675 0.21669980119284293 0.017708333333333333 0.013916500994035786
0 0.38046875 0.22415506958250497 0.015104166666666667 0.014910536779324055
0 0.4114583333333333 0.23658051689860835 0.03229166666666667 0.039761431411530816
0 0.2578125 0.2286282306163022 0.016666666666666666 0.011928429423459244
0 0.7609375 0.2524850894632207 0.035416666666666666 0.04970178926441352
0 0.5958333333333333 0.2629224652087475 0.01875 0.048707753479125246
0 0.10703125 0.2654075546719682 0.011979166666666667 0.02385685884691849
0 0.3734375 0.2753479125248509 0.0125 0.02584493041749503
0 0.4140625 0.2967196819085487 0.0125 0.05666003976143141
0 0.43515625 0.2828031809145129 0.0171875 0.0268389662027833
0 0.046875 0.2982107355864811 0.01875 0.033797216699801194
0 0.008854166666666666 0.3136182902584493 0.017708333333333333 0.02882703777335984
0 0.29921875 0.3106361829025845 0.0046875 0.018886679920477135
0 0.8640625 0.3220675944333996 0.0125 0.03578528827037773
0 0.17864583333333334 0.3265407554671968 0.021875 0.03479125248508946
0 0.12994791666666666 0.3499005964214712 0.018229166666666668 0.017892644135188866
0 0.3611979166666667 0.3538767395626243 0.0078125 0.02186878727634195
0 0.31354166666666666 0.36133200795228626 0.008333333333333333 0.020874751491053677
0 0.45416666666666666 0.3757455268389662 0.008333333333333333 0.02982107355864811
0 0.4166666666666667 0.3797216699801193 0.019791666666666666 0.02982107355864811
0 0.7325520833333333 0.3772365805168986 0.0171875 0.018886679920477135
0 0.13046875 0.38767395626242546 0.008854166666666666 0.02584493041749503
0 0.6325520833333333 0.38966202783300197 0.0203125 0.02982107355864811
0 0.53046875 0.41600397614314116 0.013020833333333334 0.036779324055666
0 0.43723958333333335 0.4254473161033797 0.0171875 0.03777335984095427
0 0.5877604166666667 0.42047713717693835 0.0140625 0.027833001988071572
0 0.8893229166666666 0.42296222664015903 0.0140625 0.030815109343936383
0 0.3690104166666667 0.41848906560636184 0.0140625 0.017892644135188866
0 0.4109375 0.42445328031809143 0.00625 0.02982107355864811
0 0.54375 0.44532803180914515 0.0125 0.041749502982107355
0 0.32916666666666666 0.45029821073558646 0.007291666666666667 0.03578528827037773
0 0.59765625 0.46073558648111335 0.0171875 0.0268389662027833
0 0.47239583333333335 0.474155069582505 0.009375 0.03777335984095427
0 0.3078125 0.481610337972167 0.015625 0.036779324055666
0 0.6442708333333333 0.48061630218687873 0.014583333333333334 0.016898608349900597
0 0.3651041666666667 0.4955268389662028 0.010416666666666666 0.030815109343936383
0 0.4125 0.5243538767395626 0.010416666666666666 0.042743538767395624
0 0.26015625 0.5253479125248509 0.0203125 0.02485089463220676
0 0.7153645833333333 0.5521868787276342 0.027604166666666666 0.02882703777335984
0 0.58046875 0.5536779324055666 0.0046875 0.027833001988071572
0 0.20052083333333334 0.5710735586481114 0.013541666666666667 0.032803180914512925
0 0.4244791666666667 0.5815109343936382 0.019791666666666666 0.039761431411530816
0 0.6682291666666667 0.5839960238568589 0.00625 0.0268389662027833
0 0.36666666666666664 0.5899602385685885 0.014583333333333334 0.014910536779324055
0 0.19739583333333333 0.6043737574552683 0.0125 0.017892644135188866
0 0.32265625 0.614314115308151 0.0109375 0.03180914512922465
0 0.059375 0.6088469184890656 0.009375 0.018886679920477135
0 0.3572916666666667 0.6113320079522863 0.00625 0.015904572564612324
0 0.25546875 0.6371769383697813 0.008854166666666666 0.02982107355864811
0 0.3221354166666667 0.6665009940357853 0.0046875 0.030815109343936383
0 0.39348958333333334 0.6764413518886679 0.008854166666666666 0.0268389662027833
0 0.46171875 0.6744532803180915 0.0171875 0.020874751491053677
0 0.36953125 0.6804174950298211 0.016145833333333335 0.030815109343936383
0 0.61796875 0.6883697813121272 0.0109375 0.036779324055666
0 0.41458333333333336 0.6898608349900597 0.011458333333333333 0.02982107355864811
0 0.2984375 0.7112326043737575 0.022916666666666665 0.03876739562624255
0 0.4973958333333333 0.7162027833001988 0.007291666666666667 0.020874751491053677
0 0.009375 0.7261431411530815 0.008333333333333333 0.008946322067594433
0 0.51875 0.731610337972167 0.017708333333333333 0.015904572564612324
0 0.3802083333333333 0.7430417495029821 0.009375 0.02485089463220676
0 0.00234375 0.7584493041749503 0.0046875 0.02186878727634195
0 0.29140625 0.7599403578528827 0.018229166666666668 0.02286282306163022
0 0.4203125 0.7639165009940357 0.011458333333333333 0.02485089463220676
0 0.18880208333333334 0.7773359840954275 0.0203125 0.033797216699801194
0 0.44817708333333334 0.7723658051689861 0.0140625 0.013916500994035786
0 0.5770833333333333 0.7912524850894632 0.0125 0.02385685884691849
0 0.4635416666666667 0.7972166998011928 0.0125 0.027833001988071572
0 0.3171875 0.7992047713717694 0.011458333333333333 0.02186878727634195
0 0.11354166666666667 0.8146123260437376 0.013541666666666667 0.032803180914512925
0 0.5466145833333333 0.8260437375745527 0.019270833333333334 0.02584493041749503
0 0.6127604166666667 0.8205765407554672 0.015104166666666667 0.010934393638170975
0 0.4356770833333333 0.8459244532803181 0.018229166666666668 0.019880715705765408
0 0.31223958333333335 0.8558648111332008 0.021354166666666667 0.02584493041749503
0 0.28125 0.8563618290258449 0.014583333333333334 0.020874751491053677
0 0.38229166666666664 0.8807157057654076 0.016666666666666666 0.02584493041749503
0 0.4239583333333333 0.8936381709741551 0.019791666666666666 0.017892644135188866
0 0.47552083333333334 0.9224652087475149 0.01875 0.03578528827037773
0 0.23307291666666666 0.9254473161033797 0.0109375 0.033797216699801194
0 0.30364583333333334 0.9239562624254473 0.017708333333333333 0.016898608349900597
0 0.17864583333333334 0.9478131212723658 0.009375 0.020874751491053677
0 0.190625 0.9676938369781312 0.023958333333333335 0.04671968190854871
0 0.2989583333333333 0.9592445328031809 0.00625 0.03180914512922465
0 0.31640625 0.9721669980119284 0.0109375 0.02982107355864811