0 0.18880208333333334 0.005964214711729622 0.018229166666666668 0.011928429423459244
0 0.2890625 0.010437375745526839 0.011458333333333333 0.020874751491053677
0 0.4234375 0.014910536779324055 0.014583333333333334 0.02982107355864811
0 0.6033854166666667 0.015407554671968192 0.013020833333333334 0.030815109343936383
0 0.7166666666666667 0.008449304174950299 0.0125 0.016898608349900597
0 0.35 0.011928429423459244 0.01875 0.013916500994035786
0 0.13854166666666667 0.023359840954274354 0.020833333333333332 0.014910536779324055
0 0.79765625 0.028330019880715707 0.015104166666666667 0.02485089463220676
0 0.09739583333333333 0.04025844930417495 0.009375 0.030815109343936383
0 0.9736979166666667 0.041749502982107355 0.0171875 0.02982107355864811
0 0.5153645833333333 0.06560636182902585 0.013020833333333334 0.03180914512922465
0 0.33880208333333334 0.09045725646123261 0.011979166666666667 0.02982107355864811
0 0.06640625 0.10238568588469185 0.0109375 0.027833001988071572
0 0.2484375 0.1496023856858847 0.010416666666666666 0.042743538767395624
0 0.04114583333333333 0.16053677932405566 0.013541666666666667 0.03479125248508946
0 0.6265625 0.16003976143141152 0.009375 0.03180914512922465
0 0.54609375 0.17743538767395625 0.008854166666666666 0.040755467196819085
0 0.9104166666666667 0.18439363817097415 0.016666666666666666 0.030815109343936383
0 0.06432291666666666 0.1908548707753479 0.019270833333333334 0.02584493041749503
0 0.2015625 0.2062624254473161 0.016666666666666666 0.03479125248508946
0 0.08880208333333334 0.22117296222664015 0.015104166666666667 0.036779324055666
0 0.27734375 0.22216699801192843 0.008854166666666666 0.03876739562624255
0 0.721875 0.213220675944334 0.009375 0.008946322067594433
0 0.5669270833333333 0.220675944333996 0.011979166666666667 0.017892644135188866
0 0.5354166666666667 0.22962226640159045 0.017708333333333333 0.027833001988071572
0 0.45625 0.22962226640159045 0.011458333333333333 0.015904572564612324
0 0.8955729166666667 0.23906560636182903 0.0140625 0.02485089463220676
0 0.22604166666666667 0.23508946322067595 0.009375 0.010934393638170975
0 0.44166666666666665 0.25596421471172964 0.009375 0.02485089463220676
0 0.8861979166666667 0.2698807157057654 0.0171875 0.02485089463220676
0 0.6138020833333333 0.2808151093439364 0.009895833333333333 0.042743538767395624
0 0.86796875 0.275844930417495 0.011979166666666667 0.016898608349900597
0 0.6677083333333333 0.28777335984095426 0.013541666666666667 0.014910536779324055
0 0.41796875 0.2952286282306163 0.0078125 0.02584493041749503
0 0.0546875 0.31560636182902585 0.020833333333333332 0.05467196819085487
0 0.49895833333333334 0.30168986083499005 0.014583333333333334 0.0268389662027833
0 0.38567708333333334 0.30119284294234594 0.0109375 0.019880715705765408
0 0.20703125 0.30318091451292245 0.025520833333333333 0.019880715705765408
0 0.8765625 0.31312127236580517 0.019791666666666666 0.017892644135188866
0 0.7466145833333333 0.3230616302186879 0.015104166666666667 0.02186878727634195
0 0.20364583333333333 0.3290258449304175 0.015625 0.027833001988071572
0 0.3846354166666667 0.34493041749502984 0.019270833333333334 0.05964214711729622
0 0.4041666666666667 0.3374751491053678 0.008333333333333333 0.0268389662027833
0 0.12369791666666667 0.3518886679920477 0.0078125 0.03180914512922465
0 0.8307291666666666 0.35685884691848907 0.014583333333333334 0.019880715705765408
0 0.26588541666666665 0.3663021868787276 0.0203125 0.032803180914512925
0 0.5794270833333334 0.36381709741550694 0.016145833333333335 0.011928429423459244
0 0.28880208333333335 0.3827037773359841 0.018229166666666668 0.03180914512922465
0 0.7736979166666667 0.39314115308151093 0.0078125 0.042743538767395624
0 0.9856770833333334 0.3956262425447316 0.019270833333333334 0.007952286282306162
0 0.19635416666666666 0.4085487077534791 0.019791666666666666 0.02982107355864811
0 0.65 0.4105367793240557 0.009375 0.02186878727634195
0 0.022395833333333334 0.4179920477137177 0.021875 0.032803180914512925
0 0.48151041666666666 0.42296222664015903 0.0036458333333333334 0.0268389662027833
0 0.7489583333333333 0.41451292246520877 0.015625 0.011928429423459244
0 0.4015625 0.4259443339960239 0.019791666666666666 0.018886679920477135
0 0.99296875 0.4239562624254473 0.013020833333333334 0.010934393638170975
0 0.5026041666666666 0.4408548707753479 0.0125 0.040755467196819085
0 0.9989583333333333 0.4547713717693837 0.0010416666666666667 0.05268389662027833
0 0.8158854166666667 0.44980119284294234 0.028645833333333332 0.030815109343936383
0 0.24427083333333333 0.4552683896620278 0.016666666666666666 0.03578528827037773
0 0.6393229166666666 0.4507952286282306 0.019270833333333334 0.018886679920477135
0 0.7322916666666667 0.45825049701789267 0.025 0.019880715705765408
0 0.48541666666666666 0.46819085487077533 0.016666666666666666 0.015904572564612324
0 0.409375 0.47564612326043737 0.0125 0.012922465208747515
0 0.6286458333333333 0.5124254473161034 0.04895833333333333 0.06461232604373758
0 0.16380208333333332 0.4995029821073559 0.018229166666666668 0.02882703777335984
0 0.5565104166666667 0.49204771371769385 0.009895833333333333 0.011928429423459244
0 0.20885416666666667 0.5004970178926441 0.016666666666666666 0.010934393638170975
0 0.45260416666666664 0.5104373757455268 0.0125 0.020874751491053677
0 0.49505208333333334 0.5149105367793241 0.011979166666666667 0.02186878727634195
0 0.58125 0.5208747514910537 0.009375 0.027833001988071572
0 0.9138020833333333 0.5188866799204771 0.0109375 0.015904572564612324
0 0.47213541666666664 0.5372763419483101 0.018229166666666668 0.040755467196819085
0 0.66171875 0.5298210735586482 0.0140625 0.019880715705765408
0 0.125 0.5318091451292246 0.010416666666666666 0.015904572564612324
0 0.38333333333333336 0.540258449304175 0.019791666666666666 0.0268389662027833
0 0.67109375 0.544234592445328 0.0078125 0.02286282306163022
0 0.78046875 0.5397614314115308 0.011979166666666667 0.015904572564612324
0 0.36666666666666664 0.5526838966202783 0.008333333333333333 0.03578528827037773
0 0.5494791666666666 0.5546719681908548 0.017708333333333333 0.03578528827037773
0 0.8924479166666667 0.5457256461232605 0.0109375 0.011928429423459244
0 0.4140625 0.5576540755467196 0.008333333333333333 0.02584493041749503
0 0.23307291666666666 0.5611332007952287 0.021354166666666667 0.02485089463220676
0 0.6895833333333333 0.5601391650099403 0.017708333333333333 0.02286282306163022
0 0.16380208333333332 0.5651093439363817 0.016145833333333335 0.020874751491053677
0 0.43776041666666665 0.5869781312127237 0.021354166666666667 0.06660039761431412
0 0.7651041666666667 0.5581510934393639 0.008333333333333333 0.008946322067594433
0 0.66484375 0.562624254473161 0.008854166666666666 0.011928429423459244
0 0.92265625 0.5621272365805169 0.008854166666666666 0.010934393638170975
0 0.3104166666666667 0.5755467196819085 0.015625 0.027833001988071572
0 0.6557291666666667 0.5765407554671969 0.007291666666666667 0.02982107355864811
0 0.27578125 0.5834990059642147 0.016145833333333335 0.033797216699801194
0 0.47630208333333335 0.5979125248508946 0.018229166666666668 0.06461232604373758
0 0.628125 0.5825049701789264 0.019791666666666666 0.02385685884691849
0 0.57421875 0.581013916500994 0.016145833333333335 0.016898608349900597
0 0.16197916666666667 0.5949304174950298 0.010416666666666666 0.02286282306163022
0 0.39401041666666664 0.6073558648111332 0.019270833333333334 0.03578528827037773
0 0.6020833333333333 0.6038767395626242 0.019791666666666666 0.012922465208747515
0 0.28229166666666666 0.6237574552683897 0.017708333333333333 0.042743538767395624
0 0.5072916666666667 0.6133200795228628 0.014583333333333334 0.02385685884691849
0 0.8059895833333334 0.617296222664016 0.008854166666666666 0.017892644135188866
0 0.496875 0.6197813121272365 0.007291666666666667 0.020874751491053677
0 0.8236979166666667 0.6182902584493042 0.008854166666666666 0.017892644135188866
0 0.31015625 0.6317097415506958 0.009895833333333333 0.03876739562624255
0 0.5755208333333334 0.6317097415506958 0.017708333333333333 0.02286282306163022
0 0.45234375 0.6332007952286283 0.005729166666666666 0.013916500994035786
0 0.6239583333333333 0.635685884691849 0.019791666666666666 0.016898608349900597
0 0.44114583333333335 0.6421471172962226 0.0125 0.017892644135188866
0 0.38177083333333334 0.6466202783300199 0.013541666666666667 0.012922465208747515
0 0.9963541666666667 0.6645129224652088 0.00625 0.05069582504970179
0 0.41770833333333335 0.6555666003976143 0.015625 0.0268389662027833
0 0.4010416666666667 0.6535785288270378 0.007291666666666667 0.020874751491053677
0 0.4895833333333333 0.6650099403578529 0.011458333333333333 0.027833001988071572
0 0.7981770833333334 0.6674950298210736 0.0078125 0.020874751491053677
0 0.36796875 0.6769383697813122 0.018229166666666668 0.013916500994035786
0 0.39088541666666665 0.6754473161033797 0.0140625 0.012922465208747515
0 0.44453125 0.6833996023856859 0.0078125 0.02286282306163022
0 0.17734375 0.69831013916501 0.018229166666666668 0.03876739562624255
0 0.38619791666666664 0.6903578528827038 0.008854166666666666 0.010934393638170975
0 0.43072916666666666 0.7157057654075547 0.008333333333333333 0.0437375745526839
0 0.10703125 0.7107355864811133 0.025520833333333333 0.02385685884691849
0 0.41796875 0.7092445328031809 0.008854166666666666 0.018886679920477135
0 0.7682291666666666 0.7107355864811133 0.009375 0.019880715705765408
0 0.9080729166666667 0.7271371769383698 0.0109375 0.040755467196819085
0 0.7138020833333333 0.7256461232604374 0.0078125 0.02982107355864811
0 0.5083333333333333 0.7256461232604374 0.00625 0.02186878727634195
0 0.7466145833333333 0.7296222664015904 0.016145833333333335 0.02982107355864811
0 0.37604166666666666 0.7370775347912525 0.011458333333333333 0.030815109343936383
0 0.7856770833333333 0.7335984095427436 0.009895833333333333 0.019880715705765408
0 0.4901041666666667 0.7331013916500994 0.015625 0.010934393638170975
0 0.12838541666666667 0.7529821073558648 0.03177083333333333 0.042743538767395624
0 0.38619791666666664 0.7524850894632207 0.0046875 0.019880715705765408
0 0.7955729166666666 0.7639165009940357 0.022395833333333334 0.032803180914512925
0 0.3541666666666667 0.7673956262425448 0.011458333333333333 0.03578528827037773
0 0.47682291666666665 0.7698807157057654 0.0067708333333333336 0.02882703777335984
0 0.1078125 0.7688866799204771 0.011458333333333333 0.02485089463220676
0 0.3736979166666667 0.7833001988071571 0.0234375 0.03180914512922465
0 0.2640625 0.7733598409542743 0.014583333333333334 0.009940357852882704
0 0.5817708333333333 0.7763419483101391 0.016666666666666666 0.009940357852882704
0 0.3927083333333333 0.7922465208747514 0.008333333333333333 0.03777335984095427
0 0.45416666666666666 0.7818091451292246 0.014583333333333334 0.012922465208747515
0 0.5385416666666667 0.8071570576540755 0.010416666666666666 0.03180914512922465
0 0.2755208333333333 0.8121272365805169 0.020833333333333332 0.039761431411530816
0 0.48880208333333336 0.8275347912524851 0.0234375 0.06063618290258449
0 0.7815104166666667 0.8026838966202783 0.0140625 0.012922465208747515
0 0.44973958333333336 0.8146123260437376 0.008854166666666666 0.030815109343936383
0 0.58203125 0.8131212723658051 0.015104166666666667 0.02385685884691849
0 0.21588541666666666 0.8205765407554672 0.008854166666666666 0.018886679920477135
0 0.22708333333333333 0.8305168986083499 0.010416666666666666 0.032803180914512925
0 0.43255208333333334 0.8280318091451292 0.005729166666666666 0.02385685884691849
0 0.74921875 0.8325049701789264 0.008854166666666666 0.02882703777335984
0 0.46901041666666665 0.8349900596421471 0.0140625 0.02982107355864811
0 0.3190104166666667 0.8305168986083499 0.0140625 0.012922465208747515
0 0.6497395833333334 0.8359840954274353 0.022395833333333334 0.017892644135188866
0 0.5388020833333333 0.8349900596421471 0.013020833333333334 0.009940357852882704
0 0.3859375 0.8489065606361829 0.019791666666666666 0.02186878727634195
0 0.26458333333333334 0.8434393638170974 0.013541666666666667 0.006958250497017893
0 0.5325520833333334 0.8523856858846919 0.022395833333333334 0.02286282306163022
0 0.196875 0.8663021868787276 0.025 0.048707753479125246
0 0.2838541666666667 0.8558648111332008 0.009375 0.02584493041749503
0 0.5130208333333334 0.8707753479125249 0.010416666666666666 0.02385685884691849
0 0.4390625 0.8687872763419483 0.008333333333333333 0.017892644135188866
0 0.6638020833333333 0.8658051689860835 0.0171875 0.009940357852882704
0 0.46171875 0.8817097415506958 0.008854166666666666 0.02982107355864811
0 0.52890625 0.878727634194831 0.009895833333333333 0.019880715705765408
0 0.28984375 0.878727634194831 0.0140625 0.017892644135188866
0 0.7338541666666667 0.8881709741550696 0.022916666666666665 0.030815109343936383
0 0.24895833333333334 0.8886679920477137 0.01875 0.02584493041749503
0 0.22265625 0.8936381709741551 0.0171875 0.02385685884691849
0 0.6 0.8981113320079522 0.00625 0.032803180914512925
0 0.9244791666666666 0.8946322067594433 0.019791666666666666 0.02385685884691849
0 0.3377604166666667 0.9035785288270378 0.009895833333333333 0.03777335984095427
0 0.5033854166666667 0.8996023856858847 0.013020833333333334 0.017892644135188866
0 0.3645833333333333 0.9085487077534792 0.011458333333333333 0.033797216699801194
0 0.054947916666666666 0.915506958250497 0.0265625 0.02584493041749503
0 0.48671875 0.9239562624254473 0.009895833333333333 0.04473161033797217
0 0.4421875 0.9234592445328031 0.010416666666666666 0.03578528827037773
0 0.6703125 0.9130218687872763 0.013541666666666667 0.012922465208747515
0 0.959375 0.9160039761431411 0.00625 0.018886679920477135
0 0.00546875 0.9209741550695825 0.0109375 0.02485089463220676
0 0.19088541666666667 0.9184890656063618 0.019270833333333334 0.015904572564612324
0 0.98671875 0.9224652087475149 0.018229166666666668 0.017892644135188866
0 0.5135416666666667 0.9284294234592445 0.019791666666666666 0.019880715705765408
0 0.018489583333333334 0.9289264413518886 0.013020833333333334 0.014910536779324055
0 0.32369791666666664 0.9294234592445328 0.019270833333333334 0.013916500994035786
0 0.6971354166666667 0.9393638170974155 0.0109375 0.033797216699801194
0 0.075 0.9418489065606361 0.014583333333333334 0.0268389662027833
0 0.46484375 0.9423459244532804 0.0067708333333333336 0.02584493041749503
0 0.9622395833333334 0.9418489065606361 0.0067708333333333336 0.018886679920477135
0 0.029947916666666668 0.9433399602385686 0.009895833333333333 0.013916500994035786
0 0.21380208333333334 0.9622266401590457 0.011979166666666667 0.027833001988071572
0 0.09427083333333333 0.9582504970178927 0.01875 0.017892644135188866
0 0.91640625 0.9617296222664016 0.019270833333333334 0.020874751491053677
0 0.3606770833333333 0.963220675944334 0.022395833333333334 0.015904572564612324
0 0.5145833333333333 0.9666998011928429 0.010416666666666666 0.010934393638170975
0 0.26067708333333334 0.9885685884691849 0.011979166666666667 0.020874751491053677
0 0.9190104166666667 0.9860834990059643 0.0234375 0.013916500994035786
0 0.45390625 0.9920477137176938 0.013020833333333334 0.013916500994035786
0 0.8752604166666667 0.9930417495029821 0.013020833333333334 0.011928429423459244