0 0.93984375 0.07902584493041749 0.0171875 0.032803180914512925
0 0.3645833333333333 0.09542743538767395 0.0125 0.017892644135188866
0 0.5026041666666666 0.1466202783300199 0.015625 0.014910536779324055
0 0.38984375 0.16153081510934394 0.009895833333333333 0.03479125248508946
0 0.4049479166666667 0.17147117296222664 0.022395833333333334 0.03876739562624255
0 0.37265625 0.19234592445328033 0.0171875 0.03876739562624255
0 0.9533854166666667 0.22514910536779323 0.0109375 0.02286282306163022
0 0.3221354166666667 0.2634194831013916 0.0140625 0.02186878727634195
0 0.4434895833333333 0.27435387673956263 0.0046875 0.02982107355864811
0 0.49270833333333336 0.2907554671968191 0.005208333333333333 0.02286282306163022
0 0.3614583333333333 0.34393638170974156 0.019791666666666666 0.02186878727634195
0 0.09192708333333334 0.3697813121272366 0.03177083333333333 0.033797216699801194
0 0.47890625 0.4165009940357853 0.0171875 0.015904572564612324
0 0.50546875 0.4304174950298211 0.013020833333333334 0.017892644135188866
0 0.54453125 0.46322067594433397 0.0140625 0.015904572564612324
0 0.44192708333333336 0.4840954274353877 0.0067708333333333336 0.02584493041749503
0 0.4315104166666667 0.49353876739562624 0.008854166666666666 0.032803180914512925
0 0.38984375 0.5064612326043738 0.0140625 0.030815109343936383
0 0.40286458333333336 0.5064612326043738 0.0078125 0.020874751491053677
0 0.4669270833333333 0.5134194831013916 0.008854166666666666 0.0268389662027833
0 0.4895833333333333 0.5293240556660039 0.008333333333333333 0.012922465208747515
0 0.38046875 0.5362823061630219 0.011979166666666667 0.012922465208747515
0 0.46640625 0.5601391650099403 0.021354166666666667 0.05666003976143141
0 0.9630208333333333 0.5621272365805169 0.00625 0.036779324055666
0 0.6015625 0.5591451292246521 0.0125 0.02485089463220676
0 0.4739583333333333 0.5541749502982107 0.008333333333333333 0.010934393638170975
0 0.5432291666666667 0.5666003976143141 0.005208333333333333 0.03180914512922465
0 0.42473958333333334 0.5745526838966203 0.008854166666666666 0.015904572564612324
0 0.48046875 0.5805168986083499 0.0067708333333333336 0.017892644135188866
0 0.3734375 0.581013916500994 0.014583333333333334 0.008946322067594433
0 0.43307291666666664 0.5879721669980119 0.016145833333333335 0.018886679920477135
0 0.40859375 0.5974155069582505 0.015104166666666667 0.02584493041749503
0 0.44296875 0.6063618290258449 0.021354166666666667 0.0437375745526839
0 0.4705729166666667 0.6163021868787276 0.0203125 0.02584493041749503
0 0.5205729166666667 0.6163021868787276 0.011979166666666667 0.013916500994035786
0 0.3854166666666667 0.6351888667992047 0.009375 0.03180914512922465
0 0.48125 0.6381709741550696 0.013541666666666667 0.02186878727634195
0 0.4453125 0.6610337972166997 0.008333333333333333 0.015904572564612324
0 0.41380208333333335 0.6829025844930418 0.013020833333333334 0.02186878727634195
0 0.3859375 0.6898608349900597 0.009375 0.027833001988071572
0 0.34010416666666665 0.6953280318091452 0.010416666666666666 0.010934393638170975
0 0.3453125 0.7201789264413518 0.008333333333333333 0.02882703777335984
0 0.4471354166666667 0.7201789264413518 0.0109375 0.030815109343936383
0 0.46588541666666666 0.7331013916500994 0.005729166666666666 0.020874751491053677
0 0.0421875 0.7773359840954275 0.013541666666666667 0.02982107355864811
0 0.8744791666666667 0.7738568588469185 0.008333333333333333 0.010934393638170975
0 0.23723958333333334 0.8841948310139165 0.0171875 0.014910536779324055
0 0.3145833333333333 0.9239562624254473 0.011458333333333333 0.02485089463220676
0 0.33151041666666664 0.9547713717693836 0.0067708333333333336 0.016898608349900597
0 0.33489583333333334 0.9791252485089463 0.007291666666666667 0.02385685884691849