0 0.12760416666666666 0.009443339960238568 0.005208333333333333 0.018886679920477135
0 0.9434895833333333 0.007952286282306162 0.0078125 0.015904572564612324
0 0.86640625 0.020874751491053677 0.0078125 0.019880715705765408
0 0.25234375 0.023359840954274354 0.009895833333333333 0.020874751491053677
0 0.93046875 0.04671968190854871 0.008854166666666666 0.017892644135188866
0 0.8255208333333334 0.15059642147117297 0.010416666666666666 0.02882703777335984
0 0.5875 0.1540755467196819 0.009375 0.02584493041749503
0 0.8135416666666667 0.15854870775347912 0.007291666666666667 0.02286282306163022
0 0.7401041666666667 0.16749502982107356 0.008333333333333333 0.02882703777335984
0 0.97734375 0.21073558648111332 0.009895833333333333 0.019880715705765408
0 0.9484375 0.2286282306163022 0.0125 0.019880715705765408
0 0.29192708333333334 0.23210735586481113 0.0046875 0.02286282306163022
0 0.3802083333333333 0.2370775347912525 0.009375 0.018886679920477135
0 0.92421875 0.2539761431411531 0.015104166666666667 0.016898608349900597
0 0.9651041666666667 0.2539761431411531 0.008333333333333333 0.014910536779324055
0 0.96953125 0.2897614314115308 0.015104166666666667 0.020874751491053677
0 0.37890625 0.3061630218687873 0.011979166666666667 0.02385685884691849
0 0.32109375 0.3404572564612326 0.008854166666666666 0.010934393638170975
0 0.28411458333333334 0.3499005964214712 0.011979166666666667 0.019880715705765408
0 0.34140625 0.36530815109343934 0.011979166666666667 0.0268389662027833
0 0.99375 0.37524850894632206 0.011458333333333333 0.020874751491053677
0 0.3541666666666667 0.37922465208747513 0.013541666666666667 0.018886679920477135
0 0.7651041666666667 0.38469184890656066 0.007291666666666667 0.02186878727634195
0 0.95078125 0.38618290258449306 0.013020833333333334 0.010934393638170975
0 0.5296875 0.40059642147117297 0.014583333333333334 0.03180914512922465
0 0.5098958333333333 0.44681908548707755 0.013541666666666667 0.008946322067594433
0 0.0036458333333333334 0.46322067594433397 0.007291666666666667 0.015904572564612324
0 0.9950520833333333 0.4990059642147117 0.008854166666666666 0.017892644135188866
0 0.98359375 0.5432405566600398 0.013020833333333334 0.020874751491053677
0 0.1125 0.5566600397614314 0.013541666666666667 0.009940357852882704
0 0.9856770833333334 0.5670974155069582 0.008854166666666666 0.02485089463220676
0 0.9265625 0.5695825049701789 0.004166666666666667 0.017892644135188866
0 0.9723958333333333 0.5775347912524851 0.014583333333333334 0.019880715705765408
0 0.9375 0.5834990059642147 0.014583333333333334 0.02385685884691849
0 0.36276041666666664 0.584493041749503 0.013020833333333334 0.009940357852882704
0 0.1171875 0.6018886679920478 0.010416666666666666 0.012922465208747515
0 0.65078125 0.6575546719681908 0.0109375 0.0268389662027833
0 0.8861979166666667 0.6610337972166997 0.018229166666666668 0.02982107355864811
0 0.721875 0.6660039761431411 0.011458333333333333 0.011928429423459244
0 0.6971354166666667 0.6943339960238568 0.0046875 0.02286282306163022
0 0.72578125 0.7037773359840954 0.0078125 0.02584493041749503
0 0.39765625 0.7186878727634195 0.008854166666666666 0.017892644135188866
0 0.63515625 0.7162027833001988 0.013020833333333334 0.010934393638170975
0 0.8200520833333333 0.7251491053677932 0.016145833333333335 0.020874751491053677
0 0.44427083333333334 0.739065606361829 0.014583333333333334 0.042743538767395624
0 0.5802083333333333 0.7410536779324056 0.011458333333333333 0.02882703777335984
0 0.7520833333333333 0.7345924453280318 0.010416666666666666 0.015904572564612324
0 0.3854166666666667 0.7400596421471173 0.011458333333333333 0.018886679920477135
0 0.9265625 0.7410536779324056 0.016666666666666666 0.012922465208747515
0 0.6645833333333333 0.7504970178926441 0.007291666666666667 0.02584493041749503
0 0.6932291666666667 0.7524850894632207 0.0125 0.019880715705765408
0 0.8984375 0.7713717693836978 0.019791666666666666 0.02982107355864811
0 0.7109375 0.7793240556660039 0.019791666666666666 0.02982107355864811
0 0.6466145833333333 0.7877733598409543 0.015104166666666667 0.02485089463220676
0 0.2950520833333333 0.7882703777335984 0.0171875 0.02186878727634195
0 0.80859375 0.8001988071570576 0.0203125 0.015904572564612324
0 0.61640625 0.8066600397614314 0.005729166666666666 0.020874751491053677
0 0.6302083333333334 0.808648111332008 0.010416666666666666 0.020874751491053677
0 0.006510416666666667 0.812624254473161 0.013020833333333334 0.014910536779324055
0 0.5169270833333334 0.8180914512922465 0.0067708333333333336 0.02385685884691849
0 0.6205729166666667 0.8255467196819085 0.015104166666666667 0.020874751491053677
0 0.2875 0.8260437375745527 0.009375 0.017892644135188866
0 0.7036458333333333 0.8339960238568589 0.0125 0.03180914512922465
0 0.7255208333333333 0.8354870775347912 0.014583333333333334 0.02882703777335984
0 0.6505208333333333 0.8374751491053678 0.022916666666666665 0.02485089463220676
0 0.6705729166666666 0.831013916500994 0.016145833333333335 0.011928429423459244
0 0.2713541666666667 0.845427435387674 0.009375 0.02882703777335984
0 0.5471354166666667 0.8474155069582505 0.011979166666666667 0.018886679920477135
0 0.6739583333333333 0.8518886679920478 0.013541666666666667 0.011928429423459244
0 0.5627604166666667 0.8742544731610338 0.0203125 0.05069582504970179
0 0.5377604166666666 0.8707753479125249 0.019270833333333334 0.03777335984095427
0 0.7013020833333333 0.8742544731610338 0.018229166666666668 0.032803180914512925
0 0.603125 0.8861829025844931 0.025 0.030815109343936383
0 0.6393229166666666 0.8851888667992047 0.0078125 0.014910536779324055
0 0.5463541666666667 0.9005964214711729 0.014583333333333334 0.039761431411530816
0 0.6223958333333334 0.9020874751491054 0.0125 0.02485089463220676
0 0.6645833333333333 0.9065606361829026 0.011458333333333333 0.013916500994035786
0 0.6036458333333333 0.9120278330019881 0.00625 0.018886679920477135
0 0.3333333333333333 0.9249502982107356 0.008333333333333333 0.020874751491053677
0 0.3653645833333333 0.9264413518886679 0.016145833333333335 0.017892644135188866
0 0.2760416666666667 0.9463220675944334 0.011458333333333333 0.027833001988071572
0 0.6286458333333333 0.94831013916501 0.005208333333333333 0.02584493041749503
0 0.5098958333333333 0.9577534791252486 0.014583333333333334 0.016898608349900597
0 0.85078125 0.9726640159045725 0.0078125 0.04473161033797217
0 0.571875 0.9647117296222664 0.014583333333333334 0.02286282306163022
0 0.65390625 0.9731610337972167 0.008854166666666666 0.02584493041749503
0 0.44635416666666666 0.9786282306163022 0.015625 0.02286282306163022
0 0.6802083333333333 0.9806163021868787 0.01875 0.018886679920477135
0 0.7385416666666667 0.9831013916500994 0.01875 0.011928429423459244