0 0.6171875 0.005964214711729622 0.007291666666666667 0.011928429423459244
0 0.7997395833333333 0.01242544731610338 0.008854166666666666 0.02485089463220676
0 0.77890625 0.016898608349900597 0.008854166666666666 0.019880715705765408
0 0.8263020833333333 0.01441351888667992 0.011979166666666667 0.014910536779324055
0 0.909375 0.03876739562624255 0.013541666666666667 0.02186878727634195
0 0.7848958333333333 0.042743538767395624 0.0125 0.02385685884691849
0 0.6864583333333333 0.04821073558648111 0.015625 0.030815109343936383
0 0.6361979166666667 0.05964214711729622 0.011979166666666667 0.017892644135188866
0 0.8106770833333333 0.06411530815109344 0.0140625 0.0268389662027833
0 0.72265625 0.09343936381709742 0.0140625 0.03777335984095427
0 0.9234375 0.10288270377733598 0.030208333333333334 0.04473161033797217
0 0.7940104166666667 0.10337972166998012 0.008854166666666666 0.019880715705765408
0 0.8044270833333333 0.12326043737574553 0.0078125 0.02584493041749503
0 0.7515625 0.1525844930417495 0.009375 0.02882703777335984
0 0.87265625 0.16500994035785288 0.009895833333333333 0.017892644135188866
0 0.77890625 0.176441351888668 0.0109375 0.032803180914512925
0 0.6752604166666667 0.17743538767395625 0.009895833333333333 0.018886679920477135
0 0.49609375 0.18886679920477137 0.0140625 0.03777335984095427
0 0.9122395833333333 0.1988071570576541 0.022395833333333334 0.04572564612326044
0 0.5747395833333333 0.19234592445328033 0.008854166666666666 0.0268389662027833
0 0.7020833333333333 0.2276341948310139 0.008333333333333333 0.02186878727634195
0 0.7265625 0.2286282306163022 0.008333333333333333 0.019880715705765408
0 0.9325520833333333 0.23807157057654074 0.008854166666666666 0.018886679920477135
0 0.35208333333333336 0.24950298210735586 0.007291666666666667 0.011928429423459244
0 0.63359375 0.28677932405566603 0.009895833333333333 0.030815109343936383
0 0.8026041666666667 0.2907554671968191 0.007291666666666667 0.018886679920477135
0 0.31276041666666665 0.28876739562624254 0.015104166666666667 0.010934393638170975
0 0.6184895833333334 0.31858846918489064 0.0067708333333333336 0.02286282306163022
0 0.36223958333333334 0.33101391650099404 0.0067708333333333336 0.009940357852882704
0 0.8328125 0.334493041749503 0.011458333333333333 0.010934393638170975
0 0.93671875 0.3543737574552684 0.0109375 0.032803180914512925
0 0.3572916666666667 0.35934393638170975 0.008333333333333333 0.02286282306163022
0 0.95703125 0.3643141153081511 0.0140625 0.02286282306163022
0 0.78671875 0.3658051689860835 0.005729166666666666 0.02186878727634195
0 0.7703125 0.3802186878727634 0.009375 0.018886679920477135
0 0.8229166666666666 0.40059642147117297 0.008333333333333333 0.02385685884691849
0 0.7354166666666667 0.4234592445328032 0.026041666666666668 0.03777335984095427
0 0.62265625 0.41699801192842945 0.013020833333333334 0.012922465208747515
0 0.8940104166666667 0.43290258449304175 0.0078125 0.02882703777335984
0 0.703125 0.43737574552683894 0.009375 0.02385685884691849
0 0.9130208333333333 0.46322067594433397 0.013541666666666667 0.011928429423459244
0 0.78515625 0.4845924453280318 0.0171875 0.04473161033797217
0 0.9111979166666667 0.5 0.0109375 0.02385685884691849
0 0.7427083333333333 0.5049701789264414 0.0125 0.027833001988071572
0 0.9640625 0.5034791252485089 0.0125 0.02485089463220676
0 0.6434895833333333 0.536779324055666 0.0046875 0.027833001988071572
0 0.6765625 0.5337972166998012 0.0125 0.02186878727634195
0 0.7658854166666667 0.5656063618290258 0.019270833333333334 0.019880715705765408
0 0.6614583333333334 0.56610337972167 0.015625 0.010934393638170975
0 0.4140625 0.5730616302186878 0.015625 0.02286282306163022
0 0.17239583333333333 0.6018886679920478 0.016666666666666666 0.020874751491053677
0 0.31197916666666664 0.6093439363817097 0.005208333333333333 0.03180914512922465
0 0.75859375 0.602882703777336 0.011979166666666667 0.014910536779324055
0 0.7276041666666667 0.628727634194831 0.020833333333333332 0.05069582504970179
0 0.33541666666666664 0.6177932405566601 0.014583333333333334 0.02286282306163022
0 0.828125 0.6307157057654076 0.015625 0.0268389662027833
0 0.77109375 0.6386679920477137 0.009895833333333333 0.0268389662027833
0 0.21510416666666668 0.6376739562624254 0.01875 0.020874751491053677
0 0.68203125 0.6476143141153081 0.013020833333333334 0.032803180914512925
0 0.7494791666666667 0.6486083499005965 0.005208333333333333 0.02286282306163022
0 0.846875 0.6605367793240556 0.010416666666666666 0.02286282306163022
0 0.6122395833333333 0.6804174950298211 0.0140625 0.020874751491053677
0 0.8348958333333333 0.6938369781312127 0.007291666666666667 0.03578528827037773
0 0.6598958333333333 0.6943339960238568 0.011458333333333333 0.030815109343936383
0 0.6825520833333333 0.6993041749502982 0.011979166666666667 0.018886679920477135
0 0.7015625 0.7112326043737575 0.008333333333333333 0.010934393638170975
0 0.28046875 0.7335984095427436 0.0140625 0.017892644135188866
0 0.6231770833333333 0.7430417495029821 0.0140625 0.0268389662027833
0 0.6981770833333333 0.7430417495029821 0.008854166666666666 0.02485089463220676
0 0.8104166666666667 0.7614314115308151 0.005208333333333333 0.02385685884691849
0 0.7411458333333333 0.7703777335984096 0.007291666666666667 0.02982107355864811
0 0.2838541666666667 0.7783300198807157 0.008333333333333333 0.02982107355864811
0 0.8330729166666667 0.782803180914513 0.008854166666666666 0.02286282306163022
0 0.5598958333333334 0.7847912524850894 0.015625 0.008946322067594433
0 0.7013020833333333 0.797713717693837 0.0036458333333333334 0.02286282306163022
0 0.11614583333333334 0.8195825049701789 0.010416666666666666 0.032803180914512925
0 0.89609375 0.8180914512922465 0.015104166666666667 0.017892644135188866
0 0.06588541666666667 0.8330019880715706 0.0109375 0.03777335984095427
0 0.84921875 0.8369781312127237 0.0265625 0.027833001988071572
0 0.6291666666666667 0.841948310139165 0.022916666666666665 0.02385685884691849
0 0.5481770833333334 0.8503976143141153 0.0203125 0.032803180914512925
0 0.8197916666666667 0.8464214711729622 0.013541666666666667 0.016898608349900597
0 0.56875 0.8737574552683897 0.016666666666666666 0.0437375745526839
0 0.64140625 0.8628230616302187 0.018229166666666668 0.013916500994035786
0 0.35442708333333334 0.8916500994035785 0.0078125 0.02385685884691849
0 0.7692708333333333 0.8841948310139165 0.009375 0.006958250497017893
0 0.7815104166666667 0.904572564612326 0.0109375 0.015904572564612324
0 0.6299479166666667 0.911530815109344 0.011979166666666667 0.019880715705765408
0 0.9401041666666666 0.9249502982107356 0.009375 0.032803180914512925
0 0.9018229166666667 0.9269383697813122 0.008854166666666666 0.0268389662027833
0 0.5416666666666666 0.9259443339960238 0.013541666666666667 0.014910536779324055
0 0.9846354166666667 0.9329025844930418 0.019270833333333334 0.02286282306163022
0 0.7713541666666667 0.9438369781312127 0.010416666666666666 0.02485089463220676
0 0.5552083333333333 0.9642147117296223 0.011458333333333333 0.0536779324055666
0 0.31536458333333334 0.9622266401590457 0.0140625 0.02982107355864811
0 0.80234375 0.9622266401590457 0.0067708333333333336 0.027833001988071572
0 0.49270833333333336 0.9572564612326043 0.016666666666666666 0.011928429423459244
0 0.5734375 0.9736580516898609 0.015625 0.040755467196819085
0 0.6841145833333333 0.9776341948310139 0.0078125 0.016898608349900597
0 0.8106770833333333 0.9831013916500994 0.0067708333333333336 0.02584493041749503
0 0.9776041666666667 0.9811133200795229 0.013541666666666667 0.02385685884691849
0 0.22421875 0.9801192842942346 0.0171875 0.013916500994035786
0 0.6229166666666667 0.981610337972167 0.011458333333333333 0.016898608349900597
0 0.6708333333333333 0.9885685884691849 0.009375 0.020874751491053677
0 0.07864583333333333 0.9880715705765407 0.008333333333333333 0.013916500994035786
0 0.6338541666666667 0.9905566600397614 0.007291666666666667 0.016898608349900597
0 0.7919270833333333 0.9910536779324056 0.005729166666666666 0.015904572564612324
0 0.5872395833333334 0.9930417495029821 0.008854166666666666 0.011928429423459244
0 0.6609375 0.9955268389662028 0.015625 0.006958250497017893