0 0.8807291666666667 0.010934393638170975 0.0125 0.02186878727634195
0 0.8958333333333334 0.03777335984095427 0.007291666666666667 0.013916500994035786
0 0.5223958333333333 0.05467196819085487 0.016666666666666666 0.03777335984095427
0 0.38125 0.18389662027833 0.013541666666666667 0.019880715705765408
0 0.7395833333333334 0.1933399602385686 0.017708333333333333 0.02286282306163022
0 0.7380208333333333 0.2231610337972167 0.021875 0.036779324055666
0 0.46458333333333335 0.25745526838966204 0.017708333333333333 0.02186878727634195
0 0.62265625 0.28777335984095426 0.015104166666666667 0.02882703777335984
0 0.7890625 0.31809145129224653 0.008333333333333333 0.02385685884691849
0 0.40520833333333334 0.3379721669980119 0.014583333333333334 0.015904572564612324
0 0.6625 0.36033797216699803 0.015625 0.02286282306163022
0 0.78671875 0.3956262425447316 0.0078125 0.02186878727634195
0 0.69609375 0.4100397614314115 0.005729166666666666 0.02882703777335984
0 0.62265625 0.415506958250497 0.0067708333333333336 0.02982107355864811
0 0.765625 0.4110337972166998 0.0125 0.014910536779324055
0 0.7536458333333333 0.4179920477137177 0.011458333333333333 0.02485089463220676
0 0.93125 0.4224652087475149 0.011458333333333333 0.02186878727634195
0 0.8200520833333333 0.43290258449304175 0.018229166666666668 0.030815109343936383
0 0.7734375 0.4363817097415507 0.010416666666666666 0.03180914512922465
0 0.865625 0.4403578528827038 0.016666666666666666 0.027833001988071572
0 0.8494791666666667 0.4537773359840954 0.019791666666666666 0.032803180914512925
0 0.7986979166666667 0.4552683896620278 0.019270833333333334 0.03578528827037773
0 0.6161458333333333 0.4463220675944334 0.014583333333333334 0.019880715705765408
0 0.8994791666666667 0.46222664015904574 0.011458333333333333 0.015904572564612324
0 0.7473958333333334 0.4671968190854871 0.013541666666666667 0.017892644135188866
0 0.6041666666666666 0.49403578528827036 0.015625 0.02982107355864811
0 0.09192708333333334 0.48807157057654077 0.015104166666666667 0.013916500994035786
0 0.13932291666666666 0.5248508946322068 0.009895833333333333 0.03777335984095427
0 0.6028645833333334 0.5452286282306164 0.005729166666666666 0.036779324055666
0 0.84140625 0.5462226640159046 0.0171875 0.02485089463220676
0 0.6463541666666667 0.5536779324055666 0.016666666666666666 0.011928429423459244
0 0.97890625 0.5914512922465208 0.013020833333333334 0.02385685884691849
0 0.9247395833333333 0.6252485089463221 0.0265625 0.08151093439363817
0 0.9013020833333333 0.6008946322067594 0.005729166666666666 0.030815109343936383
0 0.8497395833333333 0.606858846918489 0.009895833333333333 0.018886679920477135
0 0.7752604166666667 0.6197813121272365 0.016145833333333335 0.032803180914512925
0 0.57890625 0.621272365805169 0.0171875 0.03578528827037773
0 0.69375 0.6272365805168986 0.021875 0.03777335984095427
0 0.8580729166666666 0.7137176938369781 0.009895833333333333 0.03777335984095427
0 0.6369791666666667 0.7256461232604374 0.008333333333333333 0.03578528827037773
0 0.96953125 0.7659045725646123 0.016145833333333335 0.02485089463220676
0 0.9434895833333333 0.8225646123260437 0.015104166666666667 0.02286282306163022
0 0.87109375 0.8687872763419483 0.021354166666666667 0.02186878727634195
0 0.9953125 0.8851888667992047 0.009375 0.016898608349900597
0 0.9260416666666667 0.9135188866799204 0.0125 0.02385685884691849
0 0.6716145833333333 0.915506958250497 0.008854166666666666 0.02584493041749503
0 0.9364583333333333 0.9453280318091452 0.017708333333333333 0.015904572564612324
0 0.8825520833333333 0.9507952286282306 0.008854166666666666 0.020874751491053677
0 0.9502604166666667 0.9577534791252486 0.019270833333333334 0.016898608349900597