0 0.71015625 0.027335984095427434 0.011979166666666667 0.0268389662027833
0 0.9578125 0.04224652087475149 0.009375 0.016898608349900597
0 0.86328125 0.25497017892644136 0.019270833333333334 0.02485089463220676
0 0.6122395833333333 0.6207753479125249 0.008854166666666666 0.030815109343936383
0 0.8453125 0.7226640159045725 0.007291666666666667 0.02186878727634195
0 0.6158854166666666 0.7564612326043738 0.008854166666666666 0.02982107355864811
0 0.92109375 0.8116302186878728 0.0109375 0.02286282306163022
0 0.4869791666666667 0.8275347912524851 0.017708333333333333 0.014910536779324055
0 0.32578125 0.8618290258449304 0.018229166666666668 0.04572564612326044
0 0.5619791666666667 0.867296222664016 0.008333333333333333 0.030815109343936383
0 0.40286458333333336 0.8737574552683897 0.0109375 0.02584493041749503
0 0.6263020833333334 0.871272365805169 0.0067708333333333336 0.02286282306163022
0 0.5466145833333333 0.8767395626242545 0.015104166666666667 0.015904572564612324
0 0.5341145833333333 0.9100397614314115 0.015104166666666667 0.032803180914512925
0 0.334375 0.9110337972166997 0.015625 0.02485089463220676
0 0.68046875 0.904572564612326 0.015104166666666667 0.011928429423459244
0 0.6622395833333333 0.9100397614314115 0.0067708333333333336 0.010934393638170975
0 0.42161458333333335 0.9135188866799204 0.013020833333333334 0.011928429423459244
0 0.6083333333333333 0.9358846918489065 0.009375 0.014910536779324055
0 0.6763020833333333 0.9358846918489065 0.009895833333333333 0.014910536779324055
0 0.5651041666666666 0.9453280318091452 0.0125 0.013916500994035786
0 0.290625 0.9910536779324056 0.009375 0.015904572564612324