0 0.8369791666666667 0.009443339960238568 0.01875 0.018886679920477135
0 0.7888020833333333 0.0054671968190854875 0.0067708333333333336 0.010934393638170975
0 0.89140625 0.0621272365805169 0.011979166666666667 0.042743538767395624
0 0.8005208333333333 0.05417495029821073 0.017708333333333333 0.020874751491053677
0 0.48776041666666664 0.05815109343936382 0.0203125 0.014910536779324055
0 0.58984375 0.0874751491053678 0.0109375 0.03180914512922465
0 0.6947916666666667 0.08499005964214712 0.01875 0.020874751491053677
0 0.7591145833333334 0.14165009940357853 0.022395833333333334 0.016898608349900597
0 0.7049479166666667 0.25596421471172964 0.013020833333333334 0.016898608349900597
0 0.95703125 0.28628230616302186 0.016145833333333335 0.02385685884691849
0 0.5268229166666667 0.29025844930417494 0.011979166666666667 0.02584493041749503
0 0.03359375 0.2957256461232604 0.015104166666666667 0.030815109343936383
0 0.17161458333333332 0.30069582504970177 0.0078125 0.02485089463220676
0 0.39036458333333335 0.3036779324055666 0.022395833333333334 0.02882703777335984
0 0.3026041666666667 0.31510934393638174 0.0125 0.015904572564612324
0 0.6645833333333333 0.31809145129224653 0.016666666666666666 0.017892644135188866
0 0.31666666666666665 0.334493041749503 0.004166666666666667 0.02286282306163022
0 0.08697916666666666 0.3474155069582505 0.014583333333333334 0.03876739562624255
0 0.8393229166666667 0.3399602385685885 0.016145833333333335 0.017892644135188866
0 0.3546875 0.3667992047713718 0.007291666666666667 0.015904572564612324
0 0.19244791666666666 0.37773359840954274 0.013020833333333334 0.02385685884691849
0 0.7002604166666667 0.3802186878727634 0.0140625 0.016898608349900597
0 0.38619791666666664 0.3996023856858847 0.018229166666666668 0.02584493041749503
0 0.35260416666666666 0.3986083499005964 0.010416666666666666 0.02186878727634195
0 0.026302083333333334 0.4120278330019881 0.0515625 0.036779324055666
0 0.9697916666666667 0.4194831013916501 0.020833333333333332 0.03777335984095427
0 0.1359375 0.4378727634194831 0.008333333333333333 0.02485089463220676
0 0.5354166666666667 0.4408548707753479 0.003125 0.02286282306163022
0 0.008072916666666667 0.45278330019880714 0.015104166666666667 0.02286282306163022
0 0.26015625 0.45278330019880714 0.0171875 0.020874751491053677
0 0.45286458333333335 0.47813121272365805 0.0140625 0.02584493041749503
0 0.03671875 0.5149105367793241 0.019270833333333334 0.033797216699801194
0 0.840625 0.5054671968190855 0.013541666666666667 0.008946322067594433
0 0.5044270833333333 0.5263419483101391 0.005729166666666666 0.03479125248508946
0 0.5739583333333333 0.5412524850894632 0.013541666666666667 0.05069582504970179
0 0.3380208333333333 0.5278330019880716 0.0125 0.019880715705765408
0 0.6510416666666666 0.5412524850894632 0.015625 0.014910536779324055
0 0.31614583333333335 0.5497017892644135 0.025 0.027833001988071572
0 0.47682291666666665 0.5506958250497018 0.0078125 0.019880715705765408
0 0.9046875 0.5561630218687873 0.013541666666666667 0.0268389662027833
0 0.6828125 0.5591451292246521 0.007291666666666667 0.03479125248508946
0 0.7760416666666666 0.5775347912524851 0.009375 0.039761431411530816
0 0.6026041666666667 0.5750497017892644 0.0125 0.010934393638170975
0 0.6596354166666667 0.5839960238568589 0.019270833333333334 0.016898608349900597
0 0.5713541666666667 0.5874751491053678 0.008333333333333333 0.02385685884691849
0 0.5940104166666667 0.5964214711729622 0.013020833333333334 0.015904572564612324
0 0.55625 0.6018886679920478 0.016666666666666666 0.02882703777335984
0 0.02421875 0.6148111332007953 0.0265625 0.03479125248508946
0 0.6309895833333333 0.6073558648111332 0.015104166666666667 0.013916500994035786
0 0.44296875 0.6048707753479126 0.013020833333333334 0.008946322067594433
0 0.5416666666666666 0.6123260437375746 0.014583333333333334 0.02186878727634195
0 0.4822916666666667 0.6158051689860835 0.020833333333333332 0.016898608349900597
0 0.6 0.6207753479125249 0.00625 0.018886679920477135
0 0.6263020833333334 0.6312127236580517 0.0078125 0.02584493041749503
0 0.9494791666666667 0.6351888667992047 0.008333333333333333 0.02982107355864811
0 0.44088541666666664 0.6332007952286283 0.0046875 0.02584493041749503
0 0.7213541666666666 0.6262425447316103 0.0125 0.007952286282306162
0 0.27708333333333335 0.6371769383697813 0.013541666666666667 0.02982107355864811
0 0.5721354166666667 0.6361829025844931 0.013020833333333334 0.011928429423459244
0 0.47291666666666665 0.6540755467196819 0.016666666666666666 0.03578528827037773
0 0.59140625 0.6505964214711729 0.008854166666666666 0.018886679920477135
0 0.54765625 0.6535785288270378 0.018229166666666668 0.02286282306163022
0 0.76796875 0.6575546719681908 0.013020833333333334 0.008946322067594433
0 0.6606770833333333 0.6605367793240556 0.016145833333333335 0.012922465208747515
0 0.5700520833333333 0.6709741550695825 0.008854166666666666 0.02385685884691849
0 0.72578125 0.6824055666003976 0.0234375 0.03876739562624255
0 0.6036458333333333 0.6819085487077535 0.014583333333333334 0.015904572564612324
0 0.5875 0.6853876739562624 0.008333333333333333 0.020874751491053677
0 0.66484375 0.6833996023856859 0.013020833333333334 0.010934393638170975
0 0.9338541666666667 0.6918489065606361 0.017708333333333333 0.02186878727634195
0 0.63828125 0.6963220675944334 0.0234375 0.0268389662027833
0 0.6955729166666667 0.7162027833001988 0.009895833333333333 0.04473161033797217
0 0.5065104166666666 0.7122266401590457 0.009895833333333333 0.03876739562624255
0 0.52421875 0.7191848906560636 0.005729166666666666 0.032803180914512925
0 0.48098958333333336 0.7251491053677932 0.018229166666666668 0.02882703777335984
0 0.3606770833333333 0.7326043737574552 0.0046875 0.03578528827037773
0 0.446875 0.7514910536779325 0.01875 0.055666003976143144
0 0.5901041666666667 0.7365805168986084 0.019791666666666666 0.015904572564612324
0 0.42630208333333336 0.7534791252485089 0.0140625 0.04572564612326044
0 0.40963541666666664 0.7589463220675944 0.0109375 0.05467196819085487
0 0.47291666666666665 0.760934393638171 0.015625 0.030815109343936383
0 0.503125 0.7619284294234593 0.030208333333333334 0.0268389662027833
0 0.6932291666666667 0.7748508946322068 0.008333333333333333 0.03479125248508946
0 0.54609375 0.8011928429423459 0.016145833333333335 0.03578528827037773
0 0.38671875 0.797713717693837 0.005729166666666666 0.016898608349900597
0 0.5296875 0.8076540755467196 0.007291666666666667 0.02286282306163022
0 0.77734375 0.8185884691848907 0.0067708333333333336 0.02286282306163022
0 0.4283854166666667 0.8265407554671969 0.0140625 0.036779324055666
0 0.6114583333333333 0.8404572564612326 0.0125 0.012922465208747515
0 0.31015625 0.8503976143141153 0.0067708333333333336 0.030815109343936383
0 0.525 0.8553677932405567 0.009375 0.032803180914512925
0 0.0734375 0.852882703777336 0.008333333333333333 0.02584493041749503
0 0.6221354166666667 0.8538767395626242 0.009895833333333333 0.015904572564612324
0 0.023177083333333334 0.8533797216699801 0.0078125 0.014910536779324055
0 0.3854166666666667 0.8663021868787276 0.013541666666666667 0.02485089463220676
0 0.425 0.8618290258449304 0.015625 0.011928429423459244
0 0.5536458333333333 0.893141153081511 0.014583333333333334 0.03479125248508946
0 0.6919270833333333 0.9040755467196819 0.018229166666666668 0.014910536779324055
0 0.44479166666666664 0.908051689860835 0.015625 0.018886679920477135
0 0.89921875 0.9259443339960238 0.0171875 0.0268389662027833
0 0.5971354166666667 0.922962226640159 0.0140625 0.016898608349900597
0 0.971875 0.9512922465208747 0.014583333333333334 0.03578528827037773
0 0.684375 0.959741550695825 0.005208333333333333 0.0268389662027833
0 0.26484375 0.9602385685884692 0.015104166666666667 0.02584493041749503
0 0.6604166666666667 0.9612326043737575 0.013541666666666667 0.02186878727634195
0 0.10520833333333333 0.967196819085487 0.0125 0.02186878727634195
0 0.45598958333333334 0.9756461232604374 0.0078125 0.016898608349900597
0 0.05546875 0.981610337972167 0.06822916666666666 0.02286282306163022
0 0.5942708333333333 0.9870775347912525 0.0125 0.017892644135188866
0 0.5174479166666667 0.992544731610338 0.016145833333333335 0.012922465208747515