0 0.022916666666666665 0.008946322067594433 0.04583333333333333 0.017892644135188866
0 0.41380208333333335 0.006958250497017893 0.013020833333333334 0.013916500994035786
0 0.7088541666666667 0.022365805168986085 0.027083333333333334 0.04473161033797217
0 0.86875 0.025347912524850896 0.015625 0.05069582504970179
0 0.9583333333333334 0.0034791252485089465 0.03854166666666667 0.006958250497017893
0 0.4359375 0.024353876739562623 0.010416666666666666 0.03876739562624255
0 0.7283854166666667 0.028330019880715707 0.0140625 0.0268389662027833
0 0.5848958333333333 0.03876739562624255 0.0125 0.027833001988071572
0 0.6114583333333333 0.06262425447316103 0.013541666666666667 0.039761431411530816
0 0.5046875 0.06809145129224652 0.010416666666666666 0.02286282306163022
0 0.99296875 0.13817097415506957 0.013020833333333334 0.08349900596421471
0 0.16041666666666668 0.13220675944333996 0.0125 0.02982107355864811
0 0.96875 0.1540755467196819 0.011458333333333333 0.039761431411530816
0 0.33697916666666666 0.1749502982107356 0.014583333333333334 0.0536779324055666
0 0.6838541666666667 0.16600397614314116 0.01875 0.02584493041749503
0 0.3572916666666667 0.19483101391650098 0.026041666666666668 0.03180914512922465
0 0.14739583333333334 0.21272365805168986 0.0125 0.039761431411530816
0 0.13046875 0.21371769383697814 0.0109375 0.033797216699801194
0 0.4002604166666667 0.213220675944334 0.0109375 0.03479125248508946
0 0.853125 0.2276341948310139 0.008333333333333333 0.0437375745526839
0 0.42109375 0.2301192842942346 0.013020833333333334 0.03479125248508946
0 0.1125 0.2415506958250497 0.0125 0.03578528827037773
0 0.5182291666666666 0.2509940357852883 0.023958333333333335 0.020874751491053677
0 0.2078125 0.2504970178926441 0.016666666666666666 0.011928429423459244
0 0.4317708333333333 0.2639165009940358 0.0125 0.030815109343936383
0 0.77265625 0.2813121272365805 0.013020833333333334 0.0437375745526839
0 0.9786458333333333 0.2808151093439364 0.017708333333333333 0.032803180914512925
0 0.11510416666666666 0.3101391650099404 0.011458333333333333 0.027833001988071572
0 0.46875 0.3240556660039761 0.014583333333333334 0.0437375745526839
0 0.3619791666666667 0.32703777335984097 0.016666666666666666 0.015904572564612324
0 0.6638020833333333 0.3682902584493042 0.016145833333333335 0.042743538767395624
0 0.5067708333333333 0.3682902584493042 0.013541666666666667 0.010934393638170975
0 0.004427083333333333 0.40308151093439365 0.0067708333333333336 0.012922465208747515
0 0.15416666666666667 0.42196819085487075 0.017708333333333333 0.03876739562624255
0 0.50078125 0.41998011928429424 0.0078125 0.03479125248508946
0 0.9796875 0.4234592445328032 0.019791666666666666 0.041749502982107355
0 0.37890625 0.415506958250497 0.022395833333333334 0.017892644135188866
0 0.4 0.4259443339960239 0.005208333333333333 0.0268389662027833
0 0.6158854166666666 0.43290258449304175 0.0140625 0.008946322067594433
0 0.55234375 0.46421471172962225 0.0328125 0.04970178926441352
0 0.35390625 0.45029821073558646 0.019270833333333334 0.017892644135188866
0 0.5020833333333333 0.46819085487077533 0.009375 0.02982107355864811
0 0.31484375 0.47862823061630216 0.0234375 0.02485089463220676
0 0.3966145833333333 0.4726640159045726 0.008854166666666666 0.012922465208747515
0 0.6041666666666666 0.4955268389662028 0.007291666666666667 0.02485089463220676
0 0.36171875 0.4970178926441352 0.011979166666666667 0.02385685884691849
0 0.41041666666666665 0.4945328031809145 0.007291666666666667 0.014910536779324055
0 0.16770833333333332 0.5049701789264414 0.01875 0.03180914512922465
0 0.7244791666666667 0.5049701789264414 0.025 0.02584493041749503
0 0.40078125 0.5084493041749503 0.0078125 0.014910536779324055
0 0.34869791666666666 0.5129224652087475 0.015104166666666667 0.019880715705765408
0 0.3104166666666667 0.5218687872763419 0.011458333333333333 0.03180914512922465
0 0.45234375 0.5278330019880716 0.0109375 0.027833001988071572
0 0.40729166666666666 0.5521868787276342 0.011458333333333333 0.0268389662027833
0 0.48203125 0.5521868787276342 0.005729166666666666 0.020874751491053677
0 0.3294270833333333 0.5705765407554672 0.024479166666666666 0.041749502982107355
0 0.94609375 0.5636182902584493 0.0067708333333333336 0.027833001988071572
0 0.5026041666666666 0.5581510934393639 0.0125 0.008946322067594433
0 0.36640625 0.5730616302186878 0.009895833333333333 0.032803180914512925
0 0.9630208333333333 0.5680914512922465 0.014583333333333334 0.02485089463220676
0 0.31015625 0.5785288270377733 0.015104166666666667 0.027833001988071572
0 0.38984375 0.5869781312127237 0.0109375 0.036779324055666
0 0.41041666666666665 0.5805168986083499 0.01875 0.02186878727634195
0 0.6208333333333333 0.5874751491053678 0.0125 0.02982107355864811
0 0.45416666666666666 0.5989065606361829 0.0125 0.040755467196819085
0 0.4395833333333333 0.6063618290258449 0.0125 0.02385685884691849
0 0.29453125 0.6197813121272365 0.028645833333333332 0.04671968190854871
0 0.5125 0.6073558648111332 0.009375 0.02385685884691849
0 0.35182291666666665 0.6307157057654076 0.019270833333333334 0.06063618290258449
0 0.5463541666666667 0.6063618290258449 0.014583333333333334 0.009940357852882704
0 0.03463541666666667 0.6217693836978131 0.0203125 0.02882703777335984
0 0.13671875 0.6138170974155069 0.016145833333333335 0.012922465208747515
0 0.5796875 0.614314115308151 0.017708333333333333 0.013916500994035786
0 0.19244791666666666 0.6187872763419483 0.0067708333333333336 0.016898608349900597
0 0.2713541666666667 0.6148111332007953 0.013541666666666667 0.008946322067594433
0 0.9739583333333334 0.6282306163021869 0.023958333333333335 0.03777335984095427
0 0.42630208333333336 0.6232604373757455 0.013020833333333334 0.02186878727634195
0 0.259375 0.6446322067594433 0.017708333333333333 0.030815109343936383
0 0.13411458333333334 0.6456262425447317 0.021354166666666667 0.02485089463220676
0 0.4549479166666667 0.6525844930417495 0.0067708333333333336 0.02286282306163022
0 0.49661458333333336 0.6789264413518886 0.0078125 0.03777335984095427
0 0.5809895833333333 0.6744532803180915 0.009895833333333333 0.020874751491053677
0 0.41354166666666664 0.6784294234592445 0.020833333333333332 0.02485089463220676
0 0.2671875 0.6774353876739563 0.015625 0.020874751491053677
0 0.346875 0.6893638170974155 0.007291666666666667 0.036779324055666
0 0.4765625 0.6853876739562624 0.009375 0.02286282306163022
0 0.9627604166666667 0.6988071570576541 0.021354166666666667 0.039761431411530816
0 0.3294270833333333 0.7012922465208747 0.0078125 0.03479125248508946
0 0.5950520833333334 0.7042743538767395 0.013020833333333334 0.0268389662027833
0 0.46432291666666664 0.7052683896620279 0.013020833333333334 0.012922465208747515
0 0.74296875 0.7226640159045725 0.016145833333333335 0.03777335984095427
0 0.40078125 0.7261431411530815 0.025520833333333333 0.042743538767395624
0 0.25677083333333334 0.731610337972167 0.017708333333333333 0.027833001988071572
0 0.5481770833333334 0.731610337972167 0.008854166666666666 0.02982107355864811
0 0.4153645833333333 0.7326043737574552 0.0078125 0.019880715705765408
0 0.471875 0.739065606361829 0.013541666666666667 0.012922465208747515
0 0.5958333333333333 0.7375745526838966 0.015625 0.009940357852882704
0 0.28880208333333335 0.7470178926441352 0.015104166666666667 0.016898608349900597
0 0.8544270833333333 0.7539761431411531 0.011979166666666667 0.030815109343936383
0 0.26927083333333335 0.7490059642147118 0.016666666666666666 0.016898608349900597
0 0.6169270833333333 0.7559642147117296 0.005729166666666666 0.02882703777335984
0 0.46067708333333335 0.7589463220675944 0.0109375 0.02286282306163022
0 0.5278645833333333 0.7629224652087475 0.0140625 0.030815109343936383
0 0.16979166666666667 0.7619284294234593 0.023958333333333335 0.02485089463220676
0 0.421875 0.7813121272365805 0.011458333333333333 0.0636182902584493
0 0.7583333333333333 0.7718687872763419 0.014583333333333334 0.04473161033797217
0 0.4513020833333333 0.768389662027833 0.008854166666666666 0.02385685884691849
0 0.49713541666666666 0.7698807157057654 0.021354166666666667 0.02286282306163022
0 0.60703125 0.7723658051689861 0.005729166666666666 0.02584493041749503
0 0.09869791666666666 0.7708747514910537 0.015104166666666667 0.014910536779324055
0 0.309375 0.7748508946322068 0.013541666666666667 0.014910536779324055
0 0.40625 0.7992047713717694 0.007291666666666667 0.03578528827037773
0 0.44635416666666666 0.8026838966202783 0.00625 0.0268389662027833
0 0.3575520833333333 0.8225646123260437 0.0171875 0.02882703777335984
0 0.21510416666666668 0.820079522862823 0.0125 0.009940357852882704
0 0.12395833333333334 0.8250497017892644 0.014583333333333334 0.017892644135188866
0 0.8458333333333333 0.834493041749503 0.008333333333333333 0.02286282306163022
0 0.4265625 0.8394632206759444 0.00625 0.014910536779324055
0 0.4734375 0.8474155069582505 0.008333333333333333 0.02286282306163022
0 0.7130208333333333 0.8489065606361829 0.004166666666666667 0.017892644135188866
0 0.01953125 0.8543737574552683 0.009895833333333333 0.02286282306163022
0 0.8427083333333333 0.8583499005964215 0.019791666666666666 0.02882703777335984
0 0.05755208333333333 0.8702783300198808 0.021354166666666667 0.036779324055666
0 0.4234375 0.8618290258449304 0.007291666666666667 0.015904572564612324
0 0.9481770833333333 0.8687872763419483 0.016145833333333335 0.013916500994035786
0 0.44921875 0.8777335984095428 0.0109375 0.02186878727634195
0 0.8497395833333333 0.8986083499005965 0.013020833333333334 0.03180914512922465
0 0.7283854166666667 0.8946322067594433 0.0109375 0.02186878727634195
0 0.39609375 0.8956262425447317 0.0140625 0.019880715705765408
0 0.3606770833333333 0.9030815109343936 0.011979166666666667 0.02286282306163022
0 0.8346354166666666 0.9274353876739563 0.021354166666666667 0.03180914512922465
0 0.5078125 0.941351888667992 0.0125 0.04771371769383698
0 0.6372395833333333 0.9324055666003976 0.0078125 0.027833001988071572
0 0.8182291666666667 0.9393638170974155 0.007291666666666667 0.017892644135188866
0 0.45651041666666664 0.9428429423459245 0.019270833333333334 0.014910536779324055
0 0.24921875 0.959741550695825 0.008854166666666666 0.040755467196819085
0 0.39921875 0.9572564612326043 0.0171875 0.02584493041749503
0 0.6052083333333333 0.9602385685884692 0.030208333333333334 0.02385685884691849
0 0.43776041666666665 0.9696819085487077 0.009895833333333333 0.03876739562624255
0 0.9307291666666667 0.9637176938369781 0.011458333333333333 0.012922465208747515
0 0.8348958333333333 0.9801192842942346 0.010416666666666666 0.03777335984095427
0 0.8888020833333333 0.9706759443339961 0.008854166666666666 0.014910536779324055
0 0.47708333333333336 0.9781312127236581 0.01875 0.02584493041749503
0 0.34036458333333336 0.9875745526838966 0.0140625 0.02286282306163022
0 0.9356770833333333 0.9821073558648111 0.0067708333333333336 0.011928429423459244
0 0.45208333333333334 0.9920477137176938 0.011458333333333333 0.013916500994035786