0 0.8643229166666667 0.0004970178926441351 0.04635416666666667 0.0009940357852882703
0 0.9346354166666667 0.0004970178926441351 0.08802083333333334 0.0009940357852882703
0 0.9192708333333334 0.13618290258449303 0.008333333333333333 0.011928429423459244
0 0.9989583333333333 0.19831013916500995 0.0010416666666666667 0.11829025844930417
0 0.5041666666666667 0.7922465208747514 0.009375 0.019880715705765408
0 0.5 0.8320079522862823 0.007291666666666667 0.011928429423459244
0 0.3848958333333333 0.852882703777336 0.0125 0.011928429423459244
0 0.42239583333333336 0.8702783300198808 0.0125 0.014910536779324055
0 0.3848958333333333 0.8772365805168986 0.005208333333333333 0.014910536779324055
0 0.540625 0.904572564612326 0.0125 0.02385685884691849
0 0.421875 0.9120278330019881 0.007291666666666667 0.018886679920477135
0 0.4309895833333333 0.9199801192842942 0.008854166666666666 0.02286282306163022
0 0.5471354166666667 0.955765407554672 0.0140625 0.008946322067594433