0 0.9744791666666667 0.007455268389662028 0.05 0.014910536779324055
0 0.7380208333333333 0.036779324055666 0.009375 0.033797216699801194
0 0.79140625 0.02882703777335984 0.008854166666666666 0.019880715705765408
0 0.15625 0.036779324055666 0.011458333333333333 0.027833001988071572
0 0.4510416666666667 0.04473161033797217 0.016666666666666666 0.02186878727634195
0 0.8231770833333333 0.039761431411530816 0.0140625 0.013916500994035786
0 0.9091145833333333 0.06461232604373758 0.0140625 0.019880715705765408
0 0.13541666666666666 0.06709741550695825 0.017708333333333333 0.014910536779324055
0 0.9502604166666667 0.07306163021868788 0.009895833333333333 0.02882703777335984
0 0.8630208333333333 0.07703777335984095 0.016666666666666666 0.020874751491053677
0 0.66953125 0.08300198807157058 0.015104166666666667 0.012922465208747515
0 0.23802083333333332 0.09145129224652088 0.010416666666666666 0.013916500994035786
0 0.24947916666666667 0.09542743538767395 0.007291666666666667 0.013916500994035786
0 0.7713541666666667 0.11481113320079522 0.009375 0.018886679920477135
0 0.6760416666666667 0.13667992047713717 0.0125 0.020874751491053677
0 0.9442708333333333 0.14363817097415507 0.016666666666666666 0.02882703777335984
0 0.42890625 0.14512922465208747 0.008854166666666666 0.019880715705765408
0 0.9828125 0.15208747514910537 0.015625 0.019880715705765408
0 0.5075520833333333 0.15457256461232605 0.0046875 0.020874751491053677
0 0.27291666666666664 0.1555666003976143 0.011458333333333333 0.014910536779324055
0 0.9046875 0.16153081510934394 0.014583333333333334 0.02286282306163022
0 0.7528645833333333 0.16153081510934394 0.009895833333333333 0.016898608349900597
0 0.7916666666666666 0.16699801192842942 0.007291666666666667 0.017892644135188866
0 0.8046875 0.17445328031809146 0.00625 0.018886679920477135
0 0.30130208333333336 0.19582504970178927 0.011979166666666667 0.033797216699801194
0 0.07161458333333333 0.1933399602385686 0.011979166666666667 0.02286282306163022
0 0.6166666666666667 0.19532803180914513 0.005208333333333333 0.020874751491053677
0 0.88359375 0.2062624254473161 0.0109375 0.036779324055666
0 0.16145833333333334 0.21023856858846918 0.008333333333333333 0.02882703777335984
0 0.29348958333333336 0.2077534791252485 0.008854166666666666 0.011928429423459244
0 0.9338541666666667 0.20974155069582506 0.0125 0.011928429423459244
0 0.26927083333333335 0.23210735586481113 0.01875 0.02882703777335984
0 0.325 0.2271371769383698 0.00625 0.016898608349900597
0 0.49322916666666666 0.23359840954274355 0.007291666666666667 0.02186878727634195
0 0.6145833333333334 0.24204771371769385 0.008333333333333333 0.02286282306163022
0 0.19635416666666666 0.24403578528827038 0.010416666666666666 0.02485089463220676
0 0.23151041666666666 0.25695825049701787 0.015104166666666667 0.03479125248508946
0 0.24869791666666666 0.2485089463220676 0.009895833333333333 0.017892644135188866
0 0.8611979166666667 0.2524850894632207 0.0171875 0.017892644135188866
0 0.88046875 0.2554671968190855 0.0078125 0.017892644135188866
0 0.7268229166666667 0.2599403578528827 0.0140625 0.014910536779324055
0 0.6677083333333333 0.2659045725646123 0.011458333333333333 0.02485089463220676
0 0.20390625 0.2654075546719682 0.0078125 0.015904572564612324
0 0.653125 0.26192842942345923 0.010416666666666666 0.006958250497017893
0 0.25390625 0.268389662027833 0.0067708333333333336 0.013916500994035786
0 0.42552083333333335 0.26888667992047716 0.019791666666666666 0.012922465208747515
0 0.27239583333333334 0.2778330019880716 0.009375 0.014910536779324055
0 0.5747395833333333 0.2957256461232604 0.016145833333333335 0.0268389662027833
0 0.7567708333333333 0.2957256461232604 0.008333333333333333 0.014910536779324055
0 0.9927083333333333 0.3061630218687873 0.013541666666666667 0.019880715705765408
0 0.5135416666666667 0.305168986083499 0.0125 0.013916500994035786
0 0.7807291666666667 0.31411530815109345 0.014583333333333334 0.013916500994035786
0 0.9263020833333333 0.3215705765407555 0.015104166666666667 0.02882703777335984
0 0.5484375 0.3305168986083499 0.004166666666666667 0.02485089463220676
0 0.7625 0.32703777335984097 0.007291666666666667 0.015904572564612324
0 0.45651041666666664 0.34493041749502984 0.0046875 0.027833001988071572
0 0.7333333333333333 0.352882703777336 0.015625 0.027833001988071572
0 0.9934895833333334 0.352882703777336 0.011979166666666667 0.027833001988071572
0 0.6986979166666667 0.3633200795228628 0.0046875 0.018886679920477135
0 0.6604166666666667 0.3682902584493042 0.007291666666666667 0.016898608349900597
0 0.4549479166666667 0.3697813121272366 0.0109375 0.017892644135188866
0 0.7697916666666667 0.37624254473161034 0.017708333333333333 0.02286282306163022
0 0.6520833333333333 0.3851888667992048 0.010416666666666666 0.018886679920477135
0 0.384375 0.39165009940357853 0.010416666666666666 0.02982107355864811
0 0.96015625 0.4095427435387674 0.015104166666666667 0.06560636182902585
0 0.09817708333333333 0.39214711729622265 0.015104166666666667 0.02286282306163022
0 0.896875 0.3966202783300199 0.011458333333333333 0.03180914512922465
0 0.8580729166666666 0.3946322067594433 0.0140625 0.009940357852882704
0 0.7856770833333333 0.4100397614314115 0.0109375 0.008946322067594433
0 0.12838541666666667 0.4234592445328032 0.005729166666666666 0.02584493041749503
0 0.8497395833333333 0.41998011928429424 0.0109375 0.016898608349900597
0 0.7015625 0.4234592445328032 0.00625 0.017892644135188866
0 0.45390625 0.4309145129224652 0.009895833333333333 0.014910536779324055
0 0.91171875 0.43489065606361826 0.0109375 0.016898608349900597
0 0.9479166666666666 0.4393638170974155 0.011458333333333333 0.02186878727634195
0 0.21536458333333333 0.4398608349900596 0.0067708333333333336 0.010934393638170975
0 0.6505208333333333 0.455765407554672 0.010416666666666666 0.018886679920477135
0 0.6893229166666667 0.49353876739562624 0.011979166666666667 0.02882703777335984
0 0.13932291666666666 0.4960238568588469 0.011979166666666667 0.02385685884691849
0 0.99609375 0.5004970178926441 0.0067708333333333336 0.030815109343936383
0 0.7721354166666666 0.5034791252485089 0.0046875 0.020874751491053677
0 0.78515625 0.49652087475149104 0.015104166666666667 0.008946322067594433
0 0.3216145833333333 0.5054671968190855 0.0109375 0.02286282306163022
0 0.07317708333333334 0.5104373757455268 0.005729166666666666 0.018886679920477135
0 0.95234375 0.5119284294234593 0.0140625 0.02186878727634195
0 0.9677083333333333 0.5129224652087475 0.009375 0.019880715705765408
0 0.9921875 0.5124254473161034 0.007291666666666667 0.010934393638170975
0 0.3893229166666667 0.5208747514910537 0.021354166666666667 0.02385685884691849
0 0.5427083333333333 0.5243538767395626 0.00625 0.0268389662027833
0 0.51484375 0.5248508946322068 0.015104166666666667 0.015904572564612324
0 0.596875 0.5298210735586482 0.019791666666666666 0.027833001988071572
0 0.7333333333333333 0.5198807157057654 0.011458333333333333 0.007952286282306162
0 0.6385416666666667 0.5357852882703777 0.010416666666666666 0.019880715705765408
0 0.2825520833333333 0.5422465208747514 0.011979166666666667 0.02286282306163022
0 0.4921875 0.540258449304175 0.014583333333333334 0.018886679920477135
0 0.9622395833333334 0.5501988071570576 0.016145833333333335 0.020874751491053677
0 0.9359375 0.5521868787276342 0.008333333333333333 0.018886679920477135
0 0.7544270833333333 0.55168986083499 0.0171875 0.009940357852882704
0 0.82890625 0.5546719681908548 0.011979166666666667 0.017892644135188866
0 0.2682291666666667 0.558648111332008 0.008333333333333333 0.02186878727634195
0 0.434375 0.5745526838966203 0.013541666666666667 0.017892644135188866
0 0.27890625 0.5815109343936382 0.0140625 0.02584493041749503
0 0.7791666666666667 0.588469184890656 0.00625 0.03180914512922465
0 0.29713541666666665 0.5894632206759444 0.018229166666666668 0.02982107355864811
0 0.6348958333333333 0.5864811133200796 0.010416666666666666 0.02186878727634195
0 0.8028645833333333 0.5854870775347912 0.008854166666666666 0.015904572564612324
0 0.75859375 0.5949304174950298 0.0078125 0.02485089463220676
0 0.5216145833333333 0.6058648111332008 0.015104166666666667 0.02882703777335984
0 0.19635416666666666 0.610337972166998 0.008333333333333333 0.03180914512922465
0 0.8393229166666667 0.6053677932405567 0.0046875 0.02186878727634195
0 0.5036458333333333 0.6093439363817097 0.00625 0.027833001988071572
0 0.39296875 0.6083499005964215 0.015104166666666667 0.017892644135188866
0 0.5653645833333333 0.6093439363817097 0.0078125 0.019880715705765408
0 0.6208333333333333 0.6133200795228628 0.016666666666666666 0.019880715705765408
0 0.5916666666666667 0.6187872763419483 0.013541666666666667 0.018886679920477135
0 0.8463541666666666 0.6242544731610338 0.014583333333333334 0.02982107355864811
0 0.48333333333333334 0.6177932405566601 0.014583333333333334 0.010934393638170975
0 0.5393229166666667 0.6336978131212724 0.016145833333333335 0.018886679920477135
0 0.3450520833333333 0.6361829025844931 0.0078125 0.02186878727634195
0 0.9927083333333333 0.6500994035785288 0.013541666666666667 0.04771371769383698
0 0.27109375 0.6441351888667992 0.0067708333333333336 0.033797216699801194
0 0.8815104166666666 0.6336978131212724 0.0140625 0.012922465208747515
0 0.7979166666666667 0.6441351888667992 0.013541666666666667 0.011928429423459244
0 0.93046875 0.6630218687872763 0.015104166666666667 0.015904572564612324
0 0.48072916666666665 0.687375745526839 0.013541666666666667 0.040755467196819085
0 0.5611979166666666 0.6853876739562624 0.018229166666666668 0.030815109343936383
0 0.7177083333333333 0.6809145129224652 0.017708333333333333 0.015904572564612324
0 0.403125 0.6898608349900597 0.00625 0.02982107355864811
0 0.3026041666666667 0.6833996023856859 0.008333333333333333 0.008946322067594433
0 0.4513020833333333 0.6903578528827038 0.019270833333333334 0.014910536779324055
0 0.8841145833333334 0.6933399602385686 0.0109375 0.020874751491053677
0 0.20494791666666667 0.6923459244532804 0.018229166666666668 0.012922465208747515
0 0.63203125 0.7037773359840954 0.013020833333333334 0.02982107355864811
0 0.7088541666666667 0.7067594433399602 0.016666666666666666 0.027833001988071572
0 0.8359375 0.7017892644135189 0.0125 0.015904572564612324
0 0.7869791666666667 0.7166998011928429 0.011458333333333333 0.02186878727634195
0 0.5322916666666667 0.7137176938369781 0.010416666666666666 0.011928429423459244
0 0.8151041666666666 0.7206759443339961 0.011458333333333333 0.02385685884691849
0 0.8802083333333334 0.7221669980119284 0.016666666666666666 0.02286282306163022
0 0.40729166666666666 0.724155069582505 0.009375 0.020874751491053677
0 0.6609375 0.7350894632206759 0.005208333333333333 0.02882703777335984
0 0.22786458333333334 0.7306163021868787 0.0234375 0.013916500994035786
0 0.34661458333333334 0.7370775347912525 0.0046875 0.02882703777335984
0 0.7231770833333333 0.7460238568588469 0.0171875 0.04671968190854871
0 0.7901041666666667 0.7385685884691849 0.008333333333333333 0.027833001988071572
0 0.07369791666666667 0.7350894632206759 0.0078125 0.014910536779324055
0 0.5807291666666666 0.7420477137176938 0.005208333333333333 0.0268389662027833
0 0.3184895833333333 0.7380715705765407 0.018229166666666668 0.014910536779324055
0 0.9299479166666667 0.7400596421471173 0.009895833333333333 0.016898608349900597
0 0.52265625 0.7599403578528827 0.0109375 0.016898608349900597
0 0.65 0.7654075546719682 0.005208333333333333 0.027833001988071572
0 0.17682291666666666 0.7718687872763419 0.0265625 0.032803180914512925
0 0.19557291666666668 0.7728628230616302 0.005729166666666666 0.018886679920477135
0 0.22421875 0.7708747514910537 0.0140625 0.014910536779324055
0 0.6630208333333333 0.775844930417495 0.017708333333333333 0.0268389662027833
0 0.6065104166666667 0.7783300198807157 0.005729166666666666 0.02584493041749503
0 0.5619791666666667 0.7877733598409543 0.015625 0.036779324055666
0 0.7153645833333333 0.7768389662027833 0.009895833333333333 0.012922465208747515
0 0.7403645833333333 0.7808151093439364 0.0140625 0.020874751491053677
0 0.6333333333333333 0.7907554671968191 0.026041666666666668 0.036779324055666
0 0.39375 0.7793240556660039 0.0125 0.009940357852882704
0 0.8932291666666666 0.7847912524850894 0.011458333333333333 0.016898608349900597
0 0.6783854166666666 0.7897614314115308 0.0078125 0.016898608349900597
0 0.4822916666666667 0.7912524850894632 0.011458333333333333 0.013916500994035786
0 0.41119791666666666 0.8116302186878728 0.011979166666666667 0.032803180914512925
0 0.71640625 0.8106361829025845 0.008854166666666666 0.018886679920477135
0 0.38255208333333335 0.8170974155069582 0.0046875 0.027833001988071572
0 0.8932291666666666 0.8235586481113321 0.0125 0.036779324055666
0 0.7309895833333333 0.8166003976143141 0.011979166666666667 0.012922465208747515
0 0.45234375 0.8295228628230616 0.0078125 0.032803180914512925
0 0.5880208333333333 0.8240556660039762 0.009375 0.02385685884691849
0 0.10598958333333333 0.8330019880715706 0.016145833333333335 0.03777335984095427
0 0.47630208333333335 0.8300198807157058 0.011979166666666667 0.011928429423459244
0 0.007291666666666667 0.8409542743538767 0.014583333333333334 0.02584493041749503
0 0.6611979166666667 0.8379721669980119 0.013020833333333334 0.011928429423459244
0 0.7424479166666667 0.8658051689860835 0.025520833333333333 0.05964214711729622
0 0.5098958333333333 0.8583499005964215 0.017708333333333333 0.014910536779324055
0 0.6791666666666667 0.8851888667992047 0.03958333333333333 0.0705765407554672
0 0.6380208333333334 0.8663021868787276 0.007291666666666667 0.020874751491053677
0 0.4583333333333333 0.871272365805169 0.013541666666666667 0.02485089463220676
0 0.24322916666666666 0.8777335984095428 0.015625 0.03578528827037773
0 0.5869791666666667 0.8737574552683897 0.009375 0.02186878727634195
0 0.2625 0.8772365805168986 0.017708333333333333 0.016898608349900597
0 0.7096354166666666 0.878727634194831 0.015104166666666667 0.015904572564612324
0 0.39375 0.8846918489065606 0.013541666666666667 0.005964214711729622
0 0.48854166666666665 0.8906560636182903 0.01875 0.017892644135188866
0 0.41458333333333336 0.8986083499005965 0.010416666666666666 0.017892644135188866
0 0.5408854166666667 0.9125248508946322 0.0296875 0.041749502982107355
0 0.7880208333333333 0.897117296222664 0.010416666666666666 0.008946322067594433
0 0.8955729166666667 0.9000994035785288 0.015104166666666667 0.012922465208747515
0 0.5223958333333333 0.9090457256461233 0.00625 0.02286282306163022
0 0.6627604166666666 0.908051689860835 0.009895833333333333 0.018886679920477135
0 0.8497395833333333 0.9040755467196819 0.0140625 0.012922465208747515
0 0.709375 0.9284294234592445 0.025 0.0437375745526839
0 0.21692708333333333 0.9160039761431411 0.008854166666666666 0.010934393638170975
0 0.7513020833333334 0.9199801192842942 0.0109375 0.020874751491053677
0 0.6505208333333333 0.9363817097415507 0.020833333333333332 0.019880715705765408
0 0.8552083333333333 0.9319085487077535 0.011458333333333333 0.010934393638170975
0 0.6278645833333333 0.9358846918489065 0.009895833333333333 0.012922465208747515
0 0.40182291666666664 0.9463220675944334 0.0109375 0.015904572564612324
0 0.5286458333333334 0.9507952286282306 0.005208333333333333 0.02485089463220676
0 0.57578125 0.9517892644135189 0.0234375 0.0268389662027833
0 0.7484375 0.9527833001988072 0.008333333333333333 0.030815109343936383
0 0.7721354166666666 0.9473161033797217 0.013020833333333334 0.019880715705765408
0 0.6671875 0.9512922465208747 0.019791666666666666 0.02385685884691849
0 0.540625 0.9582504970178927 0.008333333333333333 0.015904572564612324
0 0.5526041666666667 0.9637176938369781 0.011458333333333333 0.0268389662027833
0 0.8575520833333333 0.9801192842942346 0.008854166666666666 0.03777335984095427
0 0.9315104166666667 0.9811133200795229 0.008854166666666666 0.03578528827037773
0 0.66328125 0.9746520874751491 0.011979166666666667 0.008946322067594433
0 0.7466145833333333 0.9905566600397614 0.015104166666666667 0.016898608349900597
0 0.5559895833333334 0.9900596421471173 0.018229166666666668 0.011928429423459244
0 0.0515625 0.9920477137176938 0.009375 0.013916500994035786