0 0.48125 0.008449304174950299 0.013541666666666667 0.016898608349900597
0 0.8765625 0.037276341948310136 0.030208333333333334 0.032803180914512925
0 0.8182291666666667 0.06709741550695825 0.03125 0.03876739562624255
0 0.5161458333333333 0.10884691848906561 0.005208333333333333 0.014910536779324055
0 0.6244791666666667 0.10834990059642147 0.008333333333333333 0.015904572564612324
0 0.47578125 0.11928429423459244 0.013020833333333334 0.02186878727634195
0 0.84453125 0.12326043737574553 0.009895833333333333 0.02186878727634195
0 0.5268229166666667 0.14165009940357853 0.016145833333333335 0.030815109343936383
0 0.5502604166666667 0.1550695825049702 0.013020833333333334 0.017892644135188866
0 0.7635416666666667 0.16003976143141152 0.020833333333333332 0.019880715705765408
0 0.8127604166666667 0.17296222664015903 0.009895833333333333 0.02186878727634195
0 0.8338541666666667 0.1848906560636183 0.011458333333333333 0.02385685884691849
0 0.6473958333333333 0.18737574552683897 0.011458333333333333 0.018886679920477135
0 0.8122395833333333 0.21719681908548708 0.0078125 0.016898608349900597
0 0.76796875 0.2286282306163022 0.016145833333333335 0.03180914512922465
0 0.9791666666666666 0.23061630218687873 0.013541666666666667 0.013916500994035786
0 0.9940104166666667 0.2544731610337972 0.0109375 0.019880715705765408
0 0.91171875 0.29174950298210733 0.015104166666666667 0.04473161033797217
0 0.79375 0.2897614314115308 0.007291666666666667 0.018886679920477135
0 0.9341145833333333 0.4234592445328032 0.028645833333333332 0.03777335984095427
0 0.49505208333333334 0.41749502982107356 0.005729166666666666 0.02186878727634195
0 0.8736979166666666 0.43141153081510936 0.0067708333333333336 0.02584493041749503
0 0.9747395833333333 0.44582504970178927 0.016145833333333335 0.020874751491053677
0 0.8830729166666667 0.4975149105367793 0.005729166666666666 0.02485089463220676
0 0.25078125 0.4985089463220676 0.0078125 0.016898608349900597
0 0.3307291666666667 0.5193836978131213 0.013541666666666667 0.03479125248508946
0 0.21458333333333332 0.5243538767395626 0.008333333333333333 0.018886679920477135
0 0.5026041666666666 0.5611332007952287 0.0125 0.014910536779324055
0 0.57734375 0.5641153081510935 0.018229166666666668 0.020874751491053677
0 0.2921875 0.6267395626242545 0.016666666666666666 0.010934393638170975
0 0.11276041666666667 0.6858846918489065 0.008854166666666666 0.019880715705765408
0 0.08932291666666667 0.7102385685884692 0.0203125 0.02286282306163022
0 0.6921875 0.7137176938369781 0.00625 0.02186878727634195
0 0.09791666666666667 0.739065606361829 0.013541666666666667 0.036779324055666
0 0.94609375 0.7375745526838966 0.0078125 0.02982107355864811
0 0.7096354166666666 0.7554671968190855 0.013020833333333334 0.02584493041749503
0 0.38203125 0.8111332007952287 0.011979166666666667 0.02584493041749503
0 0.01953125 0.8503976143141153 0.025520833333333333 0.036779324055666
0 0.60390625 0.8459244532803181 0.008854166666666666 0.02186878727634195
0 0.50078125 0.8583499005964215 0.008854166666666666 0.016898608349900597
0 0.6671875 0.8777335984095428 0.016666666666666666 0.027833001988071572
0 0.7072916666666667 0.8777335984095428 0.005208333333333333 0.017892644135188866
0 0.6856770833333333 0.885685884691849 0.008854166666666666 0.015904572564612324
0 0.8330729166666667 0.893141153081511 0.016145833333333335 0.02286282306163022
0 0.2677083333333333 0.9075546719681908 0.013541666666666667 0.02385685884691849
0 0.35442708333333334 0.9179920477137177 0.0296875 0.042743538767395624
0 0.30442708333333335 0.9209741550695825 0.03177083333333333 0.040755467196819085
0 0.5098958333333333 0.922962226640159 0.007291666666666667 0.02286282306163022
0 0.5783854166666667 0.9314115308151093 0.0234375 0.03777335984095427
0 0.5229166666666667 0.9279324055666004 0.007291666666666667 0.014910536779324055
0 0.6369791666666667 0.9398608349900597 0.008333333333333333 0.016898608349900597
0 0.6497395833333334 0.9488071570576541 0.0140625 0.02485089463220676
0 0.49895833333333334 0.9498011928429424 0.014583333333333334 0.010934393638170975
0 0.5479166666666667 0.9865805168986084 0.008333333333333333 0.02485089463220676