0 0.9411458333333333 0.0004970178926441351 0.034375 0.0009940357852882703
0 0.5901041666666667 0.012922465208747515 0.034375 0.02584493041749503
0 0.5309895833333333 0.010437375745526839 0.005729166666666666 0.020874751491053677
0 0.5104166666666666 0.01341948310139165 0.011458333333333333 0.0268389662027833
0 0.48880208333333336 0.012922465208747515 0.0234375 0.02584493041749503
0 0.004166666666666667 0.018886679920477135 0.007291666666666667 0.03777335984095427
0 0.04010416666666667 0.02385685884691849 0.019791666666666666 0.033797216699801194
0 0.7427083333333333 0.026341948310139165 0.00625 0.030815109343936383
0 0.6682291666666667 0.03330019880715706 0.020833333333333332 0.018886679920477135
0 0.42942708333333335 0.05168986083499006 0.016145833333333335 0.02584493041749503
0 0.6502604166666667 0.07306163021868788 0.0109375 0.02882703777335984
0 0.5966145833333333 0.08151093439363817 0.0171875 0.02186878727634195
0 0.6848958333333334 0.0874751491053678 0.020833333333333332 0.02982107355864811
0 0.23619791666666667 0.0959244532803181 0.0109375 0.02485089463220676
0 0.97421875 0.12176938369781312 0.019270833333333334 0.05467196819085487
0 0.5716145833333334 0.12524850894632206 0.018229166666666668 0.013916500994035786
0 0.7893229166666667 0.14363817097415507 0.0171875 0.032803180914512925
0 0.5346354166666667 0.15705765407554673 0.0109375 0.04572564612326044
0 0.9481770833333333 0.16153081510934394 0.0109375 0.036779324055666
0 0.64453125 0.1525844930417495 0.0078125 0.012922465208747515
0 0.3690104166666667 0.16202783300198806 0.013020833333333334 0.02385685884691849
0 0.5703125 0.17395626242544732 0.01875 0.041749502982107355
0 0.5872395833333334 0.17594433399602386 0.005729166666666666 0.015904572564612324
0 0.7122395833333334 0.17992047713717693 0.018229166666666668 0.013916500994035786
0 0.6010416666666667 0.1893638170974155 0.007291666666666667 0.02286282306163022
0 0.7018229166666666 0.20725646123260438 0.022395833333333334 0.030815109343936383
0 0.4953125 0.21620278330019882 0.022916666666666665 0.04473161033797217
0 0.4471354166666667 0.20427435387673956 0.005729166666666666 0.014910536779324055
0 0.43020833333333336 0.22962226640159045 0.016666666666666666 0.04970178926441352
0 0.8393229166666667 0.21769383697813122 0.0234375 0.02385685884691849
0 0.9908854166666666 0.2286282306163022 0.018229166666666668 0.041749502982107355
0 0.5692708333333333 0.22117296222664015 0.020833333333333332 0.02286282306163022
0 0.5140625 0.22813121272365805 0.019791666666666666 0.030815109343936383
0 0.31302083333333336 0.22664015904572565 0.0125 0.017892644135188866
0 0.16666666666666666 0.23906560636182903 0.015625 0.03479125248508946
0 0.3809895833333333 0.23956262425447317 0.008854166666666666 0.015904572564612324
0 0.8466145833333333 0.25795228628230615 0.018229166666666668 0.018886679920477135
0 0.8052083333333333 0.26938369781312127 0.014583333333333334 0.03578528827037773
0 0.35 0.28330019880715707 0.028125 0.03777335984095427
0 0.5328125 0.2768389662027833 0.022916666666666665 0.02286282306163022
0 0.9966145833333333 0.28926441351888665 0.0067708333333333336 0.02584493041749503
0 0.6721354166666667 0.2952286282306163 0.009895833333333333 0.015904572564612324
0 0.33177083333333335 0.30318091451292245 0.015625 0.019880715705765408
0 0.09348958333333333 0.3116302186878728 0.019270833333333334 0.036779324055666
0 0.68203125 0.31461232604373757 0.0109375 0.0268389662027833
0 0.5526041666666667 0.3305168986083499 0.005208333333333333 0.016898608349900597
0 0.203125 0.3305168986083499 0.021875 0.014910536779324055
0 0.47994791666666664 0.3404572564612326 0.0046875 0.02485089463220676
0 0.4544270833333333 0.3543737574552684 0.0171875 0.02882703777335984
0 0.50234375 0.39065606361829025 0.0078125 0.02186878727634195
0 0.8877604166666667 0.4010934393638171 0.0078125 0.03876739562624255
0 0.6041666666666666 0.3981113320079523 0.011458333333333333 0.016898608349900597
0 0.6416666666666667 0.3986083499005964 0.01875 0.011928429423459244
0 0.52265625 0.4110337972166998 0.008854166666666666 0.032803180914512925
0 0.14869791666666668 0.41302186878727637 0.0067708333333333336 0.03479125248508946
0 0.5341145833333333 0.41302186878727637 0.0140625 0.030815109343936383
0 0.8890625 0.4423459244532803 0.022916666666666665 0.02982107355864811
0 0.103125 0.4438369781312127 0.011458333333333333 0.032803180914512925
0 0.4630208333333333 0.452286282306163 0.015625 0.02186878727634195
0 0.4908854166666667 0.46371769383697814 0.018229166666666668 0.02286282306163022
0 0.7067708333333333 0.4686878727634195 0.014583333333333334 0.02286282306163022
0 0.3997395833333333 0.46819085487077533 0.0067708333333333336 0.02385685884691849
0 0.9645833333333333 0.4835984095427435 0.01875 0.04473161033797217
0 0.5877604166666667 0.47862823061630216 0.0078125 0.016898608349900597
0 0.40260416666666665 0.4945328031809145 0.009375 0.02485089463220676
0 0.49557291666666664 0.5149105367793241 0.025520833333333333 0.02385685884691849
0 0.9596354166666666 0.5372763419483101 0.018229166666666668 0.05268389662027833
0 0.4393229166666667 0.5273359840954275 0.0109375 0.030815109343936383
0 0.41510416666666666 0.5263419483101391 0.010416666666666666 0.018886679920477135
0 0.5026041666666666 0.544234592445328 0.010416666666666666 0.02286282306163022
0 0.48802083333333335 0.5710735586481114 0.00625 0.042743538767395624
0 0.5330729166666667 0.5765407554671969 0.0109375 0.033797216699801194
0 0.4440104166666667 0.5760437375745527 0.0046875 0.02485089463220676
0 0.28072916666666664 0.6083499005964215 0.014583333333333334 0.04771371769383698
0 0.46979166666666666 0.6048707753479126 0.007291666666666667 0.012922465208747515
0 0.840625 0.6182902584493042 0.013541666666666667 0.027833001988071572
0 0.3184895833333333 0.6391650099403579 0.0203125 0.04771371769383698
0 0.6731770833333334 0.6366799204771372 0.0171875 0.010934393638170975
0 0.6106770833333334 0.6535785288270378 0.019270833333333334 0.040755467196819085
0 0.9614583333333333 0.6411530815109344 0.007291666666666667 0.011928429423459244
0 0.07135416666666666 0.6510934393638171 0.016666666666666666 0.03180914512922465
0 0.9606770833333333 0.6650099403578529 0.0067708333333333336 0.017892644135188866
0 0.30625 0.7221669980119284 0.017708333333333333 0.042743538767395624
0 0.6921875 0.7092445328031809 0.016666666666666666 0.010934393638170975
0 0.005729166666666666 0.7166998011928429 0.010416666666666666 0.02584493041749503
0 0.6005208333333333 0.7385685884691849 0.016666666666666666 0.055666003976143144
0 0.20911458333333333 0.7460238568588469 0.013020833333333334 0.04671968190854871
0 0.48463541666666665 0.7554671968190855 0.024479166666666666 0.027833001988071572
0 0.6127604166666667 0.7877733598409543 0.0171875 0.016898608349900597
0 0.45989583333333334 0.8001988071570576 0.010416666666666666 0.027833001988071572
0 0.47578125 0.8116302186878728 0.0109375 0.03479125248508946
0 0.28098958333333335 0.8170974155069582 0.019270833333333334 0.011928429423459244
0 0.004427083333333333 0.8210735586481114 0.0078125 0.015904572564612324
0 0.57734375 0.8394632206759444 0.011979166666666667 0.02882703777335984
0 0.5489583333333333 0.8489065606361829 0.021875 0.019880715705765408
0 0.021875 0.8573558648111332 0.019791666666666666 0.02286282306163022
0 0.10859375 0.8707753479125249 0.027604166666666666 0.033797216699801194
0 0.34010416666666665 0.860337972166998 0.015625 0.008946322067594433
0 0.4075520833333333 0.8802186878727635 0.009895833333333333 0.030815109343936383
0 0.48854166666666665 0.8866799204771372 0.023958333333333335 0.02385685884691849
0 0.5947916666666667 0.9025844930417495 0.023958333333333335 0.019880715705765408
0 0.7158854166666667 0.9145129224652088 0.0140625 0.03578528827037773
0 0.4080729166666667 0.9135188866799204 0.021354166666666667 0.03180914512922465
0 0.6341145833333334 0.9145129224652088 0.019270833333333334 0.019880715705765408
0 0.7234375 0.9696819085487077 0.0125 0.04671968190854871
0 0.12369791666666667 0.9831013916500994 0.0171875 0.03180914512922465
0 0.0453125 0.9895626242544732 0.010416666666666666 0.018886679920477135