0 0.47213541666666664 0.009940357852882704 0.0109375 0.019880715705765408
0 0.5893229166666667 0.01341948310139165 0.008854166666666666 0.0268389662027833
0 0.9416666666666667 0.003976143141153081 0.010416666666666666 0.007952286282306162
0 0.6315104166666666 0.03230616302186879 0.015104166666666667 0.05268389662027833
0 0.1421875 0.037276341948310136 0.008333333333333333 0.014910536779324055
0 0.4041666666666667 0.04721669980119284 0.011458333333333333 0.032803180914512925
0 0.20963541666666666 0.06411530815109344 0.0109375 0.04473161033797217
0 0.7364583333333333 0.055168986083499 0.017708333333333333 0.020874751491053677
0 0.4609375 0.06312127236580517 0.007291666666666667 0.032803180914512925
0 0.008854166666666666 0.07654075546719682 0.017708333333333333 0.0536779324055666
0 0.19244791666666666 0.07107355864811134 0.013020833333333334 0.03876739562624255
0 0.08411458333333334 0.07455268389662027 0.0140625 0.019880715705765408
0 0.0515625 0.07902584493041749 0.013541666666666667 0.02286282306163022
0 0.740625 0.08151093439363817 0.020833333333333332 0.017892644135188866
0 0.2203125 0.0959244532803181 0.015625 0.020874751491053677
0 0.7533854166666667 0.110337972166998 0.011979166666666667 0.04572564612326044
0 0.26875 0.10288270377733598 0.0125 0.02882703777335984
0 0.28515625 0.0989065606361829 0.013020833333333334 0.016898608349900597
0 0.9911458333333333 0.11779324055666004 0.016666666666666666 0.040755467196819085
0 0.5401041666666667 0.139662027833002 0.010416666666666666 0.04473161033797217
0 0.2604166666666667 0.14065606361829025 0.01875 0.032803180914512925
0 0.009375 0.14512922465208747 0.010416666666666666 0.02982107355864811
0 0.5072916666666667 0.1456262425447316 0.020833333333333332 0.020874751491053677
0 0.9729166666666667 0.14214711729622267 0.016666666666666666 0.013916500994035786
0 0.4583333333333333 0.1481113320079523 0.014583333333333334 0.019880715705765408
0 0.18854166666666666 0.17594433399602386 0.009375 0.039761431411530816
0 0.2911458333333333 0.17345924453280318 0.00625 0.032803180914512925
0 0.37864583333333335 0.17892644135188868 0.007291666666666667 0.02982107355864811
0 0.4875 0.18091451292246521 0.017708333333333333 0.027833001988071572
0 0.39609375 0.19582504970178927 0.009895833333333333 0.03777335984095427
0 0.87421875 0.20278330019880716 0.008854166666666666 0.02982107355864811
0 0.8 0.19980119284294234 0.022916666666666665 0.017892644135188866
0 0.25390625 0.20079522862823063 0.016145833333333335 0.017892644135188866
0 0.41380208333333335 0.21371769383697814 0.0140625 0.033797216699801194
0 0.6265625 0.20974155069582506 0.011458333333333333 0.017892644135188866
0 0.6776041666666667 0.22216699801192843 0.007291666666666667 0.040755467196819085
0 0.42526041666666664 0.21719681908548708 0.0036458333333333334 0.0268389662027833
0 0.17630208333333333 0.22813121272365805 0.0078125 0.02882703777335984
0 0.3151041666666667 0.22365805168986083 0.017708333333333333 0.017892644135188866
0 0.803125 0.23807157057654074 0.007291666666666667 0.040755467196819085
0 0.19479166666666667 0.2370775347912525 0.009375 0.03479125248508946
0 0.5216145833333333 0.22962226640159045 0.0140625 0.015904572564612324
0 0.05703125 0.23658051689860835 0.018229166666666668 0.02584493041749503
0 0.8546875 0.24453280318091453 0.020833333333333332 0.027833001988071572
0 0.3190104166666667 0.2509940357852883 0.013020833333333334 0.010934393638170975
0 0.19270833333333334 0.28180914512922467 0.013541666666666667 0.04473161033797217
0 0.3463541666666667 0.2698807157057654 0.0125 0.020874751491053677
0 0.5630208333333333 0.268389662027833 0.007291666666666667 0.015904572564612324
0 0.7203125 0.2649105367793241 0.0125 0.008946322067594433
0 0.7854166666666667 0.28876739562624254 0.017708333333333333 0.0268389662027833
0 0.24765625 0.28926441351888665 0.022395833333333334 0.02186878727634195
0 0.20703125 0.294234592445328 0.013020833333333334 0.027833001988071572
0 0.15546875 0.2932405566600398 0.018229166666666668 0.02186878727634195
0 0.4947916666666667 0.29025844930417494 0.021875 0.015904572564612324
0 0.37421875 0.2967196819085487 0.016145833333333335 0.008946322067594433
0 0.10911458333333333 0.31660039761431413 0.016145833333333335 0.030815109343936383
0 0.4276041666666667 0.3195825049701789 0.008333333333333333 0.036779324055666
0 0.3299479166666667 0.323558648111332 0.011979166666666667 0.03876739562624255
0 0.08958333333333333 0.31262425447316106 0.015625 0.014910536779324055
0 0.31666666666666665 0.32852882703777336 0.0125 0.030815109343936383
0 0.4984375 0.3265407554671968 0.015625 0.016898608349900597
0 0.8565104166666667 0.3265407554671968 0.0109375 0.018886679920477135
0 0.575 0.3384691848906561 0.005208333333333333 0.03479125248508946
0 0.4375 0.33399602385685884 0.009375 0.013916500994035786
0 0.39505208333333336 0.3489065606361829 0.011979166666666667 0.03578528827037773
0 0.5578125 0.3389662027833002 0.005208333333333333 0.015904572564612324
0 0.88828125 0.3399602385685885 0.0140625 0.015904572564612324
0 0.5096354166666667 0.35636182902584496 0.0046875 0.02882703777335984
0 0.84375 0.35685884691848907 0.013541666666666667 0.013916500994035786
0 0.5984375 0.3588469184890656 0.013541666666666667 0.013916500994035786
0 0.9190104166666667 0.3702783300198807 0.021354166666666667 0.018886679920477135
0 0.43072916666666666 0.3782306163021869 0.013541666666666667 0.018886679920477135
0 0.7411458333333333 0.38469184890656066 0.008333333333333333 0.02385685884691849
0 0.3489583333333333 0.38220675944334 0.015625 0.008946322067594433
0 0.28098958333333335 0.38767395626242546 0.013020833333333334 0.017892644135188866
0 0.46875 0.3956262425447316 0.00625 0.03180914512922465
0 0.22552083333333334 0.3926441351888668 0.014583333333333334 0.017892644135188866
0 0.4276041666666667 0.3976143141153082 0.013541666666666667 0.02186878727634195
0 0.92109375 0.4140159045725646 0.008854166666666666 0.016898608349900597
0 0.7140625 0.4294234592445328 0.009375 0.015904572564612324
0 0.9755208333333333 0.43339960238568587 0.04791666666666667 0.017892644135188866
0 0.4421875 0.4398608349900596 0.007291666666666667 0.0268389662027833
0 0.41875 0.4547713717693837 0.016666666666666666 0.040755467196819085
0 0.24375 0.4517892644135189 0.011458333333333333 0.012922465208747515
0 0.4895833333333333 0.4592445328031809 0.00625 0.02982107355864811
0 0.4005208333333333 0.4587475149105368 0.011458333333333333 0.016898608349900597
0 0.16770833333333332 0.46073558648111335 0.016666666666666666 0.014910536779324055
0 0.2752604166666667 0.4711729622266402 0.008854166666666666 0.03578528827037773
0 0.15286458333333333 0.4746520874751491 0.011979166666666667 0.02882703777335984
0 0.5580729166666667 0.47862823061630216 0.013020833333333334 0.018886679920477135
0 0.8265625 0.4821073558648111 0.015625 0.017892644135188866
0 0.44375 0.48807157057654077 0.017708333333333333 0.02186878727634195
0 0.8723958333333334 0.507455268389662 0.014583333333333334 0.018886679920477135
0 0.8401041666666667 0.510934393638171 0.017708333333333333 0.019880715705765408
0 0.46953125 0.5193836978131213 0.005729166666666666 0.02882703777335984
0 0.55703125 0.5124254473161034 0.011979166666666667 0.010934393638170975
0 0.3921875 0.5178926441351889 0.016666666666666666 0.017892644135188866
0 0.3424479166666667 0.5233598409542743 0.0140625 0.010934393638170975
0 0.45364583333333336 0.5392644135188867 0.008333333333333333 0.018886679920477135
0 0.4778645833333333 0.5457256461232605 0.021354166666666667 0.03180914512922465
0 0.5765625 0.5407554671968191 0.0125 0.013916500994035786
0 0.28489583333333335 0.5437375745526839 0.01875 0.015904572564612324
0 0.32265625 0.56610337972167 0.0171875 0.03479125248508946
0 0.3575520833333333 0.5656063618290258 0.009895833333333333 0.009940357852882704
0 0.5700520833333333 0.5730616302186878 0.015104166666666667 0.016898608349900597
0 0.6979166666666666 0.5785288270377733 0.019791666666666666 0.027833001988071572
0 0.37265625 0.577037773359841 0.005729166666666666 0.020874751491053677
0 0.30052083333333335 0.5969184890656064 0.016666666666666666 0.05069582504970179
0 0.7734375 0.5785288270377733 0.0125 0.011928429423459244
0 0.7893229166666667 0.5805168986083499 0.009895833333333333 0.017892644135188866
0 0.13307291666666668 0.5904572564612326 0.0078125 0.03180914512922465
0 0.4953125 0.5820079522862823 0.013541666666666667 0.008946322067594433
0 0.5799479166666667 0.591948310139165 0.019270833333333334 0.0268389662027833
0 0.33697916666666666 0.6053677932405567 0.021875 0.03180914512922465
0 0.15208333333333332 0.6033797216699801 0.0125 0.02385685884691849
0 0.31744791666666666 0.6053677932405567 0.0067708333333333336 0.027833001988071572
0 0.4669270833333333 0.6113320079522863 0.008854166666666666 0.039761431411530816
0 0.4296875 0.6073558648111332 0.005208333333333333 0.02385685884691849
0 0.44192708333333336 0.6148111332007953 0.009895833333333333 0.0268389662027833
0 0.55703125 0.6153081510934394 0.0109375 0.02584493041749503
0 0.00234375 0.6118290258449304 0.0046875 0.014910536779324055
0 0.41953125 0.6217693836978131 0.0078125 0.0268389662027833
0 0.5356770833333333 0.6227634194831014 0.0109375 0.02286282306163022
0 0.04244791666666667 0.6317097415506958 0.011979166666666667 0.018886679920477135
0 0.30390625 0.6366799204771372 0.0453125 0.02882703777335984
0 0.509375 0.632703777335984 0.013541666666666667 0.02286282306163022
0 0.37057291666666664 0.6336978131212724 0.015104166666666667 0.020874751491053677
0 0.45546875 0.6510934393638171 0.025520833333333333 0.04771371769383698
0 0.18307291666666667 0.6481113320079522 0.0140625 0.03180914512922465
0 0.26848958333333334 0.6421471172962226 0.011979166666666667 0.013916500994035786
0 0.60234375 0.6451292246520874 0.018229166666666668 0.013916500994035786
0 0.76875 0.6684890656063618 0.011458333333333333 0.036779324055666
0 0.67421875 0.6699801192842942 0.015104166666666667 0.015904572564612324
0 0.4903645833333333 0.6774353876739563 0.018229166666666668 0.012922465208747515
0 0.38046875 0.6878727634194831 0.015104166666666667 0.02385685884691849
0 0.58984375 0.68389662027833 0.019270833333333334 0.017892644135188866
0 0.27369791666666665 0.691351888667992 0.011979166666666667 0.0268389662027833
0 0.44973958333333336 0.6933399602385686 0.015104166666666667 0.018886679920477135
0 0.6809895833333334 0.69831013916501 0.0140625 0.020874751491053677
0 0.80078125 0.7037773359840954 0.015104166666666667 0.033797216699801194
0 0.16223958333333333 0.7017892644135189 0.0078125 0.02584493041749503
0 0.24635416666666668 0.7236580516898609 0.022916666666666665 0.061630218687872766
0 0.27265625 0.7271371769383698 0.015104166666666667 0.02882703777335984
0 0.6723958333333333 0.7226640159045725 0.020833333333333332 0.019880715705765408
0 0.46380208333333334 0.7251491053677932 0.0171875 0.016898608349900597
0 0.5794270833333334 0.7276341948310139 0.0078125 0.019880715705765408
0 0.22057291666666667 0.7380715705765407 0.016145833333333335 0.03479125248508946
0 0.496875 0.7301192842942346 0.005208333333333333 0.018886679920477135
0 0.4395833333333333 0.7380715705765407 0.007291666666666667 0.020874751491053677
0 0.2953125 0.7375745526838966 0.013541666666666667 0.011928429423459244
0 0.3333333333333333 0.7380715705765407 0.014583333333333334 0.014910536779324055
0 0.59765625 0.7490059642147118 0.0078125 0.030815109343936383
0 0.396875 0.7470178926441352 0.013541666666666667 0.008946322067594433
0 0.3265625 0.7514910536779325 0.0125 0.013916500994035786
0 0.340625 0.7604373757455268 0.010416666666666666 0.02584493041749503
0 0.46119791666666665 0.7624254473161034 0.0067708333333333336 0.03180914512922465
0 0.6419270833333334 0.7649105367793241 0.0140625 0.02882703777335984
0 0.3859375 0.7718687872763419 0.010416666666666666 0.03479125248508946
0 0.6729166666666667 0.7619284294234593 0.013541666666666667 0.012922465208747515
0 0.4041666666666667 0.7668986083499006 0.017708333333333333 0.018886679920477135
0 0.7635416666666667 0.7793240556660039 0.023958333333333335 0.03777335984095427
0 0.6140625 0.7713717693836978 0.010416666666666666 0.017892644135188866
0 0.6265625 0.7803180914512923 0.00625 0.02385685884691849
0 0.8611979166666667 0.786779324055666 0.008854166666666666 0.03479125248508946
0 0.484375 0.782803180914513 0.008333333333333333 0.02485089463220676
0 0.27265625 0.790258449304175 0.0109375 0.011928429423459244
0 0.51171875 0.8031809145129225 0.009895833333333333 0.03777335984095427
0 0.44088541666666664 0.797713717693837 0.0140625 0.010934393638170975
0 0.0036458333333333334 0.8026838966202783 0.007291666666666667 0.016898608349900597
0 0.9138020833333333 0.8056660039761432 0.008854166666666666 0.018886679920477135
0 0.4825520833333333 0.8141153081510935 0.0171875 0.03180914512922465
0 0.5458333333333333 0.8091451292246521 0.010416666666666666 0.017892644135188866
0 0.6395833333333333 0.8305168986083499 0.015625 0.06063618290258449
0 0.71484375 0.8081510934393639 0.019270833333333334 0.013916500994035786
0 0.87578125 0.8121272365805169 0.011979166666666667 0.02186878727634195
0 0.49921875 0.8195825049701789 0.013020833333333334 0.032803180914512925
0 0.43125 0.8121272365805169 0.015625 0.015904572564612324
0 0.453125 0.8151093439363817 0.0125 0.015904572564612324
0 0.28828125 0.820079522862823 0.013020833333333334 0.015904572564612324
0 0.8338541666666667 0.8334990059642147 0.01875 0.036779324055666
0 0.06744791666666666 0.8280318091451292 0.024479166666666666 0.019880715705765408
0 0.5861979166666667 0.8325049701789264 0.0109375 0.020874751491053677
0 0.4328125 0.8354870775347912 0.015625 0.014910536779324055
0 0.4875 0.8399602385685885 0.005208333333333333 0.015904572564612324
0 0.24973958333333332 0.8503976143141153 0.021354166666666667 0.02882703777335984
0 0.33697916666666666 0.8583499005964215 0.013541666666666667 0.042743538767395624
0 0.37057291666666664 0.841948310139165 0.015104166666666667 0.011928429423459244
0 0.9955729166666667 0.8464214711729622 0.0078125 0.010934393638170975
0 0.6075520833333333 0.8518886679920478 0.011979166666666667 0.017892644135188866
0 0.75625 0.8538767395626242 0.0125 0.019880715705765408
0 0.415625 0.8593439363817097 0.007291666666666667 0.02286282306163022
0 0.32083333333333336 0.8822067594433399 0.011458333333333333 0.04671968190854871
0 0.36171875 0.8707753479125249 0.013020833333333334 0.02385685884691849
0 0.45286458333333335 0.8722664015904572 0.011979166666666667 0.010934393638170975
0 0.8018229166666667 0.885685884691849 0.027604166666666666 0.03777335984095427
0 0.05286458333333333 0.8861829025844931 0.016145833333333335 0.03479125248508946
0 0.534375 0.8851888667992047 0.00625 0.020874751491053677
0 0.0015625 0.8956262425447317 0.003125 0.03578528827037773
0 0.6263020833333334 0.8901590457256461 0.0109375 0.018886679920477135
0 0.2591145833333333 0.889662027833002 0.0171875 0.013916500994035786
0 0.5135416666666667 0.8876739562624254 0.014583333333333334 0.009940357852882704
0 0.2869791666666667 0.8941351888667992 0.016666666666666666 0.014910536779324055
0 0.6611979166666667 0.9035785288270378 0.0067708333333333336 0.03578528827037773
0 0.6059895833333333 0.9015904572564613 0.0171875 0.017892644135188866
0 0.7369791666666666 0.9090457256461233 0.007291666666666667 0.0268389662027833
0 0.15807291666666667 0.9284294234592445 0.0359375 0.05765407554671968
0 0.5270833333333333 0.908051689860835 0.017708333333333333 0.014910536779324055
0 0.5848958333333333 0.9174950298210736 0.011458333333333333 0.03578528827037773
0 0.43776041666666665 0.9199801192842942 0.009895833333333333 0.030815109343936383
0 0.5989583333333334 0.9284294234592445 0.008333333333333333 0.039761431411530816
0 0.7080729166666667 0.9209741550695825 0.018229166666666668 0.02286282306163022
0 0.13723958333333333 0.9294234592445328 0.016145833333333335 0.02186878727634195
0 0.26848958333333334 0.9463220675944334 0.011979166666666667 0.041749502982107355
0 0.9033854166666667 0.9408548707753479 0.009895833333333333 0.016898608349900597
0 0.6934895833333333 0.9458250497017893 0.0109375 0.02286282306163022
0 0.014322916666666666 0.9622266401590457 0.028645833333333332 0.04970178926441352
0 0.6208333333333333 0.9527833001988072 0.007291666666666667 0.0268389662027833
0 0.9455729166666667 0.9458250497017893 0.008854166666666666 0.012922465208747515
0 0.43072916666666666 0.9517892644135189 0.010416666666666666 0.018886679920477135
0 0.9838541666666667 0.9617296222664016 0.014583333333333334 0.036779324055666
0 0.53359375 0.9602385685884692 0.0078125 0.02385685884691849
0 0.41953125 0.9637176938369781 0.015104166666666667 0.02882703777335984
0 0.5231770833333333 0.9676938369781312 0.008854166666666666 0.0268389662027833
0 0.63515625 0.9676938369781312 0.009895833333333333 0.02485089463220676
0 0.565625 0.9796222664015904 0.028125 0.03876739562624255
0 0.3575520833333333 0.9666998011928429 0.016145833333333335 0.010934393638170975
0 0.47578125 0.9895626242544732 0.0109375 0.018886679920477135
0 0.2669270833333333 0.9900596421471173 0.0046875 0.017892644135188866
0 0.2872395833333333 0.9900596421471173 0.015104166666666667 0.017892644135188866
0 0.40625 0.9935387673956262 0.011458333333333333 0.010934393638170975
0 0.6114583333333333 0.9940357852882704 0.008333333333333333 0.009940357852882704