0 0.6393229166666666 0.010437375745526839 0.013020833333333334 0.012922465208747515
0 0.59765625 0.1978131212723658 0.0234375 0.02584493041749503
0 0.5080729166666667 0.4309145129224652 0.008854166666666666 0.02882703777335984
0 0.37083333333333335 0.5099403578528827 0.013541666666666667 0.019880715705765408
0 0.4078125 0.5203777335984096 0.010416666666666666 0.016898608349900597
0 0.46901041666666665 0.5273359840954275 0.011979166666666667 0.016898608349900597
0 0.3963541666666667 0.5377733598409543 0.00625 0.019880715705765408
0 0.19973958333333333 0.5437375745526839 0.0171875 0.013916500994035786
0 0.3421875 0.5666003976143141 0.00625 0.02982107355864811
0 0.3765625 0.5680914512922465 0.005208333333333333 0.018886679920477135
0 0.28619791666666666 0.6063618290258449 0.011979166666666667 0.027833001988071572
0 0.3796875 0.6038767395626242 0.008333333333333333 0.016898608349900597
0 0.06536458333333334 0.6520874751491054 0.009895833333333333 0.015904572564612324
0 0.33151041666666664 0.7017892644135189 0.0265625 0.03578528827037773
0 0.4708333333333333 0.7519880715705766 0.011458333333333333 0.020874751491053677
0 0.20911458333333333 0.7733598409542743 0.013020833333333334 0.019880715705765408
0 0.43046875 0.8901590457256461 0.022395833333333334 0.0268389662027833
0 0.2869791666666667 0.9040755467196819 0.017708333333333333 0.018886679920477135