0 0.012760416666666666 0.007455268389662028 0.025520833333333333 0.014910536779324055
0 0.97265625 0.010934393638170975 0.05364583333333333 0.02186878727634195
0 0.975 0.031312127236580514 0.015625 0.0268389662027833
0 0.7489583333333333 0.036779324055666 0.011458333333333333 0.011928429423459244
0 0.6578125 0.05815109343936382 0.016666666666666666 0.02485089463220676
0 0.5705729166666667 0.06610337972166998 0.018229166666666668 0.02286282306163022
0 0.76015625 0.06709741550695825 0.011979166666666667 0.010934393638170975
0 0.6671875 0.07554671968190854 0.008333333333333333 0.02385685884691849
0 0.4002604166666667 0.0959244532803181 0.011979166666666667 0.02485089463220676
0 0.2520833333333333 0.10685884691848907 0.007291666666666667 0.016898608349900597
0 0.990625 0.1272365805168986 0.017708333333333333 0.015904572564612324
0 0.85546875 0.13220675944333996 0.016145833333333335 0.02186878727634195
0 0.7127604166666667 0.1411530815109344 0.009895833333333333 0.017892644135188866
0 0.00026041666666666666 0.17594433399602386 0.0005208333333333333 0.05765407554671968
0 0.6408854166666667 0.16600397614314116 0.008854166666666666 0.015904572564612324
0 0.8497395833333333 0.17992047713717693 0.0140625 0.02982107355864811
0 0.86953125 0.18836978131212723 0.016145833333333335 0.03479125248508946
0 0.6315104166666666 0.19284294234592445 0.0078125 0.027833001988071572
0 0.0125 0.2047713717693837 0.014583333333333334 0.02584493041749503
0 0.27369791666666665 0.20129224652087474 0.015104166666666667 0.018886679920477135
0 0.22083333333333333 0.21520874751491054 0.007291666666666667 0.036779324055666
0 0.7109375 0.20725646123260438 0.009375 0.02286282306163022
0 0.26901041666666664 0.24950298210735586 0.025520833333333333 0.04970178926441352
0 0.6736979166666667 0.23260437375745527 0.016145833333333335 0.011928429423459244
0 0.73359375 0.24055666003976142 0.008854166666666666 0.015904572564612324
0 0.78671875 0.24701789264413518 0.025520833333333333 0.030815109343936383
0 0.39479166666666665 0.24652087475149106 0.00625 0.02385685884691849
0 0.29973958333333334 0.24900596421471172 0.013020833333333334 0.014910536779324055
0 0.24973958333333332 0.2544731610337972 0.011979166666666667 0.017892644135188866
0 0.9361979166666666 0.25695825049701787 0.008854166666666666 0.02286282306163022
0 0.6697916666666667 0.2544731610337972 0.016666666666666666 0.013916500994035786
0 0.9645833333333333 0.2599403578528827 0.013541666666666667 0.018886679920477135
0 0.99453125 0.2659045725646123 0.009895833333333333 0.018886679920477135
0 0.24140625 0.27286282306163023 0.0171875 0.02485089463220676
0 0.9044270833333333 0.27186878727634195 0.0171875 0.020874751491053677
0 0.8369791666666667 0.2778330019880716 0.007291666666666667 0.020874751491053677
0 0.8739583333333333 0.2768389662027833 0.007291666666666667 0.018886679920477135
0 0.14114583333333333 0.2907554671968191 0.00625 0.020874751491053677
0 0.8510416666666667 0.29721669980119286 0.009375 0.02584493041749503
0 0.8653645833333333 0.2937375745526839 0.0078125 0.014910536779324055
0 0.1796875 0.29721669980119286 0.008333333333333333 0.017892644135188866
0 0.23802083333333332 0.30168986083499005 0.019791666666666666 0.020874751491053677
0 0.8044270833333333 0.30168986083499005 0.0203125 0.014910536779324055
0 0.7239583333333334 0.30467196819085485 0.009375 0.016898608349900597
0 0.4466145833333333 0.3076540755467197 0.0140625 0.018886679920477135
0 0.5145833333333333 0.3066600397614314 0.015625 0.010934393638170975
0 0.9963541666666667 0.3290258449304175 0.00625 0.013916500994035786
0 0.8033854166666666 0.3394632206759443 0.0140625 0.020874751491053677
0 0.58359375 0.34592445328031807 0.015104166666666667 0.013916500994035786
0 0.21354166666666666 0.3523856858846918 0.021875 0.014910536779324055
0 0.8859375 0.3702783300198807 0.01875 0.016898608349900597
0 0.9557291666666666 0.37226640159045726 0.015625 0.020874751491053677
0 0.2713541666666667 0.37773359840954274 0.016666666666666666 0.011928429423459244
0 0.95390625 0.3946322067594433 0.027604166666666666 0.033797216699801194
0 0.20911458333333333 0.39015904572564614 0.0067708333333333336 0.02286282306163022
0 0.029427083333333333 0.3941351888667992 0.015104166666666667 0.0268389662027833
0 0.43671875 0.38817097415506957 0.013020833333333334 0.008946322067594433
0 0.9815104166666667 0.39165009940357853 0.0140625 0.015904572564612324
0 0.5971354166666667 0.40357852882703776 0.011979166666666667 0.03578528827037773
0 0.8841145833333334 0.3996023856858847 0.008854166666666666 0.02584493041749503
0 0.6791666666666667 0.3976143141153082 0.011458333333333333 0.013916500994035786
0 0.5794270833333334 0.408051689860835 0.0171875 0.02882703777335984
0 0.07890625 0.40755467196819084 0.0078125 0.017892644135188866
0 0.03723958333333333 0.4165009940357853 0.0109375 0.02385685884691849
0 0.89453125 0.4179920477137177 0.008854166666666666 0.02286282306163022
0 0.9765625 0.426441351888668 0.008333333333333333 0.02584493041749503
0 0.91484375 0.4289264413518887 0.0078125 0.0268389662027833
0 0.5234375 0.4274353876739563 0.010416666666666666 0.017892644135188866
0 0.9916666666666667 0.4289264413518887 0.015625 0.016898608349900597
0 0.20911458333333333 0.4393638170974155 0.008854166666666666 0.03180914512922465
0 0.6880208333333333 0.42992047713717696 0.0125 0.014910536779324055
0 0.7484375 0.44880715705765406 0.005208333333333333 0.02485089463220676
0 0.7953125 0.44831013916500995 0.01875 0.017892644135188866
0 0.9432291666666667 0.4433399602385686 0.014583333333333334 0.009940357852882704
0 0.9640625 0.4562624254473161 0.0125 0.019880715705765408
0 0.5848958333333333 0.46669980119284293 0.014583333333333334 0.02882703777335984
0 0.9390625 0.46222664015904574 0.016666666666666666 0.017892644135188866
0 0.6690104166666667 0.4686878727634195 0.011979166666666667 0.010934393638170975
0 0.9072916666666667 0.4726640159045726 0.016666666666666666 0.016898608349900597
0 0.79375 0.47713717693836977 0.014583333333333334 0.017892644135188866
0 0.8921875 0.47713717693836977 0.014583333333333334 0.011928429423459244
0 0.5703125 0.48956262425447317 0.00625 0.020874751491053677
0 0.20286458333333332 0.4945328031809145 0.0078125 0.014910536779324055
0 0.6348958333333333 0.49652087475149104 0.0125 0.018886679920477135
0 0.7934895833333333 0.5019880715705766 0.0140625 0.02584493041749503
0 0.12291666666666666 0.5129224652087475 0.022916666666666665 0.039761431411530816
0 0.5390625 0.5064612326043738 0.020833333333333332 0.02286282306163022
0 0.9661458333333334 0.5049701789264414 0.008333333333333333 0.02186878727634195
0 0.28177083333333336 0.5069582504970179 0.0125 0.011928429423459244
0 0.615625 0.5159045725646123 0.0125 0.02584493041749503
0 0.8744791666666667 0.5089463220675944 0.010416666666666666 0.013916500994035786
0 0.15546875 0.5223658051689861 0.024479166666666666 0.030815109343936383
0 0.3880208333333333 0.5303180914512923 0.008333333333333333 0.04671968190854871
0 0.49505208333333334 0.5149105367793241 0.008854166666666666 0.013916500994035786
0 0.16953125 0.5482107355864811 0.027604166666666666 0.04671968190854871
0 0.8645833333333334 0.5372763419483101 0.0125 0.016898608349900597
0 0.8856770833333333 0.5447316103379721 0.0171875 0.011928429423459244
0 0.8380208333333333 0.5521868787276342 0.010416666666666666 0.010934393638170975
0 0.5466145833333333 0.5576540755467196 0.0109375 0.013916500994035786
0 0.6763020833333333 0.5720675944333996 0.008854166666666666 0.03479125248508946
0 0.41302083333333334 0.56610337972167 0.025 0.016898608349900597
0 0.6924479166666667 0.5869781312127237 0.0067708333333333336 0.048707753479125246
0 0.9786458333333333 0.5834990059642147 0.016666666666666666 0.02385685884691849
0 0.4908854166666667 0.5839960238568589 0.0067708333333333336 0.016898608349900597
0 0.71875 0.5849900596421471 0.0125 0.016898608349900597
0 0.9721354166666667 0.5999005964214712 0.013020833333333334 0.02485089463220676
0 0.42734375 0.6023856858846919 0.016145833333333335 0.017892644135188866
0 0.9411458333333333 0.6093439363817097 0.020833333333333332 0.02584493041749503
0 0.8510416666666667 0.6038767395626242 0.016666666666666666 0.012922465208747515
0 0.571875 0.621272365805169 0.010416666666666666 0.041749502982107355
0 0.09453125 0.621272365805169 0.0109375 0.03180914512922465
0 0.5361979166666667 0.6307157057654076 0.009895833333333333 0.02485089463220676
0 0.6119791666666666 0.6272365805168986 0.0125 0.019880715705765408
0 0.325 0.6297216699801192 0.01875 0.020874751491053677
0 0.34348958333333335 0.632703777335984 0.009895833333333333 0.018886679920477135
0 0.45260416666666664 0.6351888667992047 0.005208333333333333 0.02385685884691849
0 0.7072916666666667 0.6426441351888668 0.017708333333333333 0.03479125248508946
0 0.4328125 0.6441351888667992 0.019791666666666666 0.02385685884691849
0 0.92421875 0.6391650099403579 0.0140625 0.009940357852882704
0 0.4822916666666667 0.6481113320079522 0.009375 0.017892644135188866
0 0.58203125 0.6560636182902585 0.005729166666666666 0.02584493041749503
0 0.35651041666666666 0.6605367793240556 0.015104166666666667 0.020874751491053677
0 0.7234375 0.6635188866799204 0.015625 0.02882703777335984
0 0.61796875 0.6814115308151093 0.015104166666666667 0.02485089463220676
0 0.36875 0.6918489065606361 0.007291666666666667 0.03578528827037773
0 0.6768229166666667 0.6848906560636183 0.0046875 0.02385685884691849
0 0.89921875 0.6888667992047713 0.011979166666666667 0.02385685884691849
0 0.8630208333333333 0.6898608349900597 0.0125 0.017892644135188866
0 0.9958333333333333 0.6953280318091452 0.007291666666666667 0.02286282306163022
0 0.4903645833333333 0.6963220675944334 0.013020833333333334 0.02286282306163022
0 0.5174479166666667 0.7117296222664016 0.016145833333333335 0.05168986083499006
0 0.34401041666666665 0.7037773359840954 0.009895833333333333 0.013916500994035786
0 0.8291666666666667 0.7027833001988072 0.013541666666666667 0.009940357852882704
0 0.8729166666666667 0.7206759443339961 0.013541666666666667 0.041749502982107355
0 0.5390625 0.7226640159045725 0.017708333333333333 0.039761431411530816
0 0.31197916666666664 0.7256461232604374 0.007291666666666667 0.039761431411530816
0 0.15963541666666667 0.7271371769383698 0.0265625 0.040755467196819085
0 0.35963541666666665 0.7186878727634195 0.0109375 0.02385685884691849
0 0.6010416666666667 0.7236580516898609 0.008333333333333333 0.02385685884691849
0 0.7375 0.7261431411530815 0.008333333333333333 0.02882703777335984
0 0.47109375 0.7340954274353877 0.005729166666666666 0.030815109343936383
0 0.06875 0.7360834990059643 0.0125 0.02485089463220676
0 0.8239583333333333 0.7400596421471173 0.009375 0.032803180914512925
0 0.7174479166666666 0.7544731610337972 0.027604166666666666 0.05964214711729622
0 0.803125 0.731610337972167 0.016666666666666666 0.011928429423459244
0 0.559375 0.7480119284294234 0.016666666666666666 0.042743538767395624
0 0.20364583333333333 0.7460238568588469 0.013541666666666667 0.03479125248508946
0 0.66640625 0.742544731610338 0.016145833333333335 0.02385685884691849
0 0.7473958333333334 0.7440357852882704 0.005208333333333333 0.0268389662027833
0 0.6880208333333333 0.7539761431411531 0.013541666666666667 0.040755467196819085
0 0.9231770833333334 0.7475149105367793 0.0109375 0.013916500994035786
0 0.5252604166666667 0.7534791252485089 0.021354166666666667 0.019880715705765408
0 0.09088541666666666 0.7534791252485089 0.0109375 0.017892644135188866
0 0.3690104166666667 0.7539761431411531 0.0171875 0.018886679920477135
0 0.7963541666666667 0.7673956262425448 0.0125 0.03777335984095427
0 0.6486979166666667 0.7639165009940357 0.0078125 0.014910536779324055
0 0.6109375 0.7723658051689861 0.008333333333333333 0.02186878727634195
0 0.53359375 0.7808151093439364 0.0078125 0.036779324055666
0 0.63125 0.786779324055666 0.020833333333333332 0.042743538767395624
0 0.4359375 0.7847912524850894 0.007291666666666667 0.036779324055666
0 0.6942708333333333 0.7803180914512923 0.008333333333333333 0.013916500994035786
0 0.5518229166666667 0.7907554671968191 0.0109375 0.02485089463220676
0 0.6705729166666666 0.7892644135188867 0.015104166666666667 0.019880715705765408
0 0.9427083333333334 0.7862823061630219 0.011458333333333333 0.015904572564612324
0 0.5161458333333333 0.7917495029821073 0.010416666666666666 0.018886679920477135
0 0.7036458333333333 0.790258449304175 0.00625 0.015904572564612324
0 0.590625 0.794234592445328 0.014583333333333334 0.019880715705765408
0 0.16302083333333334 0.7962226640159046 0.010416666666666666 0.017892644135188866
0 0.6911458333333333 0.8011928429423459 0.01875 0.02982107355864811
0 0.88046875 0.7917495029821073 0.0078125 0.010934393638170975
0 0.821875 0.7952286282306164 0.020833333333333332 0.013916500994035786
0 0.7263020833333333 0.8036779324055666 0.0067708333333333336 0.02485089463220676
0 0.8567708333333334 0.7967196819085487 0.010416666666666666 0.010934393638170975
0 0.28671875 0.8041749502982107 0.0203125 0.02186878727634195
0 0.9752604166666666 0.8056660039761432 0.0078125 0.02485089463220676
0 0.45390625 0.8131212723658051 0.0036458333333333334 0.02385685884691849
0 0.6041666666666666 0.8215705765407555 0.009375 0.0268389662027833
0 0.3109375 0.8305168986083499 0.008333333333333333 0.03479125248508946
0 0.66015625 0.8240556660039762 0.0109375 0.02385685884691849
0 0.7106770833333333 0.8300198807157058 0.0140625 0.02584493041749503
0 0.575 0.8225646123260437 0.013541666666666667 0.006958250497017893
0 0.22994791666666667 0.8339960238568589 0.0140625 0.02186878727634195
0 0.6395833333333333 0.8399602385685885 0.005208333333333333 0.02584493041749503
0 0.6924479166666667 0.8389662027833003 0.011979166666666667 0.013916500994035786
0 0.7200520833333334 0.8583499005964215 0.021354166666666667 0.05069582504970179
0 0.27265625 0.8429423459244533 0.005729166666666666 0.017892644135188866
0 0.6234375 0.852882703777336 0.0125 0.02982107355864811
0 0.9963541666666667 0.8548707753479126 0.00625 0.013916500994035786
0 0.69296875 0.8608349900596421 0.013020833333333334 0.015904572564612324
0 0.49713541666666666 0.871272365805169 0.008854166666666666 0.032803180914512925
0 0.6908854166666667 0.8976143141153081 0.025520833333333333 0.07952286282306163
0 0.3502604166666667 0.878727634194831 0.0140625 0.033797216699801194
0 0.6453125 0.8742544731610338 0.009375 0.020874751491053677
0 0.7815104166666667 0.8836978131212724 0.0109375 0.017892644135188866
0 0.45598958333333334 0.8921471172962226 0.0067708333333333336 0.030815109343936383
0 0.7432291666666667 0.8861829025844931 0.01875 0.018886679920477135
0 0.7606770833333333 0.8891650099403579 0.005729166666666666 0.0268389662027833
0 0.3932291666666667 0.8886679920477137 0.005208333333333333 0.017892644135188866
0 0.8416666666666667 0.8951292246520874 0.010416666666666666 0.02882703777335984
0 0.46796875 0.8966202783300199 0.008854166666666666 0.02982107355864811
0 0.5596354166666667 0.8916500994035785 0.016145833333333335 0.017892644135188866
0 0.6286458333333333 0.8936381709741551 0.007291666666666667 0.02385685884691849
0 0.42213541666666665 0.8961232604373758 0.0203125 0.020874751491053677
0 0.6080729166666666 0.897117296222664 0.0109375 0.016898608349900597
0 0.5231770833333333 0.9070576540755467 0.0109375 0.03479125248508946
0 0.6416666666666667 0.9015904572564613 0.016666666666666666 0.02186878727634195
0 0.5861979166666667 0.9055666003976143 0.011979166666666667 0.02385685884691849
0 0.71484375 0.9125248508946322 0.013020833333333334 0.03578528827037773
0 0.734375 0.9050695825049702 0.005208333333333333 0.012922465208747515
0 0.5489583333333333 0.9120278330019881 0.015625 0.018886679920477135
0 0.24010416666666667 0.9184890656063618 0.013541666666666667 0.02982107355864811
0 0.31536458333333334 0.9358846918489065 0.009895833333333333 0.03479125248508946
0 0.7432291666666667 0.9319085487077535 0.009375 0.0268389662027833
0 0.56875 0.9314115308151093 0.013541666666666667 0.02186878727634195
0 0.6723958333333333 0.9294234592445328 0.008333333333333333 0.011928429423459244
0 0.9557291666666666 0.9309145129224652 0.015625 0.012922465208747515
0 0.3841145833333333 0.9403578528827038 0.015104166666666667 0.02385685884691849
0 0.7825520833333334 0.9388667992047713 0.0171875 0.016898608349900597
0 0.5348958333333333 0.9393638170974155 0.009375 0.011928429423459244
0 0.5143229166666666 0.9612326043737575 0.016145833333333335 0.0437375745526839
0 0.7588541666666667 0.9532803180914513 0.016666666666666666 0.02186878727634195
0 0.67578125 0.9627236580516899 0.0359375 0.03479125248508946
0 0.7924479166666667 0.9627236580516899 0.0067708333333333336 0.032803180914512925
0 0.9278645833333333 0.9627236580516899 0.0140625 0.03479125248508946
0 0.2591145833333333 0.9701789264413518 0.0171875 0.0437375745526839
0 0.9666666666666667 0.9582504970178927 0.015625 0.011928429423459244
0 0.5252604166666667 0.9617296222664016 0.0078125 0.016898608349900597
0 0.546875 0.963220675944334 0.016666666666666666 0.019880715705765408
0 0.73671875 0.959741550695825 0.013020833333333334 0.008946322067594433
0 0.31796875 0.9811133200795229 0.0140625 0.02982107355864811
0 0.9591145833333333 0.9791252485089463 0.0140625 0.013916500994035786
0 0.34270833333333334 0.9840954274353877 0.022916666666666665 0.015904572564612324
0 0.7536458333333333 0.9845924453280318 0.010416666666666666 0.018886679920477135
0 0.63203125 0.9895626242544732 0.0234375 0.018886679920477135
0 0.78359375 0.9865805168986084 0.016145833333333335 0.008946322067594433
0 0.019010416666666665 0.9910536779324056 0.0140625 0.015904572564612324
0 0.5575520833333333 0.9920477137176938 0.008854166666666666 0.013916500994035786
0 0.49921875 0.9930417495029821 0.0171875 0.011928429423459244
0 0.6768229166666667 0.9955268389662028 0.015104166666666667 0.006958250497017893