0 0.27109375 0.019383697813121274 0.015104166666666667 0.03876739562624255
0 0.48046875 0.006958250497017893 0.008854166666666666 0.013916500994035786
0 0.5963541666666666 0.01242544731610338 0.020833333333333332 0.02485089463220676
0 0.240625 0.023359840954274354 0.0125 0.02286282306163022
0 0.4361979166666667 0.037276341948310136 0.011979166666666667 0.05268389662027833
0 0.51328125 0.028330019880715707 0.0078125 0.03479125248508946
0 0.7768229166666667 0.06858846918489066 0.0140625 0.033797216699801194
0 0.19427083333333334 0.07902584493041749 0.013541666666666667 0.032803180914512925
0 0.359375 0.09443339960238568 0.007291666666666667 0.0437375745526839
0 0.4244791666666667 0.08648111332007952 0.015625 0.027833001988071572
0 0.2734375 0.10337972166998012 0.010416666666666666 0.055666003976143144
0 0.34010416666666665 0.09990059642147117 0.009375 0.036779324055666
0 0.9377604166666667 0.10238568588469185 0.009895833333333333 0.013916500994035786
0 0.2877604166666667 0.12127236580516898 0.015104166666666667 0.017892644135188866
0 0.6830729166666667 0.13618290258449303 0.0171875 0.03180914512922465
0 0.4778645833333333 0.15208747514910537 0.0296875 0.027833001988071572
0 0.99296875 0.17147117296222664 0.013020833333333334 0.0268389662027833
0 0.30572916666666666 0.2047713717693837 0.007291666666666667 0.02982107355864811
0 0.3875 0.21272365805168986 0.015625 0.03777335984095427
0 0.99296875 0.20427435387673956 0.0067708333333333336 0.016898608349900597
0 0.7161458333333334 0.220675944333996 0.020833333333333332 0.02385685884691849
0 0.6661458333333333 0.25894632206759444 0.017708333333333333 0.048707753479125246
0 0.9947916666666666 0.26093439363817095 0.009375 0.032803180914512925
0 0.43984375 0.2614314115308151 0.019270833333333334 0.017892644135188866
0 0.70078125 0.2882703777335984 0.0171875 0.03777335984095427
0 0.6078125 0.30069582504970177 0.013541666666666667 0.036779324055666
0 0.7260416666666667 0.29970178926441354 0.015625 0.02286282306163022
0 0.8296875 0.3061630218687873 0.014583333333333334 0.02584493041749503
0 0.5838541666666667 0.31560636182902585 0.015625 0.032803180914512925
0 0.9932291666666667 0.3404572564612326 0.0125 0.05268389662027833
0 0.55546875 0.3349900596421471 0.0109375 0.03180914512922465
0 0.7177083333333333 0.3305168986083499 0.019791666666666666 0.020874751491053677
0 0.7893229166666667 0.34244532803180916 0.0109375 0.03876739562624255
0 0.49635416666666665 0.34095427435387676 0.01875 0.027833001988071572
0 0.29140625 0.3553677932405567 0.0140625 0.048707753479125246
0 0.7419270833333333 0.3628230616302187 0.0171875 0.019880715705765408
0 0.4239583333333333 0.38767395626242546 0.015625 0.03180914512922465
0 0.7481770833333333 0.4105367793240557 0.019270833333333334 0.03578528827037773
0 0.48515625 0.4100397614314115 0.0140625 0.014910536779324055
0 0.5979166666666667 0.42445328031809143 0.008333333333333333 0.039761431411530816
0 0.7888020833333333 0.4259443339960239 0.015104166666666667 0.02882703777335984
0 0.4947916666666667 0.4542743538767396 0.019791666666666666 0.0636182902584493
0 0.28671875 0.4587475149105368 0.0109375 0.04473161033797217
0 0.46927083333333336 0.44880715705765406 0.022916666666666665 0.018886679920477135
0 0.5395833333333333 0.4676938369781312 0.026041666666666668 0.03876739562624255
0 0.4049479166666667 0.4831013916500994 0.009895833333333333 0.02584493041749503
0 0.7036458333333333 0.49105367793240556 0.008333333333333333 0.02385685884691849
0 0.43359375 0.4955268389662028 0.0171875 0.02882703777335984
0 0.6325520833333333 0.5427435387673957 0.018229166666666668 0.06759443339960239
0 0.9953125 0.5318091451292246 0.008333333333333333 0.0437375745526839
0 0.5270833333333333 0.5248508946322068 0.019791666666666666 0.019880715705765408
0 0.8622395833333333 0.5268389662027833 0.021354166666666667 0.02186878727634195
0 0.6786458333333333 0.532803180914513 0.014583333333333334 0.02584493041749503
0 0.74765625 0.5313121272365805 0.0078125 0.02286282306163022
0 0.4515625 0.5337972166998012 0.017708333333333333 0.009940357852882704
0 0.5526041666666667 0.5561630218687873 0.009375 0.042743538767395624
0 0.5098958333333333 0.5566600397614314 0.009375 0.039761431411530816
0 0.8088541666666667 0.555168986083499 0.008333333333333333 0.0268389662027833
0 0.709375 0.5680914512922465 0.017708333333333333 0.048707753479125246
0 0.45703125 0.562624254473161 0.011979166666666667 0.019880715705765408
0 0.4361979166666667 0.5680914512922465 0.013020833333333334 0.020874751491053677
0 0.88515625 0.5785288270377733 0.015104166666666667 0.033797216699801194
0 0.9966145833333333 0.5854870775347912 0.005729166666666666 0.033797216699801194
0 0.7625 0.5914512922465208 0.0125 0.03578528827037773
0 0.3614583333333333 0.5914512922465208 0.007291666666666667 0.02186878727634195
0 0.5736979166666667 0.5874751491053678 0.008854166666666666 0.015904572564612324
0 0.440625 0.5929423459244533 0.016666666666666666 0.012922465208747515
0 0.5411458333333333 0.5924453280318092 0.015625 0.011928429423459244
0 0.9765625 0.6038767395626242 0.015625 0.02286282306163022
0 0.6908854166666667 0.6038767395626242 0.015104166666666667 0.012922465208747515
0 0.8981770833333333 0.6163021868787276 0.028645833333333332 0.033797216699801194
0 0.7247395833333333 0.6108349900596421 0.0109375 0.016898608349900597
0 0.5682291666666667 0.6336978131212724 0.034375 0.04473161033797217
0 0.7403645833333333 0.639662027833002 0.021354166666666667 0.05268389662027833
0 0.5440104166666667 0.6401590457256461 0.018229166666666668 0.039761431411530816
0 0.13151041666666666 0.628727634194831 0.024479166666666666 0.014910536779324055
0 0.4669270833333333 0.6361829025844931 0.019270833333333334 0.019880715705765408
0 0.63671875 0.6600397614314115 0.016145833333333335 0.04771371769383698
0 0.5640625 0.6620278330019881 0.010416666666666666 0.015904572564612324
0 0.4552083333333333 0.665506958250497 0.005208333333333333 0.020874751491053677
0 0.73046875 0.6704771371769384 0.0171875 0.012922465208747515
0 0.70546875 0.6794234592445328 0.015104166666666667 0.02485089463220676
0 0.5901041666666667 0.6843936381709742 0.0125 0.018886679920477135
0 0.9932291666666667 0.7142147117296223 0.0125 0.07654075546719682
0 0.5255208333333333 0.7012922465208747 0.021875 0.036779324055666
0 0.7356770833333334 0.7047713717693836 0.025520833333333333 0.03180914512922465
0 0.2171875 0.717196819085487 0.008333333333333333 0.042743538767395624
0 0.4544270833333333 0.7157057654075547 0.025520833333333333 0.03180914512922465
0 0.5671875 0.7087475149105368 0.011458333333333333 0.017892644135188866
0 0.7838541666666666 0.7176938369781312 0.019791666666666666 0.03578528827037773
0 0.6947916666666667 0.7196819085487077 0.017708333333333333 0.02186878727634195
0 0.37526041666666665 0.7256461232604374 0.016145833333333335 0.02982107355864811
0 0.5705729166666667 0.7400596421471173 0.022395833333333334 0.042743538767395624
0 0.5528645833333333 0.7410536779324056 0.015104166666666667 0.0268389662027833
0 0.7552083333333334 0.7445328031809145 0.010416666666666666 0.03180914512922465
0 0.8666666666666667 0.7599403578528827 0.017708333333333333 0.04473161033797217
0 0.6471354166666666 0.7480119284294234 0.0078125 0.018886679920477135
0 0.6317708333333333 0.7619284294234593 0.014583333333333334 0.03876739562624255
0 0.8033854166666666 0.7668986083499006 0.011979166666666667 0.040755467196819085
0 0.47291666666666665 0.768389662027833 0.010416666666666666 0.015904572564612324
0 0.46197916666666666 0.7753479125248509 0.010416666666666666 0.013916500994035786
0 0.5630208333333333 0.7783300198807157 0.010416666666666666 0.019880715705765408
0 0.9111979166666667 0.7947316103379721 0.0203125 0.048707753479125246
0 0.39947916666666666 0.7862823061630219 0.014583333333333334 0.015904572564612324
0 0.5166666666666667 0.8076540755467196 0.01875 0.05467196819085487
0 0.5015625 0.8026838966202783 0.008333333333333333 0.03479125248508946
0 0.8583333333333333 0.808648111332008 0.017708333333333333 0.042743538767395624
0 0.24791666666666667 0.8091451292246521 0.019791666666666666 0.03777335984095427
0 0.3221354166666667 0.812624254473161 0.013020833333333334 0.040755467196819085
0 0.778125 0.8230616302186878 0.023958333333333335 0.0437375745526839
0 0.8861979166666667 0.8235586481113321 0.021354166666666667 0.04473161033797217
0 0.42578125 0.8170974155069582 0.0078125 0.02186878727634195
0 0.5645833333333333 0.820079522862823 0.007291666666666667 0.019880715705765408
0 0.4822916666666667 0.8354870775347912 0.015625 0.03876739562624255
0 0.5330729166666667 0.8399602385685885 0.019270833333333334 0.04771371769383698
0 0.91953125 0.8305168986083499 0.016145833333333335 0.020874751491053677
0 0.2677083333333333 0.8325049701789264 0.01875 0.014910536779324055
0 0.5994791666666667 0.8394632206759444 0.017708333333333333 0.020874751491053677
0 0.5091145833333334 0.8757455268389662 0.019270833333333334 0.05964214711729622
0 0.90234375 0.856858846918489 0.0109375 0.02186878727634195
0 0.7848958333333333 0.8658051689860835 0.008333333333333333 0.02982107355864811
0 0.68671875 0.8633200795228628 0.016145833333333335 0.018886679920477135
0 0.37161458333333336 0.8936381709741551 0.005729166666666666 0.02186878727634195
0 0.5513020833333333 0.8991053677932406 0.0328125 0.03479125248508946
0 0.3611979166666667 0.8946322067594433 0.0109375 0.02186878727634195
0 0.875 0.8991053677932406 0.020833333333333332 0.02882703777335984
0 0.44375 0.908051689860835 0.009375 0.016898608349900597
0 0.6322916666666667 0.9214711729622267 0.01875 0.03578528827037773
0 0.8356770833333333 0.9329025844930418 0.0171875 0.05268389662027833
0 0.8895833333333333 0.9160039761431411 0.011458333333333333 0.018886679920477135
0 0.5802083333333333 0.9194831013916501 0.022916666666666665 0.019880715705765408
0 0.51484375 0.9453280318091452 0.033854166666666664 0.06560636182902585
0 0.640625 0.9363817097415507 0.010416666666666666 0.027833001988071572
0 0.7609375 0.9388667992047713 0.0125 0.010934393638170975
0 0.8171875 0.9562624254473161 0.011458333333333333 0.017892644135188866
0 0.46458333333333335 0.9776341948310139 0.019791666666666666 0.042743538767395624
0 0.5184895833333333 0.9647117296222664 0.011979166666666667 0.016898608349900597
0 0.3880208333333333 0.9756461232604374 0.013541666666666667 0.036779324055666
0 0.80859375 0.9666998011928429 0.011979166666666667 0.018886679920477135
0 0.7434895833333334 0.9776341948310139 0.019270833333333334 0.03479125248508946
0 0.6203125 0.9801192842942346 0.0125 0.03777335984095427
0 0.005729166666666666 0.9845924453280318 0.011458333333333333 0.02882703777335984
0 0.5294270833333333 0.992544731610338 0.005729166666666666 0.012922465208747515
0 0.4973958333333333 0.9935387673956262 0.007291666666666667 0.010934393638170975