0 0.45026041666666666 0.02286282306163022 0.016145833333333335 0.02385685884691849
0 0.016666666666666666 0.22962226640159045 0.016666666666666666 0.017892644135188866
0 0.030989583333333334 0.24801192842942346 0.0078125 0.018886679920477135
0 0.6359375 0.2584493041749503 0.009375 0.02982107355864811
0 0.16354166666666667 0.27435387673956263 0.011458333333333333 0.02385685884691849
0 0.04765625 0.27186878727634195 0.008854166666666666 0.014910536779324055
0 0.06875 0.30417495029821073 0.015625 0.019880715705765408
0 0.08255208333333333 0.3106361829025845 0.008854166666666666 0.014910536779324055
0 0.03854166666666667 0.33697813121272363 0.011458333333333333 0.017892644135188866
0 0.48984375 0.3513916500994036 0.0078125 0.020874751491053677
0 0.4890625 0.4010934393638171 0.021875 0.05666003976143141
0 0.15963541666666667 0.38817097415506957 0.0078125 0.020874751491053677
0 0.008333333333333333 0.397117296222664 0.011458333333333333 0.010934393638170975
0 0.5325520833333334 0.41451292246520877 0.009895833333333333 0.02385685884691849
0 0.7138020833333333 0.4274353876739563 0.028645833333333332 0.033797216699801194
0 0.12109375 0.41451292246520877 0.021354166666666667 0.007952286282306162
0 0.14973958333333334 0.41898608349900596 0.03177083333333333 0.008946322067594433
0 0.17838541666666666 0.42445328031809143 0.0203125 0.007952286282306162
0 0.5611979166666666 0.4403578528827038 0.013020833333333334 0.033797216699801194
0 0.5333333333333333 0.4418489065606362 0.014583333333333334 0.0268389662027833
0 0.51015625 0.4676938369781312 0.013020833333333334 0.04473161033797217
0 0.2559895833333333 0.4726640159045726 0.0067708333333333336 0.02485089463220676
0 0.7588541666666667 0.47713717693836977 0.011458333333333333 0.015904572564612324
0 0.56640625 0.5039761431411531 0.0296875 0.06759443339960239
0 0.6268229166666667 0.4835984095427435 0.018229166666666668 0.02286282306163022
0 0.4515625 0.4826043737574553 0.009375 0.014910536779324055
0 0.19270833333333334 0.49204771371769385 0.016666666666666666 0.02385685884691849
0 0.6921875 0.4960238568588469 0.017708333333333333 0.027833001988071572
0 0.7768229166666667 0.5004970178926441 0.0078125 0.014910536779324055
0 0.59765625 0.5114314115308151 0.0140625 0.030815109343936383
0 0.8091145833333333 0.5094433399602386 0.011979166666666667 0.018886679920477135
0 0.05416666666666667 0.5288270377733598 0.011458333333333333 0.03578528827037773
0 0.5734375 0.5472166998011928 0.0125 0.016898608349900597
0 0.5546875 0.5611332007952287 0.004166666666666667 0.0268389662027833
0 0.5346354166666667 0.5606361829025845 0.009895833333333333 0.019880715705765408
0 0.47552083333333334 0.5601391650099403 0.028125 0.018886679920477135
0 0.6049479166666667 0.5760437375745527 0.033854166666666664 0.04671968190854871
0 0.6731770833333334 0.5740556660039762 0.016145833333333335 0.03876739562624255
0 0.45416666666666666 0.5680914512922465 0.009375 0.018886679920477135
0 0.765625 0.5735586481113321 0.011458333333333333 0.013916500994035786
0 0.7890625 0.577037773359841 0.014583333333333334 0.008946322067594433
0 0.2955729166666667 0.584493041749503 0.0078125 0.02584493041749503
0 0.6885416666666667 0.5929423459244533 0.010416666666666666 0.032803180914512925
0 0.3921875 0.5979125248508946 0.017708333333333333 0.036779324055666
0 0.53828125 0.5924453280318092 0.009895833333333333 0.02186878727634195
0 0.7481770833333333 0.5924453280318092 0.011979166666666667 0.013916500994035786
0 0.43776041666666665 0.5979125248508946 0.011979166666666667 0.018886679920477135
0 0.76484375 0.6043737574552683 0.008854166666666666 0.02982107355864811
0 0.01640625 0.5999005964214712 0.028645833333333332 0.014910536779324055
0 0.04869791666666667 0.6098409542743539 0.013020833333333334 0.010934393638170975
0 0.5421875 0.6163021868787276 0.013541666666666667 0.019880715705765408
0 0.22708333333333333 0.6207753479125249 0.015625 0.030815109343936383
0 0.184375 0.614314115308151 0.021875 0.011928429423459244
0 0.6036458333333333 0.6257455268389662 0.013541666666666667 0.02882703777335984
0 0.5497395833333333 0.6411530815109344 0.0265625 0.05168986083499006
0 0.6669270833333333 0.6292246520874751 0.009895833333333333 0.015904572564612324
0 0.6263020833333334 0.6322067594433399 0.0078125 0.019880715705765408
0 0.10625 0.6322067594433399 0.01875 0.011928429423459244
0 0.13489583333333333 0.6391650099403579 0.0125 0.009940357852882704
0 0.66640625 0.6500994035785288 0.015104166666666667 0.015904572564612324
0 0.5822916666666667 0.6535785288270378 0.007291666666666667 0.02286282306163022
0 0.7390625 0.6565606361829026 0.011458333333333333 0.014910536779324055
0 0.5356770833333333 0.6739562624254473 0.0171875 0.02186878727634195
0 0.23828125 0.6833996023856859 0.024479166666666666 0.032803180914512925
0 0.18880208333333334 0.6988071570576541 0.008854166666666666 0.04771371769383698
0 0.4622395833333333 0.702286282306163 0.0234375 0.048707753479125246
0 0.49453125 0.6953280318091452 0.0109375 0.0268389662027833
0 0.746875 0.6963220675944334 0.01875 0.016898608349900597
0 0.5916666666666667 0.69831013916501 0.014583333333333334 0.020874751491053677
0 0.3255208333333333 0.705765407554672 0.019791666666666666 0.02584493041749503
0 0.6203125 0.7117296222664016 0.01875 0.017892644135188866
0 0.6622395833333333 0.7271371769383698 0.033854166666666664 0.042743538767395624
0 0.21145833333333333 0.7196819085487077 0.015625 0.02186878727634195
0 0.56171875 0.7256461232604374 0.016145833333333335 0.02982107355864811
0 0.41119791666666666 0.7236580516898609 0.009895833333333333 0.013916500994035786
0 0.8200520833333333 0.7321073558648111 0.009895833333333333 0.02485089463220676
0 0.4552083333333333 0.7435387673956262 0.01875 0.02584493041749503
0 0.7697916666666667 0.7440357852882704 0.009375 0.018886679920477135
0 0.6 0.7539761431411531 0.011458333333333333 0.02286282306163022
0 0.5158854166666667 0.7544731610337972 0.024479166666666666 0.015904572564612324
0 0.565625 0.7634194831013916 0.007291666666666667 0.017892644135188866
0 0.3828125 0.7723658051689861 0.0125 0.02584493041749503
0 0.2513020833333333 0.7708747514910537 0.011979166666666667 0.02485089463220676
0 0.175 0.7668986083499006 0.008333333333333333 0.016898608349900597
0 0.51171875 0.7798210735586482 0.011979166666666667 0.03479125248508946
0 0.6755208333333333 0.790258449304175 0.016666666666666666 0.033797216699801194
0 0.28541666666666665 0.7962226640159046 0.013541666666666667 0.0437375745526839
0 0.5752604166666667 0.7872763419483101 0.008854166666666666 0.019880715705765408
0 0.31588541666666664 0.80168986083499 0.0078125 0.02882703777335984
0 0.3932291666666667 0.7972166998011928 0.015625 0.017892644135188866
0 0.8447916666666667 0.8026838966202783 0.010416666666666666 0.014910536779324055
0 0.5611979166666666 0.8230616302186878 0.027604166666666666 0.04572564612326044
0 0.44453125 0.8185884691848907 0.0078125 0.032803180914512925
0 0.47682291666666665 0.8275347912524851 0.015104166666666667 0.0268389662027833
0 0.14791666666666667 0.8305168986083499 0.008333333333333333 0.02485089463220676
0 0.11848958333333333 0.8379721669980119 0.0171875 0.015904572564612324
0 0.5260416666666666 0.8503976143141153 0.014583333333333334 0.0268389662027833
0 0.3729166666666667 0.8489065606361829 0.022916666666666665 0.02186878727634195
0 0.3458333333333333 0.8444333996023857 0.01875 0.012922465208747515
0 0.48671875 0.8663021868787276 0.018229166666666668 0.042743538767395624
0 0.16614583333333333 0.8588469184890656 0.008333333333333333 0.027833001988071572
0 0.03046875 0.852882703777336 0.0109375 0.013916500994035786
0 0.7520833333333333 0.8727634194831014 0.010416666666666666 0.0437375745526839
0 0.5700520833333333 0.8613320079522863 0.013020833333333334 0.016898608349900597
0 0.67109375 0.867296222664016 0.015104166666666667 0.0268389662027833
0 0.08489583333333334 0.8722664015904572 0.016666666666666666 0.0268389662027833
0 0.32265625 0.8812127236580517 0.0171875 0.03479125248508946
0 0.05364583333333333 0.8697813121272365 0.009375 0.009940357852882704
0 0.8036458333333333 0.8841948310139165 0.016666666666666666 0.02882703777335984
0 0.50234375 0.8792246520874751 0.005729166666666666 0.016898608349900597
0 0.00625 0.8782306163021869 0.008333333333333333 0.014910536779324055
0 0.4666666666666667 0.8926441351888668 0.015625 0.03578528827037773
0 0.071875 0.8881709741550696 0.021875 0.018886679920477135
0 0.5721354166666667 0.9035785288270378 0.0109375 0.027833001988071572
0 0.5052083333333334 0.9070576540755467 0.007291666666666667 0.02485089463220676
0 0.6885416666666667 0.9025844930417495 0.010416666666666666 0.011928429423459244
0 0.43984375 0.908051689860835 0.013020833333333334 0.02485089463220676
0 0.353125 0.9090457256461233 0.019791666666666666 0.02485089463220676
0 0.39739583333333334 0.9035785288270378 0.013541666666666667 0.009940357852882704
0 0.4903645833333333 0.9443339960238568 0.018229166666666668 0.04970178926441352
0 0.684375 0.9527833001988072 0.009375 0.03876739562624255
0 0.6721354166666667 0.9552683896620279 0.0171875 0.033797216699801194
0 0.6088541666666667 0.9662027833001988 0.014583333333333334 0.055666003976143144
0 0.43385416666666665 0.9517892644135189 0.015625 0.02882703777335984
0 0.22447916666666667 0.9502982107355865 0.011458333333333333 0.02385685884691849
0 0.5625 0.9582504970178927 0.007291666666666667 0.027833001988071572
0 0.3098958333333333 0.9577534791252486 0.010416666666666666 0.018886679920477135
0 0.11015625 0.9577534791252486 0.0067708333333333336 0.018886679920477135
0 0.13072916666666667 0.9622266401590457 0.020833333333333332 0.02584493041749503
0 0.44453125 0.9796222664015904 0.03697916666666667 0.03876739562624255
0 0.259375 0.9736580516898609 0.0125 0.012922465208747515
0 0.054947916666666666 0.9811133200795229 0.0609375 0.013916500994035786
0 0.8783854166666667 0.9905566600397614 0.011979166666666667 0.016898608349900597