0 0.08645833333333333 0.018389662027833 0.021875 0.036779324055666
0 0.06380208333333333 0.02485089463220676 0.016145833333333335 0.04572564612326044
0 0.03177083333333333 0.10884691848906561 0.014583333333333334 0.04473161033797217
0 0.01796875 0.20825049701789264 0.024479166666666666 0.032803180914512925
0 0.74375 0.21868787276341947 0.00625 0.019880715705765408
0 0.16119791666666666 0.2529821073558648 0.0109375 0.036779324055666
0 0.03802083333333333 0.28578528827037775 0.025 0.05268389662027833
0 0.017447916666666667 0.297713717693837 0.018229166666666668 0.05467196819085487
0 0.2703125 0.29721669980119286 0.017708333333333333 0.013916500994035786
0 0.46015625 0.37773359840954274 0.013020833333333334 0.03180914512922465
0 0.22552083333333334 0.46123260437375746 0.0125 0.041749502982107355
0 0.26536458333333335 0.47962226640159045 0.0067708333333333336 0.03479125248508946
0 0.08697916666666666 0.5909542743538767 0.01875 0.036779324055666
0 0.00625 0.5894632206759444 0.0125 0.02982107355864811
0 0.011979166666666667 0.6411530815109344 0.009375 0.011928429423459244
0 0.009114583333333334 0.8946322067594433 0.018229166666666668 0.04970178926441352