0 0.9830729166666666 0.008449304174950299 0.033854166666666664 0.016898608349900597
0 0.93828125 0.005964214711729622 0.0171875 0.011928429423459244
0 0.7729166666666667 0.009443339960238568 0.013541666666666667 0.018886679920477135
0 0.5111979166666667 0.004970178926441352 0.008854166666666666 0.009940357852882704
0 0.2747395833333333 0.009940357852882704 0.015104166666666667 0.011928429423459244
0 0.0036458333333333334 0.017892644135188866 0.00625 0.019880715705765408
0 0.6598958333333333 0.06858846918489066 0.015625 0.013916500994035786
0 0.7669270833333334 0.09343936381709742 0.015104166666666667 0.02385685884691849
0 0.74609375 0.10139165009940358 0.008854166666666666 0.03180914512922465
0 0.6486979166666667 0.091948310139165 0.013020833333333334 0.012922465208747515
0 0.50625 0.09393638170974156 0.011458333333333333 0.010934393638170975
0 0.696875 0.11332007952286283 0.008333333333333333 0.019880715705765408
0 0.5393229166666667 0.11182902584493042 0.005729166666666666 0.018886679920477135
0 0.15703125 0.11878727634194831 0.011979166666666667 0.012922465208747515
0 0.23385416666666667 0.12375745526838966 0.008333333333333333 0.016898608349900597
0 0.05677083333333333 0.13021868787276342 0.010416666666666666 0.02385685884691849
0 0.9919270833333333 0.1317097415506958 0.016145833333333335 0.02286282306163022
0 0.7669270833333334 0.13369781312127235 0.015104166666666667 0.0268389662027833
0 0.08463541666666667 0.1327037773359841 0.008854166666666666 0.02286282306163022
0 0.42265625 0.13220675944333996 0.0109375 0.007952286282306162
0 0.3463541666666667 0.13767395626242546 0.00625 0.018886679920477135
0 0.9330729166666667 0.14910536779324055 0.015104166666666667 0.02584493041749503
0 0.4109375 0.15357852882703776 0.00625 0.018886679920477135
0 0.19088541666666667 0.15357852882703776 0.013020833333333334 0.018886679920477135
0 0.6408854166666667 0.15606361829025844 0.008854166666666666 0.019880715705765408
0 0.54921875 0.15854870775347912 0.016145833333333335 0.02286282306163022
0 0.020052083333333335 0.16998011928429424 0.0296875 0.04572564612326044
0 0.5848958333333333 0.16749502982107356 0.013541666666666667 0.014910536779324055
0 0.72265625 0.16848906560636182 0.0140625 0.010934393638170975
0 0.38828125 0.17345924453280318 0.0171875 0.020874751491053677
0 0.18046875 0.17892644135188868 0.0140625 0.033797216699801194
0 0.07942708333333333 0.1893638170974155 0.013020833333333334 0.0268389662027833
0 0.8934895833333333 0.19980119284294234 0.011979166666666667 0.03777335984095427
0 0.7166666666666667 0.19731610337972166 0.015625 0.030815109343936383
0 0.40729166666666666 0.1988071570576541 0.021875 0.019880715705765408
0 0.15572916666666667 0.20029821073558648 0.00625 0.02286282306163022
0 0.6169270833333333 0.19980119284294234 0.0078125 0.019880715705765408
0 0.49244791666666665 0.20178926441351888 0.011979166666666667 0.02186878727634195
0 0.17890625 0.21073558648111332 0.0078125 0.02186878727634195
0 0.4786458333333333 0.213220675944334 0.009375 0.012922465208747515
0 0.2640625 0.21669980119284293 0.008333333333333333 0.017892644135188866
0 0.21145833333333333 0.21719681908548708 0.015625 0.012922465208747515
0 0.41770833333333335 0.23409542743538767 0.008333333333333333 0.036779324055666
0 0.8825520833333333 0.2360834990059642 0.013020833333333334 0.02882703777335984
0 0.3924479166666667 0.2360834990059642 0.015104166666666667 0.02882703777335984
0 0.3140625 0.23807157057654074 0.017708333333333333 0.018886679920477135
0 0.2953125 0.2400596421471173 0.00625 0.020874751491053677
0 0.01875 0.24353876739562624 0.0125 0.02584493041749503
0 0.18671875 0.25347912524850896 0.009895833333333333 0.03180914512922465
0 0.8979166666666667 0.25646123260437376 0.015625 0.02385685884691849
0 0.15208333333333332 0.2524850894632207 0.009375 0.009940357852882704
0 0.3515625 0.25795228628230615 0.008333333333333333 0.014910536779324055
0 0.778125 0.2668986083499006 0.019791666666666666 0.014910536779324055
0 0.4953125 0.275844930417495 0.014583333333333334 0.02882703777335984
0 0.38828125 0.2673956262425447 0.0203125 0.011928429423459244
0 0.20598958333333334 0.275844930417495 0.009895833333333333 0.02485089463220676
0 0.17682291666666666 0.2813121272365805 0.0140625 0.033797216699801194
0 0.5578125 0.2768389662027833 0.019791666666666666 0.018886679920477135
0 0.7369791666666666 0.2823061630218688 0.011458333333333333 0.015904572564612324
0 0.7473958333333334 0.28727634194831014 0.008333333333333333 0.013916500994035786
0 0.7169270833333333 0.29174950298210733 0.0067708333333333336 0.02286282306163022
0 0.903125 0.30467196819085485 0.0125 0.042743538767395624
0 0.07604166666666666 0.3101391650099404 0.011458333333333333 0.02584493041749503
0 0.7552083333333334 0.3116302186878728 0.013541666666666667 0.018886679920477135
0 0.5458333333333333 0.3106361829025845 0.020833333333333332 0.016898608349900597
0 0.5033854166666667 0.323558648111332 0.0067708333333333336 0.0268389662027833
0 0.80234375 0.3205765407554672 0.009895833333333333 0.014910536779324055
0 0.6453125 0.3364811133200795 0.015625 0.012922465208747515
0 0.4505208333333333 0.34393638170974156 0.011458333333333333 0.015904572564612324
0 0.9291666666666667 0.352882703777336 0.01875 0.03180914512922465
0 0.225 0.3533797216699801 0.008333333333333333 0.020874751491053677
0 0.13541666666666666 0.3508946322067594 0.0125 0.013916500994035786
0 0.08828125 0.3658051689860835 0.009895833333333333 0.011928429423459244
0 0.88671875 0.37375745526838966 0.0171875 0.017892644135188866
0 0.6643229166666667 0.371272365805169 0.0171875 0.012922465208747515
0 0.13697916666666668 0.378727634194831 0.015625 0.02584493041749503
0 0.98515625 0.3866799204771372 0.0203125 0.027833001988071572
0 0.2557291666666667 0.3841948310139165 0.010416666666666666 0.016898608349900597
0 0.65078125 0.38966202783300197 0.016145833333333335 0.02385685884691849
0 0.8299479166666667 0.3946322067594433 0.008854166666666666 0.02584493041749503
0 0.42734375 0.38916500994035785 0.019270833333333334 0.016898608349900597
0 0.20052083333333334 0.397117296222664 0.007291666666666667 0.012922465208747515
0 0.09505208333333333 0.40457256461232605 0.0046875 0.02186878727634195
0 0.18958333333333333 0.40904572564612324 0.0125 0.016898608349900597
0 0.68984375 0.4135188866799205 0.018229166666666668 0.019880715705765408
0 0.40911458333333334 0.41998011928429424 0.022395833333333334 0.02286282306163022
0 0.13125 0.4289264413518887 0.009375 0.02485089463220676
0 0.1125 0.4284294234592445 0.016666666666666666 0.02385685884691849
0 0.20182291666666666 0.441351888667992 0.008854166666666666 0.02186878727634195
0 0.9075520833333334 0.46322067594433397 0.0171875 0.019880715705765408
0 0.08880208333333334 0.4671968190854871 0.005729166666666666 0.02385685884691849
0 0.3028645833333333 0.47564612326043737 0.008854166666666666 0.030815109343936383
0 0.4432291666666667 0.48111332007952284 0.0125 0.03180914512922465
0 0.0049479166666666664 0.48807157057654077 0.008854166666666666 0.033797216699801194
0 0.40208333333333335 0.4826043737574553 0.011458333333333333 0.018886679920477135
0 0.24114583333333334 0.49105367793240556 0.007291666666666667 0.02186878727634195
0 0.21770833333333334 0.4875745526838966 0.011458333333333333 0.008946322067594433
0 0.46875 0.5019880715705766 0.007291666666666667 0.02982107355864811
0 0.7044270833333334 0.51441351888668 0.013020833333333334 0.032803180914512925
0 0.43411458333333336 0.5387673956262425 0.021354166666666667 0.05168986083499006
0 0.054947916666666666 0.5407554671968191 0.0203125 0.019880715705765408
0 0.625 0.544234592445328 0.01875 0.014910536779324055
0 0.5731770833333333 0.5621272365805169 0.0140625 0.016898608349900597
0 0.3033854166666667 0.558648111332008 0.0109375 0.009940357852882704
0 0.046614583333333334 0.5725646123260437 0.0140625 0.02385685884691849
0 0.3463541666666667 0.5675944333996024 0.009375 0.007952286282306162
0 0.9299479166666667 0.5710735586481114 0.0067708333333333336 0.010934393638170975
0 0.16666666666666666 0.5755467196819085 0.007291666666666667 0.019880715705765408
0 0.46119791666666665 0.5834990059642147 0.0140625 0.03180914512922465
0 0.29973958333333334 0.5805168986083499 0.011979166666666667 0.013916500994035786
0 0.028125 0.5904572564612326 0.008333333333333333 0.03180914512922465
0 0.403125 0.5974155069582505 0.013541666666666667 0.03180914512922465
0 0.14635416666666667 0.6078528827037774 0.017708333333333333 0.03479125248508946
0 0.12317708333333334 0.6033797216699801 0.008854166666666666 0.019880715705765408
0 0.1625 0.614314115308151 0.020833333333333332 0.02982107355864811
0 0.22578125 0.6192842942345924 0.016145833333333335 0.02982107355864811
0 0.6822916666666666 0.6237574552683897 0.017708333333333333 0.030815109343936383
0 0.07734375 0.6192842942345924 0.016145833333333335 0.015904572564612324
0 0.34713541666666664 0.6197813121272365 0.009895833333333333 0.010934393638170975
0 0.10833333333333334 0.6312127236580517 0.007291666666666667 0.02982107355864811
0 0.4234375 0.6242544731610338 0.011458333333333333 0.011928429423459244
0 0.31953125 0.6247514910536779 0.0171875 0.012922465208747515
0 0.8747395833333333 0.6620278330019881 0.0203125 0.06759443339960239
0 0.39921875 0.6421471172962226 0.013020833333333334 0.02584493041749503
0 0.009114583333333334 0.661530815109344 0.0171875 0.05864811133200795
0 0.08958333333333333 0.6466202783300199 0.008333333333333333 0.0268389662027833
0 0.4114583333333333 0.6496023856858847 0.005208333333333333 0.020874751491053677
0 0.6265625 0.6565606361829026 0.017708333333333333 0.0268389662027833
0 0.646875 0.661530815109344 0.011458333333333333 0.030815109343936383
0 0.11901041666666666 0.6570576540755467 0.013020833333333334 0.017892644135188866
0 0.43645833333333334 0.6645129224652088 0.013541666666666667 0.02485089463220676
0 0.5497395833333333 0.6719681908548708 0.013020833333333334 0.03578528827037773
0 0.04479166666666667 0.6640159045725647 0.015625 0.019880715705765408
0 0.325 0.6704771371769384 0.011458333333333333 0.0268389662027833
0 0.25234375 0.6829025844930418 0.016145833333333335 0.009940357852882704
0 0.8872395833333333 0.6933399602385686 0.015104166666666667 0.0268389662027833
0 0.07421875 0.6943339960238568 0.0140625 0.018886679920477135
0 0.3494791666666667 0.7007952286282306 0.008333333333333333 0.02584493041749503
0 0.2869791666666667 0.7052683896620279 0.008333333333333333 0.02882703777335984
0 0.5033854166666667 0.7042743538767395 0.024479166666666666 0.014910536779324055
0 0.31145833333333334 0.709741550695825 0.011458333333333333 0.02186878727634195
0 0.32369791666666664 0.7092445328031809 0.0067708333333333336 0.012922465208747515
0 0.4390625 0.7306163021868787 0.007291666666666667 0.039761431411530816
0 0.07578125 0.724155069582505 0.013020833333333334 0.020874751491053677
0 0.11901041666666666 0.7226640159045725 0.011979166666666667 0.015904572564612324
0 0.052083333333333336 0.7296222664015904 0.013541666666666667 0.02186878727634195
0 0.340625 0.7360834990059643 0.00625 0.02882703777335984
0 0.3296875 0.7345924453280318 0.008333333333333333 0.02385685884691849
0 0.42135416666666664 0.731610337972167 0.016666666666666666 0.013916500994035786
0 0.46927083333333336 0.73558648111332 0.00625 0.017892644135188866
0 0.89765625 0.7405566600397614 0.021354166666666667 0.017892644135188866
0 0.5078125 0.7345924453280318 0.013541666666666667 0.007952286282306162
0 0.353125 0.7539761431411531 0.03125 0.02485089463220676
0 0.22447916666666667 0.7514910536779325 0.016666666666666666 0.017892644135188866
0 0.26953125 0.7619284294234593 0.0109375 0.02286282306163022
0 0.68359375 0.7678926441351889 0.018229166666666668 0.030815109343936383
0 0.121875 0.7713717693836978 0.011458333333333333 0.03180914512922465
0 0.006510416666666667 0.7713717693836978 0.011979166666666667 0.03180914512922465
0 0.990625 0.7698807157057654 0.01875 0.0268389662027833
0 0.23958333333333334 0.7693836978131213 0.009375 0.009940357852882704
0 0.1359375 0.7882703777335984 0.010416666666666666 0.041749502982107355
0 0.026822916666666665 0.7813121272365805 0.0109375 0.027833001988071572
0 0.22057291666666667 0.7808151093439364 0.008854166666666666 0.02286282306163022
0 0.5028645833333333 0.7833001988071571 0.0140625 0.02584493041749503
0 0.4588541666666667 0.7803180914512923 0.0125 0.017892644135188866
0 0.48203125 0.786779324055666 0.013020833333333334 0.020874751491053677
0 0.3489583333333333 0.7897614314115308 0.013541666666666667 0.016898608349900597
0 0.3703125 0.8036779324055666 0.029166666666666667 0.042743538767395624
0 0.31979166666666664 0.7912524850894632 0.010416666666666666 0.007952286282306162
0 0.4036458333333333 0.8031809145129225 0.010416666666666666 0.011928429423459244
0 0.7604166666666666 0.8205765407554672 0.0125 0.042743538767395624
0 0.009114583333333334 0.8175944333996024 0.0171875 0.02882703777335984
0 0.5028645833333333 0.8235586481113321 0.0203125 0.03479125248508946
0 0.2877604166666667 0.8190854870775348 0.025520833333333333 0.02584493041749503
0 0.33098958333333334 0.8166003976143141 0.0171875 0.012922465208747515
0 0.4317708333333333 0.8185884691848907 0.011458333333333333 0.012922465208747515
0 0.11979166666666667 0.8275347912524851 0.0125 0.02485089463220676
0 0.35546875 0.8469184890656064 0.0234375 0.05765407554671968
0 0.5729166666666666 0.8434393638170974 0.0125 0.03876739562624255
0 0.2716145833333333 0.841948310139165 0.0067708333333333336 0.019880715705765408
0 0.39765625 0.8474155069582505 0.0078125 0.02485089463220676
0 0.13697916666666668 0.8414512922465208 0.00625 0.012922465208747515
0 0.3359375 0.8469184890656064 0.009375 0.02186878727634195
0 0.5260416666666666 0.8414512922465208 0.013541666666666667 0.006958250497017893
0 0.5447916666666667 0.8613320079522863 0.014583333333333334 0.030815109343936383
0 0.42916666666666664 0.8553677932405567 0.01875 0.014910536779324055
0 0.31927083333333334 0.8737574552683897 0.034375 0.039761431411530816
0 0.6869791666666667 0.8687872763419483 0.016666666666666666 0.02584493041749503
0 0.6278645833333333 0.8762425447316103 0.008854166666666666 0.0268389662027833
0 0.2513020833333333 0.8762425447316103 0.0171875 0.02882703777335984
0 0.41770833333333335 0.9000994035785288 0.028125 0.05268389662027833
0 0.44609375 0.8936381709741551 0.008854166666666666 0.019880715705765408
0 0.5466145833333333 0.9010934393638171 0.0067708333333333336 0.02882703777335984
0 0.3390625 0.9055666003976143 0.011458333333333333 0.03180914512922465
0 0.5861979166666667 0.9145129224652088 0.0067708333333333336 0.039761431411530816
0 0.771875 0.9194831013916501 0.005208333333333333 0.03777335984095427
0 0.3614583333333333 0.9209741550695825 0.020833333333333332 0.042743538767395624
0 0.023697916666666666 0.9169980119284294 0.0171875 0.02485089463220676
0 0.26510416666666664 0.9244532803180915 0.011458333333333333 0.017892644135188866
0 0.47265625 0.9368787276341949 0.0078125 0.02485089463220676
0 0.14166666666666666 0.9353876739562624 0.011458333333333333 0.02186878727634195
0 0.48541666666666666 0.9458250497017893 0.0125 0.02286282306163022
0 0.3770833333333333 0.9403578528827038 0.013541666666666667 0.011928429423459244
0 0.3390625 0.941351888667992 0.016666666666666666 0.011928429423459244
0 0.43359375 0.9607355864811133 0.024479166666666666 0.04671968190854871
0 0.51171875 0.9627236580516899 0.0140625 0.032803180914512925
0 0.5861979166666667 0.9582504970178927 0.0067708333333333336 0.017892644135188866
0 0.45989583333333334 0.9572564612326043 0.011458333333333333 0.007952286282306162
0 0.31484375 0.9681908548707754 0.008854166666666666 0.02385685884691849
0 0.41119791666666666 0.967196819085487 0.022395833333333334 0.017892644135188866
0 0.34322916666666664 0.9642147117296223 0.010416666666666666 0.011928429423459244
0 0.3265625 0.9831013916500994 0.0125 0.03180914512922465
0 0.678125 0.989065606361829 0.013541666666666667 0.019880715705765408
0 0.9903645833333333 0.9910536779324056 0.0109375 0.015904572564612324
0 0.19140625 0.9910536779324056 0.016145833333333335 0.015904572564612324
0 0.23567708333333334 0.992544731610338 0.0203125 0.012922465208747515
0 0.44296875 0.9935387673956262 0.0078125 0.010934393638170975