0 0.8731770833333333 0.0054671968190854875 0.009895833333333333 0.010934393638170975
0 0.32890625 0.04324055666003976 0.0109375 0.03876739562624255
0 0.18958333333333333 0.03230616302186879 0.010416666666666666 0.018886679920477135
0 0.9252604166666667 0.05069582504970179 0.0203125 0.02385685884691849
0 0.7244791666666667 0.05467196819085487 0.027083333333333334 0.02982107355864811
0 0.34713541666666664 0.07952286282306163 0.0234375 0.02982107355864811
0 0.5002604166666667 0.08697813121272366 0.0109375 0.040755467196819085
0 0.2859375 0.08200795228628231 0.019791666666666666 0.02882703777335984
0 0.08541666666666667 0.0874751491053678 0.0125 0.03180914512922465
0 0.5911458333333334 0.09393638170974156 0.014583333333333334 0.030815109343936383
0 0.5390625 0.10487077534791253 0.011458333333333333 0.048707753479125246
0 0.32526041666666666 0.10337972166998012 0.009895833333333333 0.02186878727634195
0 0.2578125 0.12475149105367793 0.016666666666666666 0.02286282306163022
0 0.27838541666666666 0.13071570576540756 0.018229166666666668 0.018886679920477135
0 0.8911458333333333 0.14165009940357853 0.016666666666666666 0.030815109343936383
0 0.56484375 0.15705765407554673 0.016145833333333335 0.03180914512922465
0 0.6692708333333334 0.16053677932405566 0.009375 0.0268389662027833
0 0.4934895833333333 0.19135188866799205 0.011979166666666667 0.040755467196819085
0 0.4674479166666667 0.19135188866799205 0.011979166666666667 0.008946322067594433
0 0.44583333333333336 0.1963220675944334 0.016666666666666666 0.018886679920477135
0 0.53203125 0.20974155069582506 0.0109375 0.02385685884691849
0 0.42734375 0.23658051689860835 0.005729166666666666 0.015904572564612324
0 0.43463541666666666 0.26938369781312127 0.0078125 0.027833001988071572
0 0.4890625 0.279324055666004 0.005208333333333333 0.03180914512922465
0 0.9736979166666667 0.2852882703777336 0.0203125 0.02385685884691849
0 0.43203125 0.30069582504970177 0.005729166666666666 0.020874751491053677
0 0.52421875 0.30417495029821073 0.0140625 0.015904572564612324
0 0.9760416666666667 0.31312127236580517 0.010416666666666666 0.019880715705765408
0 0.5518229166666667 0.31660039761431413 0.018229166666666668 0.020874751491053677
0 0.5380208333333333 0.341948310139165 0.014583333333333334 0.015904572564612324
0 0.5549479166666667 0.35834990059642147 0.0078125 0.02882703777335984
0 0.49583333333333335 0.3672962226640159 0.008333333333333333 0.030815109343936383
0 0.6783854166666666 0.3851888667992048 0.009895833333333333 0.04671968190854871
0 0.5260416666666666 0.3851888667992048 0.017708333333333333 0.02882703777335984
0 0.88515625 0.3856858846918489 0.021354166666666667 0.02584493041749503
0 0.5283854166666667 0.4294234592445328 0.009895833333333333 0.019880715705765408
0 0.4817708333333333 0.44582504970178927 0.011458333333333333 0.0268389662027833
0 0.4622395833333333 0.4507952286282306 0.008854166666666666 0.012922465208747515
0 0.51953125 0.4602385685884692 0.005729166666666666 0.017892644135188866
0 0.08046875 0.48906560636182905 0.021354166666666667 0.03180914512922465
0 0.8802083333333334 0.5029821073558648 0.021875 0.04771371769383698
0 0.5205729166666667 0.5034791252485089 0.009895833333333333 0.008946322067594433
0 0.6169270833333333 0.5278330019880716 0.0067708333333333336 0.039761431411530816
0 0.5153645833333333 0.5581510934393639 0.018229166666666668 0.016898608349900597
0 0.4109375 0.5690854870775348 0.00625 0.032803180914512925
0 0.42916666666666664 0.5750497017892644 0.007291666666666667 0.030815109343936383
0 0.44635416666666666 0.5780318091451292 0.014583333333333334 0.012922465208747515
0 0.07864583333333333 0.5934393638170974 0.01875 0.033797216699801194
0 0.459375 0.5944333996023857 0.014583333333333334 0.015904572564612324
0 0.51953125 0.6038767395626242 0.0067708333333333336 0.032803180914512925
0 0.4979166666666667 0.6133200795228628 0.013541666666666667 0.03578528827037773
0 0.25416666666666665 0.6237574552683897 0.014583333333333334 0.036779324055666
0 0.40963541666666664 0.6292246520874751 0.0067708333333333336 0.033797216699801194
0 0.44088541666666664 0.6242544731610338 0.0203125 0.02186878727634195
0 0.3890625 0.632703777335984 0.017708333333333333 0.018886679920477135
0 0.44947916666666665 0.6476143141153081 0.011458333333333333 0.02882703777335984
0 0.51796875 0.6575546719681908 0.016145833333333335 0.03876739562624255
0 0.15520833333333334 0.6550695825049702 0.014583333333333334 0.019880715705765408
0 0.478125 0.6665009940357853 0.009375 0.020874751491053677
0 0.6419270833333334 0.6829025844930418 0.0171875 0.03180914512922465
0 0.6192708333333333 0.6858846918489065 0.013541666666666667 0.017892644135188866
0 0.52734375 0.6893638170974155 0.0140625 0.016898608349900597
0 0.49505208333333334 0.7137176938369781 0.015104166666666667 0.061630218687872766
0 0.54140625 0.69831013916501 0.009895833333333333 0.018886679920477135
0 0.13697916666666668 0.7072564612326043 0.023958333333333335 0.020874751491053677
0 0.28489583333333335 0.7157057654075547 0.016666666666666666 0.02584493041749503
0 0.8049479166666667 0.7157057654075547 0.0140625 0.02186878727634195
0 0.5083333333333333 0.7246520874751491 0.015625 0.017892644135188866
0 0.54453125 0.7708747514910537 0.011979166666666667 0.032803180914512925
0 0.7421875 0.7678926441351889 0.017708333333333333 0.014910536779324055
0 0.16822916666666668 0.7808151093439364 0.028125 0.03876739562624255
0 0.12864583333333332 0.8220675944333996 0.008333333333333333 0.03777335984095427
0 0.9122395833333333 0.8325049701789264 0.019270833333333334 0.018886679920477135
0 0.19036458333333334 0.8588469184890656 0.019270833333333334 0.017892644135188866
0 0.08645833333333333 0.889662027833002 0.01875 0.02584493041749503
0 0.89609375 0.8906560636182903 0.019270833333333334 0.019880715705765408
0 0.67109375 0.915506958250497 0.0067708333333333336 0.03777335984095427
0 0.4044270833333333 0.9840954274353877 0.011979166666666667 0.02982107355864811