0 0.46119791666666665 0.041749502982107355 0.0036458333333333334 0.03578528827037773
0 0.7125 0.2360834990059642 0.014583333333333334 0.020874751491053677
0 0.64453125 0.341948310139165 0.0171875 0.03578528827037773
0 0.6046875 0.34791252485089463 0.007291666666666667 0.03777335984095427
0 0.6268229166666667 0.37475149105367794 0.0296875 0.06759443339960239
0 0.5966145833333333 0.378727634194831 0.0296875 0.03578528827037773
0 0.5546875 0.40159045725646125 0.007291666666666667 0.02186878727634195
0 0.6427083333333333 0.41749502982107356 0.009375 0.039761431411530816
0 0.60234375 0.43489065606361826 0.011979166666666667 0.02485089463220676
0 0.62265625 0.455765407554672 0.0078125 0.016898608349900597
0 0.6247395833333333 0.5198807157057654 0.008854166666666666 0.019880715705765408
0 0.55390625 0.5596421471172962 0.019270833333333334 0.02385685884691849
0 0.5231770833333333 0.5725646123260437 0.0067708333333333336 0.017892644135188866
0 0.6138020833333333 0.6053677932405567 0.0109375 0.02385685884691849
0 0.62734375 0.6108349900596421 0.0109375 0.014910536779324055
0 0.45651041666666664 0.6297216699801192 0.016145833333333335 0.006958250497017893
0 0.6239583333333333 0.7370775347912525 0.021875 0.03479125248508946
0 0.6557291666666667 0.9567594433399602 0.016666666666666666 0.04473161033797217
0 0.7018229166666666 0.9602385685884692 0.0203125 0.033797216699801194