0 0.053385416666666664 0.01143141153081511 0.0140625 0.012922465208747515
0 0.8575520833333333 0.02186878727634195 0.008854166666666666 0.011928429423459244
0 0.7005208333333334 0.04224652087475149 0.00625 0.014910536779324055
0 0.6703125 0.05168986083499006 0.0125 0.009940357852882704
0 0.8958333333333334 0.059145129224652086 0.007291666666666667 0.014910536779324055
0 0.72578125 0.06262425447316103 0.0078125 0.015904572564612324
0 0.68515625 0.07604373757455268 0.019270833333333334 0.016898608349900597
0 0.6966145833333334 0.0959244532803181 0.011979166666666667 0.008946322067594433
0 0.89453125 0.09840954274353876 0.0140625 0.015904572564612324
0 0.5799479166666667 0.10188866799204771 0.0203125 0.016898608349900597
0 0.6143229166666667 0.1058648111332008 0.022395833333333334 0.012922465208747515
0 0.7640625 0.110337972166998 0.017708333333333333 0.013916500994035786
0 0.8122395833333333 0.15606361829025844 0.04635416666666667 0.04970178926441352
0 0.025520833333333333 0.15457256461232605 0.009375 0.012922465208747515
0 0.5442708333333334 0.1610337972166998 0.0125 0.02186878727634195
0 0.66640625 0.1848906560636183 0.04114583333333333 0.041749502982107355
0 0.85546875 0.1848906560636183 0.018229166666666668 0.03578528827037773
0 0.27447916666666666 0.1918489065606362 0.028125 0.02186878727634195
0 0.42135416666666664 0.20029821073558648 0.016666666666666666 0.008946322067594433
0 0.6013020833333333 0.2062624254473161 0.0109375 0.018886679920477135
0 0.8703125 0.20377733598409542 0.007291666666666667 0.011928429423459244
0 0.5229166666666667 0.2117296222664016 0.026041666666666668 0.013916500994035786
0 0.8953125 0.220675944333996 0.022916666666666665 0.02385685884691849
0 0.7026041666666667 0.22813121272365805 0.01875 0.036779324055666
0 0.6171875 0.22664015904572565 0.01875 0.011928429423459244
0 0.8752604166666667 0.22813121272365805 0.0171875 0.014910536779324055
0 0.6559895833333333 0.23359840954274355 0.0234375 0.02385685884691849
0 0.9744791666666667 0.23061630218687873 0.016666666666666666 0.017892644135188866
0 0.5075520833333333 0.22813121272365805 0.0203125 0.008946322067594433
0 0.6809895833333334 0.2529821073558648 0.022395833333333334 0.020874751491053677
0 0.005989583333333334 0.2668986083499006 0.011979166666666667 0.012922465208747515
0 0.4356770833333333 0.2778330019880716 0.0109375 0.020874751491053677
0 0.009895833333333333 0.28330019880715707 0.011458333333333333 0.009940357852882704
0 0.6143229166666667 0.2967196819085487 0.0067708333333333336 0.016898608349900597
0 0.7372395833333333 0.29970178926441354 0.009895833333333333 0.02485089463220676
0 0.08463541666666667 0.3036779324055666 0.024479166666666666 0.014910536779324055
0 0.9908854166666666 0.3096421471172962 0.0171875 0.02485089463220676
0 0.7763020833333333 0.3275347912524851 0.0171875 0.018886679920477135
0 0.83515625 0.35984095427435386 0.009895833333333333 0.015904572564612324
0 0.20859375 0.35934393638170975 0.0109375 0.012922465208747515
0 0.821875 0.36381709741550694 0.011458333333333333 0.009940357852882704
0 0.8744791666666667 0.38469184890656066 0.008333333333333333 0.019880715705765408
0 0.8942708333333333 0.3911530815109344 0.014583333333333334 0.018886679920477135
0 0.66171875 0.4150099403578529 0.016145833333333335 0.018886679920477135
0 0.9268229166666667 0.43339960238568587 0.011979166666666667 0.02584493041749503
0 0.9372395833333333 0.4363817097415507 0.008854166666666666 0.009940357852882704
0 0.7494791666666667 0.44781312127236583 0.016666666666666666 0.014910536779324055
0 0.9481770833333333 0.4542743538767396 0.018229166666666668 0.015904572564612324
0 0.8205729166666667 0.4761431411530815 0.008854166666666666 0.009940357852882704
0 0.8153645833333333 0.5879721669980119 0.0140625 0.018886679920477135