0 0.5481770833333334 0.006958250497017893 0.013020833333333334 0.013916500994035786
0 0.75625 0.008449304174950299 0.008333333333333333 0.016898608349900597
0 0.8359375 0.007455268389662028 0.015625 0.014910536779324055
0 0.7434895833333334 0.01341948310139165 0.008854166666666666 0.018886679920477135
0 0.8588541666666667 0.01739562624254473 0.009375 0.020874751491053677
0 0.6697916666666667 0.033797216699801194 0.0125 0.015904572564612324
0 0.06276041666666667 0.03578528827037773 0.009895833333333333 0.013916500994035786
0 0.7734375 0.04721669980119284 0.008333333333333333 0.02485089463220676
0 0.76171875 0.05069582504970179 0.008854166666666666 0.02385685884691849
0 0.4479166666666667 0.05815109343936382 0.007291666666666667 0.012922465208747515
0 0.65390625 0.0621272365805169 0.0109375 0.018886679920477135
0 0.6442708333333333 0.08499005964214712 0.014583333333333334 0.020874751491053677
0 0.9440104166666666 0.09791252485089463 0.018229166666666668 0.018886679920477135
0 0.8697916666666666 0.11829025844930417 0.015625 0.03180914512922465
0 0.9963541666666667 0.13071570576540756 0.00625 0.018886679920477135
0 0.89140625 0.13469184890656064 0.013020833333333334 0.016898608349900597
0 0.7171875 0.14015904572564614 0.013541666666666667 0.019880715705765408
0 0.8002604166666667 0.14363817097415507 0.009895833333333333 0.02485089463220676
0 0.5325520833333334 0.147117296222664 0.0067708333333333336 0.013916500994035786
0 0.95390625 0.17992047713717693 0.018229166666666668 0.02186878727634195
0 0.7903645833333334 0.18439363817097415 0.009895833333333333 0.016898608349900597
0 0.9796875 0.19433399602385687 0.016666666666666666 0.02286282306163022
0 0.8106770833333333 0.2430417495029821 0.005729166666666666 0.02485089463220676
0 0.9674479166666666 0.2599403578528827 0.024479166666666666 0.05268389662027833
0 0.6734375 0.25 0.009375 0.014910536779324055
0 0.6869791666666667 0.26938369781312127 0.010416666666666666 0.015904572564612324
0 0.709375 0.2932405566600398 0.007291666666666667 0.03180914512922465
0 0.9028645833333333 0.30318091451292245 0.015104166666666667 0.02982107355864811
0 0.6877604166666667 0.31461232604373757 0.009895833333333333 0.02882703777335984
0 0.9479166666666666 0.3240556660039761 0.016666666666666666 0.02186878727634195
0 0.13098958333333333 0.3414512922465209 0.016145833333333335 0.02882703777335984
0 0.8450520833333334 0.3558648111332008 0.0109375 0.02385685884691849
0 0.7072916666666667 0.3558648111332008 0.00625 0.017892644135188866
0 0.6786458333333333 0.3941351888667992 0.004166666666666667 0.02485089463220676
0 0.8276041666666667 0.39165009940357853 0.016666666666666666 0.015904572564612324
0 0.8575520833333333 0.3946322067594433 0.0203125 0.015904572564612324
0 0.7533854166666667 0.4110337972166998 0.0109375 0.02286282306163022
0 0.778125 0.41451292246520877 0.00625 0.02584493041749503
0 0.76953125 0.44582504970178927 0.0109375 0.040755467196819085
0 0.8138020833333334 0.46669980119284293 0.0109375 0.036779324055666
0 0.6401041666666667 0.4726640159045726 0.009375 0.032803180914512925
0 0.59609375 0.47813121272365805 0.011979166666666667 0.019880715705765408
0 0.9932291666666667 0.48906560636182905 0.0125 0.017892644135188866
0 0.8036458333333333 0.49055666003976145 0.008333333333333333 0.014910536779324055
0 0.8588541666666667 0.4960238568588469 0.017708333333333333 0.011928429423459244
0 0.9877604166666667 0.5228628230616302 0.009895833333333333 0.03180914512922465
0 0.08932291666666667 0.5288270377733598 0.0109375 0.027833001988071572
0 0.8966145833333333 0.5352882703777336 0.0109375 0.016898608349900597
0 0.9390625 0.5601391650099403 0.0125 0.032803180914512925
0 0.63828125 0.5775347912524851 0.0109375 0.02186878727634195
0 0.7234375 0.5889662027833003 0.014583333333333334 0.04671968190854871
0 0.8479166666666667 0.581013916500994 0.004166666666666667 0.02286282306163022
0 0.6135416666666667 0.5805168986083499 0.013541666666666667 0.011928429423459244
0 0.9130208333333333 0.5934393638170974 0.015625 0.017892644135188866
0 0.50859375 0.5979125248508946 0.0109375 0.018886679920477135
0 0.7580729166666667 0.614314115308151 0.0067708333333333336 0.027833001988071572
0 0.8828125 0.6163021868787276 0.00625 0.02982107355864811
0 0.6916666666666667 0.6123260437375746 0.017708333333333333 0.011928429423459244
0 0.62734375 0.6267395626242545 0.019270833333333334 0.030815109343936383
0 0.9604166666666667 0.6247514910536779 0.010416666666666666 0.016898608349900597
0 0.65625 0.6312127236580517 0.014583333333333334 0.011928429423459244
0 0.83671875 0.6381709741550696 0.016145833333333335 0.02385685884691849
0 0.7169270833333333 0.6381709741550696 0.013020833333333334 0.007952286282306162
0 0.8822916666666667 0.6476143141153081 0.017708333333333333 0.016898608349900597
0 0.8072916666666666 0.6595427435387674 0.0125 0.010934393638170975
0 0.9622395833333334 0.6744532803180915 0.0171875 0.040755467196819085
0 0.6877604166666667 0.6833996023856859 0.021354166666666667 0.04473161033797217
0 0.9138020833333333 0.6814115308151093 0.0203125 0.0268389662027833
0 0.7677083333333333 0.679920477137177 0.00625 0.02186878727634195
0 0.7078125 0.691351888667992 0.010416666666666666 0.03479125248508946
0 0.5330729166666667 0.6843936381709742 0.0203125 0.016898608349900597
0 0.5760416666666667 0.6863817097415507 0.016666666666666666 0.02286282306163022
0 0.8778645833333333 0.6868787276341949 0.021354166666666667 0.015904572564612324
0 0.9942708333333333 0.6943339960238568 0.010416666666666666 0.012922465208747515
0 0.6484375 0.7067594433399602 0.025 0.03578528827037773
0 0.7286458333333333 0.7107355864811133 0.009375 0.02584493041749503
0 0.6083333333333333 0.7166998011928429 0.011458333333333333 0.033797216699801194
0 0.7145833333333333 0.7395626242544732 0.030208333333333334 0.06560636182902585
0 0.578125 0.7276341948310139 0.014583333333333334 0.02982107355864811
0 0.9359375 0.7306163021868787 0.0125 0.015904572564612324
0 0.9057291666666667 0.7509940357852882 0.022916666666666665 0.05069582504970179
0 0.6872395833333333 0.7584493041749503 0.013020833333333334 0.05964214711729622
0 0.7927083333333333 0.7470178926441352 0.010416666666666666 0.030815109343936383
0 0.6583333333333333 0.739065606361829 0.014583333333333334 0.010934393638170975
0 0.5231770833333333 0.7445328031809145 0.016145833333333335 0.017892644135188866
0 0.9494791666666667 0.7415506958250497 0.014583333333333334 0.013916500994035786
0 0.5708333333333333 0.7584493041749503 0.017708333333333333 0.03180914512922465
0 0.675 0.7723658051689861 0.007291666666666667 0.02385685884691849
0 0.5234375 0.7798210735586482 0.013541666666666667 0.018886679920477135
0 0.62109375 0.7763419483101391 0.021354166666666667 0.011928429423459244
0 0.8166666666666667 0.790258449304175 0.019791666666666666 0.019880715705765408
0 0.5416666666666666 0.8026838966202783 0.005208333333333333 0.030815109343936383
0 0.8557291666666667 0.7962226640159046 0.0125 0.017892644135188866
0 0.25807291666666665 0.8071570576540755 0.005729166666666666 0.03180914512922465
0 0.5669270833333333 0.7987077534791253 0.0078125 0.012922465208747515
0 0.8963541666666667 0.8021868787276342 0.013541666666666667 0.017892644135188866
0 0.49713541666666666 0.8066600397614314 0.008854166666666666 0.018886679920477135
0 0.72265625 0.8101391650099403 0.0036458333333333334 0.02186878727634195
0 0.5588541666666667 0.8156063618290258 0.007291666666666667 0.016898608349900597
0 0.9372395833333333 0.8195825049701789 0.0140625 0.0268389662027833
0 0.5309895833333333 0.8220675944333996 0.009895833333333333 0.02385685884691849
0 0.5125 0.8260437375745527 0.014583333333333334 0.027833001988071572
0 0.8453125 0.8295228628230616 0.017708333333333333 0.032803180914512925
0 0.81875 0.8414512922465208 0.008333333333333333 0.032803180914512925
0 0.89453125 0.8439363817097415 0.0140625 0.02584493041749503
0 0.5044270833333333 0.8563618290258449 0.005729166666666666 0.030815109343936383
0 0.5356770833333333 0.8513916500994035 0.0078125 0.018886679920477135
0 0.7559895833333333 0.8489065606361829 0.0109375 0.013916500994035786
0 0.8580729166666666 0.8628230616302187 0.0067708333333333336 0.033797216699801194
0 0.7135416666666666 0.8692842942345924 0.023958333333333335 0.0268389662027833
0 0.4315104166666667 0.8762425447316103 0.0067708333333333336 0.02882703777335984
0 0.6419270833333334 0.8692842942345924 0.009895833333333333 0.012922465208747515
0 0.67109375 0.8742544731610338 0.0203125 0.020874751491053677
0 0.73671875 0.8886679920477137 0.0171875 0.041749502982107355
0 0.80078125 0.8866799204771372 0.009895833333333333 0.02584493041749503
0 0.9705729166666667 0.897117296222664 0.0067708333333333336 0.030815109343936383
0 0.45677083333333335 0.9020874751491054 0.009375 0.02882703777335984
0 0.6291666666666667 0.8986083499005965 0.008333333333333333 0.017892644135188866
0 0.8763020833333334 0.908051689860835 0.0109375 0.036779324055666
0 0.5669270833333333 0.9130218687872763 0.030729166666666665 0.02485089463220676
0 0.69921875 0.9110337972166997 0.0140625 0.008946322067594433
0 0.7473958333333334 0.9383697813121272 0.021875 0.041749502982107355
0 0.91328125 0.9353876739562624 0.0203125 0.03578528827037773
0 0.61953125 0.9279324055666004 0.0109375 0.016898608349900597
0 0.6705729166666666 0.929920477137177 0.018229166666666668 0.014910536779324055
0 0.7783854166666667 0.9304174950298211 0.018229166666666668 0.013916500994035786
0 0.79921875 0.9433399602385686 0.016145833333333335 0.017892644135188866
0 0.33984375 0.9453280318091452 0.0109375 0.015904572564612324
0 0.5604166666666667 0.9577534791252486 0.009375 0.03876739562624255
0 0.6890625 0.9493041749502982 0.0125 0.019880715705765408
0 0.09036458333333333 0.9582504970178927 0.019270833333333334 0.03180914512922465
0 0.7606770833333333 0.9666998011928429 0.0296875 0.040755467196819085
0 0.83515625 0.9647117296222664 0.0067708333333333336 0.02286282306163022
0 0.7247395833333333 0.9657057654075547 0.008854166666666666 0.020874751491053677
0 0.8239583333333333 0.9746520874751491 0.009375 0.032803180914512925
0 0.6703125 0.974155069582505 0.014583333333333334 0.02385685884691849
0 0.9609375 0.9736580516898609 0.010416666666666666 0.02286282306163022
0 0.7848958333333333 0.981610337972167 0.022916666666666665 0.03479125248508946
0 0.7130208333333333 0.9781312127236581 0.0125 0.009940357852882704
0 0.6213541666666667 0.9905566600397614 0.026041666666666668 0.016898608349900597
0 0.7450520833333333 0.9885685884691849 0.016145833333333335 0.014910536779324055