0 0.19635416666666666 0.003976143141153081 0.007291666666666667 0.007952286282306162
0 0.15208333333333332 0.01341948310139165 0.007291666666666667 0.0268389662027833
0 0.09375 0.0064612326043737576 0.014583333333333334 0.012922465208747515
0 0.6622395833333333 0.02385685884691849 0.019270833333333334 0.03777335984095427
0 0.04192708333333333 0.031312127236580514 0.0203125 0.032803180914512925
0 0.8127604166666667 0.04572564612326044 0.015104166666666667 0.015904572564612324
0 0.8411458333333334 0.05815109343936382 0.0125 0.032803180914512925
0 0.453125 0.059145129224652086 0.011458333333333333 0.012922465208747515
0 0.44453125 0.0989065606361829 0.0203125 0.018886679920477135
0 0.2859375 0.110337972166998 0.007291666666666667 0.011928429423459244
0 0.6677083333333333 0.12823061630218688 0.014583333333333334 0.02186878727634195
0 0.16614583333333333 0.13071570576540756 0.009375 0.02286282306163022
0 0.11588541666666667 0.12673956262425448 0.008854166666666666 0.014910536779324055
0 0.035416666666666666 0.12624254473161034 0.016666666666666666 0.015904572564612324
0 0.24609375 0.14214711729622267 0.0067708333333333336 0.019880715705765408
0 0.45 0.15357852882703776 0.007291666666666667 0.012922465208747515
0 0.16302083333333334 0.16500994035785288 0.007291666666666667 0.017892644135188866
0 0.6171875 0.19433399602385687 0.007291666666666667 0.032803180914512925
0 0.04583333333333333 0.19731610337972166 0.011458333333333333 0.036779324055666
0 0.23723958333333334 0.18588469184890655 0.013020833333333334 0.007952286282306162
0 0.18932291666666667 0.1993041749502982 0.0067708333333333336 0.018886679920477135
0 0.8981770833333333 0.21073558648111332 0.0140625 0.02186878727634195
0 0.33880208333333334 0.21520874751491054 0.0067708333333333336 0.02485089463220676
0 0.25625 0.213220675944334 0.004166666666666667 0.016898608349900597
0 0.3567708333333333 0.2261431411530815 0.009375 0.010934393638170975
0 0.21744791666666666 0.25 0.0078125 0.014910536779324055
0 0.7661458333333333 0.26192842942345923 0.017708333333333333 0.014910536779324055
0 0.3328125 0.2753479125248509 0.009375 0.02186878727634195
0 0.23203125 0.2783300198807157 0.009895833333333333 0.015904572564612324
0 0.29635416666666664 0.2813121272365805 0.007291666666666667 0.015904572564612324
0 0.67109375 0.2927435387673956 0.011979166666666667 0.018886679920477135
0 0.33984375 0.29970178926441354 0.008854166666666666 0.02485089463220676
0 0.090625 0.31262425447316106 0.01875 0.016898608349900597
0 0.13255208333333332 0.31809145129224653 0.016145833333333335 0.011928429423459244
0 0.16848958333333333 0.32007952286282304 0.009895833333333333 0.013916500994035786
0 0.6846354166666667 0.34095427435387676 0.013020833333333334 0.027833001988071572
0 0.6609375 0.34095427435387676 0.013541666666666667 0.019880715705765408
0 0.7872395833333333 0.3503976143141153 0.019270833333333334 0.02882703777335984
0 0.5658854166666667 0.3518886679920477 0.0140625 0.02584493041749503
0 0.019270833333333334 0.3489065606361829 0.011458333333333333 0.015904572564612324
0 0.12317708333333334 0.3499005964214712 0.013020833333333334 0.011928429423459244
0 0.38255208333333335 0.3538767395626243 0.008854166666666666 0.017892644135188866
0 0.004166666666666667 0.36381709741550694 0.007291666666666667 0.013916500994035786
0 0.0421875 0.3687872763419483 0.015625 0.015904572564612324
0 0.38958333333333334 0.38220675944334 0.017708333333333333 0.036779324055666
0 0.08697916666666666 0.3817097415506958 0.008333333333333333 0.033797216699801194
0 0.24427083333333333 0.37773359840954274 0.004166666666666667 0.02186878727634195
0 0.06171875 0.39065606361829025 0.008854166666666666 0.02982107355864811
0 0.025 0.40308151093439365 0.023958333333333335 0.0268389662027833
0 0.8494791666666667 0.41302186878727637 0.010416666666666666 0.04473161033797217
0 0.7549479166666667 0.4105367793240557 0.015104166666666667 0.027833001988071572
0 0.6953125 0.4125248508946322 0.010416666666666666 0.02186878727634195
0 0.2640625 0.4125248508946322 0.0125 0.02385685884691849
0 0.10494791666666667 0.4179920477137177 0.009895833333333333 0.02485089463220676
0 0.6359375 0.41749502982107356 0.011458333333333333 0.02186878727634195
0 0.2908854166666667 0.4234592445328032 0.016145833333333335 0.033797216699801194
0 0.68359375 0.43290258449304175 0.009895833333333333 0.02485089463220676
0 0.61796875 0.44731610337972166 0.005729166666666666 0.03777335984095427
0 0.11666666666666667 0.4378727634194831 0.015625 0.014910536779324055
0 0.06041666666666667 0.4532803180914513 0.013541666666666667 0.019880715705765408
0 0.6447916666666667 0.46272365805168986 0.017708333333333333 0.032803180914512925
0 0.3690104166666667 0.46073558648111335 0.005729166666666666 0.018886679920477135
0 0.2598958333333333 0.4602385685884692 0.013541666666666667 0.015904572564612324
0 0.25234375 0.47713717693836977 0.027604166666666666 0.02982107355864811
0 0.4786458333333333 0.474155069582505 0.0125 0.017892644135188866
0 0.2903645833333333 0.4726640159045726 0.0140625 0.012922465208747515
0 0.44505208333333335 0.4865805168986084 0.016145833333333335 0.018886679920477135
0 0.7270833333333333 0.49204771371769385 0.011458333333333333 0.015904572564612324
0 0.9091145833333333 0.49652087475149104 0.015104166666666667 0.018886679920477135
0 0.18098958333333334 0.49801192842942343 0.0078125 0.019880715705765408
0 0.09479166666666666 0.49801192842942343 0.011458333333333333 0.009940357852882704
0 0.7606770833333333 0.4995029821073559 0.0171875 0.010934393638170975
0 0.03723958333333333 0.5039761431411531 0.013020833333333334 0.009940357852882704
0 0.94375 0.5288270377733598 0.04479166666666667 0.041749502982107355
0 0.49973958333333335 0.5268389662027833 0.022395833333333334 0.03777335984095427
0 0.4296875 0.5223658051689861 0.009375 0.02882703777335984
0 0.01328125 0.5203777335984096 0.009895833333333333 0.02286282306163022
0 0.3736979166666667 0.5193836978131213 0.0109375 0.016898608349900597
0 0.6088541666666667 0.518389662027833 0.009375 0.010934393638170975
0 0.24817708333333333 0.5253479125248509 0.009895833333333333 0.02485089463220676
0 0.34609375 0.5412524850894632 0.016145833333333335 0.036779324055666
0 0.11510416666666666 0.5352882703777336 0.011458333333333333 0.0268389662027833
0 0.37473958333333335 0.5576540755467196 0.0078125 0.033797216699801194
0 0.30078125 0.5566600397614314 0.008854166666666666 0.03180914512922465
0 0.403125 0.5526838966202783 0.008333333333333333 0.017892644135188866
0 0.09088541666666666 0.5641153081510935 0.011979166666666667 0.02286282306163022
0 0.625 0.5695825049701789 0.011458333333333333 0.02385685884691849
0 0.5140625 0.5815109343936382 0.009375 0.02186878727634195
0 0.18515625 0.577037773359841 0.015104166666666667 0.012922465208747515
0 0.26276041666666666 0.5914512922465208 0.005729166666666666 0.027833001988071572
0 0.4109375 0.5949304174950298 0.00625 0.02882703777335984
0 0.12057291666666667 0.5864811133200796 0.016145833333333335 0.013916500994035786
0 0.029947916666666668 0.5989065606361829 0.013020833333333334 0.032803180914512925
0 0.24192708333333332 0.5989065606361829 0.013020833333333334 0.018886679920477135
0 0.41822916666666665 0.6053677932405567 0.00625 0.02385685884691849
0 0.06276041666666667 0.6048707753479126 0.0171875 0.018886679920477135
0 0.38619791666666664 0.6197813121272365 0.011979166666666667 0.014910536779324055
0 0.42421875 0.6302186878727635 0.019270833333333334 0.033797216699801194
0 0.008072916666666667 0.6222664015904572 0.015104166666666667 0.011928429423459244
0 0.40208333333333335 0.6500994035785288 0.010416666666666666 0.061630218687872766
0 0.0953125 0.6486083499005965 0.010416666666666666 0.05268389662027833
0 0.44166666666666665 0.6336978131212724 0.008333333333333333 0.020874751491053677
0 0.375 0.6351888667992047 0.011458333333333333 0.013916500994035786
0 0.26328125 0.6351888667992047 0.013020833333333334 0.013916500994035786
0 0.3776041666666667 0.6486083499005965 0.040625 0.036779324055666
0 0.340625 0.635685884691849 0.007291666666666667 0.012922465208747515
0 0.49166666666666664 0.643141153081511 0.008333333333333333 0.017892644135188866
0 0.071875 0.6525844930417495 0.013541666666666667 0.016898608349900597
0 0.9052083333333333 0.6555666003976143 0.0125 0.012922465208747515
0 0.39479166666666665 0.6734592445328031 0.005208333333333333 0.018886679920477135
0 0.34375 0.6714711729622267 0.016666666666666666 0.014910536779324055
0 0.5416666666666666 0.6704771371769384 0.014583333333333334 0.010934393638170975
0 0.4140625 0.6789264413518886 0.0125 0.019880715705765408
0 0.90625 0.6958250497017893 0.015625 0.017892644135188866
0 0.9513020833333333 0.702286282306163 0.0171875 0.02485089463220676
0 0.4234375 0.7067594433399602 0.013541666666666667 0.027833001988071572
0 0.3611979166666667 0.6988071570576541 0.015104166666666667 0.009940357852882704
0 0.296875 0.7032803180914513 0.010416666666666666 0.016898608349900597
0 0.18359375 0.7047713717693836 0.013020833333333334 0.007952286282306162
0 0.3255208333333333 0.7077534791252486 0.014583333333333334 0.009940357852882704
0 0.5213541666666667 0.7162027833001988 0.016666666666666666 0.012922465208747515
0 0.3640625 0.7231610337972167 0.008333333333333333 0.0268389662027833
0 0.21614583333333334 0.7226640159045725 0.005208333333333333 0.02584493041749503
0 0.45989583333333334 0.7211729622266402 0.004166666666666667 0.020874751491053677
0 0.2015625 0.7221669980119284 0.017708333333333333 0.02286282306163022
0 0.26536458333333335 0.7236580516898609 0.009895833333333333 0.011928429423459244
0 0.3151041666666667 0.7311133200795229 0.010416666666666666 0.020874751491053677
0 0.3463541666666667 0.7400596421471173 0.008333333333333333 0.03479125248508946
0 0.29296875 0.739065606361829 0.009895833333333333 0.02882703777335984
0 0.8375 0.73558648111332 0.008333333333333333 0.009940357852882704
0 0.18463541666666666 0.7519880715705766 0.016145833333333335 0.02882703777335984
0 0.71484375 0.7594433399602386 0.016145833333333335 0.041749502982107355
0 0.39505208333333336 0.7470178926441352 0.013020833333333334 0.014910536779324055
0 0.1078125 0.7549701789264414 0.014583333333333334 0.016898608349900597
0 0.43854166666666666 0.7659045725646123 0.007291666666666667 0.03479125248508946
0 0.3809895833333333 0.7778330019880716 0.018229166666666668 0.048707753479125246
0 0.16302083333333334 0.7649105367793241 0.00625 0.020874751491053677
0 0.22630208333333332 0.7629224652087475 0.0140625 0.010934393638170975
0 0.6700520833333333 0.7748508946322068 0.0109375 0.02485089463220676
0 0.15390625 0.7833001988071571 0.0078125 0.02982107355864811
0 0.18098958333333334 0.7833001988071571 0.018229166666666668 0.02385685884691849
0 0.5453125 0.7892644135188867 0.008333333333333333 0.02982107355864811
0 0.24973958333333332 0.7818091451292246 0.015104166666666667 0.012922465208747515
0 0.005729166666666666 0.7833001988071571 0.010416666666666666 0.011928429423459244
0 0.13541666666666666 0.7907554671968191 0.016666666666666666 0.018886679920477135
0 0.9583333333333334 0.8011928429423459 0.011458333333333333 0.033797216699801194
0 0.34296875 0.8021868787276342 0.016145833333333335 0.03578528827037773
0 0.17057291666666666 0.7937375745526839 0.008854166666666666 0.016898608349900597
0 0.9903645833333333 0.8205765407554672 0.0109375 0.032803180914512925
0 0.671875 0.8121272365805169 0.015625 0.009940357852882704
0 0.35703125 0.8359840954274353 0.022395833333333334 0.05765407554671968
0 0.17552083333333332 0.8180914512922465 0.009375 0.02186878727634195
0 0.60234375 0.8260437375745527 0.008854166666666666 0.03180914512922465
0 0.4630208333333333 0.8235586481113321 0.005208333333333333 0.02485089463220676
0 0.934375 0.8290258449304175 0.00625 0.017892644135188866
0 0.4309895833333333 0.8444333996023857 0.018229166666666668 0.030815109343936383
0 0.28828125 0.8424453280318092 0.019270833333333334 0.012922465208747515
0 0.19713541666666667 0.8523856858846919 0.013020833333333334 0.02286282306163022
0 0.50078125 0.8623260437375746 0.015104166666666667 0.03479125248508946
0 0.3098958333333333 0.8548707753479126 0.016666666666666666 0.011928429423459244
0 0.09921875 0.864314115308151 0.009895833333333333 0.02485089463220676
0 0.2903645833333333 0.860337972166998 0.016145833333333335 0.010934393638170975
0 0.2752604166666667 0.8663021868787276 0.019270833333333334 0.018886679920477135
0 0.34140625 0.8777335984095428 0.0109375 0.02982107355864811
0 0.24296875 0.8692842942345924 0.016145833333333335 0.010934393638170975
0 0.38046875 0.8802186878727635 0.016145833333333335 0.02286282306163022
0 0.2916666666666667 0.8832007952286283 0.011458333333333333 0.02882703777335984
0 0.3221354166666667 0.8851888667992047 0.0140625 0.020874751491053677
0 0.425 0.8871769383697813 0.00625 0.018886679920477135
0 0.36484375 0.904572564612326 0.016145833333333335 0.03777335984095427
0 0.19583333333333333 0.8986083499005965 0.0125 0.02385685884691849
0 0.4078125 0.9015904572564613 0.01875 0.02186878727634195
0 0.35546875 0.9095427435387674 0.0067708333333333336 0.017892644135188866
0 0.25677083333333334 0.922962226640159 0.011458333333333333 0.04671968190854871
0 0.2838541666666667 0.9095427435387674 0.013541666666666667 0.011928429423459244
0 0.38723958333333336 0.9169980119284294 0.013020833333333334 0.020874751491053677
0 0.17604166666666668 0.9150099403578529 0.010416666666666666 0.014910536779324055
0 0.30026041666666664 0.918986083499006 0.008854166666666666 0.012922465208747515
0 0.14140625 0.9269383697813122 0.019270833333333334 0.018886679920477135
0 0.0609375 0.929920477137177 0.016666666666666666 0.02286282306163022
0 0.33046875 0.9279324055666004 0.0171875 0.014910536779324055
0 0.3065104166666667 0.9319085487077535 0.011979166666666667 0.014910536779324055
0 0.2869791666666667 0.9314115308151093 0.015625 0.013916500994035786
0 0.18020833333333333 0.9383697813121272 0.013541666666666667 0.013916500994035786
0 0.4361979166666667 0.9438369781312127 0.0109375 0.018886679920477135
0 0.20494791666666667 0.9478131212723658 0.009895833333333333 0.02882703777335984
0 0.46796875 0.9458250497017893 0.0078125 0.018886679920477135
0 0.5411458333333333 0.9587475149105368 0.013541666666666667 0.030815109343936383
0 0.35234375 0.9647117296222664 0.027604166666666666 0.040755467196819085
0 0.44609375 0.9617296222664016 0.018229166666666668 0.0268389662027833
0 0.9479166666666666 0.9701789264413518 0.011458333333333333 0.033797216699801194
0 0.31354166666666666 0.9676938369781312 0.01875 0.0268389662027833
0 0.14817708333333332 0.9711729622266402 0.018229166666666668 0.02385685884691849
0 0.36354166666666665 0.9716699801192843 0.013541666666666667 0.014910536779324055
0 0.4635416666666667 0.9870775347912525 0.01875 0.02385685884691849
0 0.29453125 0.9895626242544732 0.016145833333333335 0.018886679920477135
0 0.18046875 0.9915506958250497 0.0067708333333333336 0.014910536779324055