0 0.03307291666666667 0.0004970178926441351 0.06510416666666667 0.0009940357852882703
0 0.9997395833333333 0.06113320079522863 0.0005208333333333333 0.08449304174950298
0 0.05 0.03429423459244533 0.007291666666666667 0.012922465208747515
0 0.36354166666666665 0.052186878727634195 0.007291666666666667 0.018886679920477135
0 0.38645833333333335 0.09343936381709742 0.014583333333333334 0.013916500994035786
0 0.028125 0.11630218687872763 0.009375 0.015904572564612324
0 0.159375 0.1918489065606362 0.009375 0.013916500994035786
0 0.27682291666666664 0.24204771371769385 0.011979166666666667 0.016898608349900597
0 0.034895833333333334 0.2673956262425447 0.015625 0.019880715705765408
0 0.3111979166666667 0.3503976143141153 0.0067708333333333336 0.018886679920477135
0 0.020052083333333335 0.37524850894632206 0.0140625 0.04473161033797217
0 0.033854166666666664 0.3911530815109344 0.0125 0.0268389662027833
0 0.04869791666666667 0.4135188866799205 0.0078125 0.013916500994035786
0 0.09375 0.43489065606361826 0.009375 0.02485089463220676
0 0.0703125 0.49254473161033796 0.00625 0.02882703777335984
0 0.6986979166666667 0.4955268389662028 0.013020833333333334 0.012922465208747515
0 0.17135416666666667 0.536779324055666 0.008333333333333333 0.02186878727634195
0 0.04348958333333333 0.5357852882703777 0.013020833333333334 0.017892644135188866
0 0.20390625 0.5487077534791253 0.013020833333333334 0.02982107355864811
0 0.1828125 0.5506958250497018 0.00625 0.02385685884691849
0 0.08489583333333334 0.5546719681908548 0.010416666666666666 0.015904572564612324
0 0.31015625 0.5591451292246521 0.0140625 0.020874751491053677
0 0.10572916666666667 0.5546719681908548 0.007291666666666667 0.011928429423459244
0 0.023177083333333334 0.5636182902584493 0.0067708333333333336 0.02385685884691849
0 0.22395833333333334 0.5854870775347912 0.019791666666666666 0.013916500994035786
0 0.030989583333333334 0.6098409542743539 0.009895833333333333 0.02286282306163022
0 0.21614583333333334 0.6148111332007953 0.014583333333333334 0.012922465208747515
0 0.15026041666666667 0.6277335984095428 0.008854166666666666 0.032803180914512925
0 0.25364583333333335 0.6461232604373758 0.009375 0.02584493041749503
0 0.40390625 0.6560636182902585 0.015104166666666667 0.017892644135188866
0 0.11536458333333334 0.6814115308151093 0.008854166666666666 0.032803180914512925
0 0.09635416666666667 0.7688866799204771 0.005208333333333333 0.02485089463220676
0 0.36432291666666666 0.7783300198807157 0.0140625 0.02982107355864811
0 0.259375 0.7937375745526839 0.013541666666666667 0.016898608349900597
0 0.08072916666666667 0.80168986083499 0.00625 0.030815109343936383
0 0.290625 0.7992047713717694 0.010416666666666666 0.019880715705765408
0 0.22473958333333333 0.8026838966202783 0.0067708333333333336 0.0268389662027833
0 0.24088541666666666 0.8205765407554672 0.005729166666666666 0.02882703777335984
0 0.34869791666666666 0.8190854870775348 0.0140625 0.013916500994035786
0 0.321875 0.8513916500994035 0.010416666666666666 0.042743538767395624
0 0.2950520833333333 0.8379721669980119 0.0109375 0.013916500994035786
0 0.7505208333333333 0.8682902584493042 0.013541666666666667 0.02286282306163022
0 0.34401041666666665 0.8653081510934394 0.0067708333333333336 0.016898608349900597
0 0.16432291666666668 0.8717693836978131 0.0140625 0.02385685884691849
0 0.27447916666666666 0.8687872763419483 0.009375 0.009940357852882704
0 0.2916666666666667 0.9219681908548708 0.005208333333333333 0.02882703777335984
0 0.34322916666666664 0.9209741550695825 0.008333333333333333 0.014910536779324055
0 0.159375 0.9463220675944334 0.010416666666666666 0.02385685884691849
0 0.3294270833333333 0.9473161033797217 0.0078125 0.019880715705765408
0 0.44817708333333334 0.9542743538767395 0.0067708333333333336 0.013916500994035786
0 0.346875 0.9716699801192843 0.015625 0.012922465208747515
0 0.2609375 0.9791252485089463 0.011458333333333333 0.02584493041749503
0 0.2984375 0.9850894632206759 0.008333333333333333 0.017892644135188866
0 0.72421875 0.992544731610338 0.009895833333333333 0.012922465208747515