0 0.9078125 0.019880715705765408 0.03125 0.039761431411530816
0 0.6984375 0.016401590457256462 0.017708333333333333 0.0268389662027833
0 0.496875 0.016898608349900597 0.016666666666666666 0.015904572564612324
0 0.99609375 0.020874751491053677 0.0078125 0.019880715705765408
0 0.30703125 0.026341948310139165 0.024479166666666666 0.016898608349900597
0 0.7497395833333333 0.04025844930417495 0.0234375 0.02882703777335984
0 0.5697916666666667 0.04821073558648111 0.013541666666666667 0.016898608349900597
0 0.70859375 0.07455268389662027 0.028645833333333332 0.0536779324055666
0 0.9111979166666667 0.06759443339960239 0.021354166666666667 0.019880715705765408
0 0.51171875 0.08399602385685885 0.019270833333333334 0.05069582504970179
0 0.8166666666666667 0.073558648111332 0.008333333333333333 0.02584493041749503
0 0.9713541666666666 0.08399602385685885 0.0125 0.02882703777335984
0 0.18854166666666666 0.08200795228628231 0.020833333333333332 0.0268389662027833
0 0.48151041666666666 0.10238568588469185 0.019270833333333334 0.04970178926441352
0 0.9927083333333333 0.11083499005964215 0.0125 0.020874751491053677
0 0.6049479166666667 0.11332007952286283 0.015104166666666667 0.02385685884691849
0 0.109375 0.12276341948310139 0.010416666666666666 0.030815109343936383
0 0.7231770833333333 0.13817097415506957 0.0203125 0.041749502982107355
0 0.59140625 0.13369781312127235 0.011979166666666667 0.030815109343936383
0 0.29348958333333336 0.1272365805168986 0.0171875 0.015904572564612324
0 0.8057291666666667 0.13518886679920478 0.008333333333333333 0.02186878727634195
0 0.5005208333333333 0.13916500994035785 0.015625 0.02982107355864811
0 0.5763020833333333 0.14363817097415507 0.0109375 0.030815109343936383
0 0.0953125 0.15606361829025844 0.0125 0.03180914512922465
0 0.69765625 0.16003976143141152 0.015104166666666667 0.02584493041749503
0 0.8877604166666667 0.16600397614314116 0.0171875 0.019880715705765408
0 0.5419270833333333 0.16699801192842942 0.018229166666666668 0.017892644135188866
0 0.78203125 0.17246520874751492 0.009895833333333333 0.02286282306163022
0 0.9223958333333333 0.18588469184890655 0.01875 0.039761431411530816
0 0.6276041666666666 0.18041749502982107 0.016666666666666666 0.014910536779324055
0 0.41692708333333334 0.1824055666003976 0.016145833333333335 0.014910536779324055
0 0.5783854166666667 0.1863817097415507 0.008854166666666666 0.014910536779324055
0 0.43776041666666665 0.19483101391650098 0.018229166666666668 0.02584493041749503
0 0.38046875 0.19980119284294234 0.009895833333333333 0.02982107355864811
0 0.6825520833333333 0.1993041749502982 0.018229166666666668 0.020874751491053677
0 0.3533854166666667 0.20278330019880716 0.0067708333333333336 0.02584493041749503
0 0.24583333333333332 0.20526838966202784 0.020833333333333332 0.02882703777335984
0 0.65234375 0.20427435387673956 0.016145833333333335 0.016898608349900597
0 0.58359375 0.2117296222664016 0.009895833333333333 0.02584493041749503
0 0.9747395833333333 0.23508946322067595 0.018229166666666668 0.04671968190854871
0 0.7223958333333333 0.23210735586481113 0.017708333333333333 0.040755467196819085
0 0.5270833333333333 0.22664015904572565 0.019791666666666666 0.027833001988071572
0 0.6119791666666666 0.23658051689860835 0.011458333333333333 0.04572564612326044
0 0.5408854166666667 0.24055666003976142 0.013020833333333334 0.027833001988071572
0 0.6533854166666667 0.23807157057654074 0.019270833333333334 0.016898608349900597
0 0.3294270833333333 0.23807157057654074 0.022395833333333334 0.012922465208747515
0 0.5044270833333333 0.24403578528827038 0.0140625 0.018886679920477135
0 0.26927083333333335 0.24552683896620278 0.014583333333333334 0.02186878727634195
0 0.728125 0.25646123260437376 0.016666666666666666 0.03777335984095427
0 0.8815104166666666 0.2584493041749503 0.0067708333333333336 0.027833001988071572
0 0.6309895833333333 0.25596421471172964 0.008854166666666666 0.012922465208747515
0 0.40598958333333335 0.27236580516898606 0.018229166666666668 0.041749502982107355
0 0.8231770833333333 0.27236580516898606 0.015104166666666667 0.03777335984095427
0 0.03411458333333333 0.2668986083499006 0.011979166666666667 0.0268389662027833
0 0.609375 0.27137176938369784 0.017708333333333333 0.02982107355864811
0 0.6393229166666666 0.2664015904572565 0.0067708333333333336 0.017892644135188866
0 0.9466145833333334 0.2778330019880716 0.0203125 0.0268389662027833
0 0.7565104166666666 0.2823061630218688 0.009895833333333333 0.02982107355864811
0 0.32916666666666666 0.28926441351888665 0.017708333333333333 0.033797216699801194
0 0.5122395833333333 0.3066600397614314 0.033854166666666664 0.05666003976143141
0 0.46484375 0.29970178926441354 0.013020833333333334 0.040755467196819085
0 0.5625 0.3036779324055666 0.015625 0.02485089463220676
0 0.38177083333333334 0.30019880715705766 0.019791666666666666 0.015904572564612324
0 0.346875 0.3076540755467197 0.015625 0.012922465208747515
0 0.6427083333333333 0.31660039761431413 0.010416666666666666 0.0268389662027833
0 0.6825520833333333 0.3404572564612326 0.018229166666666668 0.030815109343936383
0 0.6286458333333333 0.34393638170974156 0.015625 0.03578528827037773
0 0.7934895833333333 0.3404572564612326 0.0171875 0.020874751491053677
0 0.4518229166666667 0.3474155069582505 0.0109375 0.014910536779324055
0 0.6447916666666667 0.34940357852882703 0.007291666666666667 0.012922465208747515
0 0.69609375 0.35984095427435386 0.0067708333333333336 0.02385685884691849
0 0.8934895833333333 0.37226640159045726 0.013020833333333334 0.04473161033797217
0 0.4869791666666667 0.36133200795228626 0.020833333333333332 0.020874751491053677
0 0.44088541666666664 0.36182902584493043 0.005729166666666666 0.013916500994035786
0 0.5544270833333333 0.3817097415506958 0.0140625 0.04572564612326044
0 0.3458333333333333 0.378727634194831 0.011458333333333333 0.027833001988071572
0 0.6208333333333333 0.3956262425447316 0.023958333333333335 0.02584493041749503
0 0.6513020833333333 0.40755467196819084 0.0046875 0.03777335984095427
0 0.5919270833333333 0.40656063618290256 0.005729166666666666 0.013916500994035786
0 0.7833333333333333 0.44532803180914515 0.036458333333333336 0.06560636182902585
0 0.6205729166666667 0.43339960238568587 0.0067708333333333336 0.03578528827037773
0 0.48203125 0.42445328031809143 0.0109375 0.015904572564612324
0 0.4109375 0.43339960238568587 0.014583333333333334 0.033797216699801194
0 0.3924479166666667 0.42196819085487075 0.015104166666666667 0.010934393638170975
0 0.2598958333333333 0.4428429423459245 0.011458333333333333 0.03876739562624255
0 0.6744791666666666 0.44582504970178927 0.008333333333333333 0.03479125248508946
0 0.5546875 0.4463220675944334 0.0125 0.03578528827037773
0 0.6963541666666667 0.4438369781312127 0.013541666666666667 0.0268389662027833
0 0.96171875 0.4567594433399602 0.019270833333333334 0.0268389662027833
0 0.475 0.4860834990059642 0.022916666666666665 0.03578528827037773
0 0.44140625 0.4900596421471173 0.022395833333333334 0.039761431411530816
0 0.8734375 0.4801192842942346 0.007291666666666667 0.013916500994035786
0 0.6359375 0.4826043737574553 0.0125 0.018886679920477135
0 0.60703125 0.4870775347912525 0.009895833333333333 0.027833001988071572
0 0.37057291666666664 0.4831013916500994 0.016145833333333335 0.02186878727634195
0 0.57578125 0.4955268389662028 0.021354166666666667 0.020874751491053677
0 0.5033854166666667 0.5054671968190855 0.018229166666666668 0.030815109343936383
0 0.6885416666666667 0.5149105367793241 0.0125 0.03180914512922465
0 0.55 0.51441351888668 0.026041666666666668 0.02485089463220676
0 0.24453125 0.5134194831013916 0.016145833333333335 0.02286282306163022
0 0.6559895833333333 0.5253479125248509 0.0359375 0.03479125248508946
0 0.34869791666666666 0.5193836978131213 0.013020833333333334 0.02286282306163022
0 0.8125 0.5313121272365805 0.009375 0.014910536779324055
0 0.5520833333333334 0.547713717693837 0.0125 0.04572564612326044
0 0.06276041666666667 0.5427435387673957 0.016145833333333335 0.027833001988071572
0 0.8744791666666667 0.544234592445328 0.008333333333333333 0.02485089463220676
0 0.4895833333333333 0.540258449304175 0.009375 0.014910536779324055
0 0.5106770833333333 0.5447316103379721 0.016145833333333335 0.017892644135188866
0 0.44140625 0.5526838966202783 0.013020833333333334 0.033797216699801194
0 0.5390625 0.5666003976143141 0.019791666666666666 0.055666003976143144
0 0.6723958333333333 0.5531809145129225 0.0125 0.0268389662027833
0 0.70234375 0.5740556660039762 0.04114583333333333 0.06262425447316103
0 0.71484375 0.5666003976143141 0.0171875 0.013916500994035786
0 0.2640625 0.5775347912524851 0.009375 0.033797216699801194
0 0.6221354166666667 0.5690854870775348 0.0140625 0.014910536779324055
0 0.9125 0.5780318091451292 0.00625 0.014910536779324055
0 0.4734375 0.591948310139165 0.017708333333333333 0.0268389662027833
0 0.8908854166666667 0.5909542743538767 0.0109375 0.020874751491053677
0 0.5497395833333333 0.6018886679920478 0.0203125 0.040755467196819085
0 0.6234375 0.6013916500994035 0.017708333333333333 0.033797216699801194
0 0.90625 0.614314115308151 0.022916666666666665 0.04572564612326044
0 0.7953125 0.6232604373757455 0.021875 0.0536779324055666
0 0.5078125 0.6098409542743539 0.008333333333333333 0.02286282306163022
0 0.4734375 0.6187872763419483 0.01875 0.032803180914512925
0 0.23333333333333334 0.6093439363817097 0.008333333333333333 0.015904572564612324
0 0.5390625 0.6302186878727635 0.0375 0.04572564612326044
0 0.4940104166666667 0.6197813121272365 0.0078125 0.02485089463220676
0 0.71484375 0.6302186878727635 0.0078125 0.039761431411530816
0 0.6002604166666666 0.628727634194831 0.015104166666666667 0.030815109343936383
0 0.76953125 0.6317097415506958 0.0067708333333333336 0.016898608349900597
0 0.43645833333333334 0.6391650099403579 0.016666666666666666 0.02982107355864811
0 0.8786458333333333 0.6456262425447317 0.01875 0.030815109343936383
0 0.5174479166666667 0.6605367793240556 0.013020833333333334 0.048707753479125246
0 0.9302083333333333 0.6560636182902585 0.009375 0.02385685884691849
0 0.9440104166666666 0.6719681908548708 0.0140625 0.03777335984095427
0 0.53203125 0.6704771371769384 0.015104166666666667 0.032803180914512925
0 0.9895833333333334 0.6749502982107356 0.014583333333333334 0.033797216699801194
0 0.7385416666666667 0.6769383697813122 0.009375 0.03578528827037773
0 0.54765625 0.6660039761431411 0.005729166666666666 0.013916500994035786
0 0.96796875 0.672962226640159 0.021354166666666667 0.02385685884691849
0 0.21848958333333332 0.6774353876739563 0.015104166666666667 0.032803180914512925
0 0.9153645833333334 0.6814115308151093 0.0067708333333333336 0.018886679920477135
0 0.5098958333333333 0.6988071570576541 0.016666666666666666 0.04970178926441352
0 0.4505208333333333 0.6898608349900597 0.01875 0.03180914512922465
0 0.5645833333333333 0.6953280318091452 0.009375 0.020874751491053677
0 0.875 0.7027833001988072 0.0125 0.027833001988071572
0 0.10182291666666667 0.7092445328031809 0.0203125 0.020874751491053677
0 0.89765625 0.7246520874751491 0.0109375 0.017892644135188866
0 0.8817708333333333 0.7385685884691849 0.017708333333333333 0.03578528827037773
0 0.99140625 0.73558648111332 0.0067708333333333336 0.019880715705765408
0 0.2708333333333333 0.7450298210735586 0.014583333333333334 0.032803180914512925
0 0.7958333333333333 0.7400596421471173 0.013541666666666667 0.012922465208747515
0 0.5677083333333334 0.7519880715705766 0.010416666666666666 0.016898608349900597
0 0.7059895833333333 0.7529821073558648 0.016145833333333335 0.014910536779324055
0 0.06015625 0.7569582504970179 0.0171875 0.02286282306163022
0 0.9973958333333334 0.7614314115308151 0.005208333333333333 0.02584493041749503
0 0.6205729166666667 0.7693836978131213 0.013020833333333334 0.02982107355864811
0 0.91015625 0.7748508946322068 0.027604166666666666 0.036779324055666
0 0.5875 0.7693836978131213 0.013541666666666667 0.02584493041749503
0 0.8661458333333333 0.775844930417495 0.026041666666666668 0.03479125248508946
0 0.6106770833333334 0.7833001988071571 0.008854166666666666 0.03578528827037773
0 0.9502604166666667 0.7753479125248509 0.013020833333333334 0.011928429423459244
0 0.6671875 0.8041749502982107 0.007291666666666667 0.03578528827037773
0 0.9502604166666667 0.8076540755467196 0.0296875 0.03479125248508946
0 0.7213541666666666 0.8081510934393639 0.010416666666666666 0.03180914512922465
0 0.59765625 0.8210735586481114 0.0328125 0.055666003976143144
0 0.4864583333333333 0.8096421471172962 0.011458333333333333 0.032803180914512925
0 0.87734375 0.8180914512922465 0.0203125 0.0437375745526839
0 0.84609375 0.8235586481113321 0.013020833333333334 0.048707753479125246
0 0.5432291666666667 0.8141153081510935 0.020833333333333332 0.02584493041749503
0 0.8184895833333333 0.8106361829025845 0.021354166666666667 0.014910536779324055
0 0.6333333333333333 0.8170974155069582 0.009375 0.02186878727634195
0 0.9770833333333333 0.8300198807157058 0.013541666666666667 0.03777335984095427
0 0.79453125 0.8300198807157058 0.018229166666666668 0.02385685884691849
0 0.74765625 0.8429423459244533 0.024479166666666666 0.0437375745526839
0 0.64140625 0.8349900596421471 0.018229166666666668 0.013916500994035786
0 0.50859375 0.8518886679920478 0.019270833333333334 0.033797216699801194
0 0.8213541666666667 0.856858846918489 0.011458333333333333 0.041749502982107355
0 0.5580729166666667 0.8752485089463221 0.0067708333333333336 0.036779324055666
0 0.5752604166666667 0.8742544731610338 0.0109375 0.0268389662027833
0 0.53359375 0.8951292246520874 0.016145833333333335 0.05467196819085487
0 0.12135416666666667 0.9070576540755467 0.017708333333333333 0.020874751491053677
0 0.6119791666666666 0.9095427435387674 0.020833333333333332 0.019880715705765408
0 0.9934895833333334 0.9403578528827038 0.013020833333333334 0.033797216699801194
0 0.8989583333333333 0.9493041749502982 0.021875 0.04771371769383698
0 0.08697916666666666 0.9428429423459245 0.014583333333333334 0.0268389662027833
0 0.5166666666666667 0.9468190854870775 0.026041666666666668 0.030815109343936383
0 0.6765625 0.9488071570576541 0.017708333333333333 0.016898608349900597
0 0.7630208333333334 0.963220675944334 0.015625 0.03578528827037773
0 0.29739583333333336 0.9657057654075547 0.0125 0.040755467196819085
0 0.5479166666666667 0.974155069582505 0.010416666666666666 0.015904572564612324
0 0.5572916666666666 0.9831013916500994 0.008333333333333333 0.013916500994035786
0 0.9375 0.9870775347912525 0.009375 0.013916500994035786
0 0.9036458333333334 0.9895626242544732 0.020833333333333332 0.018886679920477135
0 0.7661458333333333 0.9875745526838966 0.011458333333333333 0.014910536779324055
0 0.3494791666666667 0.9920477137176938 0.010416666666666666 0.013916500994035786
0 0.23828125 0.992544731610338 0.009895833333333333 0.012922465208747515