0 0.9080729166666667 0.01143141153081511 0.011979166666666667 0.02286282306163022
0 0.8544270833333333 0.018389662027833 0.0265625 0.036779324055666
0 0.48671875 0.01341948310139165 0.0203125 0.0268389662027833
0 0.23671875 0.030815109343936383 0.009895833333333333 0.015904572564612324
0 0.45208333333333334 0.03578528827037773 0.017708333333333333 0.013916500994035786
0 0.478125 0.06660039761431412 0.01875 0.033797216699801194
0 0.33932291666666664 0.07455268389662027 0.016145833333333335 0.0437375745526839
0 0.52734375 0.06858846918489066 0.018229166666666668 0.019880715705765408
0 0.7557291666666667 0.08349900596421471 0.026041666666666668 0.039761431411530816
0 0.23411458333333332 0.09045725646123261 0.016145833333333335 0.027833001988071572
0 0.5966145833333333 0.10039761431411531 0.008854166666666666 0.041749502982107355
0 0.35052083333333334 0.09791252485089463 0.022916666666666665 0.03479125248508946
0 0.5546875 0.0959244532803181 0.014583333333333334 0.0268389662027833
0 0.31328125 0.1073558648111332 0.009895833333333333 0.041749502982107355
0 0.534375 0.09791252485089463 0.009375 0.012922465208747515
0 0.49296875 0.09791252485089463 0.008854166666666666 0.012922465208747515
0 0.3921875 0.11481113320079522 0.011458333333333333 0.036779324055666
0 0.3658854166666667 0.110337972166998 0.019270833333333334 0.02584493041749503
0 0.7981770833333334 0.11928429423459244 0.008854166666666666 0.03180914512922465
0 0.47734375 0.1242544731610338 0.019270833333333334 0.02584493041749503
0 0.621875 0.1317097415506958 0.014583333333333334 0.036779324055666
0 0.82890625 0.1441351888667992 0.013020833333333334 0.041749502982107355
0 0.4427083333333333 0.13767395626242546 0.010416666666666666 0.020874751491053677
0 0.08072916666666667 0.14015904572564614 0.019791666666666666 0.02584493041749503
0 0.40390625 0.15308151093439365 0.0234375 0.03180914512922465
0 0.2950520833333333 0.1555666003976143 0.0171875 0.016898608349900597
0 0.66953125 0.1555666003976143 0.019270833333333334 0.014910536779324055
0 0.63359375 0.15656063618290258 0.011979166666666667 0.016898608349900597
0 0.3328125 0.17246520874751492 0.01875 0.012922465208747515
0 0.93671875 0.18986083499005965 0.0171875 0.019880715705765408
0 0.3533854166666667 0.22415506958250497 0.009895833333333333 0.02485089463220676
0 0.5893229166666667 0.22514910536779323 0.0140625 0.012922465208747515
0 0.9119791666666667 0.22465208747514911 0.007291666666666667 0.009940357852882704
0 0.82421875 0.23757455268389663 0.016145833333333335 0.02584493041749503
0 0.5989583333333334 0.2514910536779324 0.020833333333333332 0.027833001988071572
0 0.3458333333333333 0.24403578528827038 0.009375 0.008946322067594433
0 0.5135416666666667 0.25347912524850896 0.010416666666666666 0.02385685884691849
0 0.8401041666666667 0.26093439363817095 0.007291666666666667 0.02882703777335984
0 0.634375 0.25596421471172964 0.011458333333333333 0.014910536779324055
0 0.58671875 0.275844930417495 0.0109375 0.03876739562624255
0 0.9903645833333333 0.29025844930417494 0.019270833333333334 0.05765407554671968
0 0.45026041666666666 0.294234592445328 0.0140625 0.02186878727634195
0 0.5283854166666667 0.3066600397614314 0.015104166666666667 0.03876739562624255
0 0.94609375 0.30218687872763417 0.0203125 0.015904572564612324
0 0.7630208333333334 0.30318091451292245 0.019791666666666666 0.019880715705765408
0 0.12786458333333334 0.3116302186878728 0.024479166666666666 0.036779324055666
0 0.97109375 0.3076540755467197 0.022395833333333334 0.02485089463220676
0 0.5028645833333333 0.31510934393638174 0.021354166666666667 0.015904572564612324
0 0.56328125 0.32703777335984097 0.011979166666666667 0.027833001988071572
0 0.8385416666666666 0.3474155069582505 0.016666666666666666 0.05069582504970179
0 0.7526041666666666 0.33399602385685884 0.017708333333333333 0.017892644135188866
0 0.8638020833333333 0.34642147117296224 0.0234375 0.02485089463220676
0 0.62890625 0.3558648111332008 0.005729166666666666 0.03578528827037773
0 0.7408854166666666 0.3961232604373757 0.021354166666666667 0.02485089463220676
0 0.5072916666666667 0.3946322067594433 0.013541666666666667 0.02186878727634195
0 0.66015625 0.3991053677932406 0.018229166666666668 0.02286282306163022
0 0.8390625 0.40506958250497016 0.01875 0.020874751491053677
0 0.9244791666666666 0.41998011928429424 0.010416666666666666 0.030815109343936383
0 0.86953125 0.4239562624254473 0.018229166666666668 0.014910536779324055
0 0.4119791666666667 0.43290258449304175 0.017708333333333333 0.012922465208747515
0 0.14791666666666667 0.4418489065606362 0.021875 0.02485089463220676
0 0.6854166666666667 0.4383697813121272 0.007291666666666667 0.013916500994035786
0 0.7028645833333333 0.4463220675944334 0.011979166666666667 0.027833001988071572
0 0.253125 0.441351888667992 0.007291666666666667 0.011928429423459244
0 0.6033854166666667 0.4542743538767396 0.021354166666666667 0.03180914512922465
0 0.5458333333333333 0.470675944333996 0.013541666666666667 0.06262425447316103
0 0.6677083333333333 0.4532803180914513 0.019791666666666666 0.02584493041749503
0 0.23984375 0.4537773359840954 0.013020833333333334 0.0268389662027833
0 0.8028645833333333 0.4587475149105368 0.0140625 0.032803180914512925
0 0.77109375 0.46819085487077533 0.009895833333333333 0.041749502982107355
0 0.6869791666666667 0.46073558648111335 0.007291666666666667 0.016898608349900597
0 0.5635416666666667 0.47664015904572565 0.007291666666666667 0.03876739562624255
0 0.528125 0.4835984095427435 0.011458333333333333 0.05268389662027833
0 0.7473958333333334 0.48807157057654077 0.009375 0.019880715705765408
0 0.39557291666666666 0.49254473161033796 0.0234375 0.014910536779324055
0 0.8111979166666666 0.5054671968190855 0.009895833333333333 0.02286282306163022
0 0.7893229166666667 0.5079522862823062 0.0078125 0.02385685884691849
0 0.4549479166666667 0.5099403578528827 0.0171875 0.027833001988071572
0 0.6138020833333333 0.5198807157057654 0.008854166666666666 0.02186878727634195
0 0.5559895833333334 0.5278330019880716 0.0203125 0.03578528827037773
0 0.6692708333333334 0.5228628230616302 0.011458333333333333 0.017892644135188866
0 0.97578125 0.5248508946322068 0.0078125 0.015904572564612324
0 0.3541666666666667 0.525844930417495 0.01875 0.015904572564612324
0 0.43671875 0.5278330019880716 0.009895833333333333 0.015904572564612324
0 0.47552083333333334 0.5452286282306164 0.010416666666666666 0.04473161033797217
0 0.2640625 0.5337972166998012 0.005208333333333333 0.019880715705765408
0 0.8041666666666667 0.5417495029821073 0.01875 0.03180914512922465
0 0.5177083333333333 0.5392644135188867 0.021875 0.0268389662027833
0 0.12682291666666667 0.5467196819085487 0.008854166666666666 0.02982107355864811
0 0.39947916666666666 0.5536779324055666 0.005208333333333333 0.03578528827037773
0 0.23203125 0.5467196819085487 0.0203125 0.019880715705765408
0 0.8640625 0.558648111332008 0.009375 0.019880715705765408
0 0.5263020833333333 0.5735586481113321 0.0067708333333333336 0.03777335984095427
0 0.77734375 0.5680914512922465 0.0171875 0.016898608349900597
0 0.7216145833333333 0.56610337972167 0.019270833333333334 0.012922465208747515
0 0.37083333333333335 0.5765407554671969 0.011458333333333333 0.02982107355864811
0 0.6315104166666666 0.5800198807157058 0.0140625 0.0268389662027833
0 0.8622395833333333 0.5834990059642147 0.015104166666666667 0.02385685884691849
0 0.8734375 0.6078528827037774 0.0125 0.04473161033797217
0 0.49635416666666665 0.6123260437375746 0.011458333333333333 0.04771371769383698
0 0.5385416666666667 0.5979125248508946 0.00625 0.012922465208747515
0 0.5263020833333333 0.6098409542743539 0.011979166666666667 0.02286282306163022
0 0.5752604166666667 0.6182902584493042 0.0171875 0.017892644135188866
0 0.3703125 0.6197813121272365 0.00625 0.014910536779324055
0 0.871875 0.6416500994035785 0.008333333333333333 0.018886679920477135
0 0.6140625 0.6466202783300199 0.016666666666666666 0.02485089463220676
0 0.7083333333333334 0.6515904572564613 0.010416666666666666 0.02286282306163022
0 0.83203125 0.6565606361829026 0.0234375 0.02485089463220676
0 0.9307291666666667 0.6610337972166997 0.021875 0.03180914512922465
0 0.4322916666666667 0.668986083499006 0.010416666666666666 0.0437375745526839
0 0.7236979166666667 0.6819085487077535 0.0140625 0.05168986083499006
0 0.8716145833333333 0.6938369781312127 0.027604166666666666 0.02584493041749503
0 0.7638020833333333 0.6958250497017893 0.015104166666666667 0.015904572564612324
0 0.31197916666666664 0.7082504970178927 0.017708333333333333 0.03479125248508946
0 0.9002604166666667 0.7062624254473161 0.011979166666666667 0.02286282306163022
0 0.70625 0.7127236580516899 0.021875 0.02982107355864811
0 0.103125 0.7191848906560636 0.010416666666666666 0.032803180914512925
0 0.48671875 0.7162027833001988 0.013020833333333334 0.012922465208747515
0 0.9580729166666667 0.724155069582505 0.0171875 0.02485089463220676
0 0.41041666666666665 0.7345924453280318 0.011458333333333333 0.03180914512922465
0 0.9934895833333334 0.7440357852882704 0.013020833333333334 0.040755467196819085
0 0.9135416666666667 0.7475149105367793 0.015625 0.041749502982107355
0 0.8783854166666667 0.7673956262425448 0.03177083333333333 0.06759443339960239
0 0.6614583333333334 0.7465208747514911 0.022916666666666665 0.015904572564612324
0 0.74453125 0.7519880715705766 0.016145833333333335 0.018886679920477135
0 0.6864583333333333 0.7693836978131213 0.010416666666666666 0.05168986083499006
0 0.6341145833333334 0.7589463220675944 0.0078125 0.020874751491053677
0 0.50390625 0.7599403578528827 0.013020833333333334 0.020874751491053677
0 0.7546875 0.7693836978131213 0.019791666666666666 0.027833001988071572
0 0.9638020833333333 0.76441351888668 0.0067708333333333336 0.015904572564612324
0 0.5515625 0.7808151093439364 0.029166666666666667 0.04671968190854871
0 0.8057291666666667 0.7673956262425448 0.013541666666666667 0.013916500994035786
0 0.9015625 0.7842942345924453 0.007291666666666667 0.015904572564612324
0 0.6059895833333333 0.8021868787276342 0.009895833333333333 0.041749502982107355
0 0.6432291666666666 0.7912524850894632 0.019791666666666666 0.013916500994035786
0 0.09427083333333333 0.8011928429423459 0.016666666666666666 0.02982107355864811
0 0.3729166666666667 0.8026838966202783 0.0125 0.02485089463220676
0 0.4231770833333333 0.805168986083499 0.021354166666666667 0.02385685884691849
0 0.8674479166666667 0.820079522862823 0.016145833333333335 0.033797216699801194
0 0.6713541666666667 0.8230616302186878 0.020833333333333332 0.02982107355864811
0 0.9046875 0.8195825049701789 0.01875 0.018886679920477135
0 0.5815104166666667 0.8349900596421471 0.0203125 0.04771371769383698
0 0.32786458333333335 0.8285288270377733 0.0171875 0.016898608349900597
0 0.5557291666666667 0.8484095427435387 0.008333333333333333 0.042743538767395624
0 0.4036458333333333 0.845427435387674 0.009375 0.02882703777335984
0 0.8723958333333334 0.8414512922465208 0.007291666666666667 0.016898608349900597
0 0.6653645833333334 0.8459244532803181 0.018229166666666668 0.027833001988071572
0 0.47317708333333336 0.8508946322067594 0.018229166666666668 0.033797216699801194
0 0.08098958333333334 0.8508946322067594 0.0203125 0.033797216699801194
0 0.4901041666666667 0.8653081510934394 0.010416666666666666 0.036779324055666
0 0.8544270833333333 0.8593439363817097 0.009895833333333333 0.020874751491053677
0 0.3106770833333333 0.8677932405566601 0.013020833333333334 0.03578528827037773
0 0.4359375 0.8707753479125249 0.010416666666666666 0.03578528827037773
0 0.86484375 0.8623260437375746 0.011979166666666667 0.016898608349900597
0 0.9953125 0.8682902584493042 0.009375 0.014910536779324055
0 0.87421875 0.8697813121272365 0.013020833333333334 0.019880715705765408
0 0.25703125 0.8658051689860835 0.0140625 0.007952286282306162
0 0.5669270833333333 0.871272365805169 0.008854166666666666 0.014910536779324055
0 0.65234375 0.8926441351888668 0.015104166666666667 0.02982107355864811
0 0.5690104166666666 0.904572564612326 0.018229166666666668 0.017892644135188866
0 0.49453125 0.9110337972166997 0.008854166666666666 0.02882703777335984
0 0.6807291666666667 0.9110337972166997 0.010416666666666666 0.02485089463220676
0 0.92734375 0.9204771371769384 0.013020833333333334 0.041749502982107355
0 0.8776041666666666 0.9060636182902585 0.007291666666666667 0.012922465208747515
0 0.371875 0.9264413518886679 0.026041666666666668 0.033797216699801194
0 0.85390625 0.9259443339960238 0.0078125 0.018886679920477135
0 0.703125 0.9289264413518886 0.007291666666666667 0.012922465208747515
0 0.46770833333333334 0.9438369781312127 0.01875 0.042743538767395624
0 0.34322916666666664 0.941351888667992 0.00625 0.03777335984095427
0 0.8338541666666667 0.9408548707753479 0.026041666666666668 0.02882703777335984
0 0.6927083333333334 0.93389662027833 0.007291666666666667 0.010934393638170975
0 0.8932291666666666 0.9403578528827038 0.007291666666666667 0.017892644135188866
0 0.40286458333333336 0.9642147117296223 0.019270833333333334 0.039761431411530816
0 0.24921875 0.9662027833001988 0.005729166666666666 0.015904572564612324
0 0.27395833333333336 0.9726640159045725 0.020833333333333332 0.02286282306163022
0 0.9877604166666667 0.981610337972167 0.024479166666666666 0.03479125248508946
0 0.6143229166666667 0.9821073558648111 0.03177083333333333 0.027833001988071572
0 0.7369791666666666 0.98558648111332 0.014583333333333334 0.0268389662027833
0 0.8111979166666666 0.9875745526838966 0.0140625 0.02286282306163022
0 0.5447916666666667 0.9880715705765407 0.010416666666666666 0.02186878727634195
0 0.88515625 0.9900596421471173 0.019270833333333334 0.017892644135188866
0 0.7580729166666667 0.9935387673956262 0.009895833333333333 0.010934393638170975