0 0.49765625 0.006958250497017893 0.008854166666666666 0.013916500994035786
0 0.5510416666666667 0.006958250497017893 0.010416666666666666 0.013916500994035786
0 0.82578125 0.01143141153081511 0.009895833333333333 0.02286282306163022
0 0.6497395833333334 0.045228628230616304 0.009895833333333333 0.020874751491053677
0 0.4036458333333333 0.06262425447316103 0.013541666666666667 0.015904572564612324
0 0.18619791666666666 0.10039761431411531 0.0109375 0.0437375745526839
0 0.30546875 0.0889662027833002 0.016145833333333335 0.016898608349900597
0 0.39453125 0.09294234592445327 0.016145833333333335 0.016898608349900597
0 0.67578125 0.10188866799204771 0.0067708333333333336 0.018886679920477135
0 0.0375 0.10884691848906561 0.008333333333333333 0.012922465208747515
0 0.41302083333333334 0.11481113320079522 0.011458333333333333 0.020874751491053677
0 0.3841145833333333 0.1466202783300199 0.016145833333333335 0.03479125248508946
0 0.434375 0.14165009940357853 0.01875 0.02286282306163022
0 0.5609375 0.15805168986083498 0.009375 0.03180914512922465
0 0.078125 0.16153081510934394 0.019791666666666666 0.0268389662027833
0 0.628125 0.17693836978131214 0.008333333333333333 0.039761431411530816
0 0.28958333333333336 0.1779324055666004 0.020833333333333332 0.02385685884691849
0 0.02421875 0.1863817097415507 0.016145833333333335 0.032803180914512925
0 0.20989583333333334 0.1893638170974155 0.009375 0.02882703777335984
0 0.5682291666666667 0.1878727634194831 0.007291666666666667 0.027833001988071572
0 0.41458333333333336 0.1963220675944334 0.01875 0.016898608349900597
0 0.35208333333333336 0.1978131212723658 0.020833333333333332 0.015904572564612324
0 0.6419270833333334 0.2301192842942346 0.015104166666666667 0.02485089463220676
0 0.34270833333333334 0.2345924453280318 0.009375 0.02982107355864811
0 0.39765625 0.2524850894632207 0.025520833333333333 0.04572564612326044
0 0.3736979166666667 0.25347912524850896 0.016145833333333335 0.03180914512922465
0 0.3065104166666667 0.2634194831013916 0.015104166666666667 0.02385685884691849
0 0.4434895833333333 0.28180914512922467 0.0140625 0.016898608349900597
0 0.16822916666666668 0.28578528827037775 0.019791666666666666 0.014910536779324055
0 0.3059895833333333 0.2962226640159046 0.0203125 0.019880715705765408
0 0.46796875 0.31262425447316106 0.019270833333333334 0.040755467196819085
0 0.40677083333333336 0.33001988071570576 0.014583333333333334 0.041749502982107355
0 0.23203125 0.33250497017892644 0.0067708333333333336 0.02485089463220676
0 0.2669270833333333 0.3429423459244533 0.018229166666666668 0.02385685884691849
0 0.39010416666666664 0.3384691848906561 0.014583333333333334 0.014910536779324055
0 0.4434895833333333 0.3394632206759443 0.0171875 0.014910536779324055
0 0.3296875 0.3628230616302187 0.008333333333333333 0.04771371769383698
0 0.2875 0.36779324055666 0.010416666666666666 0.041749502982107355
0 0.20885416666666667 0.35685884691848907 0.008333333333333333 0.015904572564612324
0 0.4203125 0.37475149105367794 0.016666666666666666 0.04771371769383698
0 0.1984375 0.3697813121272366 0.008333333333333333 0.027833001988071572
0 0.5513020833333333 0.36182902584493043 0.018229166666666668 0.011928429423459244
0 0.490625 0.3663021868787276 0.01875 0.018886679920477135
0 0.32109375 0.3946322067594433 0.024479166666666666 0.05964214711729622
0 0.209375 0.3871769383697813 0.013541666666666667 0.0268389662027833
0 0.24270833333333333 0.397117296222664 0.016666666666666666 0.040755467196819085
0 0.17526041666666667 0.3956262425447316 0.009895833333333333 0.02982107355864811
0 0.1421875 0.40407554671968193 0.008333333333333333 0.016898608349900597
0 0.46796875 0.4120278330019881 0.022395833333333334 0.018886679920477135
0 0.7875 0.41600397614314116 0.016666666666666666 0.012922465208747515
0 0.37526041666666665 0.4388667992047714 0.0109375 0.03479125248508946
0 0.3575520833333333 0.44532803180914515 0.019270833333333334 0.041749502982107355
0 0.14895833333333333 0.4438369781312127 0.014583333333333334 0.010934393638170975
0 0.47578125 0.4537773359840954 0.028645833333333332 0.030815109343936383
0 0.8255208333333334 0.4552683896620278 0.008333333333333333 0.02385685884691849
0 0.44296875 0.46222664015904574 0.0109375 0.019880715705765408
0 0.37734375 0.4870775347912525 0.0265625 0.04572564612326044
0 0.3359375 0.4865805168986084 0.013541666666666667 0.03876739562624255
0 0.24921875 0.4746520874751491 0.018229166666666668 0.012922465208747515
0 0.15989583333333332 0.49055666003976145 0.016666666666666666 0.0268389662027833
0 0.030989583333333334 0.49353876739562624 0.0067708333333333336 0.012922465208747515
0 0.4830729166666667 0.4955268389662028 0.019270833333333334 0.016898608349900597
0 0.1828125 0.5253479125248509 0.019791666666666666 0.06262425447316103
0 0.4627604166666667 0.510934393638171 0.021354166666666667 0.02186878727634195
0 0.40130208333333334 0.5188866799204771 0.0203125 0.02982107355864811
0 0.63046875 0.5094433399602386 0.013020833333333334 0.008946322067594433
0 0.5520833333333334 0.5208747514910537 0.014583333333333334 0.007952286282306162
0 0.47369791666666666 0.5303180914512923 0.019270833333333334 0.012922465208747515
0 0.3346354166666667 0.5352882703777336 0.009895833333333333 0.016898608349900597
0 0.4161458333333333 0.5432405566600398 0.007291666666666667 0.030815109343936383
0 0.08046875 0.5497017892644135 0.018229166666666668 0.03777335984095427
0 0.3692708333333333 0.5521868787276342 0.014583333333333334 0.03876739562624255
0 0.225 0.5506958250497018 0.009375 0.027833001988071572
0 0.328125 0.5482107355864811 0.007291666666666667 0.012922465208747515
0 0.46536458333333336 0.5526838966202783 0.008854166666666666 0.011928429423459244
0 0.7140625 0.5621272365805169 0.014583333333333334 0.030815109343936383
0 0.42604166666666665 0.5675944333996024 0.014583333333333334 0.019880715705765408
0 0.13229166666666667 0.5745526838966203 0.0125 0.027833001988071572
0 0.40286458333333336 0.5795228628230616 0.021354166666666667 0.03578528827037773
0 0.6901041666666666 0.5929423459244533 0.016666666666666666 0.042743538767395624
0 0.11692708333333333 0.5934393638170974 0.013020833333333334 0.02385685884691849
0 0.17291666666666666 0.6078528827037774 0.015625 0.02485089463220676
0 0.21197916666666666 0.6133200795228628 0.015625 0.027833001988071572
0 0.24427083333333333 0.6197813121272365 0.0125 0.03479125248508946
0 0.3875 0.614314115308151 0.005208333333333333 0.02186878727634195
0 0.5169270833333334 0.6277335984095428 0.0078125 0.036779324055666
0 0.3028645833333333 0.628727634194831 0.022395833333333334 0.02286282306163022
0 0.40989583333333335 0.6555666003976143 0.025 0.05467196819085487
0 0.36041666666666666 0.639662027833002 0.00625 0.016898608349900597
0 0.44505208333333335 0.6630218687872763 0.0140625 0.015904572564612324
0 0.13359375 0.6679920477137177 0.013020833333333334 0.017892644135188866
0 0.3802083333333333 0.687375745526839 0.007291666666666667 0.0268389662027833
0 0.6791666666666667 0.6923459244532804 0.010416666666666666 0.012922465208747515
0 0.5611979166666666 0.6968190854870775 0.018229166666666668 0.019880715705765408
0 0.30234375 0.7032803180914513 0.016145833333333335 0.012922465208747515
0 0.7546875 0.7201789264413518 0.014583333333333334 0.03479125248508946
0 0.1640625 0.7380715705765407 0.008333333333333333 0.030815109343936383
0 0.10208333333333333 0.7420477137176938 0.0125 0.032803180914512925
0 0.06979166666666667 0.7470178926441352 0.0125 0.036779324055666
0 0.4395833333333333 0.76441351888668 0.004166666666666667 0.02982107355864811
0 0.12760416666666666 0.7688866799204771 0.01875 0.032803180914512925
0 0.23958333333333334 0.808648111332008 0.023958333333333335 0.020874751491053677
0 0.8932291666666666 0.8235586481113321 0.011458333333333333 0.03479125248508946
0 0.007552083333333333 0.8374751491053678 0.015104166666666667 0.040755467196819085
0 0.13463541666666667 0.8533797216699801 0.005729166666666666 0.03479125248508946
0 0.45651041666666664 0.8424453280318092 0.0171875 0.010934393638170975
0 0.959375 0.8553677932405567 0.014583333333333334 0.0268389662027833
0 0.10104166666666667 0.8707753479125249 0.015625 0.041749502982107355
0 0.046614583333333334 0.8722664015904572 0.025520833333333333 0.03479125248508946
0 0.890625 0.871272365805169 0.015625 0.0268389662027833
0 0.08385416666666666 0.8722664015904572 0.009375 0.02286282306163022
0 0.30885416666666665 0.8836978131212724 0.011458333333333333 0.013916500994035786
0 0.10859375 0.9075546719681908 0.0265625 0.03578528827037773
0 0.68828125 0.9160039761431411 0.0109375 0.05069582504970179
0 0.06067708333333333 0.9165009940357853 0.022395833333333334 0.03578528827037773
0 0.2265625 0.9135188866799204 0.008333333333333333 0.011928429423459244
0 0.04244791666666667 0.9393638170974155 0.018229166666666668 0.03180914512922465
0 0.23255208333333333 0.9314115308151093 0.0109375 0.015904572564612324
0 0.7127604166666667 0.9378727634194831 0.0171875 0.020874751491053677
0 0.6966145833333334 0.9438369781312127 0.008854166666666666 0.014910536779324055