0 0.0265625 0.015904572564612324 0.014583333333333334 0.03180914512922465
0 0.19557291666666668 0.01143141153081511 0.0078125 0.02286282306163022
0 0.4903645833333333 0.03230616302186879 0.013020833333333334 0.0268389662027833
0 0.13828125 0.03429423459244533 0.015104166666666667 0.014910536779324055
0 0.8276041666666667 0.045228628230616304 0.027083333333333334 0.02882703777335984
0 0.33541666666666664 0.06312127236580517 0.03333333333333333 0.05069582504970179
0 0.3145833333333333 0.06262425447316103 0.00625 0.02982107355864811
0 0.7638020833333333 0.1058648111332008 0.009895833333333333 0.036779324055666
0 0.22109375 0.11381709741550695 0.019270833333333334 0.02882703777335984
0 0.25026041666666665 0.10884691848906561 0.009895833333333333 0.020874751491053677
0 0.28125 0.13916500994035785 0.009375 0.03777335984095427
0 0.13854166666666667 0.14910536779324055 0.023958333333333335 0.04970178926441352
0 0.40390625 0.1540755467196819 0.021354166666666667 0.03777335984095427
0 0.16276041666666666 0.15059642147117297 0.013020833333333334 0.02485089463220676
0 0.0049479166666666664 0.176441351888668 0.009895833333333333 0.016898608349900597
0 0.93984375 0.18986083499005965 0.0203125 0.02385685884691849
0 0.4015625 0.19831013916500995 0.019791666666666666 0.02286282306163022
0 0.28802083333333334 0.20079522862823063 0.017708333333333333 0.02385685884691849
0 0.029947916666666668 0.20725646123260438 0.015104166666666667 0.0268389662027833
0 0.8450520833333334 0.22465208747514911 0.0203125 0.02982107355864811
0 0.18098958333333334 0.24055666003976142 0.019270833333333334 0.02584493041749503
0 0.24713541666666666 0.25497017892644136 0.0296875 0.040755467196819085
0 0.3770833333333333 0.24502982107355864 0.007291666666666667 0.020874751491053677
0 0.35494791666666664 0.2544731610337972 0.013020833333333334 0.027833001988071572
0 0.9723958333333333 0.268389662027833 0.016666666666666666 0.04771371769383698
0 0.11875 0.2639165009940358 0.021875 0.036779324055666
0 0.3106770833333333 0.26888667992047716 0.015104166666666667 0.04473161033797217
0 0.21796875 0.26888667992047716 0.0067708333333333336 0.018886679920477135
0 0.7200520833333334 0.2738568588469185 0.021354166666666667 0.02485089463220676
0 0.6364583333333333 0.28777335984095426 0.023958333333333335 0.02286282306163022
0 0.21171875 0.294234592445328 0.009895833333333333 0.019880715705765408
0 0.796875 0.305168986083499 0.021875 0.03777335984095427
0 0.159375 0.34493041749502984 0.026041666666666668 0.06560636182902585
0 0.4354166666666667 0.33300198807157055 0.023958333333333335 0.02982107355864811
0 0.2872395833333333 0.33300198807157055 0.008854166666666666 0.02186878727634195
0 0.4471354166666667 0.3533797216699801 0.016145833333333335 0.016898608349900597
0 0.6302083333333334 0.3633200795228628 0.03125 0.030815109343936383
0 0.2828125 0.3628230616302187 0.010416666666666666 0.013916500994035786
0 0.35390625 0.3851888667992048 0.015104166666666667 0.04671968190854871
0 0.30390625 0.3961232604373757 0.0109375 0.040755467196819085
0 0.234375 0.39015904572564614 0.011458333333333333 0.02286282306163022
0 0.41354166666666664 0.4179920477137177 0.017708333333333333 0.018886679920477135
0 0.2950520833333333 0.44532803180914515 0.011979166666666667 0.02982107355864811
0 0.09244791666666667 0.444831013916501 0.024479166666666666 0.020874751491053677
0 0.33125 0.45029821073558646 0.015625 0.017892644135188866
0 0.35234375 0.4716699801192843 0.0234375 0.06063618290258449
0 0.2838541666666667 0.47514910536779326 0.007291666666666667 0.027833001988071572
0 0.2203125 0.4721669980119284 0.023958333333333335 0.019880715705765408
0 0.6802083333333333 0.47713717693836977 0.020833333333333332 0.02584493041749503
0 0.31875 0.4826043737574553 0.014583333333333334 0.032803180914512925
0 0.17838541666666666 0.49502982107355864 0.013020833333333334 0.04572564612326044
0 0.21041666666666667 0.5034791252485089 0.021875 0.040755467196819085
0 0.2986979166666667 0.5094433399602386 0.0140625 0.04671968190854871
0 0.3296875 0.5303180914512923 0.019791666666666666 0.02882703777335984
0 0.6231770833333333 0.547713717693837 0.009895833333333333 0.03180914512922465
0 0.33958333333333335 0.5501988071570576 0.011458333333333333 0.02286282306163022
0 0.6020833333333333 0.5576540755467196 0.017708333333333333 0.02385685884691849
0 0.4510416666666667 0.5581510934393639 0.008333333333333333 0.012922465208747515
0 0.47369791666666666 0.5680914512922465 0.016145833333333335 0.030815109343936383
0 0.10208333333333333 0.5830019880715706 0.017708333333333333 0.048707753479125246
0 0.35130208333333335 0.5705765407554672 0.0171875 0.02186878727634195
0 0.36432291666666666 0.5685884691848907 0.005729166666666666 0.013916500994035786
0 0.32734375 0.5755467196819085 0.016145833333333335 0.02186878727634195
0 0.00390625 0.5904572564612326 0.0078125 0.02385685884691849
0 0.3109375 0.6088469184890656 0.010416666666666666 0.012922465208747515
0 0.32890625 0.6227634194831014 0.0109375 0.040755467196819085
0 0.996875 0.6312127236580517 0.005208333333333333 0.03777335984095427
0 0.24427083333333333 0.6237574552683897 0.009375 0.016898608349900597
0 0.18229166666666666 0.6540755467196819 0.021875 0.03578528827037773
0 0.30364583333333334 0.6476143141153081 0.016666666666666666 0.020874751491053677
0 0.1484375 0.6535785288270378 0.008333333333333333 0.014910536779324055
0 0.005208333333333333 0.6699801192842942 0.010416666666666666 0.04572564612326044
0 0.40260416666666665 0.6714711729622267 0.011458333333333333 0.03876739562624255
0 0.3614583333333333 0.6679920477137177 0.016666666666666666 0.027833001988071572
0 0.32578125 0.6665009940357853 0.009895833333333333 0.016898608349900597
0 0.478125 0.6724652087475149 0.00625 0.012922465208747515
0 0.7942708333333334 0.679920477137177 0.008333333333333333 0.02186878727634195
0 0.45078125 0.6938369781312127 0.011979166666666667 0.041749502982107355
0 0.34401041666666665 0.6998011928429424 0.022395833333333334 0.027833001988071572
0 0.36744791666666665 0.7321073558648111 0.028645833333333332 0.048707753479125246
0 0.9971354166666667 0.7698807157057654 0.0046875 0.06262425447316103
0 0.5005208333333333 0.7654075546719682 0.022916666666666665 0.017892644135188866
0 0.15416666666666667 0.7877733598409543 0.03229166666666667 0.03876739562624255
0 0.30546875 0.7793240556660039 0.021354166666666667 0.013916500994035786
0 0.015625 0.7912524850894632 0.011458333333333333 0.02982107355864811
0 0.005208333333333333 0.7912524850894632 0.010416666666666666 0.019880715705765408
0 0.4466145833333333 0.7997017892644135 0.009895833333333333 0.030815109343936383
0 0.41171875 0.8170974155069582 0.0234375 0.04771371769383698
0 0.4375 0.827037773359841 0.011458333333333333 0.03777335984095427
0 0.09166666666666666 0.8220675944333996 0.007291666666666667 0.02385685884691849
0 0.02109375 0.8513916500994035 0.0203125 0.040755467196819085
0 0.06197916666666667 0.8508946322067594 0.027083333333333334 0.033797216699801194
0 0.21276041666666667 0.8613320079522863 0.027604166666666666 0.04671968190854871
0 0.08802083333333334 0.8578528827037774 0.013541666666666667 0.02385685884691849
0 0.04869791666666667 0.8677932405566601 0.008854166666666666 0.015904572564612324
0 0.0296875 0.8677932405566601 0.010416666666666666 0.011928429423459244
0 0.9674479166666666 0.8757455268389662 0.009895833333333333 0.02385685884691849
0 0.7388020833333333 0.8916500994035785 0.0203125 0.015904572564612324
0 0.34791666666666665 0.9095427435387674 0.016666666666666666 0.04771371769383698
0 0.9442708333333333 0.908051689860835 0.013541666666666667 0.03876739562624255
0 0.79375 0.9110337972166997 0.007291666666666667 0.018886679920477135
0 0.9309895833333334 0.9140159045725647 0.005729166666666666 0.014910536779324055
0 0.008854166666666666 0.9184890656063618 0.014583333333333334 0.013916500994035786
0 0.37786458333333334 0.9319085487077535 0.008854166666666666 0.03876739562624255
0 0.0049479166666666664 0.9498011928429424 0.009895833333333333 0.042743538767395624
0 0.86796875 0.9453280318091452 0.008854166666666666 0.017892644135188866
0 0.11822916666666666 0.9507952286282306 0.0125 0.02485089463220676
0 0.7447916666666666 0.9438369781312127 0.011458333333333333 0.010934393638170975
0 0.16796875 0.9676938369781312 0.0234375 0.03876739562624255
0 0.46875 0.9701789264413518 0.0125 0.0437375745526839
0 0.83828125 0.9637176938369781 0.008854166666666666 0.014910536779324055
0 0.11822916666666666 0.9746520874751491 0.008333333333333333 0.014910536779324055
0 0.21536458333333333 0.9776341948310139 0.0140625 0.010934393638170975
0 0.005989583333333334 0.981610337972167 0.011979166666666667 0.008946322067594433
0 0.14166666666666666 0.9895626242544732 0.01875 0.018886679920477135
0 0.7135416666666666 0.989065606361829 0.007291666666666667 0.019880715705765408
0 0.8565104166666667 0.9920477137176938 0.0067708333333333336 0.013916500994035786
0 0.016145833333333335 0.9935387673956262 0.0125 0.010934393638170975