0 0.7989583333333333 0.011928429423459244 0.011458333333333333 0.02385685884691849
0 0.9653645833333333 0.0004970178926441351 0.049479166666666664 0.0009940357852882703
0 0.8575520833333333 0.0437375745526839 0.0067708333333333336 0.027833001988071572
0 0.8033854166666666 0.06759443339960239 0.0078125 0.02385685884691849
0 0.9578125 0.09940357852882704 0.021875 0.02186878727634195
0 0.7559895833333333 0.12673956262425448 0.009895833333333333 0.032803180914512925
0 0.84765625 0.13568588469184892 0.013020833333333334 0.03479125248508946
0 0.6697916666666667 0.1456262425447316 0.015625 0.020874751491053677
0 0.9375 0.17594433399602386 0.017708333333333333 0.027833001988071572
0 0.6627604166666666 0.17395626242544732 0.0067708333333333336 0.017892644135188866
0 0.8828125 0.17594433399602386 0.009375 0.02186878727634195
0 0.7557291666666667 0.18389662027833 0.00625 0.027833001988071572
0 0.9 0.20129224652087474 0.008333333333333333 0.016898608349900597
0 0.5369791666666667 0.22266401590457258 0.008333333333333333 0.02982107355864811
0 0.45286458333333335 0.25596421471172964 0.009895833333333333 0.0268389662027833
0 0.7994791666666666 0.2778330019880716 0.008333333333333333 0.012922465208747515
0 0.7861979166666667 0.2957256461232604 0.013020833333333334 0.02286282306163022
0 0.96640625 0.30218687872763417 0.0171875 0.027833001988071572
0 0.9013020833333333 0.31660039761431413 0.013020833333333334 0.016898608349900597
0 0.925 0.3588469184890656 0.011458333333333333 0.02385685884691849
0 0.8536458333333333 0.3717693836978131 0.009375 0.013916500994035786
0 0.7919270833333333 0.4398608349900596 0.013020833333333334 0.012922465208747515
0 0.2828125 0.4671968190854871 0.0125 0.011928429423459244
0 0.89609375 0.5228628230616302 0.0067708333333333336 0.02584493041749503
0 0.7541666666666667 0.5253479125248509 0.011458333333333333 0.02286282306163022
0 0.6184895833333334 0.5362823061630219 0.013020833333333334 0.016898608349900597
0 0.753125 0.5725646123260437 0.007291666666666667 0.02186878727634195
0 0.81484375 0.5750497017892644 0.0140625 0.020874751491053677
0 0.6497395833333334 0.5989065606361829 0.021354166666666667 0.016898608349900597
0 0.8796875 0.6307157057654076 0.00625 0.0268389662027833
0 0.7783854166666667 0.6411530815109344 0.0067708333333333336 0.02385685884691849
0 0.8359375 0.658051689860835 0.022916666666666665 0.033797216699801194
0 0.7395833333333334 0.6694831013916501 0.0125 0.030815109343936383
0 0.7770833333333333 0.6660039761431411 0.009375 0.015904572564612324
0 0.8182291666666667 0.6754473161033797 0.005208333333333333 0.018886679920477135
0 0.8065104166666667 0.6769383697813122 0.005729166666666666 0.015904572564612324
0 0.9322916666666666 0.6868787276341949 0.011458333333333333 0.033797216699801194
0 0.87734375 0.6928429423459245 0.0171875 0.039761431411530816
0 0.9513020833333333 0.6804174950298211 0.019270833333333334 0.014910536779324055
0 0.8315104166666667 0.6893638170974155 0.0109375 0.018886679920477135
0 0.8557291666666667 0.6903578528827038 0.009375 0.014910536779324055
0 0.8927083333333333 0.7092445328031809 0.011458333333333333 0.018886679920477135
0 0.3260416666666667 0.7137176938369781 0.0125 0.019880715705765408
0 0.8130208333333333 0.7112326043737575 0.00625 0.014910536779324055
0 0.7294270833333333 0.7216699801192843 0.009895833333333333 0.02982107355864811
0 0.7770833333333333 0.7181908548707754 0.014583333333333334 0.018886679920477135
0 0.7515625 0.7181908548707754 0.011458333333333333 0.006958250497017893
0 0.6958333333333333 0.7335984095427436 0.011458333333333333 0.02186878727634195
0 0.7661458333333333 0.7321073558648111 0.0125 0.010934393638170975
0 0.9182291666666667 0.7370775347912525 0.00625 0.014910536779324055
0 0.5731770833333333 0.7534791252485089 0.0046875 0.02982107355864811
0 0.7622395833333333 0.7639165009940357 0.009895833333333333 0.02882703777335984
0 0.9234375 0.7589463220675944 0.015625 0.012922465208747515
0 0.7205729166666667 0.7748508946322068 0.0067708333333333336 0.032803180914512925
0 0.8578125 0.7778330019880716 0.0125 0.03479125248508946
0 0.54296875 0.7783300198807157 0.0046875 0.02186878727634195
0 0.7348958333333333 0.775844930417495 0.017708333333333333 0.014910536779324055
0 0.871875 0.7917495029821073 0.011458333333333333 0.030815109343936383
0 0.9427083333333334 0.7892644135188867 0.015625 0.02186878727634195
0 0.55703125 0.7877733598409543 0.008854166666666666 0.012922465208747515
0 0.5221354166666666 0.8056660039761432 0.0067708333333333336 0.016898608349900597
0 0.47994791666666664 0.8285288270377733 0.0067708333333333336 0.030815109343936383
0 0.9955729166666667 0.8290258449304175 0.0078125 0.03180914512922465
0 0.6890625 0.8285288270377733 0.0125 0.018886679920477135
0 0.9802083333333333 0.8230616302186878 0.010416666666666666 0.009940357852882704
0 0.5161458333333333 0.8359840954274353 0.011458333333333333 0.02584493041749503
0 0.48880208333333336 0.8439363817097415 0.0067708333333333336 0.02982107355864811
0 0.89921875 0.8499005964214712 0.015104166666666667 0.013916500994035786
0 0.8760416666666667 0.8618290258449304 0.007291666666666667 0.02186878727634195
0 0.9630208333333333 0.8613320079522863 0.009375 0.016898608349900597
0 0.9794270833333333 0.8767395626242545 0.0140625 0.03180914512922465
0 0.9932291666666667 0.8836978131212724 0.0125 0.033797216699801194
0 0.8635416666666667 0.8832007952286283 0.007291666666666667 0.02882703777335984
0 0.940625 0.8757455268389662 0.008333333333333333 0.013916500994035786
0 0.61796875 0.8901590457256461 0.008854166666666666 0.0268389662027833
0 0.6028645833333334 0.8881709741550696 0.0078125 0.014910536779324055
0 0.6815104166666667 0.8926441351888668 0.0109375 0.011928429423459244
0 0.5713541666666667 0.8961232604373758 0.016666666666666666 0.016898608349900597
0 0.7369791666666666 0.9160039761431411 0.016666666666666666 0.018886679920477135
0 0.6875 0.9145129224652088 0.014583333333333334 0.009940357852882704
0 0.8765625 0.9259443339960238 0.016666666666666666 0.014910536779324055
0 0.9557291666666666 0.9433399602385686 0.0125 0.0437375745526839
0 0.475 0.937375745526839 0.009375 0.027833001988071572
0 0.9265625 0.9304174950298211 0.008333333333333333 0.009940357852882704
0 0.51875 0.9458250497017893 0.009375 0.030815109343936383
0 0.62265625 0.9527833001988072 0.011979166666666667 0.03876739562624255
0 0.80546875 0.9592445328031809 0.0078125 0.033797216699801194
0 0.64609375 0.9547713717693836 0.009895833333333333 0.012922465208747515
0 0.5432291666666667 0.9686878727634195 0.016666666666666666 0.03479125248508946
0 0.7098958333333333 0.974155069582505 0.007291666666666667 0.03180914512922465
0 0.7622395833333333 0.9811133200795229 0.024479166666666666 0.019880715705765408
0 0.8184895833333333 0.9850894632206759 0.013020833333333334 0.007952286282306162
0 0.8375 0.9915506958250497 0.00625 0.014910536779324055
0 0.6739583333333333 0.9930417495029821 0.0125 0.011928429423459244