0 0.05026041666666667 0.0004970178926441351 0.0421875 0.0009940357852882703
0 0.0033854166666666668 0.08697813121272366 0.005729166666666666 0.036779324055666
0 0.36041666666666666 0.213220675944334 0.011458333333333333 0.008946322067594433
0 0.11979166666666667 0.2852882703777336 0.005208333333333333 0.02186878727634195
0 0.18229166666666666 0.3066600397614314 0.013541666666666667 0.016898608349900597
0 0.0984375 0.3136182902584493 0.0125 0.018886679920477135
0 0.28359375 0.3682902584493042 0.008854166666666666 0.012922465208747515
0 0.47317708333333336 0.37077534791252487 0.013020833333333334 0.007952286282306162
0 0.3893229166666667 0.37922465208747513 0.0109375 0.012922465208747515
0 0.19713541666666667 0.3976143141153082 0.013020833333333334 0.017892644135188866
0 0.34348958333333335 0.43389662027833004 0.009895833333333333 0.02286282306163022
0 0.7466145833333333 0.4418489065606362 0.0171875 0.020874751491053677
0 0.428125 0.4671968190854871 0.0125 0.02186878727634195
0 0.11770833333333333 0.49652087475149104 0.010416666666666666 0.02485089463220676
0 0.07083333333333333 0.5596421471172962 0.013541666666666667 0.017892644135188866
0 0.69296875 0.5591451292246521 0.013020833333333334 0.008946322067594433
0 0.3302083333333333 0.5864811133200796 0.0125 0.017892644135188866
0 0.17786458333333333 0.6570576540755467 0.011979166666666667 0.013916500994035786
0 0.27630208333333334 0.6764413518886679 0.013020833333333334 0.012922465208747515
0 0.34739583333333335 0.6878727634194831 0.00625 0.02982107355864811
0 0.29010416666666666 0.705765407554672 0.01875 0.03578528827037773
0 0.18151041666666667 0.7072564612326043 0.013020833333333334 0.02286282306163022
0 0.21328125 0.7306163021868787 0.0109375 0.015904572564612324
0 0.45208333333333334 0.7504970178926441 0.010416666666666666 0.019880715705765408
0 0.10364583333333334 0.8240556660039762 0.015625 0.019880715705765408
0 0.5807291666666666 0.834493041749503 0.005208333333333333 0.032803180914512925
0 0.36015625 0.8295228628230616 0.0067708333333333336 0.016898608349900597
0 0.32916666666666666 0.8518886679920478 0.0125 0.017892644135188866
0 0.4578125 0.8722664015904572 0.010416666666666666 0.02882703777335984
0 0.36354166666666665 0.8747514910536779 0.007291666666666667 0.033797216699801194
0 0.01015625 0.8727634194831014 0.0078125 0.027833001988071572
0 0.34453125 0.8792246520874751 0.0109375 0.02882703777335984
0 0.3255208333333333 0.8782306163021869 0.013541666666666667 0.020874751491053677
0 0.18958333333333333 0.885685884691849 0.005208333333333333 0.03180914512922465
0 0.24739583333333334 0.8951292246520874 0.011458333333333333 0.02286282306163022
0 0.5184895833333333 0.9140159045725647 0.0109375 0.020874751491053677
0 0.24505208333333334 0.9140159045725647 0.011979166666666667 0.020874751491053677
0 0.371875 0.9145129224652088 0.009375 0.013916500994035786
0 0.4518229166666667 0.9378727634194831 0.0046875 0.02882703777335984
0 0.2643229166666667 0.9453280318091452 0.0171875 0.027833001988071572
0 0.49505208333333334 0.9438369781312127 0.0109375 0.014910536779324055
0 0.46458333333333335 0.9572564612326043 0.0125 0.033797216699801194
0 0.2825520833333333 0.9493041749502982 0.011979166666666667 0.009940357852882704
0 0.44036458333333334 0.9701789264413518 0.009895833333333333 0.019880715705765408
0 0.49296875 0.9885685884691849 0.013020833333333334 0.020874751491053677
0 0.14609375 0.9935387673956262 0.0078125 0.010934393638170975