0 0.63203125 0.01341948310139165 0.016145833333333335 0.0268389662027833
0 0.6953125 0.031312127236580514 0.014583333333333334 0.03876739562624255
0 0.9291666666666667 0.06610337972166998 0.013541666666666667 0.06858846918489066
0 0.46380208333333334 0.05815109343936382 0.0046875 0.02485089463220676
0 0.18072916666666666 0.06660039761431412 0.014583333333333334 0.039761431411530816
0 0.29583333333333334 0.07852882703777336 0.021875 0.019880715705765408
0 0.68984375 0.0805168986083499 0.015104166666666667 0.019880715705765408
0 0.39895833333333336 0.09244532803180915 0.008333333333333333 0.03578528827037773
0 0.5815104166666667 0.09691848906560636 0.0067708333333333336 0.03876739562624255
0 0.82421875 0.08449304174950298 0.013020833333333334 0.015904572564612324
0 0.36692708333333335 0.09045725646123261 0.0109375 0.02186878727634195
0 0.6809895833333334 0.09493041749502983 0.019270833333333334 0.014910536779324055
0 0.48046875 0.11083499005964215 0.011979166666666667 0.02882703777335984
0 0.7611979166666667 0.12077534791252485 0.009895833333333333 0.0268389662027833
0 0.12395833333333334 0.139662027833002 0.008333333333333333 0.03876739562624255
0 0.007552083333333333 0.15109343936381708 0.011979166666666667 0.027833001988071572
0 0.5643229166666667 0.1496023856858847 0.011979166666666667 0.020874751491053677
0 0.6122395833333333 0.2077534791252485 0.013020833333333334 0.03578528827037773
0 0.4984375 0.21620278330019882 0.015625 0.042743538767395624
0 0.16458333333333333 0.21868787276341947 0.0125 0.039761431411530816
0 0.20442708333333334 0.21769383697813122 0.0171875 0.017892644135188866
0 0.35104166666666664 0.24105367793240556 0.00625 0.0268389662027833
0 0.3703125 0.24055666003976142 0.023958333333333335 0.017892644135188866
0 0.18828125 0.24204771371769385 0.008854166666666666 0.016898608349900597
0 0.6546875 0.2584493041749503 0.00625 0.03777335984095427
0 0.20442708333333334 0.2649105367793241 0.0078125 0.010934393638170975
0 0.609375 0.2738568588469185 0.011458333333333333 0.02882703777335984
0 0.41171875 0.2852882703777336 0.016145833333333335 0.04771371769383698
0 0.8669270833333333 0.27435387673956263 0.022395833333333334 0.02385685884691849
0 0.7208333333333333 0.28777335984095426 0.015625 0.02286282306163022
0 0.31744791666666666 0.30019880715705766 0.0109375 0.033797216699801194
0 0.09427083333333333 0.305168986083499 0.009375 0.027833001988071572
0 0.9296875 0.3111332007952286 0.008333333333333333 0.013916500994035786
0 0.20130208333333333 0.34244532803180916 0.016145833333333335 0.0268389662027833
0 0.78515625 0.3797216699801193 0.019270833333333334 0.04572564612326044
0 0.4583333333333333 0.37475149105367794 0.009375 0.027833001988071572
0 0.82890625 0.38866799204771374 0.0078125 0.007952286282306162
0 0.64921875 0.40606361829025844 0.019270833333333334 0.02485089463220676
0 0.4765625 0.41848906560636184 0.008333333333333333 0.0437375745526839
0 0.5450520833333333 0.40904572564612324 0.0067708333333333336 0.012922465208747515
0 0.40729166666666666 0.4393638170974155 0.0125 0.03180914512922465
0 0.03723958333333333 0.44681908548707755 0.013020833333333334 0.03479125248508946
0 0.4317708333333333 0.43687872763419483 0.019791666666666666 0.016898608349900597
0 0.6778645833333333 0.4433399602385686 0.0078125 0.017892644135188866
0 0.8184895833333333 0.4577534791252485 0.021354166666666667 0.03479125248508946
0 0.48151041666666666 0.46669980119284293 0.009895833333333333 0.0268389662027833
0 0.42682291666666666 0.4716699801192843 0.0171875 0.016898608349900597
0 0.7380208333333333 0.48111332007952284 0.011458333333333333 0.02584493041749503
0 0.0067708333333333336 0.5014910536779325 0.010416666666666666 0.036779324055666
0 0.34869791666666666 0.5094433399602386 0.0078125 0.030815109343936383
0 0.90078125 0.5119284294234593 0.013020833333333334 0.02186878727634195
0 0.3880208333333333 0.5159045725646123 0.009375 0.027833001988071572
0 0.47890625 0.5253479125248509 0.016145833333333335 0.04671968190854871
0 0.3763020833333333 0.5159045725646123 0.0067708333333333336 0.017892644135188866
0 0.56796875 0.5198807157057654 0.0140625 0.02385685884691849
0 0.36666666666666664 0.5293240556660039 0.025 0.032803180914512925
0 0.41744791666666664 0.5333001988071571 0.005729166666666666 0.020874751491053677
0 0.014583333333333334 0.5492047713717694 0.013541666666666667 0.03479125248508946
0 0.415625 0.558648111332008 0.021875 0.027833001988071572
0 0.7947916666666667 0.5546719681908548 0.013541666666666667 0.019880715705765408
0 0.29322916666666665 0.555168986083499 0.008333333333333333 0.016898608349900597
0 0.34869791666666666 0.562624254473161 0.0140625 0.033797216699801194
0 0.43411458333333336 0.5646123260437376 0.009895833333333333 0.02982107355864811
0 0.48828125 0.5666003976143141 0.0140625 0.02186878727634195
0 0.31015625 0.5720675944333996 0.011979166666666667 0.02485089463220676
0 0.22395833333333334 0.602882703777336 0.014583333333333334 0.02485089463220676
0 0.46380208333333334 0.6113320079522863 0.0140625 0.02982107355864811
0 0.4354166666666667 0.6222664015904572 0.027083333333333334 0.033797216699801194
0 0.4747395833333333 0.6257455268389662 0.013020833333333334 0.008946322067594433
0 0.26484375 0.6491053677932406 0.0109375 0.041749502982107355
0 0.3765625 0.6381709741550696 0.010416666666666666 0.017892644135188866
0 0.41848958333333336 0.6391650099403579 0.009895833333333333 0.013916500994035786
0 0.18958333333333333 0.6496023856858847 0.008333333333333333 0.0268389662027833
0 0.40651041666666665 0.6456262425447317 0.0046875 0.020874751491053677
0 0.42890625 0.6625248508946322 0.0109375 0.02286282306163022
0 0.14140625 0.6669980119284294 0.0078125 0.019880715705765408
0 0.11901041666666666 0.6694831013916501 0.015104166666666667 0.018886679920477135
0 0.4440104166666667 0.6714711729622267 0.0140625 0.016898608349900597
0 0.19296875 0.6829025844930418 0.0067708333333333336 0.02186878727634195
0 0.840625 0.687375745526839 0.017708333333333333 0.02485089463220676
0 0.14322916666666666 0.6883697813121272 0.011458333333333333 0.018886679920477135
0 0.45026041666666666 0.7037773359840954 0.0109375 0.02385685884691849
0 0.36354166666666665 0.7127236580516899 0.0125 0.027833001988071572
0 0.5838541666666667 0.7176938369781312 0.01875 0.033797216699801194
0 0.08802083333333334 0.7211729622266402 0.005208333333333333 0.030815109343936383
0 0.25104166666666666 0.717196819085487 0.013541666666666667 0.012922465208747515
0 0.9947916666666666 0.7216699801192843 0.009375 0.02186878727634195
0 0.04791666666666667 0.7301192842942346 0.011458333333333333 0.02485089463220676
0 0.48125 0.7370775347912525 0.005208333333333333 0.018886679920477135
0 0.50546875 0.731610337972167 0.011979166666666667 0.009940357852882704
0 0.41875 0.7554671968190855 0.016666666666666666 0.041749502982107355
0 0.8497395833333333 0.7475149105367793 0.0067708333333333336 0.02584493041749503
0 0.3958333333333333 0.7698807157057654 0.007291666666666667 0.036779324055666
0 0.6619791666666667 0.7634194831013916 0.023958333333333335 0.02385685884691849
0 0.24296875 0.7743538767395626 0.009895833333333333 0.027833001988071572
0 0.5203125 0.786779324055666 0.008333333333333333 0.02286282306163022
0 0.11770833333333333 0.7932405566600398 0.013541666666666667 0.02385685884691849
0 0.40572916666666664 0.7987077534791253 0.00625 0.02882703777335984
0 0.7893229166666667 0.805168986083499 0.0171875 0.019880715705765408
0 0.34817708333333336 0.8046719681908548 0.0078125 0.008946322067594433
0 0.38255208333333335 0.8056660039761432 0.0078125 0.010934393638170975
0 0.44635416666666666 0.8041749502982107 0.011458333333333333 0.007952286282306162
0 0.6901041666666666 0.8240556660039762 0.007291666666666667 0.0437375745526839
0 0.4822916666666667 0.8339960238568589 0.00625 0.03777335984095427
0 0.4549479166666667 0.8255467196819085 0.0140625 0.016898608349900597
0 0.3 0.8374751491053678 0.023958333333333335 0.03876739562624255
0 0.3151041666666667 0.8250497017892644 0.008333333333333333 0.013916500994035786
0 0.34401041666666665 0.8354870775347912 0.005729166666666666 0.03479125248508946
0 0.3736979166666667 0.8449304174950298 0.0078125 0.033797216699801194
0 0.25442708333333336 0.8588469184890656 0.030729166666666665 0.05765407554671968
0 0.39791666666666664 0.8459244532803181 0.01875 0.027833001988071572
0 0.28098958333333335 0.8499005964214712 0.015104166666666667 0.03180914512922465
0 0.3580729166666667 0.871272365805169 0.0046875 0.02882703777335984
0 0.8484375 0.8866799204771372 0.016666666666666666 0.015904572564612324
0 0.5354166666666667 0.9050695825049702 0.00625 0.040755467196819085
0 0.33567708333333335 0.9000994035785288 0.018229166666666668 0.020874751491053677
0 0.3888020833333333 0.8966202783300199 0.008854166666666666 0.013916500994035786
0 0.6419270833333334 0.9085487077534792 0.019270833333333334 0.017892644135188866
0 0.4513020833333333 0.9244532803180915 0.009895833333333333 0.03777335984095427
0 0.5229166666666667 0.9204771371769384 0.005208333333333333 0.027833001988071572
0 0.36302083333333335 0.9209741550695825 0.020833333333333332 0.012922465208747515
0 0.46927083333333336 0.9284294234592445 0.0125 0.013916500994035786
0 0.378125 0.9438369781312127 0.008333333333333333 0.040755467196819085
0 0.5354166666666667 0.9443339960238568 0.009375 0.009940357852882704
0 0.5111979166666667 0.9567594433399602 0.0067708333333333336 0.02286282306163022
0 0.7359375 0.9562624254473161 0.014583333333333334 0.02186878727634195
0 0.9096354166666667 0.9537773359840954 0.011979166666666667 0.014910536779324055
0 0.23151041666666666 0.9821073558648111 0.0078125 0.033797216699801194
0 0.0046875 0.9746520874751491 0.009375 0.014910536779324055
0 0.2921875 0.9806163021868787 0.005208333333333333 0.02485089463220676
0 0.3263020833333333 0.9776341948310139 0.013020833333333334 0.014910536779324055