0 0.74765625 0.0064612326043737576 0.009895833333333333 0.012922465208747515
0 0.9549479166666667 0.004970178926441352 0.015104166666666667 0.009940357852882704
0 0.6 0.009940357852882704 0.011458333333333333 0.013916500994035786
0 0.9578125 0.02584493041749503 0.0125 0.019880715705765408
0 0.17265625 0.03926441351888668 0.0140625 0.03479125248508946
0 0.7981770833333334 0.053180914512922464 0.0171875 0.03479125248508946
0 0.7317708333333334 0.061630218687872766 0.015625 0.02982107355864811
0 0.7671875 0.08548707753479125 0.014583333333333334 0.02385685884691849
0 0.9208333333333333 0.07952286282306163 0.010416666666666666 0.013916500994035786
0 0.6809895833333334 0.08996023856858847 0.008854166666666666 0.020874751491053677
0 0.6940104166666666 0.09642147117296222 0.0078125 0.027833001988071572
0 0.8549479166666667 0.10834990059642147 0.018229166666666668 0.027833001988071572
0 0.8880208333333334 0.12823061630218688 0.025 0.02982107355864811
0 0.9263020833333333 0.14363817097415507 0.0171875 0.04473161033797217
0 0.81640625 0.13518886679920478 0.013020833333333334 0.017892644135188866
0 0.45078125 0.16749502982107356 0.011979166666666667 0.030815109343936383
0 0.8541666666666666 0.17047713717693838 0.013541666666666667 0.02286282306163022
0 0.5015625 0.18588469184890655 0.0125 0.03180914512922465
0 0.87734375 0.20377733598409542 0.0265625 0.027833001988071572
0 0.43645833333333334 0.2077534791252485 0.007291666666666667 0.015904572564612324
0 0.384375 0.2524850894632207 0.01875 0.02385685884691849
0 0.8619791666666666 0.27186878727634195 0.019791666666666666 0.020874751491053677
0 0.80625 0.26938369781312127 0.014583333333333334 0.011928429423459244
0 0.8466145833333333 0.28727634194831014 0.0109375 0.02385685884691849
0 0.4466145833333333 0.30218687872763417 0.0067708333333333336 0.02584493041749503
0 0.8846354166666667 0.33001988071570576 0.009895833333333333 0.017892644135188866
0 0.28880208333333335 0.341948310139165 0.0140625 0.02186878727634195
0 0.8015625 0.3543737574552684 0.008333333333333333 0.020874751491053677
0 0.8184895833333333 0.3548707753479125 0.008854166666666666 0.019880715705765408
0 0.7479166666666667 0.3871769383697813 0.0125 0.012922465208747515
0 0.9401041666666666 0.4150099403578529 0.023958333333333335 0.05069582504970179
0 0.46171875 0.408051689860835 0.005729166666666666 0.030815109343936383
0 0.7143229166666667 0.4010934393638171 0.005729166666666666 0.016898608349900597
0 0.7239583333333334 0.4165009940357853 0.016666666666666666 0.03180914512922465
0 0.3575520833333333 0.43737574552683894 0.015104166666666667 0.039761431411530816
0 0.7765625 0.4433399602385686 0.014583333333333334 0.009940357852882704
0 0.4765625 0.44930417495029823 0.010416666666666666 0.017892644135188866
0 0.9885416666666667 0.46421471172962225 0.021875 0.04771371769383698
0 0.6408854166666667 0.4562624254473161 0.013020833333333334 0.013916500994035786
0 0.8692708333333333 0.46421471172962225 0.010416666666666666 0.013916500994035786
0 0.8026041666666667 0.48061630218687873 0.009375 0.016898608349900597
0 0.8817708333333333 0.4870775347912525 0.0125 0.02385685884691849
0 0.7109375 0.5104373757455268 0.00625 0.020874751491053677
0 0.6526041666666667 0.5243538767395626 0.021875 0.036779324055666
0 0.7442708333333333 0.5387673956262425 0.00625 0.02982107355864811
0 0.7994791666666666 0.5372763419483101 0.005208333333333333 0.02485089463220676
0 0.7708333333333334 0.5427435387673957 0.013541666666666667 0.013916500994035786
0 0.7122395833333334 0.5457256461232605 0.009895833333333333 0.015904572564612324
0 0.8315104166666667 0.5531809145129225 0.013020833333333334 0.012922465208747515
0 0.8825520833333333 0.591948310139165 0.016145833333333335 0.010934393638170975
0 0.7888020833333333 0.6227634194831014 0.0046875 0.020874751491053677
0 0.9106770833333333 0.6461232604373758 0.019270833333333334 0.017892644135188866
0 0.8044270833333333 0.6510934393638171 0.0140625 0.015904572564612324
0 0.7716145833333333 0.6998011928429424 0.009895833333333333 0.02584493041749503
0 0.2755208333333333 0.7122266401590457 0.0125 0.036779324055666
0 0.7528645833333333 0.731610337972167 0.008854166666666666 0.02186878727634195
0 0.12057291666666667 0.7440357852882704 0.008854166666666666 0.012922465208747515
0 0.5796875 0.75 0.004166666666666667 0.0268389662027833
0 0.10885416666666667 0.7534791252485089 0.007291666666666667 0.02584493041749503
0 0.8658854166666666 0.7803180914512923 0.015104166666666667 0.03578528827037773
0 0.8869791666666667 0.8021868787276342 0.005208333333333333 0.02584493041749503
0 0.8973958333333333 0.8006958250497018 0.008333333333333333 0.020874751491053677
0 0.6658854166666667 0.8091451292246521 0.0067708333333333336 0.027833001988071572
0 0.8330729166666667 0.8255467196819085 0.0078125 0.030815109343936383
0 0.8104166666666667 0.8374751491053678 0.010416666666666666 0.02882703777335984
0 0.6440104166666667 0.8494035785288271 0.0036458333333333334 0.0268389662027833
0 0.6736979166666667 0.8563618290258449 0.0078125 0.02882703777335984
0 0.7958333333333333 0.8608349900596421 0.008333333333333333 0.027833001988071572
0 0.04375 0.8777335984095428 0.017708333333333333 0.03578528827037773
0 0.6559895833333333 0.8926441351888668 0.028645833333333332 0.05964214711729622
0 0.7098958333333333 0.8851888667992047 0.020833333333333332 0.04671968190854871
0 0.6018229166666667 0.8802186878727635 0.0046875 0.02485089463220676
0 0.4434895833333333 0.8792246520874751 0.015104166666666667 0.014910536779324055
0 0.5932291666666667 0.8891650099403579 0.008333333333333333 0.02485089463220676
0 0.7932291666666667 0.9030815109343936 0.022916666666666665 0.03876739562624255
0 0.5802083333333333 0.915506958250497 0.005208333333333333 0.033797216699801194
0 0.7565104166666666 0.9309145129224652 0.021354166666666667 0.06461232604373758
0 0.6364583333333333 0.9165009940357853 0.015625 0.009940357852882704
0 0.6036458333333333 0.9234592445328031 0.015625 0.009940357852882704
0 0.45859375 0.9393638170974155 0.0078125 0.03180914512922465
0 0.7846354166666667 0.9418489065606361 0.015104166666666667 0.0268389662027833
0 0.8127604166666667 0.9418489065606361 0.013020833333333334 0.016898608349900597
0 0.6606770833333333 0.9438369781312127 0.0140625 0.016898608349900597
0 0.6450520833333333 0.9517892644135189 0.016145833333333335 0.014910536779324055
0 0.8364583333333333 0.9572564612326043 0.008333333333333333 0.02186878727634195
0 0.5671875 0.9706759443339961 0.016666666666666666 0.018886679920477135
0 0.6916666666666667 0.9666998011928429 0.011458333333333333 0.008946322067594433
0 0.7302083333333333 0.9811133200795229 0.025 0.03578528827037773
0 0.8096354166666667 0.9696819085487077 0.0109375 0.012922465208747515
0 0.6328125 0.9835984095427436 0.021875 0.030815109343936383
0 0.65546875 0.9746520874751491 0.013020833333333334 0.014910536779324055
0 0.5859375 0.9806163021868787 0.010416666666666666 0.020874751491053677
0 0.6026041666666667 0.9860834990059643 0.015625 0.02584493041749503
0 0.8411458333333334 0.9895626242544732 0.014583333333333334 0.018886679920477135
0 0.8265625 0.992544731610338 0.007291666666666667 0.012922465208747515