0 0.23723958333333334 0.041749502982107355 0.0203125 0.039761431411530816
0 0.8598958333333333 0.051192842942345926 0.007291666666666667 0.0268389662027833
0 0.25859375 0.07306163021868788 0.0067708333333333336 0.042743538767395624
0 0.6294270833333333 0.09443339960238568 0.0140625 0.039761431411530816
0 0.7151041666666667 0.09244532803180915 0.007291666666666667 0.02584493041749503
0 0.6518229166666667 0.10039761431411531 0.009895833333333333 0.027833001988071572
0 0.0033854166666666668 0.11083499005964215 0.0067708333333333336 0.030815109343936383
0 0.2708333333333333 0.11232604373757456 0.0125 0.03180914512922465
0 0.71484375 0.1341948310139165 0.0140625 0.017892644135188866
0 0.22552083333333334 0.18538767395626243 0.011458333333333333 0.06063618290258449
0 0.20260416666666667 0.1694831013916501 0.0125 0.02485089463220676
0 0.30859375 0.1779324055666004 0.016145833333333335 0.02385685884691849
0 0.07890625 0.1988071570576541 0.0078125 0.03578528827037773
0 0.49114583333333334 0.19433399602385687 0.014583333333333334 0.020874751491053677
0 0.4674479166666667 0.20427435387673956 0.009895833333333333 0.020874751491053677
0 0.49609375 0.24055666003976142 0.0078125 0.0437375745526839
0 0.8893229166666666 0.2544731610337972 0.011979166666666667 0.05168986083499006
0 0.7684895833333333 0.2788270377733598 0.005729166666666666 0.0268389662027833
0 0.06953125 0.30417495029821073 0.0234375 0.04970178926441352
0 0.7888020833333333 0.30119284294234594 0.018229166666666668 0.015904572564612324
0 0.23359375 0.3195825049701789 0.0067708333333333336 0.03479125248508946
0 0.8544270833333333 0.31411530815109345 0.013020833333333334 0.011928429423459244
0 0.2265625 0.34244532803180916 0.015625 0.03479125248508946
0 0.27291666666666664 0.3523856858846918 0.007291666666666667 0.030815109343936383
0 0.6380208333333334 0.3628230616302187 0.011458333333333333 0.03180914512922465
0 0.021614583333333333 0.3727634194831014 0.016145833333333335 0.03777335984095427
0 0.35598958333333336 0.3717693836978131 0.0265625 0.02982107355864811
0 0.051041666666666666 0.37226640159045726 0.00625 0.0268389662027833
0 0.45703125 0.3926441351888668 0.009895833333333333 0.0437375745526839
0 0.20885416666666667 0.39015904572564614 0.019791666666666666 0.018886679920477135
0 0.16328125 0.40357852882703776 0.013020833333333334 0.033797216699801194
0 0.25833333333333336 0.40556660039761433 0.00625 0.03578528827037773
0 0.28880208333333335 0.40159045725646125 0.022395833333333334 0.017892644135188866
0 0.5419270833333333 0.41699801192842945 0.015104166666666667 0.0268389662027833
0 0.42526041666666664 0.46322067594433397 0.011979166666666667 0.041749502982107355
0 0.25104166666666666 0.46222664015904574 0.014583333333333334 0.02982107355864811
0 0.4002604166666667 0.470675944333996 0.005729166666666666 0.032803180914512925
0 0.8096354166666667 0.48111332007952284 0.022395833333333334 0.03777335984095427
0 0.46588541666666666 0.47514910536779326 0.0067708333333333336 0.02186878727634195
0 0.31796875 0.48111332007952284 0.0046875 0.02584493041749503
0 0.87578125 0.48807157057654077 0.013020833333333334 0.017892644135188866
0 0.25078125 0.5014910536779325 0.009895833333333333 0.018886679920477135
0 0.39375 0.5168986083499006 0.010416666666666666 0.039761431411530816
0 0.4752604166666667 0.5099403578528827 0.0078125 0.027833001988071572
0 0.7822916666666667 0.5154075546719682 0.014583333333333334 0.02882703777335984
0 0.2671875 0.5298210735586482 0.013541666666666667 0.02385685884691849
0 0.18255208333333334 0.5362823061630219 0.0078125 0.030815109343936383
0 0.4122395833333333 0.532803180914513 0.005729166666666666 0.02584493041749503
0 0.5059895833333333 0.5342942345924453 0.0078125 0.018886679920477135
0 0.1984375 0.532803180914513 0.013541666666666667 0.011928429423459244
0 0.8 0.5407554671968191 0.017708333333333333 0.02584493041749503
0 0.3875 0.55168986083499 0.017708333333333333 0.017892644135188866
0 0.403125 0.5621272365805169 0.00625 0.036779324055666
0 0.45416666666666666 0.5561630218687873 0.009375 0.02286282306163022
0 0.23125 0.55168986083499 0.0125 0.007952286282306162
0 0.4231770833333333 0.5680914512922465 0.005729166666666666 0.0268389662027833
0 0.35833333333333334 0.577037773359841 0.005208333333333333 0.02882703777335984
0 0.440625 0.584493041749503 0.021875 0.019880715705765408
0 0.47708333333333336 0.5894632206759444 0.015625 0.02186878727634195
0 0.27786458333333336 0.5894632206759444 0.016145833333333335 0.015904572564612324
0 0.07630208333333334 0.6053677932405567 0.0140625 0.027833001988071572
0 0.42578125 0.6073558648111332 0.0046875 0.03180914512922465
0 0.34270833333333334 0.6073558648111332 0.009375 0.02584493041749503
0 0.3984375 0.6133200795228628 0.011458333333333333 0.03578528827037773
0 0.5080729166666667 0.6078528827037774 0.016145833333333335 0.02485089463220676
0 0.24270833333333333 0.6038767395626242 0.017708333333333333 0.012922465208747515
0 0.3807291666666667 0.6153081510934394 0.010416666666666666 0.027833001988071572
0 0.009114583333333334 0.6361829025844931 0.018229166666666668 0.06560636182902585
0 0.8122395833333333 0.6242544731610338 0.016145833333333335 0.033797216699801194
0 0.28098958333333335 0.6252485089463221 0.0234375 0.02385685884691849
0 0.4588541666666667 0.6277335984095428 0.021875 0.020874751491053677
0 0.35 0.6416500994035785 0.03333333333333333 0.0268389662027833
0 0.49661458333333336 0.6456262425447317 0.016145833333333335 0.030815109343936383
0 0.52734375 0.6486083499005965 0.011979166666666667 0.02485089463220676
0 0.4171875 0.6491053677932406 0.00625 0.015904572564612324
0 0.47734375 0.6491053677932406 0.0140625 0.013916500994035786
0 0.7036458333333333 0.6674950298210736 0.008333333333333333 0.018886679920477135
0 0.9854166666666667 0.672962226640159 0.025 0.02385685884691849
0 0.2708333333333333 0.6888667992047713 0.026041666666666668 0.03180914512922465
0 0.49244791666666665 0.6819085487077535 0.013020833333333334 0.011928429423459244
0 0.43697916666666664 0.6863817097415507 0.008333333333333333 0.016898608349900597
0 0.45234375 0.6953280318091452 0.005729166666666666 0.03479125248508946
0 0.1578125 0.6848906560636183 0.007291666666666667 0.009940357852882704
0 0.6864583333333333 0.6888667992047713 0.013541666666666667 0.019880715705765408
0 0.15338541666666666 0.7032803180914513 0.008854166666666666 0.018886679920477135
0 0.6205729166666667 0.7176938369781312 0.0109375 0.0437375745526839
0 0.41041666666666665 0.7042743538767395 0.011458333333333333 0.014910536779324055
0 0.49296875 0.7032803180914513 0.016145833333333335 0.008946322067594433
0 0.390625 0.7127236580516899 0.011458333333333333 0.02385685884691849
0 0.22291666666666668 0.7186878727634195 0.011458333333333333 0.02385685884691849
0 0.27760416666666665 0.7191848906560636 0.011458333333333333 0.016898608349900597
0 0.39947916666666666 0.742544731610338 0.011458333333333333 0.03777335984095427
0 0.44479166666666664 0.7470178926441352 0.022916666666666665 0.042743538767395624
0 0.6434895833333333 0.7380715705765407 0.013020833333333334 0.0268389662027833
0 0.47630208333333335 0.7445328031809145 0.0067708333333333336 0.017892644135188866
0 0.7924479166666667 0.7490059642147118 0.016145833333333335 0.02485089463220676
0 0.6768229166666667 0.7460238568588469 0.0203125 0.012922465208747515
0 0.7677083333333333 0.7713717693836978 0.011458333333333333 0.04572564612326044
0 0.64296875 0.775844930417495 0.009895833333333333 0.0268389662027833
0 0.8755208333333333 0.7768389662027833 0.013541666666666667 0.0268389662027833
0 0.38828125 0.7967196819085487 0.0171875 0.0268389662027833
0 0.8359375 0.80168986083499 0.014583333333333334 0.036779324055666
0 0.24401041666666667 0.8011928429423459 0.0140625 0.02584493041749503
0 0.34375 0.8071570576540755 0.017708333333333333 0.03777335984095427
0 0.2875 0.7992047713717694 0.013541666666666667 0.011928429423459244
0 0.36692708333333335 0.8235586481113321 0.008854166666666666 0.04671968190854871
0 0.44375 0.8275347912524851 0.019791666666666666 0.05069582504970179
0 0.3111979166666667 0.8255467196819085 0.013020833333333334 0.012922465208747515
0 0.40859375 0.8354870775347912 0.0234375 0.0268389662027833
0 0.58671875 0.8280318091451292 0.0171875 0.011928429423459244
0 0.50546875 0.8389662027833003 0.0109375 0.02584493041749503
0 0.184375 0.8409542743538767 0.01875 0.015904572564612324
0 0.46875 0.8409542743538767 0.008333333333333333 0.017892644135188866
0 0.98515625 0.8474155069582505 0.019270833333333334 0.02286282306163022
0 0.29609375 0.8533797216699801 0.011979166666666667 0.0268389662027833
0 0.7119791666666667 0.8598409542743539 0.005208333333333333 0.03180914512922465
0 0.43203125 0.8583499005964215 0.018229166666666668 0.02286282306163022
0 0.5588541666666667 0.8648111332007953 0.009375 0.03777335984095427
0 0.5877604166666667 0.8588469184890656 0.0390625 0.02385685884691849
0 0.40520833333333334 0.8722664015904572 0.0125 0.020874751491053677
0 0.4908854166666667 0.8861829025844931 0.015104166666666667 0.032803180914512925
0 0.19036458333333334 0.889662027833002 0.011979166666666667 0.02385685884691849
0 0.6033854166666667 0.9000994035785288 0.0036458333333333334 0.02485089463220676
0 0.4703125 0.9090457256461233 0.010416666666666666 0.036779324055666
0 0.4231770833333333 0.9100397614314115 0.0140625 0.02882703777335984
0 0.9080729166666667 0.9025844930417495 0.0078125 0.011928429423459244
0 0.00390625 0.9537773359840954 0.0078125 0.09045725646123261
0 0.9364583333333333 0.9403578528827038 0.021875 0.02982107355864811
0 0.7510416666666667 0.9403578528827038 0.016666666666666666 0.017892644135188866
0 0.40234375 0.94831013916501 0.0140625 0.015904572564612324
0 0.020833333333333332 0.9731610337972167 0.017708333333333333 0.05168986083499006
0 0.8356770833333333 0.9637176938369781 0.019270833333333334 0.02882703777335984
0 0.25729166666666664 0.963220675944334 0.015625 0.02385685884691849
0 0.39739583333333334 0.9801192842942346 0.009375 0.03777335984095427
0 0.6869791666666667 0.9696819085487077 0.013541666666666667 0.016898608349900597
0 0.8223958333333333 0.9840954274353877 0.01875 0.02982107355864811
0 0.9244791666666666 0.9920477137176938 0.013541666666666667 0.013916500994035786