0 0.23385416666666667 0.01143141153081511 0.007291666666666667 0.02286282306163022
0 0.35703125 0.01242544731610338 0.0078125 0.02485089463220676
0 0.57421875 0.01242544731610338 0.013020833333333334 0.02485089463220676
0 0.878125 0.006958250497017893 0.016666666666666666 0.013916500994035786
0 0.5557291666666667 0.01441351888667992 0.007291666666666667 0.016898608349900597
0 0.27369791666666665 0.04025844930417495 0.0203125 0.04473161033797217
0 0.5606770833333333 0.03777335984095427 0.0067708333333333336 0.02186878727634195
0 0.9916666666666667 0.05964214711729622 0.015625 0.03777335984095427
0 0.19947916666666668 0.10238568588469185 0.014583333333333334 0.04970178926441352
0 0.2838541666666667 0.10437375745526839 0.025 0.04970178926441352
0 0.16223958333333333 0.09791252485089463 0.0078125 0.032803180914512925
0 0.9651041666666667 0.10089463220675944 0.016666666666666666 0.032803180914512925
0 0.12291666666666666 0.13320079522862824 0.016666666666666666 0.05168986083499006
0 0.5098958333333333 0.12027833001988071 0.00625 0.02584493041749503
0 0.5283854166666667 0.12773359840954274 0.005729166666666666 0.03876739562624255
0 0.4864583333333333 0.12326043737574553 0.0125 0.011928429423459244
0 0.40208333333333335 0.15457256461232605 0.021875 0.0268389662027833
0 0.8442708333333333 0.15457256461232605 0.01875 0.016898608349900597
0 0.2838541666666667 0.1625248508946322 0.010416666666666666 0.02485089463220676
0 0.03515625 0.1779324055666004 0.011979166666666667 0.039761431411530816
0 0.78984375 0.18190854870775347 0.0203125 0.02584493041749503
0 0.22578125 0.1878727634194831 0.0078125 0.03578528827037773
0 0.340625 0.1933399602385686 0.013541666666666667 0.042743538767395624
0 0.018229166666666668 0.19433399602385687 0.020833333333333332 0.040755467196819085
0 0.8450520833333334 0.19483101391650098 0.0109375 0.02186878727634195
0 0.77578125 0.20526838966202784 0.0234375 0.0268389662027833
0 0.4388020833333333 0.2216699801192843 0.0109375 0.039761431411530816
0 0.41901041666666666 0.21868787276341947 0.0036458333333333334 0.027833001988071572
0 0.37005208333333334 0.23260437375745527 0.005729166666666666 0.02982107355864811
0 0.2859375 0.22962226640159045 0.015625 0.019880715705765408
0 0.40338541666666666 0.2271371769383698 0.016145833333333335 0.012922465208747515
0 0.6119791666666666 0.24353876739562624 0.017708333333333333 0.041749502982107355
0 0.7700520833333333 0.25 0.013020833333333334 0.02485089463220676
0 0.7505208333333333 0.25596421471172964 0.013541666666666667 0.020874751491053677
0 0.425 0.27087475149105367 0.014583333333333334 0.02286282306163022
0 0.9453125 0.2753479125248509 0.007291666666666667 0.013916500994035786
0 0.73671875 0.2937375745526839 0.0046875 0.02485089463220676
0 0.759375 0.2957256461232604 0.01875 0.0268389662027833
0 0.6596354166666667 0.2992047713717694 0.0171875 0.02584493041749503
0 0.3177083333333333 0.297713717693837 0.019791666666666666 0.012922465208747515
0 0.35651041666666666 0.3116302186878728 0.008854166666666666 0.020874751491053677
0 0.22526041666666666 0.323558648111332 0.0203125 0.02882703777335984
0 0.3296875 0.3230616302186879 0.00625 0.027833001988071572
0 0.7020833333333333 0.3364811133200795 0.009375 0.048707753479125246
0 0.03619791666666667 0.3384691848906561 0.0265625 0.02882703777335984
0 0.37109375 0.3414512922465209 0.009895833333333333 0.03479125248508946
0 0.33984375 0.3379721669980119 0.0109375 0.02186878727634195
0 0.07682291666666667 0.3474155069582505 0.0078125 0.02882703777335984
0 0.12708333333333333 0.3513916500994036 0.014583333333333334 0.018886679920477135
0 0.61640625 0.34940357852882703 0.0140625 0.014910536779324055
0 0.059375 0.3717693836978131 0.019791666666666666 0.02385685884691849
0 0.20260416666666667 0.3757455268389662 0.008333333333333333 0.02982107355864811
0 0.25 0.3697813121272366 0.014583333333333334 0.017892644135188866
0 0.62265625 0.37077534791252487 0.011979166666666667 0.007952286282306162
0 0.6450520833333333 0.37773359840954274 0.0078125 0.009940357852882704
0 0.005729166666666666 0.41302186878727637 0.011458333333333333 0.06858846918489066
0 0.42890625 0.3961232604373757 0.016145833333333335 0.020874751491053677
0 0.3541666666666667 0.41451292246520877 0.005208333333333333 0.02584493041749503
0 0.5190104166666667 0.426441351888668 0.018229166666666668 0.04970178926441352
0 0.20911458333333333 0.40656063618290256 0.011979166666666667 0.007952286282306162
0 0.765625 0.4125248508946322 0.014583333333333334 0.017892644135188866
0 0.025260416666666667 0.4254473161033797 0.0140625 0.033797216699801194
0 0.9716145833333333 0.4363817097415507 0.011979166666666667 0.039761431411530816
0 0.42213541666666665 0.4587475149105368 0.005729166666666666 0.02882703777335984
0 0.7973958333333333 0.45825049701789267 0.0125 0.02584493041749503
0 0.92890625 0.4647117296222664 0.0109375 0.016898608349900597
0 0.39791666666666664 0.46819085487077533 0.013541666666666667 0.015904572564612324
0 0.9010416666666666 0.4860834990059642 0.010416666666666666 0.02584493041749503
0 0.09895833333333333 0.5079522862823062 0.014583333333333334 0.0437375745526839
0 0.5317708333333333 0.5134194831013916 0.03125 0.05069582504970179
0 0.6096354166666667 0.5029821073558648 0.018229166666666668 0.02982107355864811
0 0.88046875 0.5173956262425448 0.028645833333333332 0.03479125248508946
0 0.44244791666666666 0.5159045725646123 0.008854166666666666 0.02584493041749503
0 0.34401041666666665 0.5173956262425448 0.013020833333333334 0.02485089463220676
0 0.11588541666666667 0.5273359840954275 0.019270833333333334 0.032803180914512925
0 0.46380208333333334 0.518389662027833 0.009895833333333333 0.016898608349900597
0 0.49921875 0.5243538767395626 0.018229166666666668 0.012922465208747515
0 0.15520833333333334 0.5293240556660039 0.017708333333333333 0.016898608349900597
0 0.48359375 0.5392644135188867 0.013020833333333334 0.03876739562624255
0 0.4549479166666667 0.5333001988071571 0.0109375 0.018886679920477135
0 0.6635416666666667 0.5347912524850894 0.015625 0.02186878727634195
0 0.98828125 0.5531809145129225 0.022395833333333334 0.04671968190854871
0 0.6520833333333333 0.5467196819085487 0.013541666666666667 0.02385685884691849
0 0.44088541666666664 0.5432405566600398 0.0067708333333333336 0.012922465208747515
0 0.47161458333333334 0.5526838966202783 0.0067708333333333336 0.02982107355864811
0 0.07239583333333334 0.5571570576540755 0.011458333333333333 0.02286282306163022
0 0.24973958333333332 0.5501988071570576 0.015104166666666667 0.008946322067594433
0 0.3984375 0.5561630218687873 0.0125 0.012922465208747515
0 0.53203125 0.570079522862823 0.0171875 0.03876739562624255
0 0.8440104166666667 0.5616302186878728 0.008854166666666666 0.02385685884691849
0 0.13359375 0.5854870775347912 0.0359375 0.04572564612326044
0 0.45859375 0.5765407554671969 0.0078125 0.02982107355864811
0 0.08489583333333334 0.5859840954274353 0.008333333333333333 0.03479125248508946
0 0.37161458333333336 0.5750497017892644 0.0078125 0.014910536779324055
0 0.41510416666666666 0.5879721669980119 0.01875 0.020874751491053677
0 0.5158854166666667 0.5869781312127237 0.011979166666666667 0.012922465208747515
0 0.34427083333333336 0.595427435387674 0.015625 0.017892644135188866
0 0.5549479166666667 0.5944333996023857 0.0140625 0.011928429423459244
0 0.7526041666666666 0.6108349900596421 0.0125 0.014910536779324055
0 0.45989583333333334 0.6237574552683897 0.0125 0.030815109343936383
0 0.10286458333333333 0.6227634194831014 0.0078125 0.0268389662027833
0 0.50625 0.6177932405566601 0.009375 0.010934393638170975
0 0.978125 0.6202783300198808 0.010416666666666666 0.013916500994035786
0 0.3875 0.6257455268389662 0.007291666666666667 0.018886679920477135
0 0.4044270833333333 0.6252485089463221 0.009895833333333333 0.013916500994035786
0 0.9807291666666667 0.6446322067594433 0.017708333333333333 0.030815109343936383
0 0.4473958333333333 0.6466202783300199 0.007291666666666667 0.02882703777335984
0 0.18619791666666666 0.6550695825049702 0.0203125 0.03777335984095427
0 0.5236979166666667 0.643141153081511 0.0109375 0.015904572564612324
0 0.5458333333333333 0.6466202783300199 0.021875 0.020874751491053677
0 0.3885416666666667 0.6575546719681908 0.014583333333333334 0.03876739562624255
0 0.40963541666666664 0.6520874751491054 0.009895833333333333 0.013916500994035786
0 0.35494791666666664 0.6784294234592445 0.0067708333333333336 0.02882703777335984
0 0.4200520833333333 0.6724652087475149 0.013020833333333334 0.016898608349900597
0 0.37057291666666664 0.6868787276341949 0.015104166666666667 0.019880715705765408
0 0.39010416666666664 0.6908548707753479 0.0125 0.019880715705765408
0 0.5291666666666667 0.6918489065606361 0.013541666666666667 0.019880715705765408
0 0.45729166666666665 0.7007952286282306 0.004166666666666667 0.02385685884691849
0 0.31302083333333336 0.7017892644135189 0.007291666666666667 0.019880715705765408
0 0.41901041666666666 0.7052683896620279 0.011979166666666667 0.014910536779324055
0 0.30416666666666664 0.7201789264413518 0.007291666666666667 0.02286282306163022
0 0.37109375 0.7301192842942346 0.0203125 0.030815109343936383
0 0.41302083333333334 0.739065606361829 0.015625 0.02286282306163022
0 0.5690104166666666 0.7360834990059643 0.009895833333333333 0.016898608349900597
0 0.5033854166666667 0.7335984095427436 0.013020833333333334 0.009940357852882704
0 0.4510416666666667 0.739065606361829 0.014583333333333334 0.010934393638170975
0 0.026041666666666668 0.7629224652087475 0.036458333333333336 0.042743538767395624
0 0.096875 0.7698807157057654 0.011458333333333333 0.032803180914512925
0 0.5119791666666667 0.7654075546719682 0.015625 0.02385685884691849
0 0.45625 0.7743538767395626 0.0125 0.03777335984095427
0 0.3919270833333333 0.7728628230616302 0.009895833333333333 0.02286282306163022
0 0.546875 0.7753479125248509 0.019791666666666666 0.02982107355864811
0 0.34453125 0.7837972166998012 0.0078125 0.042743538767395624
0 0.40625 0.790258449304175 0.014583333333333334 0.0536779324055666
0 0.5260416666666666 0.775844930417495 0.005208333333333333 0.02485089463220676
0 0.3645833333333333 0.7842942345924453 0.0125 0.033797216699801194
0 0.3072916666666667 0.7768389662027833 0.017708333333333333 0.016898608349900597
0 0.4921875 0.7743538767395626 0.0125 0.009940357852882704
0 0.99140625 0.7897614314115308 0.016145833333333335 0.03876739562624255
0 0.22291666666666668 0.7788270377733598 0.017708333333333333 0.010934393638170975
0 0.50546875 0.7897614314115308 0.009895833333333333 0.02882703777335984
0 0.48203125 0.8116302186878728 0.0109375 0.040755467196819085
0 0.95703125 0.80168986083499 0.015104166666666667 0.020874751491053677
0 0.3020833333333333 0.812624254473161 0.009375 0.030815109343936383
0 0.43020833333333336 0.820079522862823 0.007291666666666667 0.03578528827037773
0 0.175 0.812624254473161 0.0125 0.010934393638170975
0 0.2791666666666667 0.8255467196819085 0.013541666666666667 0.036779324055666
0 0.6776041666666667 0.8374751491053678 0.013541666666666667 0.05864811133200795
0 0.240625 0.8190854870775348 0.0125 0.017892644135188866
0 0.5888020833333333 0.8280318091451292 0.008854166666666666 0.027833001988071572
0 0.3567708333333333 0.8389662027833003 0.027083333333333334 0.02982107355864811
0 0.3875 0.8518886679920478 0.0125 0.03180914512922465
0 0.30572916666666666 0.8499005964214712 0.005208333333333333 0.02186878727634195
0 0.19973958333333333 0.8573558648111332 0.009895833333333333 0.02485089463220676
0 0.28958333333333336 0.8658051689860835 0.016666666666666666 0.041749502982107355
0 0.9924479166666667 0.8543737574552683 0.009895833333333333 0.020874751491053677
0 0.5916666666666667 0.8648111332007953 0.014583333333333334 0.033797216699801194
0 0.6143229166666667 0.8653081510934394 0.008854166666666666 0.030815109343936383
0 0.5341145833333333 0.8618290258449304 0.016145833333333335 0.011928429423459244
0 0.4713541666666667 0.8807157057654076 0.005208333333333333 0.02584493041749503
0 0.01328125 0.885685884691849 0.0234375 0.019880715705765408
0 0.4119791666666667 0.8881709741550696 0.015625 0.016898608349900597
0 0.37552083333333336 0.8936381709741551 0.008333333333333333 0.017892644135188866
0 0.39479166666666665 0.9040755467196819 0.011458333333333333 0.018886679920477135
0 0.8348958333333333 0.9179920477137177 0.0125 0.020874751491053677
0 0.19869791666666667 0.9438369781312127 0.0078125 0.02882703777335984
0 0.09270833333333334 0.9587475149105368 0.011458333333333333 0.036779324055666
0 0.32760416666666664 0.9542743538767395 0.016666666666666666 0.009940357852882704
0 0.5184895833333333 0.9642147117296223 0.0234375 0.02982107355864811
0 0.11432291666666666 0.9826043737574552 0.016145833333333335 0.020874751491053677
0 0.6450520833333333 0.9791252485089463 0.0109375 0.009940357852882704
0 0.6635416666666667 0.9821073558648111 0.008333333333333333 0.013916500994035786
0 0.08333333333333333 0.9910536779324056 0.019791666666666666 0.015904572564612324