0 0.49270833333333336 0.010437375745526839 0.007291666666666667 0.020874751491053677
0 0.9411458333333333 0.016898608349900597 0.015625 0.017892644135188866
0 0.4473958333333333 0.11133200795228629 0.00625 0.02584493041749503
0 0.2140625 0.16153081510934394 0.013541666666666667 0.014910536779324055
0 0.96484375 0.25695825049701787 0.008854166666666666 0.020874751491053677
0 0.5192708333333333 0.37375745526838966 0.017708333333333333 0.02385685884691849
0 0.74921875 0.40208747514910537 0.008854166666666666 0.014910536779324055
0 0.515625 0.42196819085487075 0.009375 0.02882703777335984
0 0.5666666666666667 0.51441351888668 0.007291666666666667 0.016898608349900597
0 0.5815104166666667 0.5293240556660039 0.0078125 0.030815109343936383
0 0.6268229166666667 0.5566600397614314 0.008854166666666666 0.02584493041749503
0 0.6796875 0.5621272365805169 0.00625 0.02882703777335984
0 0.5830729166666667 0.5596421471172962 0.015104166666666667 0.011928429423459244
0 0.6596354166666667 0.581013916500994 0.0109375 0.030815109343936383
0 0.6020833333333333 0.6003976143141153 0.014583333333333334 0.02186878727634195
0 0.7721354166666666 0.5949304174950298 0.015104166666666667 0.006958250497017893
0 0.5755208333333334 0.5974155069582505 0.008333333333333333 0.011928429423459244
0 0.6557291666666667 0.6093439363817097 0.016666666666666666 0.02385685884691849
0 0.6848958333333334 0.6341948310139165 0.008333333333333333 0.02186878727634195
0 0.5419270833333333 0.6535785288270378 0.015104166666666667 0.03876739562624255
0 0.8794270833333333 0.6481113320079522 0.013020833333333334 0.02385685884691849
0 0.8057291666666667 0.647117296222664 0.00625 0.02385685884691849
0 0.7333333333333333 0.6446322067594433 0.013541666666666667 0.008946322067594433
0 0.9307291666666667 0.6620278330019881 0.016666666666666666 0.03180914512922465
0 0.6700520833333333 0.6585487077534792 0.0078125 0.020874751491053677
0 0.7223958333333333 0.6640159045725647 0.01875 0.02584493041749503
0 0.5763020833333333 0.6719681908548708 0.0078125 0.015904572564612324
0 0.5276041666666667 0.6789264413518886 0.017708333333333333 0.02385685884691849
0 0.10703125 0.6898608349900597 0.0036458333333333334 0.02385685884691849
0 0.46197916666666666 0.709741550695825 0.019791666666666666 0.017892644135188866
0 0.47630208333333335 0.7445328031809145 0.011979166666666667 0.007952286282306162
0 0.7419270833333333 0.7713717693836978 0.008854166666666666 0.027833001988071572
0 0.5619791666666667 0.7763419483101391 0.017708333333333333 0.015904572564612324
0 0.5958333333333333 0.8026838966202783 0.009375 0.02485089463220676
0 0.57578125 0.8071570576540755 0.019270833333333334 0.009940357852882704
0 0.21458333333333332 0.9010934393638171 0.007291666666666667 0.020874751491053677
0 0.9010416666666666 0.9423459244532804 0.026041666666666668 0.033797216699801194
0 0.6721354166666667 0.9706759443339961 0.008854166666666666 0.020874751491053677
0 0.025520833333333333 0.9865805168986084 0.010416666666666666 0.016898608349900597