0 0.16979166666666667 0.018886679920477135 0.011458333333333333 0.02982107355864811
0 0.9856770833333334 0.020377733598409543 0.0203125 0.016898608349900597
0 0.6830729166666667 0.03876739562624255 0.0067708333333333336 0.02584493041749503
0 0.43333333333333335 0.03429423459244533 0.022916666666666665 0.016898608349900597
0 0.8278645833333333 0.044234592445328035 0.019270833333333334 0.0268389662027833
0 0.12552083333333333 0.05467196819085487 0.011458333333333333 0.02584493041749503
0 0.8809895833333333 0.06709741550695825 0.0109375 0.03479125248508946
0 0.78984375 0.08001988071570576 0.009895833333333333 0.04473161033797217
0 0.20703125 0.07554671968190854 0.0140625 0.02584493041749503
0 0.14583333333333334 0.08399602385685885 0.011458333333333333 0.042743538767395624
0 0.73125 0.08946322067594434 0.01875 0.011928429423459244
0 0.8270833333333333 0.1058648111332008 0.020833333333333332 0.02485089463220676
0 0.6684895833333333 0.12475149105367793 0.0171875 0.032803180914512925
0 0.259375 0.12326043737574553 0.004166666666666667 0.02186878727634195
0 0.7903645833333334 0.13369781312127235 0.0265625 0.032803180914512925
0 0.7552083333333334 0.12823061630218688 0.015625 0.019880715705765408
0 0.20442708333333334 0.13817097415506957 0.0109375 0.02584493041749503
0 0.01171875 0.14363817097415507 0.0171875 0.036779324055666
0 0.2609375 0.17196819085487078 0.008333333333333333 0.02982107355864811
0 0.2877604166666667 0.17345924453280318 0.0046875 0.02286282306163022
0 0.9638020833333333 0.1908548707753479 0.011979166666666667 0.04572564612326044
0 0.6221354166666667 0.1779324055666004 0.0067708333333333336 0.019880715705765408
0 0.046875 0.18439363817097415 0.013541666666666667 0.02485089463220676
0 0.6744791666666666 0.18538767395626243 0.014583333333333334 0.010934393638170975
0 0.3145833333333333 0.19284294234592445 0.008333333333333333 0.015904572564612324
0 0.7984375 0.213220675944334 0.00625 0.016898608349900597
0 0.10859375 0.21769383697813122 0.0140625 0.019880715705765408
0 0.03802083333333333 0.23111332007952287 0.019791666666666666 0.03479125248508946
0 0.5848958333333333 0.24552683896620278 0.01875 0.017892644135188866
0 0.9401041666666666 0.2897614314115308 0.023958333333333335 0.03876739562624255
0 0.8455729166666667 0.2922465208747515 0.0234375 0.02584493041749503
0 0.055989583333333336 0.2907554671968191 0.009895833333333333 0.018886679920477135
0 0.7401041666666667 0.30467196819085485 0.019791666666666666 0.030815109343936383
0 0.10364583333333334 0.3116302186878728 0.022916666666666665 0.020874751491053677
0 0.28046875 0.323558648111332 0.0067708333333333336 0.020874751491053677
0 0.059895833333333336 0.33399602385685884 0.007291666666666667 0.015904572564612324
0 0.51015625 0.3389662027833002 0.005729166666666666 0.019880715705765408
0 0.05130208333333333 0.34840954274353875 0.011979166666666667 0.016898608349900597
0 0.4901041666666667 0.3518886679920477 0.0125 0.009940357852882704
0 0.253125 0.38866799204771374 0.009375 0.02385685884691849
0 0.71328125 0.38767395626242546 0.013020833333333334 0.011928429423459244
0 0.5317708333333333 0.40556660039761433 0.005208333333333333 0.02982107355864811
0 0.19453125 0.40159045725646125 0.005729166666666666 0.019880715705765408
0 0.6208333333333333 0.40059642147117297 0.014583333333333334 0.013916500994035786
0 0.79140625 0.4095427435387674 0.0067708333333333336 0.02982107355864811
0 0.5822916666666667 0.40755467196819084 0.011458333333333333 0.02186878727634195
0 0.746875 0.43290258449304175 0.0125 0.012922465208747515
0 0.6677083333333333 0.43687872763419483 0.0125 0.008946322067594433
0 0.7924479166666667 0.4428429423459245 0.0171875 0.016898608349900597
0 0.5830729166666667 0.4517892644135189 0.013020833333333334 0.014910536779324055
0 0.8111979166666666 0.4726640159045726 0.011979166666666667 0.040755467196819085
0 0.56015625 0.4721669980119284 0.009895833333333333 0.027833001988071572
0 0.5432291666666667 0.47365805168986086 0.01875 0.02286282306163022
0 0.478125 0.47763419483101394 0.019791666666666666 0.02485089463220676
0 0.4557291666666667 0.47664015904572565 0.009375 0.016898608349900597
0 0.10390625 0.49304174950298213 0.008854166666666666 0.02982107355864811
0 0.13359375 0.49801192842942343 0.009895833333333333 0.015904572564612324
0 0.7067708333333333 0.5049701789264414 0.0125 0.02186878727634195
0 0.5182291666666666 0.5054671968190855 0.008333333333333333 0.012922465208747515
0 0.5052083333333334 0.5139165009940357 0.010416666666666666 0.02186878727634195
0 0.3723958333333333 0.5168986083499006 0.0125 0.02584493041749503
0 0.49270833333333336 0.5397614314115308 0.005208333333333333 0.027833001988071572
0 0.6651041666666667 0.5482107355864811 0.009375 0.040755467196819085
0 0.5783854166666667 0.547713717693837 0.0078125 0.03777335984095427
0 0.5518229166666667 0.5472166998011928 0.011979166666666667 0.030815109343936383
0 0.8283854166666667 0.5447316103379721 0.015104166666666667 0.015904572564612324
0 0.87890625 0.55168986083499 0.011979166666666667 0.02385685884691849
0 0.4322916666666667 0.5541749502982107 0.01875 0.02286282306163022
0 0.07708333333333334 0.5685884691848907 0.014583333333333334 0.03777335984095427
0 0.6278645833333333 0.5641153081510935 0.013020833333333334 0.016898608349900597
0 0.5416666666666666 0.5740556660039762 0.007291666666666667 0.014910536779324055
0 0.7252604166666666 0.5815109343936382 0.005729166666666666 0.02385685884691849
0 0.515625 0.5780318091451292 0.015625 0.010934393638170975
0 0.59296875 0.5924453280318092 0.005729166666666666 0.017892644135188866
0 0.5763020833333333 0.6202783300198808 0.024479166666666666 0.06759443339960239
0 0.60234375 0.5999005964214712 0.0067708333333333336 0.02286282306163022
0 0.5028645833333333 0.5999005964214712 0.0203125 0.016898608349900597
0 0.4427083333333333 0.6232604373757455 0.008333333333333333 0.03578528827037773
0 0.46822916666666664 0.6247514910536779 0.020833333333333332 0.014910536779324055
0 0.7309895833333333 0.6416500994035785 0.009895833333333333 0.04473161033797217
0 0.06015625 0.632703777335984 0.0109375 0.0268389662027833
0 0.421875 0.6277335984095428 0.011458333333333333 0.010934393638170975
0 0.49192708333333335 0.6366799204771372 0.019270833333333334 0.02286282306163022
0 0.6567708333333333 0.6381709741550696 0.013541666666666667 0.011928429423459244
0 0.9692708333333333 0.6665009940357853 0.017708333333333333 0.040755467196819085
0 0.5515625 0.6610337972166997 0.014583333333333334 0.009940357852882704
0 0.6143229166666667 0.6709741550695825 0.0109375 0.027833001988071572
0 0.534375 0.6669980119284294 0.00625 0.019880715705765408
0 0.16796875 0.6759443339960238 0.013020833333333334 0.033797216699801194
0 0.5106770833333333 0.6784294234592445 0.0067708333333333336 0.02882703777335984
0 0.40546875 0.6988071570576541 0.009895833333333333 0.03180914512922465
0 0.6875 0.69831013916501 0.007291666666666667 0.016898608349900597
0 0.13515625 0.7062624254473161 0.0171875 0.030815109343936383
0 0.7489583333333333 0.7002982107355865 0.019791666666666666 0.012922465208747515
0 0.64140625 0.705765407554672 0.0109375 0.02186878727634195
0 0.47682291666666665 0.7042743538767395 0.008854166666666666 0.018886679920477135
0 0.4934895833333333 0.7117296222664016 0.011979166666666667 0.015904572564612324
0 0.82890625 0.7166998011928429 0.0140625 0.019880715705765408
0 0.47682291666666665 0.7291252485089463 0.021354166666666667 0.012922465208747515
0 0.640625 0.7370775347912525 0.013541666666666667 0.020874751491053677
0 0.6046875 0.7331013916500994 0.014583333333333334 0.012922465208747515
0 0.1828125 0.7405566600397614 0.009375 0.027833001988071572
0 0.5565104166666667 0.7485089463220675 0.008854166666666666 0.02982107355864811
0 0.54140625 0.7539761431411531 0.0109375 0.030815109343936383
0 0.6518229166666667 0.7564612326043738 0.005729166666666666 0.02385685884691849
0 0.5143229166666666 0.7509940357852882 0.0171875 0.012922465208747515
0 0.47578125 0.760934393638171 0.0109375 0.030815109343936383
0 0.5830729166666667 0.7629224652087475 0.0078125 0.018886679920477135
0 0.6127604166666667 0.775844930417495 0.0109375 0.032803180914512925
0 0.83515625 0.775844930417495 0.018229166666666668 0.0268389662027833
0 0.6791666666666667 0.7743538767395626 0.014583333333333334 0.009940357852882704
0 0.26666666666666666 0.7783300198807157 0.011458333333333333 0.015904572564612324
0 0.98203125 0.790258449304175 0.011979166666666667 0.033797216699801194
0 0.62890625 0.7937375745526839 0.015104166666666667 0.020874751491053677
0 0.28802083333333334 0.7922465208747514 0.0125 0.013916500994035786
0 0.6606770833333333 0.80168986083499 0.005729166666666666 0.02485089463220676
0 0.5440104166666667 0.8175944333996024 0.0036458333333333334 0.02485089463220676
0 0.7247395833333333 0.8180914512922465 0.018229166666666668 0.02186878727634195
0 0.6151041666666667 0.8280318091451292 0.017708333333333333 0.03180914512922465
0 0.8778645833333333 0.8260437375745527 0.008854166666666666 0.017892644135188866
0 0.49505208333333334 0.8285288270377733 0.0171875 0.02286282306163022
0 0.86796875 0.834493041749503 0.013020833333333334 0.016898608349900597
0 0.42421875 0.8439363817097415 0.015104166666666667 0.033797216699801194
0 0.3109375 0.8369781312127237 0.011458333333333333 0.02186878727634195
0 0.7283854166666667 0.8439363817097415 0.0078125 0.02982107355864811
0 0.68515625 0.8359840954274353 0.015104166666666667 0.009940357852882704
0 0.5471354166666667 0.8513916500994035 0.005729166666666666 0.030815109343936383
0 0.84140625 0.8518886679920478 0.021354166666666667 0.019880715705765408
0 0.6947916666666667 0.8653081510934394 0.013541666666666667 0.02485089463220676
0 0.6299479166666667 0.867296222664016 0.015104166666666667 0.016898608349900597
0 0.3145833333333333 0.871272365805169 0.015625 0.02286282306163022
0 0.7747395833333334 0.8757455268389662 0.015104166666666667 0.027833001988071572
0 0.6846354166666667 0.8906560636182903 0.013020833333333334 0.033797216699801194
0 0.79296875 0.904572564612326 0.018229166666666668 0.0437375745526839
0 0.8356770833333333 0.9015904572564613 0.008854166666666666 0.02982107355864811
0 0.33489583333333334 0.908051689860835 0.00625 0.030815109343936383
0 0.8236979166666667 0.9135188866799204 0.008854166666666666 0.03777335984095427
0 0.6203125 0.9194831013916501 0.00625 0.027833001988071572
0 0.71328125 0.9259443339960238 0.0171875 0.03479125248508946
0 0.6018229166666667 0.9244532803180915 0.0109375 0.02982107355864811
0 0.996875 0.9204771371769384 0.00625 0.015904572564612324
0 0.31979166666666664 0.9423459244532804 0.011458333333333333 0.03180914512922465
0 0.6486979166666667 0.9363817097415507 0.015104166666666667 0.017892644135188866
0 0.11041666666666666 0.9348906560636183 0.008333333333333333 0.014910536779324055
0 0.5036458333333333 0.9433399602385686 0.005208333333333333 0.02385685884691849
0 0.5989583333333334 0.9488071570576541 0.030208333333333334 0.02882703777335984
0 0.46458333333333335 0.9502982107355865 0.014583333333333334 0.02186878727634195
0 0.5651041666666666 0.9637176938369781 0.017708333333333333 0.040755467196819085
0 0.44244791666666666 0.9681908548707754 0.0046875 0.017892644135188866
0 0.58828125 0.9801192842942346 0.008854166666666666 0.03777335984095427
0 0.5263020833333333 0.9751491053677932 0.009895833333333333 0.02584493041749503
0 0.9890625 0.98558648111332 0.013541666666666667 0.0268389662027833
0 0.940625 0.98558648111332 0.03125 0.0268389662027833
0 0.47421875 0.9900596421471173 0.009895833333333333 0.017892644135188866