0 0.7861979166666667 0.07952286282306163 0.0067708333333333336 0.027833001988071572
0 0.21901041666666668 0.08349900596421471 0.0203125 0.019880715705765408
0 0.17109375 0.11182902584493042 0.024479166666666666 0.05666003976143141
0 0.54453125 0.10188866799204771 0.0140625 0.014910536779324055
0 0.25286458333333334 0.1481113320079523 0.0109375 0.05168986083499006
0 0.5997395833333333 0.13817097415506957 0.016145833333333335 0.02584493041749503
0 0.4203125 0.14165009940357853 0.016666666666666666 0.02485089463220676
0 0.5440104166666667 0.16153081510934394 0.0140625 0.020874751491053677
0 0.4552083333333333 0.19383697813121273 0.014583333333333334 0.03777335984095427
0 0.23958333333333334 0.20228628230616302 0.0125 0.03876739562624255
0 0.6544270833333333 0.20377733598409542 0.011979166666666667 0.02186878727634195
0 0.48385416666666664 0.21023856858846918 0.00625 0.02882703777335984
0 0.6817708333333333 0.2117296222664016 0.025 0.03180914512922465
0 0.21979166666666666 0.21868787276341947 0.017708333333333333 0.027833001988071572
0 0.42473958333333334 0.21073558648111332 0.0171875 0.013916500994035786
0 0.5591145833333333 0.2301192842942346 0.0109375 0.0268389662027833
0 0.6229166666666667 0.23260437375745527 0.011458333333333333 0.019880715705765408
0 0.8291666666666667 0.2813121272365805 0.017708333333333333 0.05168986083499006
0 0.17057291666666666 0.3096421471172962 0.0109375 0.0268389662027833
0 0.26979166666666665 0.30268389662027834 0.016666666666666666 0.010934393638170975
0 0.7401041666666667 0.31510934393638174 0.014583333333333334 0.02385685884691849
0 0.49114583333333334 0.32703777335984097 0.007291666666666667 0.027833001988071572
0 0.51015625 0.3320079522862823 0.0078125 0.017892644135188866
0 0.9869791666666666 0.3389662027833002 0.01875 0.02584493041749503
0 0.9268229166666667 0.36033797216699803 0.011979166666666667 0.036779324055666
0 0.5229166666666667 0.37326043737574555 0.0125 0.03479125248508946
0 0.56640625 0.3648111332007952 0.013020833333333334 0.011928429423459244
0 0.44973958333333336 0.37673956262425445 0.0109375 0.015904572564612324
0 0.5018229166666667 0.38469184890656066 0.011979166666666667 0.02385685884691849
0 0.3645833333333333 0.3851888667992048 0.0125 0.012922465208747515
0 0.5442708333333334 0.40755467196819084 0.03229166666666667 0.05765407554671968
0 0.2791666666666667 0.3911530815109344 0.011458333333333333 0.018886679920477135
0 0.9932291666666667 0.4000994035785288 0.0125 0.018886679920477135
0 0.5057291666666667 0.40656063618290256 0.011458333333333333 0.02385685884691849
0 0.27630208333333334 0.42445328031809143 0.011979166666666667 0.011928429423459244
0 0.51640625 0.43240556660039764 0.0109375 0.02584493041749503
0 0.5393229166666667 0.4378727634194831 0.016145833333333335 0.020874751491053677
0 0.8526041666666667 0.4408548707753479 0.01875 0.02882703777335984
0 0.37109375 0.4463220675944334 0.0046875 0.02982107355864811
0 0.27890625 0.45825049701789267 0.011979166666666667 0.011928429423459244
0 0.5463541666666667 0.47514910536779326 0.011458333333333333 0.02186878727634195
0 0.4453125 0.4845924453280318 0.014583333333333334 0.02882703777335984
0 0.26614583333333336 0.49801192842942343 0.010416666666666666 0.03578528827037773
0 0.5169270833333334 0.4960238568588469 0.008854166666666666 0.02186878727634195
0 0.34661458333333334 0.5099403578528827 0.011979166666666667 0.03578528827037773
0 0.39453125 0.5124254473161034 0.018229166666666668 0.036779324055666
0 0.846875 0.5099403578528827 0.017708333333333333 0.03180914512922465
0 0.23359375 0.5168986083499006 0.022395833333333334 0.019880715705765408
0 0.47369791666666666 0.5293240556660039 0.0078125 0.0268389662027833
0 0.46041666666666664 0.536779324055666 0.009375 0.02186878727634195
0 0.4822916666666667 0.540258449304175 0.0125 0.018886679920477135
0 0.2908854166666667 0.5462226640159046 0.015104166666666667 0.018886679920477135
0 0.22447916666666667 0.547713717693837 0.010416666666666666 0.017892644135188866
0 0.12526041666666668 0.5536779324055666 0.019270833333333334 0.02385685884691849
0 0.43984375 0.5656063618290258 0.009895833333333333 0.017892644135188866
0 0.4239583333333333 0.581013916500994 0.005208333333333333 0.02882703777335984
0 0.2921875 0.5825049701789264 0.010416666666666666 0.019880715705765408
0 0.72578125 0.5795228628230616 0.011979166666666667 0.015904572564612324
0 0.35520833333333335 0.5825049701789264 0.009375 0.013916500994035786
0 0.446875 0.6083499005964215 0.0125 0.02584493041749503
0 0.6721354166666667 0.6063618290258449 0.0140625 0.015904572564612324
0 0.3497395833333333 0.6108349900596421 0.013020833333333334 0.016898608349900597
0 0.6489583333333333 0.6133200795228628 0.016666666666666666 0.013916500994035786
0 0.7223958333333333 0.6192842942345924 0.011458333333333333 0.02584493041749503
0 0.5473958333333333 0.6177932405566601 0.014583333333333334 0.010934393638170975
0 0.43385416666666665 0.6267395626242545 0.013541666666666667 0.018886679920477135
0 0.48333333333333334 0.6282306163021869 0.0125 0.017892644135188866
0 0.5174479166666667 0.6257455268389662 0.011979166666666667 0.012922465208747515
0 0.5583333333333333 0.6351888667992047 0.00625 0.019880715705765408
0 0.41796875 0.6441351888667992 0.009895833333333333 0.02385685884691849
0 0.4921875 0.6481113320079522 0.0125 0.015904572564612324
0 0.6328125 0.6515904572564613 0.011458333333333333 0.018886679920477135
0 0.45338541666666665 0.6491053677932406 0.0078125 0.011928429423459244
0 0.5677083333333334 0.654572564612326 0.021875 0.018886679920477135
0 0.7127604166666667 0.668986083499006 0.021354166666666667 0.03777335984095427
0 0.33098958333333334 0.6665009940357853 0.0067708333333333336 0.030815109343936383
0 0.3515625 0.6759443339960238 0.014583333333333334 0.013916500994035786
0 0.7677083333333333 0.7176938369781312 0.021875 0.0536779324055666
0 0.44817708333333334 0.7072564612326043 0.0171875 0.016898608349900597
0 0.6419270833333334 0.7137176938369781 0.0109375 0.02385685884691849
0 0.13072916666666667 0.7216699801192843 0.009375 0.02186878727634195
0 0.5606770833333333 0.7186878727634195 0.016145833333333335 0.013916500994035786
0 0.3614583333333333 0.7291252485089463 0.011458333333333333 0.012922465208747515
0 0.9192708333333334 0.7385685884691849 0.010416666666666666 0.015904572564612324
0 0.4622395833333333 0.7440357852882704 0.013020833333333334 0.02286282306163022
0 0.12994791666666666 0.7430417495029821 0.008854166666666666 0.016898608349900597
0 0.43645833333333334 0.7480119284294234 0.011458333333333333 0.0268389662027833
0 0.496875 0.7495029821073559 0.007291666666666667 0.02584493041749503
0 0.7723958333333333 0.7559642147117296 0.029166666666666667 0.036779324055666
0 0.4596354166666667 0.7718687872763419 0.018229166666666668 0.02286282306163022
0 0.48203125 0.7718687872763419 0.008854166666666666 0.02286282306163022
0 0.39817708333333335 0.7793240556660039 0.0171875 0.02186878727634195
0 0.44375 0.7852882703777336 0.008333333333333333 0.03180914512922465
0 0.33177083333333335 0.7818091451292246 0.010416666666666666 0.016898608349900597
0 0.3455729166666667 0.7877733598409543 0.0109375 0.008946322067594433
0 0.5036458333333333 0.8131212723658051 0.020833333333333332 0.04572564612326044
0 0.3216145833333333 0.81610337972167 0.0171875 0.017892644135188866
0 0.6270833333333333 0.8195825049701789 0.017708333333333333 0.0268389662027833
0 0.9614583333333333 0.8339960238568589 0.007291666666666667 0.011928429423459244
0 0.48385416666666664 0.8508946322067594 0.011458333333333333 0.03180914512922465
0 0.8393229166666667 0.8469184890656064 0.025520833333333333 0.017892644135188866
0 0.34348958333333335 0.8464214711729622 0.013020833333333334 0.012922465208747515
0 0.2955729166666667 0.8648111332007953 0.011979166666666667 0.0437375745526839
0 0.06796875 0.8553677932405567 0.0203125 0.02286282306163022
0 0.09817708333333333 0.864314115308151 0.0140625 0.032803180914512925
0 0.49635416666666665 0.8677932405566601 0.016666666666666666 0.027833001988071572
0 0.5151041666666667 0.8667992047713717 0.015625 0.019880715705765408
0 0.7544270833333333 0.8817097415506958 0.018229166666666668 0.017892644135188866
0 0.3888020833333333 0.8946322067594433 0.009895833333333333 0.011928429423459244
0 0.70546875 0.915506958250497 0.009895833333333333 0.03777335984095427
0 0.6630208333333333 0.922962226640159 0.00625 0.032803180914512925
0 0.9122395833333333 0.9721669980119284 0.018229166666666668 0.0536779324055666
0 0.6557291666666667 0.9552683896620279 0.015625 0.009940357852882704
0 0.95859375 0.963220675944334 0.0109375 0.015904572564612324
0 0.771875 0.9721669980119284 0.010416666666666666 0.013916500994035786
0 0.39921875 0.9786282306163022 0.019270833333333334 0.014910536779324055
0 0.5630208333333333 0.9865805168986084 0.00625 0.02485089463220676
0 0.5276041666666667 0.9880715705765407 0.007291666666666667 0.02186878727634195
0 0.5880208333333333 0.9885685884691849 0.007291666666666667 0.020874751491053677
0 0.5763020833333333 0.9880715705765407 0.0078125 0.015904572564612324
0 0.9578125 0.9880715705765407 0.010416666666666666 0.013916500994035786
0 0.9833333333333333 0.9900596421471173 0.013541666666666667 0.017892644135188866
0 0.8869791666666667 0.9910536779324056 0.015625 0.015904572564612324