0 0.04921875 0.008449304174950299 0.018229166666666668 0.016898608349900597
0 0.3927083333333333 0.033797216699801194 0.0125 0.041749502982107355
0 0.06041666666666667 0.04970178926441352 0.017708333333333333 0.03578528827037773
0 0.7921875 0.04671968190854871 0.010416666666666666 0.02186878727634195
0 0.22552083333333334 0.1257455268389662 0.0125 0.05467196819085487
0 0.20546875 0.14363817097415507 0.018229166666666668 0.018886679920477135
0 0.3997395833333333 0.1555666003976143 0.0171875 0.036779324055666
0 0.8114583333333333 0.17743538767395625 0.007291666666666667 0.012922465208747515
0 0.803125 0.19135188866799205 0.010416666666666666 0.020874751491053677
0 0.271875 0.23260437375745527 0.005208333333333333 0.027833001988071572
0 0.50078125 0.25497017892644136 0.016145833333333335 0.040755467196819085
0 0.09427083333333333 0.2629224652087475 0.007291666666666667 0.02882703777335984
0 0.2955729166666667 0.28876739562624254 0.005729166666666666 0.0268389662027833
0 0.9200520833333333 0.2907554671968191 0.021354166666666667 0.0268389662027833
0 0.6380208333333334 0.2992047713717694 0.015625 0.03777335984095427
0 0.378125 0.3061630218687873 0.005208333333333333 0.019880715705765408
0 0.4752604166666667 0.3106361829025845 0.015104166666666667 0.030815109343936383
0 0.365625 0.3265407554671968 0.009375 0.05864811133200795
0 0.45208333333333334 0.323558648111332 0.005208333333333333 0.0268389662027833
0 0.6333333333333333 0.32007952286282304 0.007291666666666667 0.013916500994035786
0 0.06640625 0.3275347912524851 0.015104166666666667 0.016898608349900597
0 0.31171875 0.3841948310139165 0.0140625 0.014910536779324055
0 0.8296875 0.38916500994035785 0.009375 0.014910536779324055
0 0.3625 0.4239562624254473 0.0125 0.04473161033797217
0 0.4278645833333333 0.43588469184890655 0.016145833333333335 0.020874751491053677
0 0.82578125 0.44880715705765406 0.024479166666666666 0.03479125248508946
0 0.5427083333333333 0.4383697813121272 0.0125 0.009940357852882704
0 0.7247395833333333 0.4408548707753479 0.016145833333333335 0.010934393638170975
0 0.39505208333333336 0.4726640159045726 0.016145833333333335 0.04671968190854871
0 0.43203125 0.47962226640159045 0.0171875 0.02882703777335984
0 0.47630208333333335 0.4826043737574553 0.0171875 0.012922465208747515
0 0.8700520833333333 0.4970178926441352 0.013020833333333334 0.03578528827037773
0 0.7169270833333333 0.507455268389662 0.016145833333333335 0.040755467196819085
0 0.40390625 0.5054671968190855 0.015104166666666667 0.008946322067594433
0 0.4276041666666667 0.518389662027833 0.010416666666666666 0.018886679920477135
0 0.6080729166666666 0.5238568588469185 0.005729166666666666 0.02584493041749503
0 0.3528645833333333 0.5283300198807157 0.0296875 0.032803180914512925
0 0.6393229166666666 0.5323061630218688 0.019270833333333334 0.03876739562624255
0 0.55625 0.5352882703777336 0.0125 0.030815109343936383
0 0.67109375 0.5412524850894632 0.015104166666666667 0.018886679920477135
0 0.5700520833333333 0.5427435387673957 0.0109375 0.017892644135188866
0 0.47213541666666664 0.5511928429423459 0.013020833333333334 0.012922465208747515
0 0.09765625 0.5805168986083499 0.011979166666666667 0.02982107355864811
0 0.1140625 0.5849900596421471 0.010416666666666666 0.030815109343936383
0 0.3927083333333333 0.5859840954274353 0.015625 0.02485089463220676
0 0.18645833333333334 0.588469184890656 0.009375 0.02186878727634195
0 0.6174479166666667 0.5929423459244533 0.0078125 0.02882703777335984
0 0.70078125 0.5924453280318092 0.0171875 0.02982107355864811
0 0.13802083333333334 0.5994035785288271 0.007291666666666667 0.03180914512922465
0 0.061197916666666664 0.6013916500994035 0.011979166666666667 0.027833001988071572
0 0.45729166666666665 0.5949304174950298 0.025 0.014910536779324055
0 0.40677083333333336 0.6098409542743539 0.00625 0.014910536779324055
0 0.14869791666666668 0.6247514910536779 0.016145833333333335 0.030815109343936383
0 0.31666666666666665 0.6242544731610338 0.009375 0.02186878727634195
0 0.5114583333333333 0.6177932405566601 0.0125 0.008946322067594433
0 0.38046875 0.6307157057654076 0.005729166666666666 0.02485089463220676
0 0.3567708333333333 0.6346918489065606 0.008333333333333333 0.02485089463220676
0 0.48489583333333336 0.6292246520874751 0.016666666666666666 0.015904572564612324
0 0.4544270833333333 0.6376739562624254 0.0234375 0.0268389662027833
0 0.13125 0.6530815109343936 0.00625 0.027833001988071572
0 0.5471354166666667 0.6461232604373758 0.0140625 0.009940357852882704
0 0.15234375 0.6620278330019881 0.018229166666666668 0.02186878727634195
0 0.4546875 0.6674950298210736 0.008333333333333333 0.02485089463220676
0 0.7447916666666666 0.6754473161033797 0.011458333333333333 0.0268389662027833
0 0.47161458333333334 0.6784294234592445 0.015104166666666667 0.020874751491053677
0 0.07109375 0.6824055666003976 0.008854166666666666 0.0268389662027833
0 0.42682291666666666 0.6809145129224652 0.0078125 0.019880715705765408
0 0.6317708333333333 0.6878727634194831 0.016666666666666666 0.02385685884691849
0 0.52578125 0.6893638170974155 0.008854166666666666 0.018886679920477135
0 0.7135416666666666 0.7002982107355865 0.011458333333333333 0.042743538767395624
0 0.5583333333333333 0.6868787276341949 0.01875 0.011928429423459244
0 0.38203125 0.7276341948310139 0.015104166666666667 0.073558648111332
0 0.29921875 0.7037773359840954 0.013020833333333334 0.017892644135188866
0 0.01953125 0.7221669980119284 0.0203125 0.05069582504970179
0 0.5111979166666667 0.724155069582505 0.0234375 0.05069582504970179
0 0.7479166666666667 0.7246520874751491 0.0125 0.04572564612326044
0 0.48151041666666666 0.7176938369781312 0.005729166666666666 0.013916500994035786
0 0.190625 0.731610337972167 0.029166666666666667 0.02186878727634195
0 0.53515625 0.7281312127236581 0.015104166666666667 0.012922465208747515
0 0.25703125 0.7435387673956262 0.015104166666666667 0.03578528827037773
0 0.54765625 0.7485089463220675 0.009895833333333333 0.039761431411530816
0 0.69375 0.7584493041749503 0.007291666666666667 0.033797216699801194
0 0.29973958333333334 0.7554671968190855 0.013020833333333334 0.02584493041749503
0 0.58046875 0.7569582504970179 0.015104166666666667 0.02882703777335984
0 0.011197916666666667 0.7634194831013916 0.022395833333333334 0.033797216699801194
0 0.44140625 0.7604373757455268 0.005729166666666666 0.019880715705765408
0 0.26588541666666665 0.76441351888668 0.0046875 0.02385685884691849
0 0.15182291666666667 0.7862823061630219 0.019270833333333334 0.02982107355864811
0 0.33046875 0.7877733598409543 0.021354166666666667 0.030815109343936383
0 0.43671875 0.7877733598409543 0.021354166666666667 0.02485089463220676
0 0.53828125 0.7927435387673957 0.009895833333333333 0.02286282306163022
0 0.5236979166666667 0.8001988071570576 0.0078125 0.033797216699801194
0 0.47890625 0.7982107355864811 0.008854166666666666 0.02584493041749503
0 0.027864583333333335 0.8001988071570576 0.011979166666666667 0.015904572564612324
0 0.043229166666666666 0.8166003976143141 0.0125 0.040755467196819085
0 0.17994791666666668 0.8111332007952287 0.0265625 0.02584493041749503
0 0.41744791666666664 0.8106361829025845 0.021354166666666667 0.02485089463220676
0 0.06380208333333333 0.8260437375745527 0.0140625 0.019880715705765408
0 0.34479166666666666 0.8220675944333996 0.014583333333333334 0.009940357852882704
0 0.7822916666666667 0.8354870775347912 0.008333333333333333 0.0268389662027833
0 0.31796875 0.8374751491053678 0.019270833333333334 0.012922465208747515
0 0.43854166666666666 0.8364811133200796 0.009375 0.010934393638170975
0 0.5643229166666667 0.8354870775347912 0.013020833333333334 0.006958250497017893
0 0.021614583333333333 0.8449304174950298 0.008854166666666666 0.009940357852882704
0 0.3419270833333333 0.8558648111332008 0.0140625 0.02584493041749503
0 0.3703125 0.8513916500994035 0.017708333333333333 0.018886679920477135
0 0.19140625 0.8732604373757455 0.0109375 0.03876739562624255
0 0.3536458333333333 0.864314115308151 0.017708333333333333 0.012922465208747515
0 0.48203125 0.8991053677932406 0.018229166666666668 0.012922465208747515
0 0.45234375 0.9140159045725647 0.0203125 0.012922465208747515
0 0.4315104166666667 0.9304174950298211 0.009895833333333333 0.03777335984095427
0 0.11510416666666666 0.93389662027833 0.017708333333333333 0.018886679920477135
0 0.2994791666666667 0.9324055666003976 0.010416666666666666 0.015904572564612324
0 0.05963541666666667 0.9498011928429424 0.013020833333333334 0.018886679920477135
0 0.25729166666666664 0.9696819085487077 0.00625 0.02882703777335984
0 0.01640625 0.9791252485089463 0.0234375 0.039761431411530816