0 0.54921875 0.0034791252485089465 0.0140625 0.006958250497017893
0 0.3802083333333333 0.013916500994035786 0.017708333333333333 0.027833001988071572
0 0.3494791666666667 0.019880715705765408 0.011458333333333333 0.02584493041749503
0 0.3963541666666667 0.031312127236580514 0.009375 0.018886679920477135
0 0.36744791666666665 0.03777335984095427 0.013020833333333334 0.017892644135188866
0 0.8739583333333333 0.039761431411530816 0.015625 0.017892644135188866
0 0.6552083333333333 0.05019880715705766 0.007291666666666667 0.018886679920477135
0 0.43333333333333335 0.0636182902584493 0.010416666666666666 0.007952286282306162
0 0.9950520833333333 0.07852882703777336 0.009895833333333333 0.019880715705765408
0 0.3263020833333333 0.07405566600397614 0.011979166666666667 0.008946322067594433
0 0.27734375 0.08648111332007952 0.0067708333333333336 0.027833001988071572
0 0.17864583333333334 0.10636182902584493 0.010416666666666666 0.013916500994035786
0 0.7080729166666667 0.11282306163021869 0.013020833333333334 0.018886679920477135
0 0.37786458333333334 0.11232604373757456 0.0109375 0.009940357852882704
0 0.09609375 0.11679920477137178 0.0171875 0.016898608349900597
0 0.3658854166666667 0.1257455268389662 0.0109375 0.02882703777335984
0 0.6513020833333333 0.12475149105367793 0.0109375 0.012922465208747515
0 0.24088541666666666 0.1426441351888668 0.0140625 0.014910536779324055
0 0.30755208333333334 0.16003976143141152 0.009895833333333333 0.02584493041749503
0 0.22526041666666666 0.16650099403578528 0.016145833333333335 0.016898608349900597
0 0.00703125 0.17445328031809146 0.013020833333333334 0.02286282306163022
0 0.5880208333333333 0.19284294234592445 0.00625 0.02584493041749503
0 0.38359375 0.1978131212723658 0.009895833333333333 0.02584493041749503
0 0.035416666666666666 0.19483101391650098 0.010416666666666666 0.019880715705765408
0 0.4354166666666667 0.1988071570576541 0.015625 0.02385685884691849
0 0.8893229166666666 0.20874751491053678 0.025520833333333333 0.041749502982107355
0 0.7325520833333333 0.2271371769383698 0.015104166666666667 0.042743538767395624
0 0.8552083333333333 0.2286282306163022 0.007291666666666667 0.027833001988071572
0 0.40338541666666666 0.24105367793240556 0.0203125 0.030815109343936383
0 0.23463541666666668 0.2504970178926441 0.018229166666666668 0.017892644135188866
0 0.13828125 0.2514910536779324 0.0140625 0.015904572564612324
0 0.35052083333333334 0.26093439363817095 0.0125 0.02882703777335984
0 0.6924479166666667 0.27435387673956263 0.021354166666666667 0.027833001988071572
0 0.146875 0.279324055666004 0.011458333333333333 0.017892644135188866
0 0.08463541666666667 0.30119284294234594 0.03802083333333333 0.033797216699801194
0 0.14505208333333333 0.30417495029821073 0.0171875 0.013916500994035786
0 0.00546875 0.31461232604373757 0.009895833333333333 0.016898608349900597
0 0.11484375 0.31411530815109345 0.011979166666666667 0.009940357852882704
0 0.26536458333333335 0.3384691848906561 0.0171875 0.0268389662027833
0 0.04791666666666667 0.3374751491053678 0.009375 0.02485089463220676
0 0.4625 0.36083499005964215 0.007291666666666667 0.02385685884691849
0 0.334375 0.3687872763419483 0.011458333333333333 0.02982107355864811
0 0.78359375 0.3871769383697813 0.018229166666666668 0.020874751491053677
0 0.4161458333333333 0.3841948310139165 0.022916666666666665 0.014910536779324055
0 0.5106770833333333 0.41898608349900596 0.0109375 0.032803180914512925
0 0.10703125 0.4398608349900596 0.015104166666666667 0.016898608349900597
0 0.3729166666666667 0.4532803180914513 0.005208333333333333 0.02584493041749503
0 0.07317708333333334 0.44930417495029823 0.0109375 0.017892644135188866
0 0.48932291666666666 0.452286282306163 0.0140625 0.019880715705765408
0 0.4669270833333333 0.45825049701789267 0.009895833333333333 0.02982107355864811
0 0.5236979166666667 0.45974155069582506 0.016145833333333335 0.014910536779324055
0 0.3984375 0.46371769383697814 0.011458333333333333 0.020874751491053677
0 0.7510416666666667 0.4696819085487077 0.022916666666666665 0.016898608349900597
0 0.36015625 0.4701789264413519 0.016145833333333335 0.011928429423459244
0 0.16510416666666666 0.47862823061630216 0.015625 0.018886679920477135
0 0.9171875 0.4855864811133201 0.010416666666666666 0.02882703777335984
0 0.06145833333333333 0.48061630218687873 0.010416666666666666 0.020874751491053677
0 0.4114583333333333 0.48061630218687873 0.016666666666666666 0.010934393638170975
0 0.5890625 0.49304174950298213 0.015625 0.027833001988071572
0 0.3104166666666667 0.49254473161033796 0.009375 0.020874751491053677
0 0.7658854166666667 0.5004970178926441 0.011979166666666667 0.016898608349900597
0 0.7276041666666667 0.5034791252485089 0.015625 0.014910536779324055
0 0.3026041666666667 0.5149105367793241 0.0125 0.033797216699801194
0 0.2828125 0.5268389662027833 0.011458333333333333 0.05765407554671968
0 0.24010416666666667 0.5089463220675944 0.013541666666666667 0.013916500994035786
0 0.06197916666666667 0.5223658051689861 0.0125 0.0268389662027833
0 0.0328125 0.532803180914513 0.01875 0.027833001988071572
0 0.17057291666666666 0.5263419483101391 0.009895833333333333 0.012922465208747515
0 0.45989583333333334 0.5452286282306164 0.007291666666666667 0.036779324055666
0 0.5877604166666667 0.5462226640159046 0.018229166666666668 0.036779324055666
0 0.4041666666666667 0.5397614314115308 0.014583333333333334 0.017892644135188866
0 0.5002604166666667 0.5482107355864811 0.008854166666666666 0.032803180914512925
0 0.690625 0.5407554671968191 0.014583333333333334 0.007952286282306162
0 0.1203125 0.5506958250497018 0.00625 0.019880715705765408
0 0.9888020833333333 0.555168986083499 0.022395833333333334 0.014910536779324055
0 0.25104166666666666 0.5631212723658051 0.009375 0.020874751491053677
0 0.5958333333333333 0.5656063618290258 0.013541666666666667 0.02186878727634195
0 0.6385416666666667 0.5670974155069582 0.025 0.02286282306163022
0 0.19869791666666667 0.5631212723658051 0.009895833333333333 0.014910536779324055
0 0.6854166666666667 0.5685884691848907 0.0125 0.015904572564612324
0 0.03463541666666667 0.5740556660039762 0.008854166666666666 0.0268389662027833
0 0.23072916666666668 0.5675944333996024 0.014583333333333334 0.011928429423459244
0 0.13489583333333333 0.5695825049701789 0.014583333333333334 0.011928429423459244
0 0.7611979166666667 0.5745526838966203 0.0140625 0.015904572564612324
0 0.06302083333333333 0.5834990059642147 0.014583333333333334 0.03578528827037773
0 0.559375 0.5820079522862823 0.013541666666666667 0.020874751491053677
0 0.48125 0.581013916500994 0.010416666666666666 0.018886679920477135
0 0.37265625 0.5849900596421471 0.0109375 0.02485089463220676
0 0.24140625 0.5929423459244533 0.009895833333333333 0.040755467196819085
0 0.46328125 0.5929423459244533 0.0171875 0.036779324055666
0 0.11796875 0.5899602385685885 0.005729166666666666 0.030815109343936383
0 0.15208333333333332 0.5869781312127237 0.014583333333333334 0.016898608349900597
0 0.34661458333333334 0.5939363817097415 0.005729166666666666 0.0268389662027833
0 0.9528645833333333 0.588469184890656 0.009895833333333333 0.013916500994035786
0 0.36302083333333335 0.6003976143141153 0.01875 0.03777335984095427
0 0.6841145833333333 0.6043737574552683 0.0109375 0.03180914512922465
0 0.27734375 0.5984095427435387 0.009895833333333333 0.019880715705765408
0 0.13776041666666666 0.6033797216699801 0.0046875 0.02186878727634195
0 0.5502604166666667 0.6003976143141153 0.019270833333333334 0.011928429423459244
0 0.21901041666666668 0.6108349900596421 0.005729166666666666 0.030815109343936383
0 0.51484375 0.6048707753479126 0.016145833333333335 0.012922465208747515
0 0.08541666666666667 0.606858846918489 0.015625 0.016898608349900597
0 0.39947916666666666 0.6148111332007953 0.004166666666666667 0.020874751491053677
0 0.7796875 0.6153081510934394 0.011458333333333333 0.009940357852882704
0 0.9033854166666667 0.6332007952286283 0.0140625 0.041749502982107355
0 0.10546875 0.628727634194831 0.011979166666666667 0.032803180914512925
0 0.19713541666666667 0.6232604373757455 0.013020833333333334 0.011928429423459244
0 0.08151041666666667 0.6421471172962226 0.008854166666666666 0.02186878727634195
0 0.2786458333333333 0.6550695825049702 0.0125 0.03578528827037773
0 0.3848958333333333 0.6650099403578529 0.016666666666666666 0.04771371769383698
0 0.5505208333333333 0.6520874751491054 0.014583333333333334 0.015904572564612324
0 0.5125 0.6660039761431411 0.00625 0.03180914512922465
0 0.4421875 0.6684890656063618 0.013541666666666667 0.030815109343936383
0 0.9958333333333333 0.6650099403578529 0.008333333333333333 0.013916500994035786
0 0.32135416666666666 0.6933399602385686 0.015625 0.02882703777335984
0 0.30104166666666665 0.6918489065606361 0.009375 0.02385685884691849
0 0.2713541666666667 0.6928429423459245 0.005208333333333333 0.027833001988071572
0 0.5776041666666667 0.694831013916501 0.0125 0.02385685884691849
0 0.5515625 0.6958250497017893 0.016666666666666666 0.02584493041749503
0 0.153125 0.6933399602385686 0.019791666666666666 0.020874751491053677
0 0.6940104166666666 0.7082504970178927 0.0140625 0.04473161033797217
0 0.39453125 0.7012922465208747 0.0140625 0.02882703777335984
0 0.11328125 0.6998011928429424 0.0171875 0.017892644135188866
0 0.43333333333333335 0.6988071570576541 0.011458333333333333 0.011928429423459244
0 0.13359375 0.7042743538767395 0.009895833333333333 0.016898608349900597
0 0.28098958333333335 0.7102385685884692 0.0140625 0.02286282306163022
0 0.039322916666666666 0.7246520874751491 0.009895833333333333 0.02982107355864811
0 0.3390625 0.7166998011928429 0.0125 0.009940357852882704
0 0.7536458333333333 0.724155069582505 0.013541666666666667 0.012922465208747515
0 0.22994791666666667 0.7345924453280318 0.015104166666666667 0.03180914512922465
0 0.24713541666666666 0.7365805168986084 0.0046875 0.02584493041749503
0 0.43203125 0.7335984095427436 0.0203125 0.013916500994035786
0 0.4046875 0.7460238568588469 0.014583333333333334 0.008946322067594433
0 0.3606770833333333 0.7619284294234593 0.015104166666666667 0.020874751491053677
0 0.9916666666666667 0.7639165009940357 0.009375 0.010934393638170975
0 0.3997395833333333 0.7743538767395626 0.0140625 0.02584493041749503
0 0.453125 0.8036779324055666 0.014583333333333334 0.0705765407554672
0 0.37864583333333335 0.790258449304175 0.010416666666666666 0.02982107355864811
0 0.9971354166666667 0.7847912524850894 0.005729166666666666 0.014910536779324055
0 0.48046875 0.7852882703777336 0.011979166666666667 0.017892644135188866
0 0.41953125 0.7997017892644135 0.008854166666666666 0.042743538767395624
0 0.50625 0.7992047713717694 0.015625 0.02584493041749503
0 0.34401041666666665 0.805168986083499 0.0140625 0.02982107355864811
0 0.28984375 0.8151093439363817 0.0203125 0.04970178926441352
0 0.12135416666666667 0.8141153081510935 0.03333333333333333 0.04572564612326044
0 0.2671875 0.8101391650099403 0.021875 0.033797216699801194
0 0.47942708333333334 0.8096421471172962 0.016145833333333335 0.014910536779324055
0 0.3307291666666667 0.81610337972167 0.008333333333333333 0.02385685884691849
0 0.4361979166666667 0.8315109343936382 0.013020833333333334 0.030815109343936383
0 0.32109375 0.8330019880715706 0.025520833333333333 0.02584493041749503
0 0.5018229166666667 0.8349900596421471 0.018229166666666668 0.02584493041749503
0 0.39453125 0.831013916500994 0.0109375 0.007952286282306162
0 0.9372395833333333 0.8394632206759444 0.013020833333333334 0.020874751491053677
0 0.5421875 0.8459244532803181 0.015625 0.02982107355864811
0 0.23307291666666666 0.8399602385685885 0.008854166666666666 0.015904572564612324
0 0.62265625 0.8439363817097415 0.013020833333333334 0.011928429423459244
0 0.4708333333333333 0.8513916500994035 0.00625 0.02485089463220676
0 0.42604166666666665 0.8573558648111332 0.011458333333333333 0.03479125248508946
0 0.17604166666666668 0.8553677932405567 0.026041666666666668 0.02286282306163022
0 0.10833333333333334 0.8523856858846919 0.0125 0.014910536779324055
0 0.746875 0.8513916500994035 0.007291666666666667 0.010934393638170975
0 0.36744791666666665 0.8653081510934394 0.0140625 0.03479125248508946
0 0.35208333333333336 0.8638170974155069 0.011458333333333333 0.02186878727634195
0 0.14348958333333334 0.8618290258449304 0.013020833333333334 0.017892644135188866
0 0.4890625 0.8702783300198808 0.019791666666666666 0.0268389662027833
0 0.39765625 0.8692842942345924 0.009895833333333333 0.02286282306163022
0 0.6135416666666667 0.8762425447316103 0.00625 0.018886679920477135
0 0.5203125 0.8717693836978131 0.0125 0.009940357852882704
0 0.40338541666666666 0.8916500994035785 0.016145833333333335 0.039761431411530816
0 0.2908854166666667 0.8777335984095428 0.0140625 0.011928429423459244
0 0.7278645833333334 0.8961232604373758 0.0078125 0.032803180914512925
0 0.45989583333333334 0.893141153081511 0.011458333333333333 0.016898608349900597
0 0.13359375 0.8981113320079522 0.022395833333333334 0.018886679920477135
0 0.26484375 0.9105367793240556 0.024479166666666666 0.03180914512922465
0 0.6497395833333334 0.9065606361829026 0.016145833333333335 0.019880715705765408
0 0.48854166666666665 0.9090457256461233 0.025 0.0268389662027833
0 0.29296875 0.9100397614314115 0.0109375 0.02485089463220676
0 0.359375 0.9174950298210736 0.014583333333333334 0.017892644135188866
0 0.55078125 0.9363817097415507 0.009895833333333333 0.02982107355864811
0 0.35390625 0.9368787276341949 0.013020833333333334 0.02882703777335984
0 0.30572916666666666 0.9423459244532804 0.009375 0.02385685884691849
0 0.5109375 0.9502982107355865 0.04791666666666667 0.02584493041749503
0 0.07083333333333333 0.9552683896620279 0.010416666666666666 0.03180914512922465
0 0.4375 0.9562624254473161 0.008333333333333333 0.027833001988071572
0 0.45546875 0.9552683896620279 0.011979166666666667 0.013916500994035786
0 0.35963541666666665 0.963220675944334 0.0109375 0.03180914512922465
0 0.27578125 0.967196819085487 0.011979166666666667 0.03180914512922465
0 0.6348958333333333 0.9681908548707754 0.015625 0.027833001988071572
0 0.38567708333333334 0.9657057654075547 0.009895833333333333 0.02286282306163022
0 0.23723958333333334 0.9781312127236581 0.0265625 0.027833001988071572
0 0.109375 0.9835984095427436 0.020833333333333332 0.030815109343936383
0 0.37578125 0.9806163021868787 0.005729166666666666 0.018886679920477135
0 0.5544270833333333 0.9860834990059643 0.0109375 0.02584493041749503
0 0.2591145833333333 0.9880715705765407 0.0067708333333333336 0.02186878727634195
0 0.62578125 0.9920477137176938 0.0067708333333333336 0.013916500994035786
0 0.4192708333333333 0.992544731610338 0.020833333333333332 0.012922465208747515
0 0.9705729166666667 0.9935387673956262 0.021354166666666667 0.010934393638170975