0 0.19401041666666666 0.021371769383697812 0.021354166666666667 0.03876739562624255
0 0.86484375 0.09045725646123261 0.021354166666666667 0.039761431411530816
0 0.32005208333333335 0.1143141153081511 0.0109375 0.05168986083499006
0 0.67890625 0.1496023856858847 0.015104166666666667 0.042743538767395624
0 0.27708333333333335 0.16998011928429424 0.035416666666666666 0.04771371769383698
0 0.31796875 0.1878727634194831 0.022395833333333334 0.039761431411530816
0 0.98203125 0.1848906560636183 0.009895833333333333 0.009940357852882704
0 0.6640625 0.20278330019880716 0.005208333333333333 0.02982107355864811
0 0.76953125 0.21520874751491054 0.0234375 0.036779324055666
0 0.34140625 0.21222664015904572 0.013020833333333334 0.0268389662027833
0 0.21640625 0.2077534791252485 0.0078125 0.013916500994035786
0 0.37057291666666664 0.2201789264413519 0.025520833333333333 0.040755467196819085
0 0.14869791666666668 0.23856858846918488 0.0234375 0.055666003976143144
0 0.31875 0.23658051689860835 0.020833333333333332 0.02584493041749503
0 0.36692708333333335 0.2509940357852883 0.009895833333333333 0.02286282306163022
0 0.4278645833333333 0.2673956262425447 0.03177083333333333 0.0437375745526839
0 0.3020833333333333 0.275844930417495 0.013541666666666667 0.02882703777335984
0 0.51875 0.28876739562624254 0.016666666666666666 0.032803180914512925
0 0.096875 0.2962226640159046 0.014583333333333334 0.02982107355864811
0 0.9973958333333334 0.3066600397614314 0.004166666666666667 0.03876739562624255
0 0.85625 0.3076540755467197 0.013541666666666667 0.032803180914512925
0 0.9677083333333333 0.3061630218687873 0.005208333333333333 0.02186878727634195
0 0.9065104166666667 0.34244532803180916 0.0234375 0.040755467196819085
0 0.36484375 0.3474155069582505 0.0109375 0.036779324055666
0 0.8658854166666666 0.36133200795228626 0.0171875 0.030815109343936383
0 0.33619791666666665 0.35785288270377735 0.013020833333333334 0.017892644135188866
0 0.6973958333333333 0.37773359840954274 0.015625 0.0437375745526839
0 0.40390625 0.37773359840954274 0.008854166666666666 0.015904572564612324
0 0.6104166666666667 0.4100397614314115 0.0125 0.07455268389662027
0 0.34739583333333335 0.38767395626242546 0.01875 0.02385685884691849
0 0.11901041666666666 0.40159045725646125 0.0140625 0.033797216699801194
0 0.33671875 0.4070576540755467 0.0234375 0.02286282306163022
0 0.5088541666666667 0.41451292246520877 0.014583333333333334 0.02385685884691849
0 0.08385416666666666 0.42296222664015903 0.019791666666666666 0.020874751491053677
0 0.46848958333333335 0.46421471172962225 0.0067708333333333336 0.02584493041749503
0 0.34765625 0.4885685884691849 0.0078125 0.042743538767395624
0 0.3802083333333333 0.4845924453280318 0.016666666666666666 0.018886679920477135
0 0.21119791666666668 0.4960238568588469 0.019270833333333334 0.03180914512922465
0 0.22916666666666666 0.5213717693836978 0.009375 0.02882703777335984
0 0.3802083333333333 0.5462226640159046 0.005208333333333333 0.036779324055666
0 0.8174479166666667 0.5487077534791253 0.0109375 0.033797216699801194
0 0.14479166666666668 0.5452286282306164 0.013541666666666667 0.016898608349900597
0 0.4627604166666667 0.5467196819085487 0.013020833333333334 0.019880715705765408
0 0.3533854166666667 0.5834990059642147 0.011979166666666667 0.02186878727634195
0 0.22083333333333333 0.6013916500994035 0.010416666666666666 0.02186878727634195
0 0.4153645833333333 0.6292246520874751 0.016145833333333335 0.0437375745526839
0 0.06927083333333334 0.6386679920477137 0.01875 0.05864811133200795
0 0.26145833333333335 0.6421471172962226 0.01875 0.02186878727634195
0 0.2453125 0.6724652087475149 0.010416666666666666 0.03479125248508946
0 0.4734375 0.6833996023856859 0.016666666666666666 0.048707753479125246
0 0.3671875 0.69831013916501 0.017708333333333333 0.05069582504970179
0 0.20703125 0.6858846918489065 0.0171875 0.02186878727634195
0 0.4315104166666667 0.7226640159045725 0.0109375 0.03180914512922465
0 0.321875 0.7495029821073559 0.03125 0.04771371769383698
0 0.07604166666666666 0.7445328031809145 0.015625 0.03578528827037773
0 0.8471354166666667 0.7539761431411531 0.016145833333333335 0.036779324055666
0 0.5307291666666667 0.7887673956262425 0.0125 0.02485089463220676
0 0.721875 0.8111332007952287 0.015625 0.03777335984095427
0 0.8283854166666667 0.8151093439363817 0.0078125 0.013916500994035786
0 0.1140625 0.8394632206759444 0.027083333333333334 0.032803180914512925
0 0.6424479166666667 0.8354870775347912 0.016145833333333335 0.014910536779324055
0 0.30442708333333335 0.8394632206759444 0.0171875 0.018886679920477135
0 0.2453125 0.8633200795228628 0.014583333333333334 0.036779324055666
0 0.7747395833333334 0.9025844930417495 0.028645833333333332 0.0437375745526839
0 0.06015625 0.9254473161033797 0.027604166666666666 0.02982107355864811
0 0.7640625 0.955765407554672 0.022916666666666665 0.05268389662027833
0 0.14921875 0.9681908548707754 0.028645833333333332 0.02385685884691849
0 0.278125 0.967196819085487 0.021875 0.015904572564612324