0 0.2453125 0.0437375745526839 0.010416666666666666 0.02385685884691849
0 0.0296875 0.13767395626242546 0.014583333333333334 0.016898608349900597
0 0.6208333333333333 0.17345924453280318 0.013541666666666667 0.020874751491053677
0 0.7333333333333333 0.18141153081510936 0.005208333333333333 0.030815109343936383
0 0.013020833333333334 0.20079522862823063 0.025 0.03777335984095427
0 0.7744791666666667 0.22664015904572565 0.026041666666666668 0.03180914512922465
0 0.7122395833333334 0.2301192842942346 0.0078125 0.018886679920477135
0 0.46510416666666665 0.2932405566600398 0.008333333333333333 0.007952286282306162
0 0.57265625 0.4408548707753479 0.016145833333333335 0.014910536779324055
0 0.85390625 0.4587475149105368 0.0067708333333333336 0.0268389662027833
0 0.5653645833333333 0.46272365805168986 0.0078125 0.018886679920477135
0 0.6731770833333334 0.4696819085487077 0.011979166666666667 0.020874751491053677
0 0.6489583333333333 0.5029821073558648 0.00625 0.017892644135188866
0 0.5080729166666667 0.5203777335984096 0.0109375 0.014910536779324055
0 0.49895833333333334 0.5487077534791253 0.017708333333333333 0.019880715705765408
0 0.940625 0.5730616302186878 0.009375 0.040755467196819085
0 0.58125 0.5735586481113321 0.023958333333333335 0.039761431411530816
0 0.53984375 0.5805168986083499 0.005729166666666666 0.015904572564612324
0 0.4596354166666667 0.5780318091451292 0.013020833333333334 0.010934393638170975
0 0.5942708333333333 0.5984095427435387 0.010416666666666666 0.02385685884691849
0 0.553125 0.591948310139165 0.009375 0.012922465208747515
0 0.6270833333333333 0.6138170974155069 0.00625 0.016898608349900597
0 0.6036458333333333 0.6232604373757455 0.008333333333333333 0.015904572564612324
0 0.5572916666666666 0.6302186878727635 0.019791666666666666 0.027833001988071572
0 0.53046875 0.6371769383697813 0.019270833333333334 0.015904572564612324
0 0.6846354166666667 0.6466202783300199 0.022395833333333334 0.020874751491053677
0 0.5458333333333333 0.6565606361829026 0.016666666666666666 0.018886679920477135
0 0.5658854166666667 0.6883697813121272 0.011979166666666667 0.016898608349900597
0 0.8638020833333333 0.7012922465208747 0.0140625 0.02882703777335984
0 0.34817708333333336 0.713220675944334 0.008854166666666666 0.018886679920477135
0 0.6729166666666667 0.7221669980119284 0.008333333333333333 0.02882703777335984
0 0.7 0.7435387673956262 0.017708333333333333 0.041749502982107355
0 0.6283854166666667 0.7460238568588469 0.0046875 0.032803180914512925
0 0.48802083333333335 0.7415506958250497 0.009375 0.02186878727634195
0 0.6125 0.7450298210735586 0.008333333333333333 0.018886679920477135
0 0.23723958333333334 0.7534791252485089 0.015104166666666667 0.015904572564612324
0 0.3651041666666667 0.8041749502982107 0.020833333333333332 0.019880715705765408
0 0.04401041666666667 0.8295228628230616 0.011979166666666667 0.016898608349900597
0 0.57421875 0.8300198807157058 0.011979166666666667 0.011928429423459244
0 0.67734375 0.8543737574552683 0.009895833333333333 0.03876739562624255
0 0.6002604166666666 0.8742544731610338 0.009895833333333333 0.02286282306163022
0 0.4830729166666667 0.8807157057654076 0.011979166666666667 0.02982107355864811
0 0.30364583333333334 0.878727634194831 0.01875 0.02584493041749503
0 0.4908854166666667 0.918986083499006 0.008854166666666666 0.02485089463220676
0 0.47265625 0.9368787276341949 0.0109375 0.03479125248508946
0 0.7338541666666667 0.9478131212723658 0.011458333333333333 0.036779324055666
0 0.5463541666666667 0.9831013916500994 0.014583333333333334 0.03180914512922465