0 0.058333333333333334 0.017892644135188866 0.010416666666666666 0.02186878727634195
0 0.36380208333333336 0.1496023856858847 0.005729166666666666 0.036779324055666
0 0.046875 0.20576540755467196 0.009375 0.011928429423459244
0 0.05755208333333333 0.22514910536779323 0.008854166666666666 0.016898608349900597
0 0.03619791666666667 0.2808151093439364 0.013020833333333334 0.020874751491053677
0 0.5375 0.308648111332008 0.015625 0.016898608349900597
0 0.30052083333333335 0.4711729622266402 0.008333333333333333 0.02186878727634195
0 0.07083333333333333 0.5864811133200796 0.007291666666666667 0.017892644135188866
0 0.04453125 0.5964214711729622 0.0171875 0.013916500994035786
0 0.11197916666666667 0.6635188866799204 0.016666666666666666 0.02882703777335984
0 0.048177083333333336 0.9736580516898609 0.021354166666666667 0.04473161033797217