0 0.4270833333333333 0.0268389662027833 0.009375 0.027833001988071572
0 0.8822916666666667 0.029324055666003976 0.013541666666666667 0.012922465208747515
0 0.91875 0.04821073558648111 0.036458333333333336 0.030815109343936383
0 0.08984375 0.04920477137176938 0.018229166666666668 0.0268389662027833
0 0.26015625 0.05417495029821073 0.0078125 0.03876739562624255
0 0.4158854166666667 0.04721669980119284 0.008854166666666666 0.02485089463220676
0 0.27838541666666666 0.06063618290258449 0.011979166666666667 0.04771371769383698
0 0.20416666666666666 0.08001988071570576 0.028125 0.06063618290258449
0 0.14427083333333332 0.07157057654075547 0.014583333333333334 0.03777335984095427
0 0.12005208333333334 0.06908548707753479 0.0046875 0.020874751491053677
0 0.23697916666666666 0.09443339960238568 0.010416666666666666 0.0437375745526839
0 0.8544270833333333 0.09940357852882704 0.018229166666666668 0.02982107355864811
0 0.3971354166666667 0.10984095427435388 0.0109375 0.042743538767395624
0 0.27057291666666666 0.1143141153081511 0.008854166666666666 0.041749502982107355
0 0.13411458333333334 0.10188866799204771 0.0067708333333333336 0.014910536779324055
0 0.5848958333333333 0.11978131212723658 0.015625 0.05069582504970179
0 0.215625 0.11779324055666004 0.025 0.0268389662027833
0 0.17291666666666666 0.12673956262425448 0.014583333333333334 0.040755467196819085
0 0.11354166666666667 0.12176938369781312 0.013541666666666667 0.018886679920477135
0 0.49140625 0.14015904572564614 0.011979166666666667 0.03777335984095427
0 0.83359375 0.13717693836978131 0.0234375 0.027833001988071572
0 0.7140625 0.1411530815109344 0.014583333333333334 0.011928429423459244
0 0.23255208333333333 0.1550695825049702 0.021354166666666667 0.033797216699801194
0 0.78203125 0.14612326043737575 0.011979166666666667 0.015904572564612324
0 0.1578125 0.16699801192842942 0.016666666666666666 0.039761431411530816
0 0.37421875 0.1694831013916501 0.015104166666666667 0.040755467196819085
0 0.3182291666666667 0.18290258449304175 0.008333333333333333 0.04572564612326044
0 0.5299479166666666 0.18290258449304175 0.0067708333333333336 0.03578528827037773
0 0.6880208333333333 0.18041749502982107 0.010416666666666666 0.02485089463220676
0 0.5018229166666667 0.18836978131212723 0.016145833333333335 0.0268389662027833
0 0.10442708333333334 0.20675944333996024 0.021354166666666667 0.039761431411530816
0 0.4239583333333333 0.220675944333996 0.023958333333333335 0.041749502982107355
0 0.7255208333333333 0.2147117296222664 0.022916666666666665 0.02584493041749503
0 0.30104166666666665 0.21520874751491054 0.017708333333333333 0.016898608349900597
0 0.3184895833333333 0.2216699801192843 0.009895833333333333 0.019880715705765408
0 0.21484375 0.23906560636182903 0.0109375 0.040755467196819085
0 0.27786458333333336 0.24652087475149106 0.0078125 0.017892644135188866
0 0.3924479166666667 0.2659045725646123 0.011979166666666667 0.042743538767395624
0 0.8372395833333334 0.2659045725646123 0.030729166666666665 0.02485089463220676
0 0.4125 0.2738568588469185 0.015625 0.030815109343936383
0 0.43984375 0.28330019880715707 0.04010416666666667 0.013916500994035786
0 0.48802083333333335 0.28876739562624254 0.022916666666666665 0.016898608349900597
0 0.3703125 0.3066600397614314 0.014583333333333334 0.014910536779324055
0 0.51953125 0.3782306163021869 0.005729166666666666 0.03479125248508946
0 0.39947916666666666 0.38071570576540753 0.011458333333333333 0.02385685884691849
0 0.47604166666666664 0.38966202783300197 0.010416666666666666 0.02982107355864811
0 0.32473958333333336 0.38916500994035785 0.018229166666666668 0.014910536779324055
0 0.18880208333333334 0.40457256461232605 0.018229166666666668 0.0437375745526839
0 0.3567708333333333 0.40208747514910537 0.014583333333333334 0.02882703777335984
0 0.5700520833333333 0.41699801192842945 0.0078125 0.0268389662027833
0 0.3065104166666667 0.4249502982107356 0.013020833333333334 0.040755467196819085
0 0.3260416666666667 0.4537773359840954 0.025 0.04671968190854871
0 0.15833333333333333 0.4517892644135189 0.021875 0.02882703777335984
0 0.35833333333333334 0.4562624254473161 0.014583333333333334 0.011928429423459244
0 0.29140625 0.4676938369781312 0.0109375 0.02286282306163022
0 0.44192708333333336 0.47862823061630216 0.005729166666666666 0.016898608349900597
0 0.16015625 0.49403578528827036 0.021354166666666667 0.039761431411530816
0 0.2015625 0.48807157057654077 0.009375 0.027833001988071572
0 0.22630208333333332 0.4990059642147117 0.0171875 0.027833001988071572
0 0.3484375 0.5029821073558648 0.009375 0.02186878727634195
0 0.44036458333333334 0.5178926441351889 0.015104166666666667 0.019880715705765408
0 0.21744791666666666 0.5536779324055666 0.016145833333333335 0.019880715705765408
0 0.27890625 0.5581510934393639 0.016145833333333335 0.018886679920477135
0 0.13541666666666666 0.5685884691848907 0.03229166666666667 0.03180914512922465
0 0.40963541666666664 0.5725646123260437 0.016145833333333335 0.013916500994035786
0 0.9677083333333333 0.5825049701789264 0.027083333333333334 0.03180914512922465
0 0.20390625 0.5909542743538767 0.009895833333333333 0.03479125248508946
0 0.3359375 0.584493041749503 0.00625 0.017892644135188866
0 0.4375 0.6078528827037774 0.007291666666666667 0.030815109343936383
0 0.3302083333333333 0.6207753479125249 0.03333333333333333 0.040755467196819085
0 0.5151041666666667 0.6088469184890656 0.014583333333333334 0.012922465208747515
0 0.35911458333333335 0.6158051689860835 0.0140625 0.016898608349900597
0 0.38307291666666665 0.6282306163021869 0.0078125 0.02584493041749503
0 0.5575520833333333 0.6461232604373758 0.013020833333333334 0.04572564612326044
0 0.5953125 0.6510934393638171 0.020833333333333332 0.04771371769383698
0 0.7536458333333333 0.661530815109344 0.025 0.02286282306163022
0 0.42161458333333335 0.6774353876739563 0.009895833333333333 0.04473161033797217
0 0.50625 0.6764413518886679 0.009375 0.03876739562624255
0 0.2953125 0.6694831013916501 0.023958333333333335 0.020874751491053677
0 0.4765625 0.6724652087475149 0.011458333333333333 0.018886679920477135
0 0.6671875 0.6888667992047713 0.019791666666666666 0.03180914512922465
0 0.3458333333333333 0.6893638170974155 0.007291666666666667 0.014910536779324055
0 0.4440104166666667 0.6933399602385686 0.009895833333333333 0.018886679920477135
0 0.46458333333333335 0.7286282306163022 0.01875 0.03180914512922465
0 0.4453125 0.7400596421471173 0.016666666666666666 0.02882703777335984
0 0.37864583333333335 0.7420477137176938 0.011458333333333333 0.016898608349900597
0 0.159375 0.7534791252485089 0.016666666666666666 0.027833001988071572
0 0.30755208333333334 0.7549701789264414 0.013020833333333334 0.018886679920477135
0 0.40625 0.7723658051689861 0.022916666666666665 0.02385685884691849
0 0.18541666666666667 0.782803180914513 0.014583333333333334 0.03479125248508946
0 0.8596354166666667 0.7837972166998012 0.008854166666666666 0.036779324055666
0 0.37213541666666666 0.7823061630218688 0.009895833333333333 0.02385685884691849
0 0.35625 0.7877733598409543 0.0125 0.012922465208747515
0 0.6484375 0.797713717693837 0.014583333333333334 0.0268389662027833
0 0.9046875 0.8205765407554672 0.03125 0.03479125248508946
0 0.5455729166666666 0.8210735586481114 0.0067708333333333336 0.03180914512922465
0 0.4036458333333333 0.8146123260437376 0.020833333333333332 0.014910536779324055
0 0.4395833333333333 0.8185884691848907 0.010416666666666666 0.02286282306163022
0 0.72890625 0.8215705765407555 0.019270833333333334 0.02286282306163022
0 0.31484375 0.8523856858846919 0.015104166666666667 0.0268389662027833
0 0.6729166666666667 0.8812127236580517 0.021875 0.030815109343936383
0 0.621875 0.8866799204771372 0.010416666666666666 0.03578528827037773
0 0.4075520833333333 0.8817097415506958 0.018229166666666668 0.015904572564612324
0 0.32421875 0.8926441351888668 0.0140625 0.02385685884691849
0 0.21119791666666668 0.9120278330019881 0.0140625 0.04473161033797217
0 0.3046875 0.9025844930417495 0.01875 0.02186878727634195
0 0.146875 0.9209741550695825 0.01875 0.04671968190854871
0 0.19557291666666668 0.911530815109344 0.015104166666666667 0.015904572564612324
0 0.25234375 0.9269383697813122 0.009895833333333333 0.04473161033797217
0 0.159375 0.9547713717693836 0.019791666666666666 0.07455268389662027
0 0.7411458333333333 0.937375745526839 0.01875 0.03180914512922465
0 0.3255208333333333 0.9577534791252486 0.016666666666666666 0.02286282306163022
0 0.47317708333333336 0.9637176938369781 0.019270833333333334 0.012922465208747515
0 0.60546875 0.9796222664015904 0.0140625 0.03876739562624255
0 0.28020833333333334 0.9831013916500994 0.019791666666666666 0.019880715705765408
0 0.2171875 0.9880715705765407 0.022916666666666665 0.02186878727634195