0 0.7708333333333334 0.004970178926441352 0.010416666666666666 0.009940357852882704
0 0.8302083333333333 0.0034791252485089465 0.019791666666666666 0.006958250497017893
0 0.8747395833333333 0.009940357852882704 0.0265625 0.019880715705765408
0 0.915625 0.007455268389662028 0.0125 0.014910536779324055
0 0.9700520833333334 0.018389662027833 0.013020833333333334 0.020874751491053677
0 0.7033854166666667 0.027833001988071572 0.022395833333333334 0.02186878727634195
0 0.6619791666666667 0.04473161033797217 0.011458333333333333 0.027833001988071572
0 0.9138020833333333 0.06908548707753479 0.013020833333333334 0.042743538767395624
0 0.5197916666666667 0.06560636182902585 0.009375 0.017892644135188866
0 0.884375 0.08250497017892644 0.010416666666666666 0.02186878727634195
0 0.9244791666666666 0.11083499005964215 0.014583333333333334 0.014910536779324055
0 0.83515625 0.1411530815109344 0.011979166666666667 0.02186878727634195
0 0.7604166666666666 0.17345924453280318 0.011458333333333333 0.016898608349900597
0 0.5716145833333334 0.17395626242544732 0.005729166666666666 0.015904572564612324
0 0.54609375 0.18439363817097415 0.0067708333333333336 0.014910536779324055
0 0.5625 0.18538767395626243 0.005208333333333333 0.016898608349900597
0 0.6770833333333334 0.21073558648111332 0.009375 0.039761431411530816
0 0.74140625 0.20924453280318092 0.0078125 0.016898608349900597
0 0.7997395833333333 0.21520874751491054 0.011979166666666667 0.010934393638170975
0 0.16015625 0.22465208747514911 0.015104166666666667 0.011928429423459244
0 0.8838541666666667 0.23807157057654074 0.010416666666666666 0.0268389662027833
0 0.3734375 0.23409542743538767 0.013541666666666667 0.016898608349900597
0 0.9231770833333334 0.23856858846918488 0.018229166666666668 0.015904572564612324
0 0.7377604166666667 0.24751491053677932 0.011979166666666667 0.019880715705765408
0 0.809375 0.27037773359840955 0.010416666666666666 0.02982107355864811
0 0.6346354166666667 0.3116302186878728 0.0078125 0.018886679920477135
0 0.58828125 0.31510934393638174 0.008854166666666666 0.02186878727634195
0 0.7643229166666666 0.31709741550695825 0.0078125 0.02385685884691849
0 0.6958333333333333 0.32852882703777336 0.008333333333333333 0.020874751491053677
0 0.7536458333333333 0.33300198807157055 0.009375 0.027833001988071572
0 0.77890625 0.3588469184890656 0.0140625 0.019880715705765408
0 0.9658854166666667 0.371272365805169 0.0109375 0.010934393638170975
0 0.98671875 0.37475149105367794 0.019270833333333334 0.015904572564612324
0 0.7234375 0.378727634194831 0.0125 0.015904572564612324
0 0.66171875 0.4025844930417495 0.0171875 0.03180914512922465
0 0.7424479166666667 0.41451292246520877 0.0234375 0.02385685884691849
0 0.81484375 0.42047713717693835 0.0078125 0.02584493041749503
0 0.8440104166666667 0.44433399602385687 0.0203125 0.033797216699801194
0 0.6932291666666667 0.444831013916501 0.016666666666666666 0.030815109343936383
0 0.7885416666666667 0.44831013916500995 0.007291666666666667 0.02385685884691849
0 0.57890625 0.4835984095427435 0.013020833333333334 0.04671968190854871
0 0.75703125 0.47813121272365805 0.009895833333333333 0.02186878727634195
0 0.6971354166666667 0.48906560636182905 0.009895833333333333 0.02186878727634195
0 0.85546875 0.49204771371769385 0.009895833333333333 0.027833001988071572
0 0.8333333333333334 0.4960238568588469 0.007291666666666667 0.02385685884691849
0 0.7635416666666667 0.5044731610337972 0.008333333333333333 0.032803180914512925
0 0.92265625 0.5039761431411531 0.009895833333333333 0.03180914512922465
0 0.8653645833333333 0.5069582504970179 0.008854166666666666 0.02385685884691849
0 0.9578125 0.5298210735586482 0.016666666666666666 0.033797216699801194
0 0.85390625 0.5248508946322068 0.013020833333333334 0.013916500994035786
0 0.09713541666666667 0.5531809145129225 0.008854166666666666 0.03479125248508946
0 0.7385416666666667 0.5596421471172962 0.020833333333333332 0.027833001988071572
0 0.7658854166666667 0.5705765407554672 0.024479166666666666 0.017892644135188866
0 0.5020833333333333 0.5800198807157058 0.00625 0.02485089463220676
0 0.7138020833333333 0.5934393638170974 0.008854166666666666 0.03180914512922465
0 0.7450520833333333 0.5924453280318092 0.0109375 0.013916500994035786
0 0.9299479166666667 0.6093439363817097 0.0109375 0.017892644135188866
0 0.9815104166666667 0.6401590457256461 0.008854166666666666 0.03180914512922465
0 0.9265625 0.6381709741550696 0.0125 0.019880715705765408
0 0.9966145833333333 0.6361829025844931 0.005729166666666666 0.015904572564612324
0 0.5463541666666667 0.6540755467196819 0.010416666666666666 0.041749502982107355
0 0.62890625 0.647117296222664 0.0078125 0.02584493041749503
0 0.37890625 0.654572564612326 0.0109375 0.03479125248508946
0 0.69375 0.6704771371769384 0.029166666666666667 0.02882703777335984
0 0.965625 0.6824055666003976 0.015625 0.048707753479125246
0 0.6640625 0.6819085487077535 0.009375 0.017892644135188866
0 0.3059895833333333 0.7072564612326043 0.0203125 0.036779324055666
0 0.5486979166666667 0.7037773359840954 0.008854166666666666 0.02186878727634195
0 0.58125 0.7082504970178927 0.011458333333333333 0.010934393638170975
0 0.6716145833333333 0.7236580516898609 0.015104166666666667 0.033797216699801194
0 0.8729166666666667 0.7226640159045725 0.007291666666666667 0.02584493041749503
0 0.75 0.7410536779324056 0.004166666666666667 0.0268389662027833
0 0.8505208333333333 0.7703777335984096 0.0375 0.04771371769383698
0 0.6627604166666666 0.7619284294234593 0.0046875 0.02485089463220676
0 0.5049479166666667 0.7639165009940357 0.0171875 0.02286282306163022
0 0.6067708333333334 0.7664015904572564 0.015625 0.019880715705765408
0 0.9510416666666667 0.7693836978131213 0.01875 0.02385685884691849
0 0.6791666666666667 0.7872763419483101 0.005208333333333333 0.03777335984095427
0 0.56953125 0.7823061630218688 0.0203125 0.017892644135188866
0 0.78984375 0.7877733598409543 0.0078125 0.02882703777335984
0 0.8966145833333333 0.790258449304175 0.0067708333333333336 0.033797216699801194
0 0.9083333333333333 0.7857852882703777 0.009375 0.0268389662027833
0 0.7247395833333333 0.7932405566600398 0.0109375 0.019880715705765408
0 0.76875 0.7997017892644135 0.013541666666666667 0.0268389662027833
0 0.740625 0.8121272365805169 0.010416666666666666 0.03180914512922465
0 0.7953125 0.8146123260437376 0.008333333333333333 0.02485089463220676
0 0.9419270833333333 0.8081510934393639 0.0109375 0.009940357852882704
0 0.5127604166666667 0.8156063618290258 0.011979166666666667 0.02286282306163022
0 0.8747395833333333 0.834493041749503 0.0067708333333333336 0.032803180914512925
0 0.6302083333333334 0.8339960238568589 0.009375 0.027833001988071572
0 0.8885416666666667 0.8389662027833003 0.011458333333333333 0.02982107355864811
0 0.5692708333333333 0.8464214711729622 0.019791666666666666 0.036779324055666
0 0.64765625 0.8389662027833003 0.016145833333333335 0.017892644135188866
0 0.80859375 0.8479125248508946 0.016145833333333335 0.03578528827037773
0 0.62578125 0.8747514910536779 0.0140625 0.05765407554671968
0 0.65390625 0.8593439363817097 0.016145833333333335 0.014910536779324055
0 0.9338541666666667 0.8727634194831014 0.007291666666666667 0.027833001988071572
0 0.6138020833333333 0.8782306163021869 0.008854166666666666 0.02485089463220676
0 0.8080729166666667 0.878727634194831 0.015104166666666667 0.013916500994035786
0 0.5611979166666666 0.8807157057654076 0.016145833333333335 0.011928429423459244
0 0.6903645833333333 0.889662027833002 0.021354166666666667 0.03180914512922465
0 0.7635416666666667 0.9000994035785288 0.004166666666666667 0.03876739562624255
0 0.64609375 0.8946322067594433 0.0171875 0.013916500994035786
0 0.7924479166666667 0.9010934393638171 0.0078125 0.012922465208747515
0 0.3921875 0.9160039761431411 0.0125 0.030815109343936383
0 0.584375 0.9184890656063618 0.026041666666666668 0.03578528827037773
0 0.51328125 0.9194831013916501 0.005729166666666666 0.033797216699801194
0 0.59453125 0.9125248508946322 0.0140625 0.011928429423459244
0 0.6450520833333333 0.922962226640159 0.019270833333333334 0.010934393638170975
0 0.5713541666666667 0.9388667992047713 0.014583333333333334 0.03479125248508946
0 0.6796875 0.941351888667992 0.009375 0.011928429423459244
0 0.7447916666666666 0.9552683896620279 0.03125 0.03777335984095427
0 0.7854166666666667 0.9458250497017893 0.021875 0.020874751491053677
0 0.9458333333333333 0.94831013916501 0.00625 0.015904572564612324
0 0.52265625 0.9612326043737575 0.0171875 0.03180914512922465
0 0.7666666666666667 0.9552683896620279 0.013541666666666667 0.019880715705765408
0 0.92578125 0.9537773359840954 0.0171875 0.012922465208747515
0 0.8190104166666666 0.9602385685884692 0.0078125 0.015904572564612324
0 0.8484375 0.9761431411530815 0.01875 0.039761431411530816
0 0.6091145833333333 0.9681908548707754 0.0046875 0.019880715705765408
0 0.3359375 0.9711729622266402 0.016666666666666666 0.02385685884691849
0 0.4473958333333333 0.9736580516898609 0.028125 0.02882703777335984
0 0.5533854166666666 0.9716699801192843 0.0171875 0.02286282306163022
0 0.7950520833333333 0.967196819085487 0.0109375 0.009940357852882704
0 0.7356770833333334 0.9706759443339961 0.0078125 0.014910536779324055
0 0.5747395833333333 0.9835984095427436 0.0109375 0.030815109343936383
0 0.69921875 0.974155069582505 0.005729166666666666 0.011928429423459244
0 0.82265625 0.98558648111332 0.008854166666666666 0.0268389662027833
0 0.9919270833333333 0.989065606361829 0.015104166666666667 0.019880715705765408
0 0.65078125 0.9900596421471173 0.013020833333333334 0.017892644135188866
0 0.7807291666666667 0.9880715705765407 0.015625 0.011928429423459244
0 0.8903645833333333 0.9905566600397614 0.024479166666666666 0.016898608349900597
0 0.7020833333333333 0.9920477137176938 0.007291666666666667 0.013916500994035786
0 0.59609375 0.9930417495029821 0.0171875 0.011928429423459244
0 0.6861979166666666 0.9940357852882704 0.0078125 0.009940357852882704