0 0.38229166666666664 0.01242544731610338 0.014583333333333334 0.02485089463220676
0 0.36822916666666666 0.004970178926441352 0.008333333333333333 0.009940357852882704
0 0.15703125 0.03479125248508946 0.015104166666666667 0.02584493041749503
0 0.8497395833333333 0.03777335984095427 0.013020833333333334 0.02584493041749503
0 0.8296875 0.05168986083499006 0.00625 0.015904572564612324
0 0.08697916666666666 0.06759443339960239 0.009375 0.019880715705765408
0 0.7052083333333333 0.07952286282306163 0.008333333333333333 0.033797216699801194
0 0.4700520833333333 0.08349900596421471 0.0078125 0.027833001988071572
0 0.7138020833333333 0.0874751491053678 0.0109375 0.02584493041749503
0 0.10260416666666666 0.08449304174950298 0.010416666666666666 0.019880715705765408
0 0.8911458333333333 0.09343936381709742 0.021875 0.02186878727634195
0 0.7486979166666666 0.10089463220675944 0.008854166666666666 0.020874751491053677
0 0.8669270833333333 0.11530815109343936 0.0067708333333333336 0.02186878727634195
0 0.08880208333333334 0.11630218687872763 0.0078125 0.013916500994035786
0 0.10989583333333333 0.13518886679920478 0.027083333333333334 0.04572564612326044
0 0.31302083333333336 0.1411530815109344 0.014583333333333334 0.02584493041749503
0 0.18255208333333334 0.13767395626242546 0.0109375 0.016898608349900597
0 0.8213541666666667 0.17445328031809146 0.010416666666666666 0.040755467196819085
0 0.08046875 0.18190854870775347 0.018229166666666668 0.03777335984095427
0 0.378125 0.18986083499005965 0.019791666666666666 0.02186878727634195
0 0.035416666666666666 0.19980119284294234 0.011458333333333333 0.027833001988071572
0 0.13203125 0.2191848906560636 0.0078125 0.030815109343936383
0 0.15286458333333333 0.22117296222664015 0.016145833333333335 0.02286282306163022
0 0.32057291666666665 0.2668986083499006 0.015104166666666667 0.036779324055666
0 0.3059895833333333 0.27634194831013914 0.0067708333333333336 0.02982107355864811
0 0.15286458333333333 0.2823061630218688 0.0109375 0.019880715705765408
0 0.35885416666666664 0.308648111332008 0.011458333333333333 0.036779324055666
0 0.1359375 0.30218687872763417 0.0125 0.017892644135188866
0 0.049479166666666664 0.30318091451292245 0.017708333333333333 0.015904572564612324
0 0.4166666666666667 0.31312127236580517 0.013541666666666667 0.019880715705765408
0 0.11484375 0.3205765407554672 0.0140625 0.032803180914512925
0 0.24114583333333334 0.31709741550695825 0.010416666666666666 0.015904572564612324
0 0.14973958333333334 0.31709741550695825 0.011979166666666667 0.009940357852882704
0 0.3015625 0.32007952286282304 0.011458333333333333 0.013916500994035786
0 0.7752604166666667 0.3404572564612326 0.015104166666666667 0.04473161033797217
0 0.36276041666666664 0.3414512922465209 0.0140625 0.008946322067594433
0 0.019270833333333334 0.36928429423459247 0.0125 0.020874751491053677
0 0.32786458333333335 0.38071570576540753 0.011979166666666667 0.019880715705765408
0 0.15104166666666666 0.38618290258449306 0.005208333333333333 0.0268389662027833
0 0.34921875 0.40059642147117297 0.0036458333333333334 0.02385685884691849
0 0.24427083333333333 0.39314115308151093 0.011458333333333333 0.008946322067594433
0 0.011979166666666667 0.4105367793240557 0.009375 0.019880715705765408
0 0.21276041666666667 0.46371769383697814 0.0171875 0.018886679920477135
0 0.34088541666666666 0.4731610337972167 0.009895833333333333 0.02584493041749503
0 0.57734375 0.48061630218687873 0.011979166666666667 0.018886679920477135
0 0.16197916666666667 0.5308151093439364 0.025 0.015904572564612324
0 0.01328125 0.5606361829025845 0.008854166666666666 0.02186878727634195
0 0.128125 0.5636182902584493 0.014583333333333334 0.011928429423459244
0 0.4513020833333333 0.5820079522862823 0.0078125 0.020874751491053677
0 0.2640625 0.6197813121272365 0.007291666666666667 0.02882703777335984
0 0.14010416666666667 0.6217693836978131 0.0125 0.0268389662027833
0 0.08307291666666666 0.6282306163021869 0.008854166666666666 0.019880715705765408
0 0.19010416666666666 0.6336978131212724 0.014583333333333334 0.018886679920477135
0 0.1203125 0.6312127236580517 0.015625 0.015904572564612324
0 0.5671875 0.632703777335984 0.007291666666666667 0.014910536779324055
0 0.29713541666666665 0.643141153081511 0.0109375 0.013916500994035786
0 0.23802083333333332 0.6600397614314115 0.013541666666666667 0.013916500994035786
0 0.025 0.668986083499006 0.00625 0.02982107355864811
0 0.5807291666666666 0.6650099403578529 0.008333333333333333 0.011928429423459244
0 0.21015625 0.6774353876739563 0.009895833333333333 0.020874751491053677
0 0.25026041666666665 0.6789264413518886 0.016145833333333335 0.015904572564612324
0 0.3953125 0.6998011928429424 0.010416666666666666 0.05168986083499006
0 0.57890625 0.6938369781312127 0.015104166666666667 0.015904572564612324
0 0.4270833333333333 0.7017892644135189 0.00625 0.03180914512922465
0 0.15338541666666666 0.6973161033797217 0.009895833333333333 0.020874751491053677
0 0.140625 0.6998011928429424 0.011458333333333333 0.02186878727634195
0 0.21171875 0.6993041749502982 0.0140625 0.008946322067594433
0 0.3463541666666667 0.7191848906560636 0.023958333333333335 0.03876739562624255
0 0.11328125 0.7112326043737575 0.0171875 0.018886679920477135
0 0.16588541666666667 0.7166998011928429 0.0109375 0.027833001988071572
0 0.0033854166666666668 0.7475149105367793 0.005729166666666666 0.03578528827037773
0 0.2598958333333333 0.7445328031809145 0.008333333333333333 0.019880715705765408
0 0.26015625 0.7798210735586482 0.009895833333333333 0.02882703777335984
0 0.24322916666666666 0.7778330019880716 0.007291666666666667 0.02485089463220676
0 0.20052083333333334 0.794234592445328 0.013541666666666667 0.04970178926441352
0 0.60234375 0.7962226640159046 0.013020833333333334 0.02584493041749503
0 0.7307291666666667 0.8046719681908548 0.00625 0.030815109343936383
0 0.16770833333333332 0.8061630218687873 0.005208333333333333 0.02186878727634195
0 0.10833333333333334 0.8146123260437376 0.017708333333333333 0.03479125248508946
0 0.09010416666666667 0.8265407554671969 0.005208333333333333 0.02286282306163022
0 0.16666666666666666 0.8285288270377733 0.011458333333333333 0.018886679920477135
0 0.12083333333333333 0.8325049701789264 0.011458333333333333 0.018886679920477135
0 0.27734375 0.8697813121272365 0.015104166666666667 0.033797216699801194
0 0.5328125 0.8742544731610338 0.011458333333333333 0.02485089463220676
0 0.19348958333333333 0.8802186878727635 0.013020833333333334 0.018886679920477135
0 0.32421875 0.897117296222664 0.011979166666666667 0.016898608349900597
0 0.25 0.904572564612326 0.016666666666666666 0.02982107355864811
0 0.16614583333333333 0.8951292246520874 0.011458333333333333 0.010934393638170975
0 0.2747395833333333 0.9025844930417495 0.013020833333333334 0.015904572564612324
0 0.684375 0.9060636182902585 0.013541666666666667 0.016898608349900597
0 0.20859375 0.9204771371769384 0.015104166666666667 0.027833001988071572
0 0.34036458333333336 0.9219681908548708 0.015104166666666667 0.010934393638170975
0 0.73984375 0.9408548707753479 0.011979166666666667 0.032803180914512925
0 0.36223958333333334 0.9363817097415507 0.013020833333333334 0.02186878727634195
0 0.43072916666666666 0.9388667992047713 0.00625 0.02286282306163022
0 0.26796875 0.9468190854870775 0.016145833333333335 0.03479125248508946
0 0.44895833333333335 0.9463220675944334 0.004166666666666667 0.02982107355864811
0 0.07265625 0.9473161033797217 0.008854166666666666 0.015904572564612324
0 0.59765625 0.9602385685884692 0.013020833333333334 0.02186878727634195
0 0.36015625 0.9622266401590457 0.015104166666666667 0.017892644135188866
0 0.3359375 0.9587475149105368 0.013541666666666667 0.008946322067594433
0 0.09348958333333333 0.9706759443339961 0.011979166666666667 0.030815109343936383
0 0.4015625 0.9801192842942346 0.0125 0.03777335984095427
0 0.30234375 0.9835984095427436 0.024479166666666666 0.030815109343936383
0 0.4557291666666667 0.9776341948310139 0.010416666666666666 0.012922465208747515
0 0.27395833333333336 0.9850894632206759 0.016666666666666666 0.027833001988071572
0 0.21875 0.98558648111332 0.010416666666666666 0.008946322067594433
0 0.3848958333333333 0.992544731610338 0.007291666666666667 0.012922465208747515