0 0.20807291666666666 0.019383697813121274 0.06822916666666666 0.03876739562624255
0 0.34713541666666664 0.06660039761431412 0.005729166666666666 0.033797216699801194
0 0.17994791666666668 0.06063618290258449 0.009895833333333333 0.013916500994035786
0 0.6184895833333334 0.05964214711729622 0.008854166666666666 0.013916500994035786
0 0.5864583333333333 0.06709741550695825 0.013541666666666667 0.016898608349900597
0 0.019791666666666666 0.08151093439363817 0.011458333333333333 0.03180914512922465
0 0.5291666666666667 0.08797216699801193 0.011458333333333333 0.040755467196819085
0 0.240625 0.09493041749502983 0.01875 0.018886679920477135
0 0.40989583333333335 0.14015904572564614 0.016666666666666666 0.039761431411530816
0 0.3736979166666667 0.147117296222664 0.0203125 0.017892644135188866
0 0.33828125 0.19135188866799205 0.019270833333333334 0.02485089463220676
0 0.7604166666666666 0.20278330019880716 0.013541666666666667 0.027833001988071572
0 0.28489583333333335 0.21769383697813122 0.011458333333333333 0.039761431411530816
0 0.30833333333333335 0.21570576540755468 0.020833333333333332 0.033797216699801194
0 0.37265625 0.2261431411530815 0.016145833333333335 0.03479125248508946
0 0.33125 0.2678926441351889 0.016666666666666666 0.06858846918489066
0 0.3184895833333333 0.27186878727634195 0.0067708333333333336 0.02485089463220676
0 0.3171875 0.3230616302186879 0.015625 0.03777335984095427
0 0.41796875 0.3245526838966203 0.0109375 0.016898608349900597
0 0.37083333333333335 0.35834990059642147 0.011458333333333333 0.036779324055666
0 0.9770833333333333 0.3782306163021869 0.027083333333333334 0.032803180914512925
0 0.3299479166666667 0.37624254473161034 0.0109375 0.018886679920477135
0 0.8692708333333333 0.39015904572564614 0.014583333333333334 0.032803180914512925
0 0.29244791666666664 0.3961232604373757 0.0171875 0.020874751491053677
0 0.41953125 0.40506958250497016 0.013020833333333334 0.0268389662027833
0 0.365625 0.4085487077534791 0.009375 0.02385685884691849
0 0.38619791666666664 0.4304174950298211 0.018229166666666668 0.05765407554671968
0 0.46901041666666665 0.4363817097415507 0.0109375 0.05964214711729622
0 0.23723958333333334 0.41699801192842945 0.008854166666666666 0.014910536779324055
0 0.31979166666666664 0.4209741550695825 0.007291666666666667 0.020874751491053677
0 0.45234375 0.42296222664015903 0.015104166666666667 0.016898608349900597
0 0.35911458333333335 0.4537773359840954 0.016145833333333335 0.06858846918489066
0 0.528125 0.43538767395626243 0.016666666666666666 0.02385685884691849
0 0.24557291666666667 0.4363817097415507 0.0109375 0.02385685884691849
0 0.12708333333333333 0.43588469184890655 0.0125 0.014910536779324055
0 0.61328125 0.4408548707753479 0.011979166666666667 0.02485089463220676
0 0.5958333333333333 0.452286282306163 0.01875 0.02385685884691849
0 0.7098958333333333 0.4507952286282306 0.019791666666666666 0.014910536779324055
0 0.34401041666666665 0.46669980119284293 0.0109375 0.016898608349900597
0 0.24140625 0.46669980119284293 0.0171875 0.012922465208747515
0 0.45677083333333335 0.5009940357852882 0.023958333333333335 0.0437375745526839
0 0.5690104166666666 0.5044731610337972 0.0078125 0.032803180914512925
0 0.7463541666666667 0.5084493041749503 0.016666666666666666 0.032803180914512925
0 0.36171875 0.5099403578528827 0.0036458333333333334 0.02385685884691849
0 0.5263020833333333 0.540258449304175 0.015104166666666667 0.042743538767395624
0 0.6247395833333333 0.55168986083499 0.008854166666666666 0.027833001988071572
0 0.48385416666666664 0.5606361829025845 0.007291666666666667 0.03777335984095427
0 0.38385416666666666 0.5561630218687873 0.014583333333333334 0.018886679920477135
0 0.6080729166666666 0.56610337972167 0.0140625 0.012922465208747515
0 0.3528645833333333 0.5760437375745527 0.0067708333333333336 0.02485089463220676
0 0.32057291666666665 0.5909542743538767 0.0109375 0.02286282306163022
0 0.15807291666666667 0.6138170974155069 0.019270833333333334 0.040755467196819085
0 0.7541666666666667 0.6177932405566601 0.01875 0.040755467196819085
0 0.375 0.6177932405566601 0.014583333333333334 0.020874751491053677
0 0.43984375 0.6317097415506958 0.0078125 0.02485089463220676
0 0.5484375 0.6386679920477137 0.00625 0.03876739562624255
0 0.0109375 0.639662027833002 0.021875 0.030815109343936383
0 0.4703125 0.6386679920477137 0.009375 0.030815109343936383
0 0.3223958333333333 0.6744532803180915 0.020833333333333332 0.040755467196819085
0 0.4473958333333333 0.6704771371769384 0.014583333333333334 0.016898608349900597
0 0.47578125 0.6709741550695825 0.0078125 0.019880715705765408
0 0.259375 0.6789264413518886 0.017708333333333333 0.02385685884691849
0 0.5971354166666667 0.6724652087475149 0.0171875 0.010934393638170975
0 0.2942708333333333 0.6863817097415507 0.01875 0.018886679920477135
0 0.39739583333333334 0.7042743538767395 0.014583333333333334 0.02485089463220676
0 0.196875 0.709741550695825 0.016666666666666666 0.011928429423459244
0 0.29348958333333336 0.7186878727634195 0.013020833333333334 0.02982107355864811
0 0.32083333333333336 0.7112326043737575 0.019791666666666666 0.012922465208747515
0 0.20078125 0.7380715705765407 0.0203125 0.032803180914512925
0 0.4283854166666667 0.7340954274353877 0.022395833333333334 0.016898608349900597
0 0.44427083333333334 0.7519880715705766 0.00625 0.030815109343936383
0 0.66015625 0.7589463220675944 0.0203125 0.042743538767395624
0 0.5565104166666667 0.7490059642147118 0.0234375 0.020874751491053677
0 0.5776041666666667 0.7624254473161034 0.016666666666666666 0.009940357852882704
0 0.4557291666666667 0.7703777335984096 0.017708333333333333 0.02385685884691849
0 0.24635416666666668 0.7738568588469185 0.010416666666666666 0.014910536779324055
0 0.7036458333333333 0.8021868787276342 0.01875 0.03578528827037773
0 0.32916666666666666 0.8101391650099403 0.022916666666666665 0.041749502982107355
0 0.9080729166666667 0.8250497017892644 0.0078125 0.019880715705765408
0 0.24635416666666668 0.8638170974155069 0.014583333333333334 0.027833001988071572
0 0.33255208333333336 0.8757455268389662 0.0171875 0.03578528827037773
0 0.17630208333333333 0.8752485089463221 0.0203125 0.02286282306163022
0 0.4828125 0.8752485089463221 0.014583333333333334 0.02286282306163022
0 0.39453125 0.8916500994035785 0.0067708333333333336 0.03777335984095427
0 0.47161458333333334 0.9289264413518886 0.016145833333333335 0.03876739562624255
0 0.584375 0.937375745526839 0.014583333333333334 0.03578528827037773
0 0.16822916666666668 0.9537773359840954 0.008333333333333333 0.016898608349900597
0 0.23333333333333334 0.9746520874751491 0.011458333333333333 0.03479125248508946
0 0.334375 0.9811133200795229 0.013541666666666667 0.02385685884691849