0 0.012760416666666666 0.024353876739562623 0.0067708333333333336 0.014910536779324055
0 0.8057291666666667 0.03628230616302187 0.008333333333333333 0.02882703777335984
0 0.7299479166666667 0.036779324055666 0.011979166666666667 0.017892644135188866
0 0.20026041666666666 0.041749502982107355 0.015104166666666667 0.017892644135188866
0 0.18020833333333333 0.08250497017892644 0.013541666666666667 0.027833001988071572
0 0.38333333333333336 0.08797216699801193 0.014583333333333334 0.014910536779324055
0 0.5234375 0.091948310139165 0.005208333333333333 0.02286282306163022
0 0.7502604166666667 0.08996023856858847 0.005729166666666666 0.018886679920477135
0 0.9927083333333333 0.09244532803180915 0.013541666666666667 0.017892644135188866
0 0.6619791666666667 0.10337972166998012 0.009375 0.03180914512922465
0 0.5893229166666667 0.10089463220675944 0.005729166666666666 0.02286282306163022
0 0.3609375 0.10834990059642147 0.007291666666666667 0.015904572564612324
0 0.5661458333333333 0.11282306163021869 0.011458333333333333 0.008946322067594433
0 0.38671875 0.12524850894632206 0.0109375 0.011928429423459244
0 0.030208333333333334 0.12922465208747516 0.005208333333333333 0.015904572564612324
0 0.65703125 0.1317097415506958 0.013020833333333334 0.012922465208747515
0 0.09765625 0.1525844930417495 0.009895833333333333 0.02485089463220676
0 0.8276041666666667 0.15109343936381708 0.009375 0.017892644135188866
0 0.44635416666666666 0.16749502982107356 0.009375 0.02882703777335984
0 0.971875 0.16898608349900596 0.030208333333333334 0.033797216699801194
0 0.22447916666666667 0.19035785288270377 0.008333333333333333 0.02882703777335984
0 0.7958333333333333 0.18141153081510936 0.014583333333333334 0.010934393638170975
0 0.37265625 0.18439363817097415 0.009895833333333333 0.012922465208747515
0 0.07317708333333334 0.1978131212723658 0.0078125 0.015904572564612324
0 0.5184895833333333 0.2077534791252485 0.0109375 0.007952286282306162
0 0.8703125 0.2276341948310139 0.011458333333333333 0.019880715705765408
0 0.93671875 0.2286282306163022 0.015104166666666667 0.013916500994035786
0 0.6411458333333333 0.2504970178926441 0.013541666666666667 0.02186878727634195
0 0.58359375 0.2634194831013916 0.008854166666666666 0.02385685884691849
0 0.5356770833333333 0.27186878727634195 0.0140625 0.016898608349900597
0 0.4705729166666667 0.2788270377733598 0.019270833333333334 0.0268389662027833
0 0.7080729166666667 0.2698807157057654 0.011979166666666667 0.006958250497017893
0 0.8395833333333333 0.2738568588469185 0.008333333333333333 0.016898608349900597
0 0.6442708333333333 0.2788270377733598 0.013541666666666667 0.020874751491053677
0 0.6776041666666667 0.2962226640159046 0.010416666666666666 0.033797216699801194
0 0.6252604166666667 0.30069582504970177 0.005729166666666666 0.020874751491053677
0 0.7989583333333333 0.3071570576540755 0.007291666666666667 0.02186878727634195
0 0.8596354166666667 0.32852882703777336 0.0140625 0.020874751491053677
0 0.709375 0.3290258449304175 0.005208333333333333 0.017892644135188866
0 0.603125 0.3305168986083499 0.0125 0.008946322067594433
0 0.6786458333333333 0.3349900596421471 0.0125 0.017892644135188866
0 0.23671875 0.34642147117296224 0.008854166666666666 0.018886679920477135
0 0.7979166666666667 0.3663021868787276 0.014583333333333334 0.02286282306163022
0 0.25052083333333336 0.3772365805168986 0.01875 0.018886679920477135
0 0.8518229166666667 0.397117296222664 0.011979166666666667 0.014910536779324055
0 0.7575520833333333 0.4140159045725646 0.0036458333333333334 0.02882703777335984
0 0.8328125 0.41451292246520877 0.014583333333333334 0.02186878727634195
0 0.8015625 0.42147117296222664 0.010416666666666666 0.033797216699801194
0 0.5361979166666667 0.4274353876739563 0.0109375 0.013916500994035786
0 0.8158854166666667 0.4542743538767396 0.0203125 0.04771371769383698
0 0.11927083333333334 0.4423459244532803 0.009375 0.015904572564612324
0 0.14296875 0.44681908548707755 0.013020833333333334 0.016898608349900597
0 0.18880208333333334 0.4517892644135189 0.0109375 0.012922465208747515
0 0.23125 0.4592445328031809 0.015625 0.02385685884691849
0 0.08151041666666667 0.46322067594433397 0.0171875 0.019880715705765408
0 0.2981770833333333 0.4701789264413519 0.0140625 0.02385685884691849
0 0.7598958333333333 0.4676938369781312 0.009375 0.014910536779324055
0 0.2630208333333333 0.47514910536779326 0.008333333333333333 0.02584493041749503
0 0.34765625 0.4701789264413519 0.019270833333333334 0.011928429423459244
0 0.12682291666666667 0.47813121272365805 0.016145833333333335 0.013916500994035786
0 0.0036458333333333334 0.49403578528827036 0.007291666666666667 0.017892644135188866
0 0.7932291666666667 0.5029821073558648 0.009375 0.03578528827037773
0 0.32369791666666664 0.5009940357852882 0.0078125 0.02584493041749503
0 0.8283854166666667 0.49801192842942343 0.013020833333333334 0.015904572564612324
0 0.21927083333333333 0.5024850894632207 0.0125 0.020874751491053677
0 0.6033854166666667 0.5014910536779325 0.0171875 0.008946322067594433
0 0.7770833333333333 0.5149105367793241 0.008333333333333333 0.02385685884691849
0 0.721875 0.5188866799204771 0.00625 0.015904572564612324
0 0.7348958333333333 0.5318091451292246 0.01875 0.02385685884691849
0 0.8205729166666667 0.5308151093439364 0.0171875 0.02186878727634195
0 0.4549479166666667 0.5492047713717694 0.0140625 0.02286282306163022
0 0.5828125 0.5656063618290258 0.015625 0.013916500994035786
0 0.3653645833333333 0.5834990059642147 0.015104166666666667 0.04572564612326044
0 0.12864583333333332 0.6063618290258449 0.015625 0.03578528827037773
0 0.8403645833333333 0.6197813121272365 0.009895833333333333 0.02286282306163022
0 0.6658854166666667 0.6138170974155069 0.015104166666666667 0.006958250497017893
0 0.36354166666666665 0.6202783300198808 0.009375 0.017892644135188866
0 0.27890625 0.6510934393638171 0.0140625 0.02584493041749503
0 0.17526041666666667 0.6665009940357853 0.008854166666666666 0.0268389662027833
0 0.52578125 0.665506958250497 0.0140625 0.02485089463220676
0 0.7377604166666667 0.6754473161033797 0.009895833333333333 0.016898608349900597
0 0.30625 0.6908548707753479 0.014583333333333334 0.02584493041749503
0 0.5369791666666667 0.713220675944334 0.010416666666666666 0.042743538767395624
0 0.33229166666666665 0.7142147117296223 0.010416666666666666 0.018886679920477135
0 0.4265625 0.7311133200795229 0.013541666666666667 0.010934393638170975
0 0.24609375 0.7375745526838966 0.0171875 0.015904572564612324
0 0.4046875 0.7619284294234593 0.030208333333333334 0.04473161033797217
0 0.7502604166666667 0.7673956262425448 0.0067708333333333336 0.02385685884691849
0 0.5200520833333333 0.7654075546719682 0.013020833333333334 0.011928429423459244
0 0.815625 0.7793240556660039 0.0125 0.02385685884691849
0 0.9638020833333333 0.7723658051689861 0.0078125 0.011928429423459244
0 0.28515625 0.775844930417495 0.0078125 0.010934393638170975
0 0.9770833333333333 0.7788270377733598 0.009375 0.012922465208747515
0 0.31666666666666665 0.794234592445328 0.010416666666666666 0.03777335984095427
0 0.48802083333333335 0.7892644135188867 0.011458333333333333 0.027833001988071572
0 0.34921875 0.7917495029821073 0.008854166666666666 0.016898608349900597
0 0.48359375 0.8255467196819085 0.022395833333333334 0.04473161033797217
0 0.5044270833333333 0.8170974155069582 0.0046875 0.02385685884691849
0 0.5231770833333333 0.8141153081510935 0.0078125 0.017892644135188866
0 0.24921875 0.8166003976143141 0.009895833333333333 0.020874751491053677
0 0.29609375 0.8315109343936382 0.008854166666666666 0.02882703777335984
0 0.42135416666666664 0.8399602385685885 0.016666666666666666 0.033797216699801194
0 0.6419270833333334 0.845427435387674 0.0109375 0.0268389662027833
0 0.5059895833333333 0.8538767395626242 0.008854166666666666 0.039761431411530816
0 0.07682291666666667 0.8588469184890656 0.016145833333333335 0.02982107355864811
0 0.4388020833333333 0.8548707753479126 0.0109375 0.007952286282306162
0 0.92421875 0.8658051689860835 0.016145833333333335 0.03180914512922465
0 0.39427083333333335 0.8613320079522863 0.010416666666666666 0.016898608349900597
0 0.7611979166666667 0.8653081510934394 0.0046875 0.02485089463220676
0 0.3143229166666667 0.8633200795228628 0.008854166666666666 0.018886679920477135
0 0.47994791666666664 0.8682902584493042 0.0067708333333333336 0.02286282306163022
0 0.5346354166666667 0.8702783300198808 0.011979166666666667 0.018886679920477135
0 0.9598958333333333 0.8792246520874751 0.009375 0.0268389662027833
0 0.6390625 0.8742544731610338 0.0125 0.010934393638170975
0 0.7692708333333333 0.8871769383697813 0.010416666666666666 0.016898608349900597
0 0.5203125 0.8881709741550696 0.009375 0.016898608349900597
0 0.5151041666666667 0.9055666003976143 0.029166666666666667 0.02982107355864811
0 0.40677083333333336 0.9100397614314115 0.008333333333333333 0.030815109343936383
0 0.4825520833333333 0.9259443339960238 0.0203125 0.04671968190854871
0 0.28151041666666665 0.9199801192842942 0.009895833333333333 0.0268389662027833
0 0.5419270833333333 0.9194831013916501 0.0046875 0.027833001988071572
0 0.45625 0.9184890656063618 0.011458333333333333 0.017892644135188866
0 0.2557291666666667 0.9249502982107356 0.008333333333333333 0.016898608349900597
0 0.30807291666666664 0.9249502982107356 0.009895833333333333 0.014910536779324055
0 0.58203125 0.9383697813121272 0.0067708333333333336 0.03180914512922465
0 0.42682291666666666 0.937375745526839 0.0078125 0.02385685884691849
0 0.5044270833333333 0.952286282306163 0.016145833333333335 0.04771371769383698
0 0.8861979166666667 0.93389662027833 0.0109375 0.010934393638170975
0 0.5247395833333334 0.9507952286282306 0.021354166666666667 0.040755467196819085
0 0.48020833333333335 0.9493041749502982 0.010416666666666666 0.03578528827037773
0 0.68515625 0.9527833001988072 0.016145833333333335 0.02882703777335984
0 0.13307291666666668 0.9547713717693836 0.016145833333333335 0.02286282306163022
0 0.17864583333333334 0.9781312127236581 0.020833333333333332 0.033797216699801194
0 0.25807291666666665 0.967196819085487 0.0171875 0.009940357852882704
0 0.86171875 0.9761431411530815 0.009895833333333333 0.027833001988071572
0 0.51171875 0.9840954274353877 0.018229166666666668 0.017892644135188866
0 0.6403645833333333 0.9880715705765407 0.011979166666666667 0.02186878727634195