0 0.97734375 0.01143141153081511 0.024479166666666666 0.02286282306163022
0 0.7536458333333333 0.007952286282306162 0.01875 0.015904572564612324
0 0.7244791666666667 0.01143141153081511 0.019791666666666666 0.02286282306163022
0 0.2635416666666667 0.015407554671968192 0.016666666666666666 0.020874751491053677
0 0.06458333333333334 0.03628230616302187 0.017708333333333333 0.03479125248508946
0 0.13541666666666666 0.03429423459244533 0.011458333333333333 0.02485089463220676
0 0.49609375 0.05964214711729622 0.005729166666666666 0.039761431411530816
0 0.15390625 0.06809145129224652 0.015104166666666667 0.016898608349900597
0 0.9059895833333333 0.09990059642147117 0.015104166666666667 0.018886679920477135
0 0.7174479166666666 0.11381709741550695 0.013020833333333334 0.010934393638170975
0 0.71484375 0.1496023856858847 0.0265625 0.02882703777335984
0 0.4161458333333333 0.1595427435387674 0.005208333333333333 0.0268389662027833
0 0.20364583333333333 0.15854870775347912 0.013541666666666667 0.016898608349900597
0 0.18489583333333334 0.20427435387673956 0.007291666666666667 0.030815109343936383
0 0.028125 0.20427435387673956 0.011458333333333333 0.020874751491053677
0 0.3690104166666667 0.220675944333996 0.009895833333333333 0.02186878727634195
0 0.6286458333333333 0.2524850894632207 0.008333333333333333 0.027833001988071572
0 0.46432291666666664 0.2664015904572565 0.009895833333333333 0.019880715705765408
0 0.06015625 0.29025844930417494 0.011979166666666667 0.02186878727634195
0 0.87109375 0.2957256461232604 0.0203125 0.016898608349900597
0 0.9333333333333333 0.31262425447316106 0.017708333333333333 0.04671968190854871
0 0.12291666666666666 0.32703777335984097 0.014583333333333334 0.02385685884691849
0 0.7950520833333333 0.3349900596421471 0.0171875 0.017892644135188866
0 0.7768229166666667 0.3429423459244533 0.011979166666666667 0.015904572564612324
0 0.8151041666666666 0.3573558648111332 0.028125 0.02485089463220676
0 0.15130208333333334 0.3588469184890656 0.0046875 0.02186878727634195
0 0.6520833333333333 0.37922465208747513 0.007291666666666667 0.02286282306163022
0 0.8020833333333334 0.4085487077534791 0.025 0.02982107355864811
0 0.13307291666666668 0.42196819085487075 0.0140625 0.012922465208747515
0 0.3416666666666667 0.4577534791252485 0.009375 0.02286282306163022
0 0.46145833333333336 0.4542743538767396 0.010416666666666666 0.009940357852882704
0 0.8723958333333334 0.4721669980119284 0.007291666666666667 0.027833001988071572
0 0.85546875 0.4821073558648111 0.013020833333333334 0.03180914512922465
0 0.55859375 0.4900596421471173 0.0234375 0.027833001988071572
0 0.5161458333333333 0.48111332007952284 0.010416666666666666 0.009940357852882704
0 0.7815104166666667 0.48956262425447317 0.013020833333333334 0.020874751491053677
0 0.48515625 0.49801192842942343 0.011979166666666667 0.019880715705765408
0 0.66484375 0.5188866799204771 0.015104166666666667 0.011928429423459244
0 0.014583333333333334 0.5362823061630219 0.020833333333333332 0.042743538767395624
0 0.5091145833333334 0.562624254473161 0.013020833333333334 0.039761431411530816
0 0.7546875 0.558648111332008 0.019791666666666666 0.027833001988071572
0 0.8346354166666666 0.5561630218687873 0.019270833333333334 0.016898608349900597
0 0.47552083333333334 0.5601391650099403 0.007291666666666667 0.012922465208747515
0 0.69296875 0.5685884691848907 0.005729166666666666 0.02385685884691849
0 0.5557291666666667 0.5690854870775348 0.015625 0.02485089463220676
0 0.4640625 0.5631212723658051 0.008333333333333333 0.012922465208747515
0 0.57421875 0.5705765407554672 0.008854166666666666 0.02186878727634195
0 0.20286458333333332 0.5735586481113321 0.016145833333333335 0.011928429423459244
0 0.8453125 0.5834990059642147 0.016666666666666666 0.015904572564612324
0 0.8984375 0.5949304174950298 0.019791666666666666 0.0268389662027833
0 0.41796875 0.5979125248508946 0.0067708333333333336 0.02882703777335984
0 0.57265625 0.6038767395626242 0.015104166666666667 0.030815109343936383
0 0.6901041666666666 0.5974155069582505 0.011458333333333333 0.013916500994035786
0 0.8776041666666666 0.5994035785288271 0.020833333333333332 0.015904572564612324
0 0.53046875 0.6048707753479126 0.0109375 0.02286282306163022
0 0.5200520833333333 0.606858846918489 0.0036458333333333334 0.02286282306163022
0 0.5471354166666667 0.606858846918489 0.0140625 0.014910536779324055
0 0.49973958333333335 0.6187872763419483 0.0140625 0.036779324055666
0 0.9966145833333333 0.628727634194831 0.0067708333333333336 0.05467196819085487
0 0.6755208333333333 0.6182902584493042 0.004166666666666667 0.02584493041749503
0 0.47682291666666665 0.6252485089463221 0.018229166666666668 0.033797216699801194
0 0.8776041666666666 0.6277335984095428 0.011458333333333333 0.014910536779324055
0 0.5791666666666667 0.6481113320079522 0.015625 0.0437375745526839
0 0.54296875 0.6441351888667992 0.0140625 0.03578528827037773
0 0.8606770833333334 0.6371769383697813 0.013020833333333334 0.015904572564612324
0 0.95234375 0.6456262425447317 0.016145833333333335 0.02485089463220676
0 0.5216145833333333 0.6446322067594433 0.011979166666666667 0.020874751491053677
0 0.4127604166666667 0.6530815109343936 0.0140625 0.017892644135188866
0 0.9135416666666667 0.6784294234592445 0.016666666666666666 0.04473161033797217
0 0.6736979166666667 0.6739562624254473 0.018229166666666668 0.03180914512922465
0 0.5213541666666667 0.6724652087475149 0.008333333333333333 0.012922465208747515
0 0.9432291666666667 0.6769383697813122 0.017708333333333333 0.019880715705765408
0 0.019270833333333334 0.691351888667992 0.01875 0.03876739562624255
0 0.92734375 0.6858846918489065 0.009895833333333333 0.02584493041749503
0 0.7463541666666667 0.6794234592445328 0.016666666666666666 0.010934393638170975
0 0.64921875 0.6848906560636183 0.016145833333333335 0.011928429423459244
0 0.6265625 0.6998011928429424 0.015625 0.033797216699801194
0 0.7166666666666667 0.6988071570576541 0.009375 0.02186878727634195
0 0.47890625 0.6963220675944334 0.016145833333333335 0.018886679920477135
0 0.74453125 0.7176938369781312 0.019270833333333334 0.04771371769383698
0 0.65703125 0.7176938369781312 0.0109375 0.039761431411530816
0 0.8486979166666667 0.7082504970178927 0.0203125 0.016898608349900597
0 0.28151041666666665 0.7196819085487077 0.009895833333333333 0.015904572564612324
0 0.48359375 0.7191848906560636 0.0109375 0.012922465208747515
0 0.11171875 0.7321073558648111 0.016145833333333335 0.02485089463220676
0 0.71015625 0.7365805168986084 0.0078125 0.03180914512922465
0 0.6408854166666667 0.7340954274353877 0.009895833333333333 0.02286282306163022
0 0.6197916666666666 0.7326043737574552 0.022916666666666665 0.017892644135188866
0 0.41901041666666666 0.7375745526838966 0.0171875 0.02982107355864811
0 0.66796875 0.7405566600397614 0.015104166666666667 0.02186878727634195
0 0.94921875 0.7485089463220675 0.011979166666666667 0.02982107355864811
0 0.8815104166666666 0.7534791252485089 0.016145833333333335 0.03578528827037773
0 0.77734375 0.7624254473161034 0.009895833333333333 0.03180914512922465
0 0.84921875 0.7788270377733598 0.009895833333333333 0.042743538767395624
0 0.48203125 0.7668986083499006 0.011979166666666667 0.016898608349900597
0 0.4200520833333333 0.7668986083499006 0.0171875 0.010934393638170975
0 0.68671875 0.7733598409542743 0.009895833333333333 0.02186878727634195
0 0.5572916666666666 0.7738568588469185 0.008333333333333333 0.02286282306163022
0 0.5744791666666667 0.7803180914512923 0.022916666666666665 0.02186878727634195
0 0.4700520833333333 0.7892644135188867 0.013020833333333334 0.02982107355864811
0 0.4109375 0.7862823061630219 0.0125 0.015904572564612324
0 0.63203125 0.7932405566600398 0.015104166666666667 0.013916500994035786
0 0.26197916666666665 0.8081510934393639 0.019791666666666666 0.02584493041749503
0 0.5895833333333333 0.8230616302186878 0.022916666666666665 0.03180914512922465
0 0.5122395833333333 0.8235586481113321 0.008854166666666666 0.03479125248508946
0 0.3958333333333333 0.8180914512922465 0.011458333333333333 0.02385685884691849
0 0.6127604166666667 0.8290258449304175 0.0046875 0.02385685884691849
0 0.5325520833333334 0.831013916500994 0.0067708333333333336 0.02584493041749503
0 0.490625 0.8260437375745527 0.007291666666666667 0.013916500994035786
0 0.8424479166666666 0.8255467196819085 0.0171875 0.010934393638170975
0 0.359375 0.8563618290258449 0.010416666666666666 0.05467196819085487
0 0.5611979166666666 0.8479125248508946 0.0234375 0.02584493041749503
0 0.76484375 0.8518886679920478 0.005729166666666666 0.027833001988071572
0 0.4984375 0.8464214711729622 0.009375 0.016898608349900597
0 0.2950520833333333 0.8563618290258449 0.019270833333333334 0.0268389662027833
0 0.53984375 0.8608349900596421 0.0078125 0.027833001988071572
0 0.6315104166666666 0.8563618290258449 0.0171875 0.012922465208747515
0 0.5075520833333333 0.8692842942345924 0.015104166666666667 0.012922465208747515
0 0.63359375 0.8767395626242545 0.0140625 0.009940357852882704
0 0.20572916666666666 0.8886679920477137 0.010416666666666666 0.033797216699801194
0 0.7421875 0.8841948310139165 0.013541666666666667 0.012922465208747515
0 0.66328125 0.8946322067594433 0.0171875 0.015904572564612324
0 0.029947916666666668 0.918986083499006 0.019270833333333334 0.02882703777335984
0 0.9994791666666667 0.9537773359840954 0.0010416666666666667 0.09045725646123261
0 0.32317708333333334 0.9244532803180915 0.016145833333333335 0.033797216699801194
0 0.5169270833333334 0.9383697813121272 0.0067708333333333336 0.027833001988071572
0 0.8927083333333333 0.9393638170974155 0.007291666666666667 0.027833001988071572
0 0.7885416666666667 0.94831013916501 0.021875 0.02385685884691849
0 0.16015625 0.9617296222664016 0.024479166666666666 0.03479125248508946
0 0.3109375 0.9761431411530815 0.022916666666666665 0.04572564612326044
0 0.5184895833333333 0.9761431411530815 0.021354166666666667 0.02186878727634195
0 0.028385416666666666 0.9880715705765407 0.024479166666666666 0.02186878727634195
0 0.5494791666666666 0.992544731610338 0.013541666666666667 0.012922465208747515