0 0.07604166666666666 0.011928429423459244 0.014583333333333334 0.02385685884691849
0 0.17526041666666667 0.003976143141153081 0.0109375 0.007952286282306162
0 0.98828125 0.009940357852882704 0.022395833333333334 0.019880715705765408
0 0.8510416666666667 0.025347912524850896 0.0125 0.0268389662027833
0 0.7794270833333333 0.022365805168986085 0.008854166666666666 0.012922465208747515
0 0.48046875 0.03429423459244533 0.0078125 0.018886679920477135
0 0.52109375 0.04473161033797217 0.016145833333333335 0.015904572564612324
0 0.9989583333333333 0.08648111332007952 0.0010416666666666667 0.05964214711729622
0 0.5083333333333333 0.06461232604373758 0.014583333333333334 0.011928429423459244
0 0.3924479166666667 0.0805168986083499 0.0046875 0.02186878727634195
0 0.13515625 0.09791252485089463 0.0140625 0.016898608349900597
0 0.909375 0.10884691848906561 0.014583333333333334 0.020874751491053677
0 0.48984375 0.11083499005964215 0.0171875 0.012922465208747515
0 0.31484375 0.11878727634194831 0.013020833333333334 0.020874751491053677
0 0.7864583333333334 0.12624254473161034 0.015625 0.009940357852882704
0 0.35651041666666666 0.14015904572564614 0.0067708333333333336 0.02982107355864811
0 0.98984375 0.14463220675944333 0.019270833333333334 0.036779324055666
0 0.92109375 0.1441351888667992 0.0067708333333333336 0.017892644135188866
0 0.15911458333333334 0.1525844930417495 0.0078125 0.0268389662027833
0 0.9736979166666667 0.14612326043737575 0.008854166666666666 0.013916500994035786
0 0.2375 0.1496023856858847 0.011458333333333333 0.014910536779324055
0 0.47708333333333336 0.15109343936381708 0.020833333333333332 0.011928429423459244
0 0.9268229166666667 0.17047713717693838 0.008854166666666666 0.03479125248508946
0 0.41041666666666665 0.1749502982107356 0.007291666666666667 0.02584493041749503
0 0.5526041666666667 0.1694831013916501 0.017708333333333333 0.012922465208747515
0 0.23098958333333333 0.1824055666003976 0.009895833333333333 0.014910536779324055
0 0.32578125 0.18886679920477137 0.013020833333333334 0.027833001988071572
0 0.4317708333333333 0.18687872763419483 0.009375 0.02584493041749503
0 0.9356770833333333 0.19980119284294234 0.0109375 0.02385685884691849
0 0.5390625 0.21570576540755468 0.01875 0.02584493041749503
0 0.77734375 0.20874751491053678 0.0109375 0.011928429423459244
0 0.10885416666666667 0.21968190854870775 0.016666666666666666 0.02385685884691849
0 0.8520833333333333 0.2216699801192843 0.008333333333333333 0.02385685884691849
0 0.9880208333333333 0.22564612326043737 0.014583333333333334 0.019880715705765408
0 0.21927083333333333 0.2276341948310139 0.00625 0.017892644135188866
0 0.31536458333333334 0.24403578528827038 0.027604166666666666 0.036779324055666
0 0.24817708333333333 0.24254473161033796 0.011979166666666667 0.027833001988071572
0 0.3770833333333333 0.23260437375745527 0.015625 0.009940357852882704
0 0.73203125 0.23906560636182903 0.0140625 0.012922465208747515
0 0.7520833333333333 0.24353876739562624 0.00625 0.019880715705765408
0 0.7869791666666667 0.24453280318091453 0.008333333333333333 0.015904572564612324
0 0.19088541666666667 0.25 0.013020833333333334 0.02485089463220676
0 0.21796875 0.24751491053677932 0.005729166666666666 0.015904572564612324
0 0.6541666666666667 0.25 0.011458333333333333 0.014910536779324055
0 0.3692708333333333 0.25944333996023855 0.007291666666666667 0.02186878727634195
0 0.7205729166666667 0.2668986083499006 0.005729166666666666 0.020874751491053677
0 0.89765625 0.2698807157057654 0.0140625 0.012922465208747515
0 0.28151041666666665 0.2837972166998012 0.0078125 0.0268389662027833
0 0.88671875 0.2803180914512923 0.011979166666666667 0.02186878727634195
0 0.8091145833333333 0.28727634194831014 0.013020833333333334 0.03180914512922465
0 0.928125 0.3136182902584493 0.013541666666666667 0.016898608349900597
0 0.7265625 0.3190854870775348 0.013541666666666667 0.009940357852882704
0 0.4856770833333333 0.3275347912524851 0.016145833333333335 0.008946322067594433
0 0.11510416666666666 0.341948310139165 0.011458333333333333 0.033797216699801194
0 0.5596354166666667 0.34343936381709744 0.011979166666666667 0.036779324055666
0 0.61796875 0.33250497017892644 0.011979166666666667 0.014910536779324055
0 0.39817708333333335 0.3394632206759443 0.0140625 0.02485089463220676
0 0.3026041666666667 0.3364811133200795 0.009375 0.012922465208747515
0 0.7705729166666667 0.3404572564612326 0.0046875 0.018886679920477135
0 0.6916666666666667 0.34393638170974156 0.005208333333333333 0.02186878727634195
0 0.7296875 0.34592445328031807 0.023958333333333335 0.013916500994035786
0 0.6143229166666667 0.3503976143141153 0.011979166666666667 0.018886679920477135
0 0.9635416666666666 0.3503976143141153 0.011458333333333333 0.018886679920477135
0 0.7572916666666667 0.3523856858846918 0.010416666666666666 0.018886679920477135
0 0.9106770833333333 0.35636182902584496 0.018229166666666668 0.012922465208747515
0 0.6252604166666667 0.3658051689860835 0.0140625 0.02584493041749503
0 0.6005208333333333 0.3841948310139165 0.011458333333333333 0.02882703777335984
0 0.8692708333333333 0.3832007952286282 0.010416666666666666 0.018886679920477135
0 0.8828125 0.3866799204771372 0.007291666666666667 0.02385685884691849
0 0.734375 0.3841948310139165 0.010416666666666666 0.008946322067594433
0 0.92734375 0.40407554671968193 0.005729166666666666 0.02485089463220676
0 0.5796875 0.3991053677932406 0.015625 0.010934393638170975
0 0.9088541666666666 0.4095427435387674 0.020833333333333332 0.033797216699801194
0 0.5338541666666666 0.408051689860835 0.017708333333333333 0.018886679920477135
0 0.28072916666666664 0.4095427435387674 0.017708333333333333 0.011928429423459244
0 0.6359375 0.4140159045725646 0.020833333333333332 0.020874751491053677
0 0.375 0.4179920477137177 0.004166666666666667 0.02485089463220676
0 0.9924479166666667 0.41699801192842945 0.0140625 0.018886679920477135
0 0.86953125 0.4209741550695825 0.0109375 0.014910536779324055
0 0.35 0.4304174950298211 0.010416666666666666 0.017892644135188866
0 0.4822916666666667 0.43687872763419483 0.017708333333333333 0.030815109343936383
0 0.21432291666666667 0.42992047713717696 0.009895833333333333 0.008946322067594433
0 0.8416666666666667 0.45029821073558646 0.004166666666666667 0.027833001988071572
0 0.5533854166666666 0.4587475149105368 0.0078125 0.02485089463220676
0 0.5263020833333333 0.46421471172962225 0.0046875 0.03180914512922465
0 0.27734375 0.46669980119284293 0.0234375 0.018886679920477135
0 0.4328125 0.47763419483101394 0.013541666666666667 0.040755467196819085
0 0.5684895833333333 0.47763419483101394 0.0171875 0.03876739562624255
0 0.48020833333333335 0.47962226640159045 0.008333333333333333 0.030815109343936383
0 0.6473958333333333 0.47862823061630216 0.0125 0.0268389662027833
0 0.5109375 0.47514910536779326 0.004166666666666667 0.017892644135188866
0 0.54296875 0.47962226640159045 0.015104166666666667 0.020874751491053677
0 0.96328125 0.47664015904572565 0.0140625 0.012922465208747515
0 0.78984375 0.49254473161033796 0.0067708333333333336 0.02286282306163022
0 0.9333333333333333 0.49652087475149104 0.009375 0.02485089463220676
0 0.03854166666666667 0.4955268389662028 0.007291666666666667 0.016898608349900597
0 0.7044270833333334 0.4970178926441352 0.0109375 0.019880715705765408
0 0.28932291666666665 0.507455268389662 0.015104166666666667 0.014910536779324055
0 0.22942708333333334 0.525844930417495 0.016145833333333335 0.013916500994035786
0 0.38203125 0.5357852882703777 0.005729166666666666 0.02584493041749503
0 0.11223958333333334 0.5377733598409543 0.0067708333333333336 0.027833001988071572
0 0.50078125 0.5352882703777336 0.005729166666666666 0.02286282306163022
0 0.55078125 0.5347912524850894 0.0067708333333333336 0.019880715705765408
0 0.6536458333333334 0.5511928429423459 0.008333333333333333 0.048707753479125246
0 0.35859375 0.5447316103379721 0.011979166666666667 0.02982107355864811
0 0.47265625 0.5482107355864811 0.019270833333333334 0.02485089463220676
0 0.37786458333333334 0.5636182902584493 0.015104166666666667 0.041749502982107355
0 0.20494791666666667 0.5576540755467196 0.0109375 0.027833001988071572
0 0.8953125 0.555168986083499 0.011458333333333333 0.016898608349900597
0 0.15703125 0.5611332007952287 0.0078125 0.0268389662027833
0 0.5171875 0.5611332007952287 0.00625 0.02485089463220676
0 0.23359375 0.5646123260437376 0.018229166666666668 0.027833001988071572
0 0.76875 0.5601391650099403 0.007291666666666667 0.020874751491053677
0 0.9299479166666667 0.5715705765407555 0.0078125 0.02982107355864811
0 0.28203125 0.5735586481113321 0.021354166666666667 0.027833001988071572
0 0.5359375 0.5795228628230616 0.011458333333333333 0.03578528827037773
0 0.9638020833333333 0.5899602385685885 0.0140625 0.05467196819085487
0 0.34713541666666664 0.5859840954274353 0.0078125 0.04473161033797217
0 0.75859375 0.5780318091451292 0.0109375 0.02882703777335984
0 0.7903645833333334 0.5750497017892644 0.0078125 0.010934393638170975
0 0.8895833333333333 0.5765407554671969 0.014583333333333334 0.009940357852882704
0 0.7223958333333333 0.5894632206759444 0.009375 0.02584493041749503
0 0.9473958333333333 0.5830019880715706 0.01875 0.014910536779324055
0 0.15442708333333333 0.588469184890656 0.0234375 0.017892644135188866
0 0.05520833333333333 0.591948310139165 0.008333333333333333 0.018886679920477135
0 0.2911458333333333 0.5984095427435387 0.008333333333333333 0.017892644135188866
0 0.44479166666666664 0.6018886679920478 0.019791666666666666 0.02286282306163022
0 0.25390625 0.6108349900596421 0.0140625 0.02882703777335984
0 0.6817708333333333 0.6312127236580517 0.01875 0.04970178926441352
0 0.6083333333333333 0.6217693836978131 0.008333333333333333 0.02485089463220676
0 0.63125 0.6247514910536779 0.005208333333333333 0.02882703777335984
0 0.45078125 0.6307157057654076 0.0036458333333333334 0.020874751491053677
0 0.5453125 0.6426441351888668 0.00625 0.02485089463220676
0 0.25234375 0.6371769383697813 0.0140625 0.009940357852882704
0 0.57578125 0.6540755467196819 0.013020833333333334 0.03180914512922465
0 0.7606770833333333 0.6466202783300199 0.0036458333333333334 0.018886679920477135
0 0.47604166666666664 0.6640159045725647 0.013541666666666667 0.033797216699801194
0 0.99375 0.6714711729622267 0.011458333333333333 0.03876739562624255
0 0.24010416666666667 0.6660039761431411 0.008333333333333333 0.015904572564612324
0 0.7182291666666667 0.6684890656063618 0.009375 0.02286282306163022
0 0.3268229166666667 0.6734592445328031 0.019270833333333334 0.0268389662027833
0 0.7411458333333333 0.6694831013916501 0.014583333333333334 0.012922465208747515
0 0.7635416666666667 0.6734592445328031 0.0125 0.012922465208747515
0 0.7885416666666667 0.6789264413518886 0.009375 0.015904572564612324
0 0.44557291666666665 0.6814115308151093 0.019270833333333334 0.010934393638170975
0 0.92890625 0.6893638170974155 0.016145833333333335 0.02882703777335984
0 0.0026041666666666665 0.68389662027833 0.005208333333333333 0.013916500994035786
0 0.5791666666666667 0.69831013916501 0.030208333333333334 0.042743538767395624
0 0.7278645833333334 0.6893638170974155 0.009895833333333333 0.016898608349900597
0 0.03177083333333333 0.7087475149105368 0.013541666666666667 0.04771371769383698
0 0.8716145833333333 0.7052683896620279 0.016145833333333335 0.014910536779324055
0 0.3421875 0.7221669980119284 0.007291666666666667 0.03876739562624255
0 0.4596354166666667 0.7137176938369781 0.015104166666666667 0.015904572564612324
0 0.8135416666666667 0.7191848906560636 0.00625 0.020874751491053677
0 0.9875 0.7266401590457257 0.016666666666666666 0.02982107355864811
0 0.6122395833333333 0.7246520874751491 0.015104166666666667 0.02186878727634195
0 0.49609375 0.7256461232604374 0.015104166666666667 0.013916500994035786
0 0.13515625 0.7281312127236581 0.0109375 0.012922465208747515
0 0.16276041666666666 0.7415506958250497 0.016145833333333335 0.03777335984095427
0 0.8421875 0.7410536779324056 0.01875 0.02882703777335984
0 0.9231770833333334 0.7445328031809145 0.024479166666666666 0.027833001988071572
0 0.6744791666666666 0.7430417495029821 0.005208333333333333 0.018886679920477135
0 0.8794270833333333 0.7385685884691849 0.0140625 0.009940357852882704
0 0.65078125 0.7753479125248509 0.027604166666666666 0.06759443339960239
0 0.7369791666666666 0.7554671968190855 0.010416666666666666 0.015904572564612324
0 0.4635416666666667 0.7594433399602386 0.013541666666666667 0.019880715705765408
0 0.5174479166666667 0.7619284294234593 0.018229166666666668 0.018886679920477135
0 0.66484375 0.7629224652087475 0.005729166666666666 0.018886679920477135
0 0.2635416666666667 0.7743538767395626 0.007291666666666667 0.027833001988071572
0 0.9625 0.7723658051689861 0.00625 0.015904572564612324
0 0.5997395833333333 0.7857852882703777 0.0109375 0.03876739562624255
0 0.4473958333333333 0.7798210735586482 0.0125 0.020874751491053677
0 0.6825520833333333 0.7763419483101391 0.0067708333333333336 0.013916500994035786
0 0.6705729166666666 0.782803180914513 0.0067708333333333336 0.018886679920477135
0 0.8705729166666667 0.7803180914512923 0.022395833333333334 0.015904572564612324
0 0.43984375 0.8041749502982107 0.013020833333333334 0.015904572564612324
0 0.5302083333333333 0.8036779324055666 0.010416666666666666 0.010934393638170975
0 0.42734375 0.81610337972167 0.0171875 0.03180914512922465
0 0.5072916666666667 0.812624254473161 0.015625 0.020874751491053677
0 0.54921875 0.8146123260437376 0.0067708333333333336 0.02485089463220676
0 0.28125 0.8205765407554672 0.019791666666666666 0.02286282306163022
0 0.48828125 0.8180914512922465 0.0109375 0.009940357852882704
0 0.75234375 0.8190854870775348 0.015104166666666667 0.013916500994035786
0 0.5927083333333333 0.8255467196819085 0.008333333333333333 0.018886679920477135
0 0.5231770833333333 0.8429423459244533 0.015104166666666667 0.013916500994035786
0 0.6513020833333333 0.8513916500994035 0.0234375 0.02485089463220676
0 0.5958333333333333 0.852882703777336 0.015625 0.015904572564612324
0 0.011458333333333333 0.8598409542743539 0.01875 0.019880715705765408
0 0.4197916666666667 0.8732604373757455 0.015625 0.04671968190854871
0 0.5036458333333333 0.8777335984095428 0.03229166666666667 0.04970178926441352
0 0.5338541666666666 0.8638170974155069 0.007291666666666667 0.02385685884691849
0 0.9588541666666667 0.8687872763419483 0.0125 0.027833001988071572
0 0.7583333333333333 0.8742544731610338 0.03125 0.032803180914512925
0 0.64140625 0.8802186878727635 0.013020833333333334 0.03479125248508946
0 0.37916666666666665 0.8722664015904572 0.017708333333333333 0.014910536779324055
0 0.34348958333333335 0.8851888667992047 0.011979166666666667 0.032803180914512925
0 0.09583333333333334 0.8846918489065606 0.017708333333333333 0.02385685884691849
0 0.6203125 0.8936381709741551 0.014583333333333334 0.03777335984095427
0 0.28463541666666664 0.8871769383697813 0.018229166666666668 0.02286282306163022
0 0.5848958333333333 0.889662027833002 0.015625 0.027833001988071572
0 0.59921875 0.8951292246520874 0.009895833333333333 0.03479125248508946
0 0.9630208333333333 0.8951292246520874 0.020833333333333332 0.018886679920477135
0 0.18645833333333334 0.9050695825049702 0.017708333333333333 0.02882703777335984
0 0.48463541666666665 0.9060636182902585 0.011979166666666667 0.030815109343936383
0 0.66640625 0.9035785288270378 0.0109375 0.027833001988071572
0 0.8604166666666667 0.9174950298210736 0.010416666666666666 0.02186878727634195
0 0.74921875 0.9174950298210736 0.0109375 0.017892644135188866
0 0.9463541666666667 0.9239562624254473 0.022916666666666665 0.030815109343936383
0 0.2109375 0.918986083499006 0.021875 0.018886679920477135
0 0.6106770833333334 0.9244532803180915 0.005729166666666666 0.02982107355864811
0 0.9838541666666667 0.9204771371769384 0.017708333333333333 0.017892644135188866
0 0.019010416666666665 0.9333996023856859 0.0234375 0.039761431411530816
0 0.8260416666666667 0.9234592445328031 0.014583333333333334 0.015904572564612324
0 0.6526041666666667 0.9333996023856859 0.010416666666666666 0.02385685884691849
0 0.5927083333333333 0.9363817097415507 0.015625 0.02584493041749503
0 0.5677083333333334 0.9478131212723658 0.015625 0.036779324055666
0 0.8739583333333333 0.9527833001988072 0.011458333333333333 0.04671968190854871
0 0.5140625 0.944831013916501 0.01875 0.02286282306163022
0 0.6377604166666667 0.9502982107355865 0.008854166666666666 0.02584493041749503
0 0.6885416666666667 0.9498011928429424 0.00625 0.018886679920477135
0 0.24583333333333332 0.9612326043737575 0.00625 0.03578528827037773
0 0.6203125 0.9537773359840954 0.008333333333333333 0.020874751491053677
0 0.8341145833333333 0.9592445328031809 0.019270833333333334 0.02186878727634195
0 0.5919270833333333 0.9662027833001988 0.0046875 0.02982107355864811
0 0.40703125 0.9676938369781312 0.0234375 0.0268389662027833
0 0.2015625 0.9657057654075547 0.01875 0.018886679920477135
0 0.4940104166666667 0.98558648111332 0.0067708333333333336 0.0268389662027833
0 0.6395833333333333 0.9801192842942346 0.016666666666666666 0.015904572564612324
0 0.378125 0.9875745526838966 0.017708333333333333 0.02286282306163022
0 0.7135416666666666 0.9850894632206759 0.013541666666666667 0.005964214711729622
0 0.5481770833333334 0.9915506958250497 0.011979166666666667 0.014910536779324055
0 0.421875 0.9920477137176938 0.008333333333333333 0.013916500994035786
0 0.46979166666666666 0.9945328031809145 0.013541666666666667 0.008946322067594433