0 0.921875 0.012922465208747515 0.027083333333333334 0.02584493041749503
0 0.45208333333333334 0.020377733598409543 0.0125 0.02485089463220676
0 0.92578125 0.07852882703777336 0.027604166666666666 0.04771371769383698
0 0.47291666666666665 0.07654075546719682 0.013541666666666667 0.03578528827037773
0 0.6572916666666667 0.09642147117296222 0.019791666666666666 0.0437375745526839
0 0.4315104166666667 0.12226640159045726 0.0067708333333333336 0.0437375745526839
0 0.99375 0.14065606361829025 0.011458333333333333 0.040755467196819085
0 0.33958333333333335 0.14463220675944333 0.011458333333333333 0.02286282306163022
0 0.24401041666666667 0.15457256461232605 0.0046875 0.0268389662027833
0 0.030208333333333334 0.18687872763419483 0.022916666666666665 0.04771371769383698
0 0.32864583333333336 0.20874751491053678 0.016666666666666666 0.033797216699801194
0 0.9341145833333333 0.21719681908548708 0.0140625 0.02882703777335984
0 0.31640625 0.22514910536779323 0.0067708333333333336 0.0268389662027833
0 0.37473958333333335 0.23856858846918488 0.015104166666666667 0.015904572564612324
0 0.5841145833333333 0.2659045725646123 0.0078125 0.010934393638170975
0 0.23567708333333334 0.28578528827037775 0.0265625 0.048707753479125246
0 0.6263020833333334 0.28926441351888665 0.022395833333333334 0.02982107355864811
0 0.6096354166666667 0.3389662027833002 0.015104166666666667 0.027833001988071572
0 0.7341145833333333 0.34493041749502984 0.0140625 0.015904572564612324
0 0.5625 0.3523856858846918 0.00625 0.02286282306163022
0 0.9041666666666667 0.36779324055666 0.021875 0.05168986083499006
0 0.4752604166666667 0.4140159045725646 0.015104166666666667 0.03479125248508946
0 0.51171875 0.43489065606361826 0.008854166666666666 0.0268389662027833
0 0.8583333333333333 0.43339960238568587 0.015625 0.02186878727634195
0 0.240625 0.441351888667992 0.015625 0.013916500994035786
0 0.565625 0.44731610337972166 0.019791666666666666 0.02584493041749503
0 0.4744791666666667 0.4840954274353877 0.015625 0.033797216699801194
0 0.059895833333333336 0.48956262425447317 0.011458333333333333 0.032803180914512925
0 0.4393229166666667 0.5084493041749503 0.0109375 0.040755467196819085
0 0.41302083333333334 0.525844930417495 0.011458333333333333 0.039761431411530816
0 0.0020833333333333333 0.5337972166998012 0.004166666666666667 0.04771371769383698
0 0.6473958333333333 0.5273359840954275 0.016666666666666666 0.032803180914512925
0 0.97421875 0.5457256461232605 0.013020833333333334 0.039761431411530816
0 0.6169270833333333 0.5382703777335984 0.0140625 0.018886679920477135
0 0.16380208333333332 0.5571570576540755 0.022395833333333334 0.040755467196819085
0 0.37552083333333336 0.5497017892644135 0.019791666666666666 0.017892644135188866
0 0.4703125 0.5526838966202783 0.016666666666666666 0.013916500994035786
0 0.058333333333333334 0.5690854870775348 0.010416666666666666 0.0268389662027833
0 0.3984375 0.5815109343936382 0.007291666666666667 0.0437375745526839
0 0.22083333333333333 0.5795228628230616 0.019791666666666666 0.02186878727634195
0 0.35520833333333335 0.591948310139165 0.015625 0.03479125248508946
0 0.4869791666666667 0.5924453280318092 0.035416666666666666 0.019880715705765408
0 0.3763020833333333 0.6023856858846919 0.0078125 0.02982107355864811
0 0.42578125 0.6158051689860835 0.0171875 0.02882703777335984
0 0.5276041666666667 0.6128230616302187 0.00625 0.012922465208747515
0 0.065625 0.6192842942345924 0.021875 0.02385685884691849
0 0.44817708333333334 0.614314115308151 0.008854166666666666 0.013916500994035786
0 0.47552083333333334 0.617296222664016 0.016666666666666666 0.013916500994035786
0 0.00546875 0.6416500994035785 0.0109375 0.06063618290258449
0 0.20026041666666666 0.6267395626242545 0.011979166666666667 0.02485089463220676
0 0.5973958333333333 0.6307157057654076 0.015625 0.018886679920477135
0 0.3455729166666667 0.6371769383697813 0.0067708333333333336 0.02584493041749503
0 0.4625 0.635685884691849 0.010416666666666666 0.014910536779324055
0 0.29635416666666664 0.6530815109343936 0.0125 0.04771371769383698
0 0.42890625 0.6401590457256461 0.0140625 0.019880715705765408
0 0.5809895833333333 0.6466202783300199 0.009895833333333333 0.02485089463220676
0 0.5388020833333333 0.6645129224652088 0.0203125 0.05666003976143141
0 0.7026041666666667 0.6520874751491054 0.01875 0.033797216699801194
0 0.45260416666666664 0.6446322067594433 0.0125 0.014910536779324055
0 0.3190104166666667 0.6585487077534792 0.008854166666666666 0.03876739562624255
0 0.4127604166666667 0.6530815109343936 0.0046875 0.027833001988071572
0 0.9739583333333334 0.6481113320079522 0.007291666666666667 0.017892644135188866
0 0.64375 0.6595427435387674 0.01875 0.0268389662027833
0 0.40338541666666666 0.6620278330019881 0.0067708333333333336 0.02385685884691849
0 0.5236979166666667 0.6595427435387674 0.005729166666666666 0.018886679920477135
0 0.8244791666666667 0.6605367793240556 0.007291666666666667 0.018886679920477135
0 0.43697916666666664 0.6704771371769384 0.007291666666666667 0.020874751491053677
0 0.334375 0.6804174950298211 0.0125 0.02485089463220676
0 0.39088541666666665 0.6843936381709742 0.0078125 0.02286282306163022
0 0.3796875 0.6829025844930418 0.0125 0.011928429423459244
0 0.5104166666666666 0.694831013916501 0.009375 0.02385685884691849
0 0.59375 0.6938369781312127 0.0125 0.019880715705765408
0 0.1765625 0.6968190854870775 0.015625 0.02186878727634195
0 0.47604166666666664 0.6968190854870775 0.007291666666666667 0.017892644135188866
0 0.52421875 0.7047713717693836 0.013020833333333334 0.03180914512922465
0 0.36875 0.709741550695825 0.009375 0.03777335984095427
0 0.0026041666666666665 0.7326043737574552 0.005208333333333333 0.0775347912524851
0 0.5786458333333333 0.7072564612326043 0.014583333333333334 0.008946322067594433
0 0.4979166666666667 0.7261431411530815 0.019791666666666666 0.030815109343936383
0 0.46953125 0.7226640159045725 0.005729166666666666 0.017892644135188866
0 0.165625 0.7211729622266402 0.017708333333333333 0.012922465208747515
0 0.9700520833333334 0.7385685884691849 0.0078125 0.013916500994035786
0 0.1765625 0.7504970178926441 0.023958333333333335 0.03578528827037773
0 0.434375 0.7534791252485089 0.011458333333333333 0.015904572564612324
0 0.36380208333333336 0.7584493041749503 0.0078125 0.02186878727634195
0 0.5434895833333333 0.7698807157057654 0.015104166666666667 0.042743538767395624
0 0.8684895833333334 0.7678926441351889 0.0171875 0.02882703777335984
0 0.3846354166666667 0.7698807157057654 0.0203125 0.012922465208747515
0 0.35234375 0.7763419483101391 0.008854166666666666 0.019880715705765408
0 0.440625 0.7852882703777336 0.005208333333333333 0.013916500994035786
0 0.5052083333333334 0.8121272365805169 0.016666666666666666 0.04572564612326044
0 0.4859375 0.8106361829025845 0.007291666666666667 0.032803180914512925
0 0.00234375 0.8325049701789264 0.0046875 0.05666003976143141
0 0.634375 0.8170974155069582 0.013541666666666667 0.009940357852882704
0 0.3575520833333333 0.8280318091451292 0.015104166666666667 0.017892644135188866
0 0.7877604166666666 0.8300198807157058 0.021354166666666667 0.02385685884691849
0 0.16666666666666666 0.8503976143141153 0.011458333333333333 0.048707753479125246
0 0.2484375 0.8424453280318092 0.027083333333333334 0.032803180914512925
0 0.45807291666666666 0.8409542743538767 0.005729166666666666 0.02982107355864811
0 0.39296875 0.8633200795228628 0.028645833333333332 0.03876739562624255
0 0.36692708333333335 0.8553677932405567 0.016145833333333335 0.014910536779324055
0 0.109375 0.8737574552683897 0.011458333333333333 0.03777335984095427
0 0.45677083333333335 0.8752485089463221 0.027083333333333334 0.036779324055666
0 0.5296875 0.8747514910536779 0.004166666666666667 0.02982107355864811
0 0.26640625 0.878727634194831 0.0140625 0.027833001988071572
0 0.21484375 0.8777335984095428 0.011979166666666667 0.02385685884691849
0 0.8453125 0.8891650099403579 0.015625 0.030815109343936383
0 0.6122395833333333 0.8891650099403579 0.0234375 0.0268389662027833
0 0.046614583333333334 0.8961232604373758 0.019270833333333334 0.036779324055666
0 0.4044270833333333 0.8941351888667992 0.016145833333333335 0.010934393638170975
0 0.3880208333333333 0.9085487077534792 0.01875 0.02385685884691849
0 0.2833333333333333 0.9234592445328031 0.007291666666666667 0.03180914512922465
0 0.5294270833333333 0.9274353876739563 0.008854166666666666 0.02385685884691849
0 0.6846354166666667 0.9348906560636183 0.016145833333333335 0.036779324055666
0 0.7515625 0.9368787276341949 0.017708333333333333 0.030815109343936383
0 0.9265625 0.9393638170974155 0.0125 0.02584493041749503
0 0.37734375 0.9388667992047713 0.009895833333333333 0.018886679920477135
0 0.2755208333333333 0.9547713717693836 0.016666666666666666 0.032803180914512925
0 0.4197916666666667 0.9577534791252486 0.0125 0.030815109343936383
0 0.39453125 0.9657057654075547 0.0203125 0.032803180914512925
0 0.4942708333333333 0.9701789264413518 0.005208333333333333 0.03578528827037773
0 0.22916666666666666 0.9900596421471173 0.007291666666666667 0.017892644135188866
0 0.3497395833333333 0.9900596421471173 0.009895833333333333 0.017892644135188866