0 0.6494791666666667 0.01341948310139165 0.025 0.0268389662027833
0 0.3065104166666667 0.018389662027833 0.013020833333333334 0.036779324055666
0 0.2716145833333333 0.01242544731610338 0.0078125 0.02485089463220676
0 0.5208333333333334 0.02385685884691849 0.00625 0.033797216699801194
0 0.7 0.060139165009940355 0.021875 0.02882703777335984
0 0.7640625 0.07852882703777336 0.014583333333333334 0.041749502982107355
0 0.6033854166666667 0.10487077534791253 0.013020833333333334 0.0268389662027833
0 0.8265625 0.10984095427435388 0.009375 0.02882703777335984
0 0.3927083333333333 0.11928429423459244 0.011458333333333333 0.02186878727634195
0 0.70625 0.1525844930417495 0.011458333333333333 0.03479125248508946
0 0.86484375 0.16500994035785288 0.0203125 0.03777335984095427
0 0.6921875 0.1918489065606362 0.0125 0.017892644135188866
0 0.6559895833333333 0.22962226640159045 0.024479166666666666 0.0536779324055666
0 0.8403645833333333 0.22664015904572565 0.022395833333333334 0.02982107355864811
0 0.6234375 0.25198807157057657 0.011458333333333333 0.03876739562624255
0 0.7348958333333333 0.2644135188866799 0.014583333333333334 0.019880715705765408
0 0.6927083333333334 0.2678926441351889 0.009375 0.014910536779324055
0 0.8625 0.28677932405566603 0.007291666666666667 0.042743538767395624
0 0.6830729166666667 0.2783300198807157 0.005729166666666666 0.02186878727634195
0 0.64765625 0.2837972166998012 0.005729166666666666 0.016898608349900597
0 0.6627604166666666 0.3036779324055666 0.019270833333333334 0.018886679920477135
0 0.08098958333333334 0.3215705765407555 0.019270833333333334 0.02882703777335984
0 0.8119791666666667 0.34343936381709744 0.021875 0.020874751491053677
0 0.6026041666666667 0.3643141153081511 0.0125 0.012922465208747515
0 0.6768229166666667 0.3871769383697813 0.011979166666666667 0.05069582504970179
0 0.6950520833333333 0.3727634194831014 0.005729166666666666 0.013916500994035786
0 0.8838541666666667 0.37475149105367794 0.009375 0.007952286282306162
0 0.8140625 0.4378727634194831 0.016666666666666666 0.040755467196819085
0 0.6197916666666666 0.4269383697813121 0.011458333333333333 0.020874751491053677
0 0.7065104166666667 0.4418489065606362 0.0109375 0.02286282306163022
0 0.6005208333333333 0.4517892644135189 0.008333333333333333 0.030815109343936383
0 0.48072916666666665 0.44532803180914515 0.015625 0.015904572564612324
0 0.0010416666666666667 0.4721669980119284 0.0010416666666666667 0.061630218687872766
0 0.5609375 0.470675944333996 0.010416666666666666 0.030815109343936383
0 0.7450520833333333 0.4761431411530815 0.008854166666666666 0.03180914512922465
0 0.69921875 0.47664015904572565 0.016145833333333335 0.014910536779324055
0 0.7583333333333333 0.5149105367793241 0.023958333333333335 0.04572564612326044
0 0.62578125 0.5492047713717694 0.0140625 0.042743538767395624
0 0.25364583333333335 0.5357852882703777 0.016666666666666666 0.011928429423459244
0 0.48671875 0.55168986083499 0.016145833333333335 0.013916500994035786
0 0.9825520833333333 0.5616302186878728 0.009895833333333333 0.011928429423459244
0 0.6497395833333334 0.5715705765407555 0.008854166666666666 0.02982107355864811
0 0.6997395833333333 0.5859840954274353 0.033854166666666664 0.036779324055666
0 0.6682291666666667 0.6073558648111332 0.0125 0.013916500994035786
0 0.61015625 0.617296222664016 0.009895833333333333 0.027833001988071572
0 0.6671875 0.6366799204771372 0.008333333333333333 0.008946322067594433
0 0.5184895833333333 0.6744532803180915 0.034895833333333334 0.048707753479125246
0 0.5697916666666667 0.6744532803180915 0.013541666666666667 0.018886679920477135
0 0.65 0.6739562624254473 0.014583333333333334 0.013916500994035786
0 0.58203125 0.6754473161033797 0.008854166666666666 0.014910536779324055
0 0.6484375 0.7137176938369781 0.008333333333333333 0.011928429423459244
0 0.7778645833333333 0.7306163021868787 0.005729166666666666 0.02584493041749503
0 0.62578125 0.7415506958250497 0.009895833333333333 0.02584493041749503
0 0.6484375 0.7410536779324056 0.010416666666666666 0.020874751491053677
0 0.6018229166666667 0.7569582504970179 0.034895833333333334 0.05268389662027833
0 0.66484375 0.7455268389662028 0.013020833333333334 0.015904572564612324
0 0.56796875 0.7599403578528827 0.008854166666666666 0.03479125248508946
0 0.5197916666666667 0.76441351888668 0.01875 0.02584493041749503
0 0.6541666666666667 0.7793240556660039 0.040625 0.02584493041749503
0 0.7354166666666667 0.8081510934393639 0.019791666666666666 0.0437375745526839
0 0.5578125 0.8071570576540755 0.034375 0.039761431411530816
0 0.759375 0.8066600397614314 0.011458333333333333 0.030815109343936383
0 0.6098958333333333 0.8141153081510935 0.016666666666666666 0.03578528827037773
0 0.5229166666666667 0.8166003976143141 0.016666666666666666 0.016898608349900597
0 0.12265625 0.8230616302186878 0.021354166666666667 0.017892644135188866
0 0.5486979166666667 0.8533797216699801 0.0171875 0.05467196819085487
0 0.7390625 0.8533797216699801 0.028125 0.036779324055666
0 0.49921875 0.8608349900596421 0.015104166666666667 0.013916500994035786
0 0.8338541666666667 0.8871769383697813 0.014583333333333334 0.030815109343936383
0 0.74921875 0.9075546719681908 0.018229166666666668 0.04771371769383698
0 0.8223958333333333 0.9259443339960238 0.022916666666666665 0.05666003976143141
0 0.8580729166666666 0.9160039761431411 0.022395833333333334 0.020874751491053677
0 0.70546875 0.9169980119284294 0.015104166666666667 0.020874751491053677
0 0.7651041666666667 0.9343936381709742 0.00625 0.03777335984095427
0 0.4125 0.9259443339960238 0.019791666666666666 0.016898608349900597
0 0.5703125 0.9423459244532804 0.013541666666666667 0.027833001988071572
0 0.715625 0.959741550695825 0.023958333333333335 0.016898608349900597
0 0.24505208333333334 0.9662027833001988 0.0046875 0.017892644135188866
0 0.7578125 0.9801192842942346 0.0375 0.03777335984095427
0 0.4315104166666667 0.9786282306163022 0.0140625 0.02286282306163022
0 0.371875 0.9761431411530815 0.017708333333333333 0.015904572564612324