0 0.596875 0.020377733598409543 0.016666666666666666 0.02485089463220676
0 0.6348958333333333 0.06063618290258449 0.015625 0.02385685884691849
0 0.34140625 0.07455268389662027 0.019270833333333334 0.03777335984095427
0 0.6859375 0.08548707753479125 0.020833333333333332 0.02385685884691849
0 0.8606770833333334 0.12773359840954274 0.0140625 0.032803180914512925
0 0.92265625 0.1317097415506958 0.024479166666666666 0.042743538767395624
0 0.83671875 0.22962226640159045 0.0234375 0.033797216699801194
0 0.6989583333333333 0.24950298210735586 0.020833333333333332 0.061630218687872766
0 0.5166666666666667 0.24055666003976142 0.007291666666666667 0.03180914512922465
0 0.8729166666666667 0.26192842942345923 0.017708333333333333 0.048707753479125246
0 0.8526041666666667 0.28777335984095426 0.014583333333333334 0.040755467196819085
0 0.2578125 0.30168986083499005 0.008333333333333333 0.010934393638170975
0 0.10651041666666666 0.3111332007952286 0.0109375 0.02385685884691849
0 0.7145833333333333 0.3384691848906561 0.014583333333333334 0.05864811133200795
0 0.30546875 0.33250497017892644 0.009895833333333333 0.040755467196819085
0 0.5239583333333333 0.3349900596421471 0.017708333333333333 0.02982107355864811
0 0.7947916666666667 0.3687872763419483 0.008333333333333333 0.033797216699801194
0 0.5684895833333333 0.36928429423459247 0.0171875 0.0268389662027833
0 0.49375 0.3836978131212724 0.010416666666666666 0.03777335984095427
0 0.63359375 0.38817097415506957 0.0109375 0.03479125248508946
0 0.5973958333333333 0.40556660039761433 0.016666666666666666 0.04572564612326044
0 0.5479166666666667 0.40506958250497016 0.016666666666666666 0.014910536779324055
0 0.7833333333333333 0.41600397614314116 0.01875 0.020874751491053677
0 0.9528645833333333 0.4701789264413519 0.0296875 0.04771371769383698
0 0.30026041666666664 0.46371769383697814 0.005729166666666666 0.0268389662027833
0 0.7721354166666666 0.47365805168986086 0.0171875 0.036779324055666
0 0.7166666666666667 0.47962226640159045 0.008333333333333333 0.012922465208747515
0 0.7010416666666667 0.5014910536779325 0.0125 0.03479125248508946
0 0.6403645833333333 0.5377733598409543 0.013020833333333334 0.041749502982107355
0 0.6609375 0.5377733598409543 0.017708333333333333 0.03777335984095427
0 0.5658854166666667 0.5571570576540755 0.009895833333333333 0.036779324055666
0 0.6385416666666667 0.5889662027833003 0.015625 0.05069582504970179
0 0.55078125 0.6292246520874751 0.0359375 0.07554671968190854
0 0.6927083333333334 0.617296222664016 0.016666666666666666 0.03578528827037773
0 0.4984375 0.6163021868787276 0.014583333333333334 0.02584493041749503
0 0.7151041666666667 0.6187872763419483 0.011458333333333333 0.02485089463220676
0 0.8252604166666667 0.6158051689860835 0.0078125 0.010934393638170975
0 0.8317708333333333 0.6282306163021869 0.009375 0.013916500994035786
0 0.49166666666666664 0.6421471172962226 0.026041666666666668 0.017892644135188866
0 0.74609375 0.6505964214711729 0.0140625 0.02485089463220676
0 0.7010416666666667 0.6660039761431411 0.015625 0.02385685884691849
0 0.8065104166666667 0.6679920477137177 0.0171875 0.02584493041749503
0 0.7111979166666667 0.6814115308151093 0.013020833333333334 0.02286282306163022
0 0.6802083333333333 0.6953280318091452 0.009375 0.042743538767395624
0 0.48072916666666665 0.6848906560636183 0.01875 0.017892644135188866
0 0.50390625 0.6998011928429424 0.016145833333333335 0.017892644135188866
0 0.5799479166666667 0.7067594433399602 0.0234375 0.019880715705765408
0 0.3046875 0.7162027833001988 0.010416666666666666 0.032803180914512925
0 0.9888020833333333 0.7291252485089463 0.021354166666666667 0.048707753479125246
0 0.4708333333333333 0.7276341948310139 0.020833333333333332 0.03180914512922465
0 0.7231770833333333 0.7519880715705766 0.015104166666666667 0.040755467196819085
0 0.5208333333333334 0.7659045725646123 0.017708333333333333 0.04671968190854871
0 0.29348958333333336 0.7857852882703777 0.0109375 0.05467196819085487
0 0.44947916666666665 0.7798210735586482 0.026041666666666668 0.032803180914512925
0 0.6286458333333333 0.7877733598409543 0.013541666666666667 0.04473161033797217
0 0.86484375 0.7987077534791253 0.019270833333333334 0.05069582504970179
0 0.5890625 0.8021868787276342 0.016666666666666666 0.03777335984095427
0 0.54921875 0.7932405566600398 0.008854166666666666 0.017892644135188866
0 0.5651041666666666 0.8006958250497018 0.009375 0.018886679920477135
0 0.7924479166666667 0.80168986083499 0.011979166666666667 0.020874751491053677
0 0.5533854166666666 0.8175944333996024 0.005729166666666666 0.02286282306163022
0 0.9286458333333333 0.8275347912524851 0.020833333333333332 0.040755467196819085
0 0.8502604166666666 0.8349900596421471 0.027604166666666666 0.0437375745526839
0 0.7044270833333334 0.8628230616302187 0.022395833333333334 0.07157057654075547
0 0.6276041666666666 0.845427435387674 0.020833333333333332 0.032803180914512925
0 0.56015625 0.8623260437375746 0.016145833333333335 0.040755467196819085
0 0.5841145833333333 0.856858846918489 0.0234375 0.027833001988071572
0 0.51953125 0.8901590457256461 0.024479166666666666 0.02485089463220676
0 0.29375 0.9090457256461233 0.013541666666666667 0.048707753479125246
0 0.5755208333333334 0.9090457256461233 0.0125 0.036779324055666
0 0.48020833333333335 0.9169980119284294 0.020833333333333332 0.02882703777335984
0 0.6231770833333333 0.9194831013916501 0.0078125 0.033797216699801194
0 0.5278645833333333 0.9150099403578529 0.0067708333333333336 0.018886679920477135
0 0.55390625 0.9214711729622267 0.025520833333333333 0.027833001988071572
0 0.5158854166666667 0.9358846918489065 0.008854166666666666 0.048707753479125246
0 0.5880208333333333 0.9204771371769384 0.0125 0.013916500994035786
0 0.9911458333333333 0.937375745526839 0.016666666666666666 0.041749502982107355
0 0.22447916666666667 0.9433399602385686 0.010416666666666666 0.0437375745526839
0 0.26614583333333336 0.952286282306163 0.019791666666666666 0.015904572564612324
0 0.49375 0.9642147117296223 0.022916666666666665 0.03180914512922465
0 0.5705729166666667 0.9607355864811133 0.0234375 0.0268389662027833
0 0.8388020833333333 0.9761431411530815 0.0234375 0.04572564612326044
0 0.35833333333333334 0.9686878727634195 0.010416666666666666 0.016898608349900597
0 0.37395833333333334 0.9786282306163022 0.019791666666666666 0.018886679920477135
0 0.5348958333333333 0.9840954274353877 0.010416666666666666 0.02982107355864811
0 0.5619791666666667 0.9900596421471173 0.027083333333333334 0.017892644135188866
0 0.7151041666666667 0.9900596421471173 0.021875 0.017892644135188866