0 0.6708333333333333 0.037276341948310136 0.015625 0.010934393638170975
0 0.39479166666666665 0.29970178926441354 0.009375 0.048707753479125246
0 0.45598958333333334 0.4259443339960239 0.0109375 0.016898608349900597
0 0.2375 0.4552683896620278 0.013541666666666667 0.02584493041749503
0 0.45260416666666664 0.5452286282306164 0.010416666666666666 0.0268389662027833
0 0.4078125 0.5859840954274353 0.01875 0.02882703777335984
0 0.6549479166666666 0.5815109343936382 0.016145833333333335 0.009940357852882704
0 0.6940104166666666 0.6177932405566601 0.0078125 0.02286282306163022
0 0.4361979166666667 0.7783300198807157 0.018229166666666668 0.015904572564612324
0 0.49635416666666665 0.8116302186878728 0.014583333333333334 0.018886679920477135
0 0.45078125 0.8394632206759444 0.0067708333333333336 0.02286282306163022
0 0.5205729166666667 0.8618290258449304 0.016145833333333335 0.061630218687872766