0 0.7986979166666667 0.0004970178926441351 0.03802083333333333 0.0009940357852882703
0 0.31015625 0.04970178926441352 0.0046875 0.027833001988071572
0 0.7223958333333333 0.061630218687872766 0.010416666666666666 0.013916500994035786
0 0.703125 0.09095427435387674 0.020833333333333332 0.02485089463220676
0 0.6838541666666667 0.110337972166998 0.007291666666666667 0.015904572564612324
0 0.5971354166666667 0.12276341948310139 0.013020833333333334 0.014910536779324055
0 0.65390625 0.18836978131212723 0.027604166666666666 0.042743538767395624
0 0.8575520833333333 0.24602385685884692 0.015104166666666667 0.02485089463220676
0 0.5440104166666667 0.2639165009940358 0.018229166666666668 0.018886679920477135
0 0.94609375 0.27335984095427435 0.011979166666666667 0.015904572564612324
0 0.6622395833333333 0.3096421471172962 0.0067708333333333336 0.018886679920477135
0 0.46875 0.3687872763419483 0.026041666666666668 0.02385685884691849
0 0.496875 0.3742544731610338 0.008333333333333333 0.02286282306163022
0 0.5981770833333333 0.3841948310139165 0.005729166666666666 0.02286282306163022
0 0.25703125 0.38469184890656066 0.008854166666666666 0.015904572564612324
0 0.69609375 0.39314115308151093 0.011979166666666667 0.020874751491053677
0 0.32421875 0.4378727634194831 0.009895833333333333 0.012922465208747515
0 0.49583333333333335 0.44831013916500995 0.008333333333333333 0.03180914512922465
0 0.603125 0.44582504970178927 0.00625 0.02286282306163022
0 0.35078125 0.46272365805168986 0.008854166666666666 0.03479125248508946
0 0.5294270833333333 0.46421471172962225 0.005729166666666666 0.015904572564612324
0 0.7953125 0.4746520874751491 0.014583333333333334 0.030815109343936383
0 0.4708333333333333 0.474155069582505 0.011458333333333333 0.02186878727634195
0 0.6625 0.5069582504970179 0.00625 0.013916500994035786
0 0.63828125 0.507455268389662 0.0067708333333333336 0.014910536779324055
0 0.44140625 0.5293240556660039 0.009895833333333333 0.02882703777335984
0 0.746875 0.5293240556660039 0.009375 0.014910536779324055
0 0.6229166666666667 0.5342942345924453 0.00625 0.016898608349900597
0 0.5877604166666667 0.5417495029821073 0.0109375 0.02982107355864811
0 0.56875 0.5581510934393639 0.015625 0.036779324055666
0 0.3111979166666667 0.5521868787276342 0.021354166666666667 0.02485089463220676
0 0.6893229166666667 0.6073558648111332 0.016145833333333335 0.02982107355864811
0 0.5588541666666667 0.6038767395626242 0.00625 0.020874751491053677
0 0.28671875 0.6237574552683897 0.013020833333333334 0.03479125248508946
0 0.5880208333333333 0.6446322067594433 0.014583333333333334 0.018886679920477135
0 0.7463541666666667 0.6486083499005965 0.010416666666666666 0.018886679920477135
0 0.5486979166666667 0.6496023856858847 0.015104166666666667 0.014910536779324055
0 0.7375 0.6714711729622267 0.009375 0.02286282306163022
0 0.37864583333333335 0.6769383697813122 0.00625 0.02186878727634195
0 0.42109375 0.6923459244532804 0.0109375 0.014910536779324055
0 0.61640625 0.6968190854870775 0.008854166666666666 0.015904572564612324
0 0.37109375 0.69831013916501 0.0078125 0.016898608349900597
0 0.5919270833333333 0.7027833001988072 0.0067708333333333336 0.017892644135188866
0 0.4869791666666667 0.6993041749502982 0.008333333333333333 0.012922465208747515
0 0.69140625 0.7142147117296223 0.015104166666666667 0.02485089463220676
0 0.7346354166666667 0.7191848906560636 0.0067708333333333336 0.014910536779324055
0 0.6776041666666667 0.7251491053677932 0.011458333333333333 0.02286282306163022
0 0.609375 0.7490059642147118 0.0125 0.020874751491053677
0 0.6440104166666667 0.7584493041749503 0.0140625 0.013916500994035786
0 0.43046875 0.7619284294234593 0.0067708333333333336 0.012922465208747515
0 0.6794270833333333 0.7768389662027833 0.009895833333333333 0.012922465208747515
0 0.7213541666666666 0.845427435387674 0.00625 0.0268389662027833
0 0.7330729166666666 0.8951292246520874 0.005729166666666666 0.030815109343936383
0 0.5981770833333333 0.9000994035785288 0.011979166666666667 0.0268389662027833
0 0.44505208333333335 0.9453280318091452 0.005729166666666666 0.02982107355864811
0 0.72265625 0.9761431411530815 0.0109375 0.04572564612326044
0 0.6234375 0.9686878727634195 0.019791666666666666 0.020874751491053677
0 0.8119791666666667 0.9801192842942346 0.009375 0.03777335984095427