0 0.93046875 0.004970178926441352 0.0140625 0.009940357852882704
0 0.90703125 0.045228628230616304 0.013020833333333334 0.048707753479125246
0 0.84765625 0.05268389662027833 0.0203125 0.04970178926441352
0 0.9942708333333333 0.06461232604373758 0.011458333333333333 0.04572564612326044
0 0.8776041666666666 0.06610337972166998 0.009375 0.012922465208747515
0 0.7434895833333334 0.07405566600397614 0.0140625 0.02485089463220676
0 0.05364583333333333 0.09443339960238568 0.027083333333333334 0.03180914512922465
0 0.9020833333333333 0.10437375745526839 0.015625 0.033797216699801194
0 0.8770833333333333 0.11679920477137178 0.013541666666666667 0.02286282306163022
0 0.8872395833333333 0.12823061630218688 0.0109375 0.02385685884691849
0 0.6463541666666667 0.16351888667992048 0.008333333333333333 0.042743538767395624
0 0.9026041666666667 0.20725646123260438 0.0125 0.048707753479125246
0 0.41119791666666666 0.19980119284294234 0.011979166666666667 0.033797216699801194
0 0.09791666666666667 0.213220675944334 0.008333333333333333 0.030815109343936383
0 0.39895833333333336 0.21421471172962225 0.011458333333333333 0.02882703777335984
0 0.9580729166666667 0.22664015904572565 0.0109375 0.04572564612326044
0 0.215625 0.22216699801192843 0.017708333333333333 0.018886679920477135
0 0.10625 0.2539761431411531 0.013541666666666667 0.02485089463220676
0 0.5354166666666667 0.2639165009940358 0.007291666666666667 0.018886679920477135
0 0.8111979166666666 0.27137176938369784 0.0067708333333333336 0.027833001988071572
0 0.4080729166666667 0.2823061630218688 0.005729166666666666 0.02982107355864811
0 0.9934895833333334 0.29025844930417494 0.013020833333333334 0.019880715705765408
0 0.9536458333333333 0.2907554671968191 0.014583333333333334 0.014910536779324055
0 0.7528645833333333 0.30417495029821073 0.0078125 0.03777335984095427
0 0.26484375 0.29870775347912526 0.013020833333333334 0.0268389662027833
0 0.13802083333333334 0.3101391650099404 0.01875 0.033797216699801194
0 0.9161458333333333 0.305168986083499 0.007291666666666667 0.017892644135188866
0 0.7825520833333334 0.3195825049701789 0.0046875 0.0268389662027833
0 0.9190104166666667 0.3265407554671968 0.0078125 0.014910536779324055
0 0.6791666666666667 0.35636182902584496 0.011458333333333333 0.03479125248508946
0 0.84140625 0.3548707753479125 0.015104166666666667 0.027833001988071572
0 0.6169270833333333 0.3558648111332008 0.009895833333333333 0.02584493041749503
0 0.8911458333333333 0.3702783300198807 0.0125 0.036779324055666
0 0.5307291666666667 0.39015904572564614 0.00625 0.016898608349900597
0 0.015364583333333333 0.3841948310139165 0.011979166666666667 0.006958250497017893
0 0.9513020833333333 0.3961232604373757 0.011979166666666667 0.016898608349900597
0 0.024479166666666666 0.40308151093439365 0.04791666666666667 0.020874751491053677
0 0.8177083333333334 0.41600397614314116 0.005208333333333333 0.030815109343936383
0 0.8427083333333333 0.41749502982107356 0.015625 0.02584493041749503
0 0.02109375 0.41302186878727637 0.015104166666666667 0.012922465208747515
0 0.7005208333333334 0.44582504970178927 0.009375 0.042743538767395624
0 0.5307291666666667 0.4309145129224652 0.016666666666666666 0.010934393638170975
0 0.6588541666666666 0.45029821073558646 0.005208333333333333 0.02584493041749503
0 0.9588541666666667 0.46272365805168986 0.017708333333333333 0.03876739562624255
0 0.78359375 0.45029821073558646 0.015104166666666667 0.011928429423459244
0 0.021875 0.4721669980119284 0.017708333333333333 0.027833001988071572
0 0.39375 0.4870775347912525 0.023958333333333335 0.02584493041749503
0 0.0625 0.49204771371769385 0.014583333333333334 0.033797216699801194
0 0.8828125 0.4945328031809145 0.004166666666666667 0.02882703777335984
0 0.8057291666666667 0.5159045725646123 0.021875 0.03180914512922465
0 0.5216145833333333 0.5139165009940357 0.018229166666666668 0.011928429423459244
0 0.5393229166666667 0.5248508946322068 0.0078125 0.02385685884691849
0 0.7 0.5228628230616302 0.010416666666666666 0.011928429423459244
0 0.16145833333333334 0.5372763419483101 0.017708333333333333 0.036779324055666
0 0.5875 0.532803180914513 0.007291666666666667 0.017892644135188866
0 0.09713541666666667 0.5497017892644135 0.015104166666666667 0.05168986083499006
0 0.48359375 0.5566600397614314 0.008854166666666666 0.03777335984095427
0 0.5158854166666667 0.5497017892644135 0.0109375 0.017892644135188866
0 0.6763020833333333 0.5636182902584493 0.018229166666666668 0.03180914512922465
0 0.5484375 0.5695825049701789 0.010416666666666666 0.03180914512922465
0 0.7979166666666667 0.5760437375745527 0.007291666666666667 0.030815109343936383
0 0.6247395833333333 0.5646123260437376 0.016145833333333335 0.009940357852882704
0 0.5731770833333333 0.5695825049701789 0.0067708333333333336 0.019880715705765408
0 0.7057291666666666 0.584493041749503 0.010416666666666666 0.027833001988071572
0 0.58359375 0.6167992047713717 0.019270833333333334 0.06461232604373758
0 0.11119791666666666 0.5994035785288271 0.0109375 0.015904572564612324
0 0.5369791666666667 0.6182902584493042 0.010416666666666666 0.0437375745526839
0 0.4828125 0.606858846918489 0.014583333333333334 0.016898608349900597
0 0.5169270833333334 0.6197813121272365 0.013020833333333334 0.014910536779324055
0 0.71953125 0.6297216699801192 0.016145833333333335 0.020874751491053677
0 0.6578125 0.6555666003976143 0.009375 0.05666003976143141
0 0.615625 0.6346918489065606 0.009375 0.012922465208747515
0 0.5567708333333333 0.6446322067594433 0.029166666666666667 0.020874751491053677
0 0.6015625 0.6530815109343936 0.008333333333333333 0.033797216699801194
0 0.62578125 0.6550695825049702 0.009895833333333333 0.02584493041749503
0 0.9953125 0.6625248508946322 0.009375 0.0268389662027833
0 0.80078125 0.6650099403578529 0.0078125 0.02584493041749503
0 0.8630208333333333 0.6744532803180915 0.016666666666666666 0.02286282306163022
0 0.6135416666666667 0.6764413518886679 0.0125 0.010934393638170975
0 0.57578125 0.6988071570576541 0.025520833333333333 0.039761431411530816
0 0.6890625 0.6953280318091452 0.013541666666666667 0.010934393638170975
0 0.7244791666666667 0.7107355864811133 0.010416666666666666 0.03777335984095427
0 0.6979166666666666 0.7231610337972167 0.023958333333333335 0.05069582504970179
0 0.82109375 0.7266401590457257 0.011979166666666667 0.02385685884691849
0 0.34921875 0.7301192842942346 0.0067708333333333336 0.02286282306163022
0 0.8473958333333333 0.7395626242544732 0.008333333333333333 0.027833001988071572
0 0.8 0.7395626242544732 0.0125 0.02584493041749503
0 0.63984375 0.7370775347912525 0.011979166666666667 0.014910536779324055
0 0.5765625 0.7350894632206759 0.015625 0.008946322067594433
0 0.5231770833333333 0.7455268389662028 0.0067708333333333336 0.027833001988071572
0 0.6515625 0.7415506958250497 0.008333333333333333 0.015904572564612324
0 0.8291666666666667 0.757455268389662 0.015625 0.02982107355864811
0 0.6127604166666667 0.7524850894632207 0.015104166666666667 0.013916500994035786
0 0.24895833333333334 0.7703777335984096 0.00625 0.02982107355864811
0 0.4049479166666667 0.76441351888668 0.008854166666666666 0.015904572564612324
0 0.51171875 0.7723658051689861 0.016145833333333335 0.02186878727634195
0 0.6481770833333333 0.7833001988071571 0.0296875 0.03777335984095427
0 0.44635416666666666 0.7703777335984096 0.009375 0.011928429423459244
0 0.5953125 0.7847912524850894 0.010416666666666666 0.02286282306163022
0 0.99765625 0.7997017892644135 0.0046875 0.048707753479125246
0 0.7130208333333333 0.7862823061630219 0.023958333333333335 0.02186878727634195
0 0.8864583333333333 0.8096421471172962 0.021875 0.03479125248508946
0 0.6325520833333333 0.8081510934393639 0.0046875 0.02385685884691849
0 0.99296875 0.8503976143141153 0.0140625 0.06858846918489066
0 0.6059895833333333 0.827037773359841 0.0140625 0.009940357852882704
0 0.6166666666666667 0.8489065606361829 0.007291666666666667 0.02385685884691849
0 0.5333333333333333 0.852882703777336 0.015625 0.033797216699801194
0 0.66796875 0.8623260437375746 0.0203125 0.012922465208747515
0 0.46927083333333336 0.8782306163021869 0.009375 0.02485089463220676
0 0.440625 0.8911530815109344 0.015625 0.048707753479125246
0 0.5338541666666666 0.8921471172962226 0.014583333333333334 0.036779324055666
0 0.3497395833333333 0.8871769383697813 0.015104166666666667 0.02286282306163022
0 0.6270833333333333 0.8966202783300199 0.014583333333333334 0.03180914512922465
0 0.3971354166666667 0.8956262425447317 0.013020833333333334 0.015904572564612324
0 0.019791666666666666 0.8956262425447317 0.0125 0.011928429423459244
0 0.013541666666666667 0.9274353876739563 0.026041666666666668 0.03180914512922465
0 0.59140625 0.937375745526839 0.013020833333333334 0.017892644135188866
0 0.75703125 0.9532803180914513 0.0234375 0.0437375745526839
0 0.36796875 0.9368787276341949 0.0140625 0.010934393638170975
0 0.7221354166666667 0.94831013916501 0.0140625 0.02982107355864811
0 0.6640625 0.952286282306163 0.014583333333333334 0.013916500994035786
0 0.19244791666666666 0.9662027833001988 0.0203125 0.027833001988071572
0 0.440625 0.9731610337972167 0.013541666666666667 0.03180914512922465
0 0.5184895833333333 0.981610337972167 0.0078125 0.0268389662027833
0 0.2765625 0.9826043737574552 0.010416666666666666 0.0268389662027833
0 0.08567708333333333 0.9895626242544732 0.0109375 0.018886679920477135
0 0.13177083333333334 0.9900596421471173 0.020833333333333332 0.017892644135188866
0 0.575 0.9880715705765407 0.013541666666666667 0.007952286282306162
0 0.22083333333333333 0.992544731610338 0.007291666666666667 0.012922465208747515