0 0.0018229166666666667 0.01242544731610338 0.0036458333333333334 0.02485089463220676
0 0.014583333333333334 0.007952286282306162 0.009375 0.015904572564612324
0 0.19947916666666668 0.016898608349900597 0.022916666666666665 0.033797216699801194
0 0.30104166666666665 0.01441351888667992 0.007291666666666667 0.02882703777335984
0 0.8072916666666666 0.009940357852882704 0.011458333333333333 0.019880715705765408
0 0.89453125 0.017892644135188866 0.013020833333333334 0.03578528827037773
0 0.14088541666666668 0.019383697813121274 0.0078125 0.02485089463220676
0 0.40286458333333336 0.019383697813121274 0.022395833333333334 0.018886679920477135
0 0.4622395833333333 0.02286282306163022 0.015104166666666667 0.015904572564612324
0 0.15364583333333334 0.03429423459244533 0.010416666666666666 0.02485089463220676
0 0.325 0.040755467196819085 0.011458333333333333 0.02186878727634195
0 0.9153645833333334 0.06809145129224652 0.0234375 0.03479125248508946
0 0.24088541666666666 0.07256461232604373 0.024479166666666666 0.03180914512922465
0 0.36302083333333335 0.08001988071570576 0.011458333333333333 0.036779324055666
0 0.43385416666666665 0.07455268389662027 0.011458333333333333 0.02186878727634195
0 0.29192708333333334 0.07902584493041749 0.022395833333333334 0.016898608349900597
0 0.33880208333333334 0.08449304174950298 0.016145833333333335 0.02584493041749503
0 0.16067708333333333 0.09691848906560636 0.024479166666666666 0.03479125248508946
0 0.59140625 0.09393638170974156 0.015104166666666667 0.02485089463220676
0 0.8786458333333333 0.11133200795228629 0.010416666666666666 0.03578528827037773
0 0.246875 0.10785288270377734 0.026041666666666668 0.02485089463220676
0 0.8421875 0.11133200795228629 0.021875 0.027833001988071572
0 0.5067708333333333 0.11878727634194831 0.020833333333333332 0.02882703777335984
0 0.28854166666666664 0.11878727634194831 0.0125 0.02286282306163022
0 0.8450520833333334 0.15109343936381708 0.013020833333333334 0.03180914512922465
0 0.6895833333333333 0.1525844930417495 0.0125 0.02882703777335984
0 0.42604166666666665 0.15009940357852883 0.019791666666666666 0.019880715705765408
0 0.20130208333333333 0.15705765407554673 0.0203125 0.015904572564612324
0 0.2296875 0.18091451292246521 0.029166666666666667 0.039761431411530816
0 0.5309895833333333 0.1694831013916501 0.0203125 0.018886679920477135
0 0.8369791666666667 0.18886679920477137 0.013541666666666667 0.03180914512922465
0 0.9927083333333333 0.1988071570576541 0.013541666666666667 0.02982107355864811
0 0.4393229166666667 0.20129224652087474 0.021354166666666667 0.02286282306163022
0 0.36041666666666666 0.2062624254473161 0.0125 0.012922465208747515
0 0.31588541666666664 0.23658051689860835 0.015104166666666667 0.061630218687872766
0 0.3463541666666667 0.22415506958250497 0.01875 0.036779324055666
0 0.79921875 0.220675944333996 0.0078125 0.019880715705765408
0 0.40963541666666664 0.2360834990059642 0.015104166666666667 0.02485089463220676
0 0.20208333333333334 0.2400596421471173 0.020833333333333332 0.016898608349900597
0 0.328125 0.25646123260437376 0.023958333333333335 0.041749502982107355
0 0.3619791666666667 0.26888667992047716 0.009375 0.032803180914512925
0 0.3067708333333333 0.29174950298210733 0.01875 0.03479125248508946
0 0.4796875 0.30417495029821073 0.016666666666666666 0.017892644135188866
0 0.3421875 0.3190854870775348 0.014583333333333334 0.013916500994035786
0 0.35911458333333335 0.33101391650099404 0.013020833333333334 0.02982107355864811
0 0.7299479166666667 0.34095427435387676 0.018229166666666668 0.02385685884691849
0 0.72578125 0.37077534791252487 0.018229166666666668 0.019880715705765408
0 0.36015625 0.3687872763419483 0.015104166666666667 0.011928429423459244
0 0.20546875 0.3951292246520875 0.0203125 0.040755467196819085
0 0.50390625 0.38866799204771374 0.016145833333333335 0.02584493041749503
0 0.6372395833333333 0.3841948310139165 0.0203125 0.014910536779324055
0 0.9307291666666667 0.4085487077534791 0.01875 0.04572564612326044
0 0.4557291666666667 0.3986083499005964 0.009375 0.015904572564612324
0 0.321875 0.41848906560636184 0.0125 0.03578528827037773
0 0.39817708333333335 0.415506958250497 0.0078125 0.027833001988071572
0 0.34088541666666666 0.4100397614314115 0.013020833333333334 0.010934393638170975
0 0.46536458333333336 0.43439363817097415 0.015104166666666667 0.04970178926441352
0 0.54609375 0.43141153081510936 0.0140625 0.033797216699801194
0 0.58359375 0.44880715705765406 0.0078125 0.036779324055666
0 0.7739583333333333 0.4378727634194831 0.009375 0.012922465208747515
0 0.39140625 0.444831013916501 0.009895833333333333 0.02286282306163022
0 0.42473958333333334 0.444831013916501 0.021354166666666667 0.02485089463220676
0 0.48802083333333335 0.44582504970178927 0.019791666666666666 0.020874751491053677
0 0.56640625 0.4463220675944334 0.0171875 0.02385685884691849
0 0.32109375 0.4577534791252485 0.009895833333333333 0.018886679920477135
0 0.36354166666666665 0.46322067594433397 0.016666666666666666 0.019880715705765408
0 0.51015625 0.4617296222664016 0.013020833333333334 0.018886679920477135
0 0.17083333333333334 0.4801192842942346 0.017708333333333333 0.02982107355864811
0 0.303125 0.4831013916500994 0.007291666666666667 0.03578528827037773
0 0.35494791666666664 0.48956262425447317 0.0078125 0.0268389662027833
0 0.6510416666666666 0.49403578528827036 0.011458333333333333 0.033797216699801194
0 0.37161458333333336 0.49204771371769385 0.018229166666666668 0.027833001988071572
0 0.38307291666666665 0.5054671968190855 0.015104166666666667 0.032803180914512925
0 0.05286458333333333 0.5203777335984096 0.024479166666666666 0.04671968190854871
0 0.403125 0.5228628230616302 0.016666666666666666 0.05168986083499006
0 0.56015625 0.5039761431411531 0.013020833333333334 0.011928429423459244
0 0.019010416666666665 0.5154075546719682 0.0171875 0.0268389662027833
0 0.5901041666666667 0.5268389662027833 0.00625 0.03777335984095427
0 0.7 0.5238568588469185 0.01875 0.02584493041749503
0 0.8609375 0.5377733598409543 0.0125 0.033797216699801194
0 0.9067708333333333 0.5357852882703777 0.011458333333333333 0.02982107355864811
0 0.415625 0.5347912524850894 0.015625 0.017892644135188866
0 0.09244791666666667 0.5656063618290258 0.0234375 0.02982107355864811
0 0.40572916666666664 0.56610337972167 0.029166666666666667 0.032803180914512925
0 0.24505208333333334 0.5616302186878728 0.018229166666666668 0.019880715705765408
0 0.3776041666666667 0.5581510934393639 0.014583333333333334 0.012922465208747515
0 0.74140625 0.5685884691848907 0.024479166666666666 0.027833001988071572
0 0.3609375 0.5775347912524851 0.00625 0.019880715705765408
0 0.03046875 0.5929423459244533 0.019270833333333334 0.032803180914512925
0 0.19869791666666667 0.5944333996023857 0.027604166666666666 0.033797216699801194
0 0.4739583333333333 0.591948310139165 0.011458333333333333 0.012922465208747515
0 0.40598958333333335 0.6163021868787276 0.008854166666666666 0.04572564612326044
0 0.22526041666666666 0.628727634194831 0.027604166666666666 0.05467196819085487
0 0.36380208333333336 0.6232604373757455 0.0109375 0.027833001988071572
0 0.4427083333333333 0.6411530815109344 0.011458333333333333 0.02982107355864811
0 0.6322916666666667 0.6515904572564613 0.0125 0.04671968190854871
0 0.5802083333333333 0.6595427435387674 0.01875 0.05069582504970179
0 0.47942708333333334 0.6426441351888668 0.018229166666666668 0.012922465208747515
0 0.6171875 0.6645129224652088 0.01875 0.042743538767395624
0 0.7466145833333333 0.6520874751491054 0.015104166666666667 0.015904572564612324
0 0.45625 0.6625248508946322 0.009375 0.02882703777335984
0 0.40182291666666664 0.6640159045725647 0.009895833333333333 0.02385685884691849
0 0.2046875 0.6719681908548708 0.016666666666666666 0.03180914512922465
0 0.33046875 0.6883697813121272 0.013020833333333334 0.042743538767395624
0 0.4080729166666667 0.6809145129224652 0.0140625 0.02385685884691849
0 0.30234375 0.687375745526839 0.0109375 0.010934393638170975
0 0.4390625 0.7127236580516899 0.01875 0.0636182902584493
0 0.40520833333333334 0.702286282306163 0.029166666666666667 0.03479125248508946
0 0.4700520833333333 0.6998011928429424 0.005729166666666666 0.02584493041749503
0 0.3763020833333333 0.7002982107355865 0.008854166666666666 0.016898608349900597
0 0.18828125 0.7102385685884692 0.005729166666666666 0.02286282306163022
0 0.36953125 0.7226640159045725 0.011979166666666667 0.019880715705765408
0 0.15260416666666668 0.7475149105367793 0.010416666666666666 0.03777335984095427
0 0.20286458333333332 0.7490059642147118 0.0067708333333333336 0.0268389662027833
0 0.4005208333333333 0.7529821073558648 0.016666666666666666 0.018886679920477135
0 0.29375 0.7549701789264414 0.010416666666666666 0.014910536779324055
0 0.4786458333333333 0.7738568588469185 0.0125 0.040755467196819085
0 0.42526041666666664 0.7678926441351889 0.0109375 0.02286282306163022
0 0.3411458333333333 0.7788270377733598 0.005208333333333333 0.016898608349900597
0 0.30494791666666665 0.7937375745526839 0.0203125 0.02485089463220676
0 0.4908854166666667 0.8091451292246521 0.0046875 0.02385685884691849
0 0.3502604166666667 0.8076540755467196 0.0140625 0.014910536779324055
0 0.20442708333333334 0.8280318091451292 0.0171875 0.05168986083499006
0 0.5747395833333333 0.8240556660039762 0.0140625 0.033797216699801194
0 0.1390625 0.8305168986083499 0.015625 0.0268389662027833
0 0.5416666666666666 0.8250497017892644 0.015625 0.013916500994035786
0 0.5067708333333333 0.8374751491053678 0.014583333333333334 0.032803180914512925
0 0.5216145833333333 0.8429423459244533 0.015104166666666667 0.03180914512922465
0 0.3489583333333333 0.8503976143141153 0.008333333333333333 0.030815109343936383
0 0.2838541666666667 0.8503976143141153 0.017708333333333333 0.016898608349900597
0 0.30859375 0.8598409542743539 0.008854166666666666 0.03180914512922465
0 0.04453125 0.8772365805168986 0.0203125 0.0268389662027833
0 0.33307291666666666 0.882703777335984 0.008854166666666666 0.027833001988071572
0 0.4947916666666667 0.8782306163021869 0.021875 0.018886679920477135
0 0.3216145833333333 0.8866799204771372 0.016145833333333335 0.033797216699801194
0 0.5184895833333333 0.8911530815109344 0.009895833333333333 0.018886679920477135
0 0.22083333333333333 0.8976143141153081 0.009375 0.027833001988071572
0 0.15885416666666666 0.911530815109344 0.009375 0.0437375745526839
0 0.19505208333333332 0.918986083499006 0.015104166666666667 0.0268389662027833
0 0.509375 0.9418489065606361 0.013541666666666667 0.020874751491053677
0 0.165625 0.9562624254473161 0.013541666666666667 0.03777335984095427
0 0.06536458333333334 0.9840954274353877 0.0109375 0.02982107355864811
0 0.6104166666666667 0.9831013916500994 0.022916666666666665 0.015904572564612324
0 0.3932291666666667 0.9955268389662028 0.011458333333333333 0.006958250497017893