0 0.6942708333333333 0.010934393638170975 0.007291666666666667 0.02186878727634195
0 0.8411458333333334 0.0064612326043737576 0.008333333333333333 0.012922465208747515
0 0.91015625 0.0044731610337972166 0.016145833333333335 0.008946322067594433
0 0.9833333333333333 0.0004970178926441351 0.03229166666666667 0.0009940357852882703
0 0.70703125 0.02186878727634195 0.008854166666666666 0.019880715705765408
0 0.9875 0.06510934393638171 0.013541666666666667 0.032803180914512925
0 0.6713541666666667 0.0636182902584493 0.007291666666666667 0.009940357852882704
0 0.9606770833333333 0.08648111332007952 0.0109375 0.027833001988071572
0 0.7828125 0.10934393638170974 0.016666666666666666 0.039761431411530816
0 0.7184895833333333 0.1341948310139165 0.008854166666666666 0.03180914512922465
0 0.9916666666666667 0.1550695825049702 0.015625 0.027833001988071572
0 0.3653645833333333 0.16451292246520874 0.009895833333333333 0.014910536779324055
0 0.9020833333333333 0.16451292246520874 0.010416666666666666 0.010934393638170975
0 0.9966145833333333 0.18041749502982107 0.005729166666666666 0.018886679920477135
0 0.9361979166666666 0.18588469184890655 0.013020833333333334 0.011928429423459244
0 0.8955729166666667 0.24204771371769385 0.0067708333333333336 0.02286282306163022
0 0.6041666666666666 0.28429423459244535 0.008333333333333333 0.015904572564612324
0 0.3078125 0.3076540755467197 0.008333333333333333 0.030815109343936383
0 0.64921875 0.30417495029821073 0.0078125 0.013916500994035786
0 0.7786458333333334 0.3240556660039761 0.009375 0.017892644135188866
0 0.41692708333333334 0.34343936381709744 0.013020833333333334 0.03876739562624255
0 0.925 0.35785288270377735 0.025 0.04572564612326044
0 0.7598958333333333 0.3558648111332008 0.007291666666666667 0.02982107355864811
0 0.7799479166666666 0.3548707753479125 0.0140625 0.015904572564612324
0 0.7541666666666667 0.4085487077534791 0.026041666666666668 0.04572564612326044
0 0.8333333333333334 0.4279324055666004 0.011458333333333333 0.018886679920477135
0 0.7421875 0.4408548707753479 0.0125 0.032803180914512925
0 0.6921875 0.4403578528827038 0.005208333333333333 0.027833001988071572
0 0.4669270833333333 0.45029821073558646 0.0109375 0.03777335984095427
0 0.9596354166666666 0.44781312127236583 0.015104166666666667 0.032803180914512925
0 0.8119791666666667 0.4671968190854871 0.007291666666666667 0.02584493041749503
0 0.5606770833333333 0.5273359840954275 0.008854166666666666 0.030815109343936383
0 0.30078125 0.540258449304175 0.019270833333333334 0.020874751491053677
0 0.9205729166666666 0.5621272365805169 0.011979166666666667 0.02286282306163022
0 0.925 0.5879721669980119 0.013541666666666667 0.010934393638170975
0 0.6966145833333334 0.6018886679920478 0.0171875 0.03479125248508946
0 0.9890625 0.5989065606361829 0.014583333333333334 0.020874751491053677
0 0.6135416666666667 0.6227634194831014 0.009375 0.018886679920477135
0 0.8848958333333333 0.6391650099403579 0.026041666666666668 0.02584493041749503
0 0.8283854166666667 0.647117296222664 0.008854166666666666 0.019880715705765408
0 0.37838541666666664 0.6605367793240556 0.016145833333333335 0.014910536779324055
0 0.5580729166666667 0.6660039761431411 0.005729166666666666 0.02385685884691849
0 0.7864583333333334 0.6704771371769384 0.004166666666666667 0.020874751491053677
0 0.8713541666666667 0.6754473161033797 0.021875 0.016898608349900597
0 0.7463541666666667 0.6809145129224652 0.005208333333333333 0.02385685884691849
0 0.9768229166666667 0.6824055666003976 0.0078125 0.0268389662027833
0 0.038802083333333334 0.6918489065606361 0.016145833333333335 0.02385685884691849
0 0.21197916666666666 0.7186878727634195 0.015625 0.04572564612326044
0 0.6916666666666667 0.7191848906560636 0.007291666666666667 0.02286282306163022
0 0.8244791666666667 0.7246520874751491 0.011458333333333333 0.027833001988071572
0 0.6536458333333334 0.73558648111332 0.013541666666666667 0.03180914512922465
0 0.34453125 0.7430417495029821 0.008854166666666666 0.042743538767395624
0 0.8401041666666667 0.7350894632206759 0.015625 0.02286282306163022
0 0.77578125 0.7296222664015904 0.013020833333333334 0.007952286282306162
0 0.7158854166666667 0.7519880715705766 0.005729166666666666 0.0268389662027833
0 0.8997395833333334 0.7589463220675944 0.0140625 0.0268389662027833
0 0.78125 0.7604373757455268 0.013541666666666667 0.02186878727634195
0 0.8705729166666667 0.7678926441351889 0.028645833333333332 0.030815109343936383
0 0.6341145833333334 0.7659045725646123 0.0109375 0.020874751491053677
0 0.9138020833333333 0.7783300198807157 0.0203125 0.0437375745526839
0 0.7380208333333333 0.7783300198807157 0.011458333333333333 0.02982107355864811
0 0.3390625 0.7833001988071571 0.01875 0.02385685884691849
0 0.59765625 0.7882703777335984 0.016145833333333335 0.02982107355864811
0 0.9286458333333333 0.7877733598409543 0.016666666666666666 0.020874751491053677
0 0.6354166666666666 0.7937375745526839 0.025 0.02882703777335984
0 0.85546875 0.7952286282306164 0.011979166666666667 0.02982107355864811
0 0.7986979166666667 0.8101391650099403 0.008854166666666666 0.03578528827037773
0 0.0005208333333333333 0.8802186878727635 0.0010416666666666667 0.13220675944333996
0 0.6940104166666666 0.8290258449304175 0.0078125 0.02186878727634195
0 0.5234375 0.8320079522862823 0.011458333333333333 0.017892644135188866
0 0.31536458333333334 0.8404572564612326 0.005729166666666666 0.030815109343936383
0 0.8643229166666667 0.8707753479125249 0.018229166666666668 0.033797216699801194
0 0.10234375 0.8812127236580517 0.0203125 0.048707753479125246
0 0.5604166666666667 0.8702783300198808 0.005208333333333333 0.020874751491053677
0 0.7059895833333333 0.8762425447316103 0.0109375 0.02882703777335984
0 0.5481770833333334 0.8777335984095428 0.015104166666666667 0.011928429423459244
0 0.07083333333333333 0.889662027833002 0.025 0.027833001988071572
0 0.26119791666666664 0.8881709741550696 0.015104166666666667 0.018886679920477135
0 0.3515625 0.8911530815109344 0.007291666666666667 0.02286282306163022
0 0.48359375 0.9085487077534792 0.0140625 0.02584493041749503
0 0.6338541666666667 0.9095427435387674 0.013541666666666667 0.019880715705765408
0 0.7309895833333333 0.9145129224652088 0.008854166666666666 0.02982107355864811
0 0.7184895833333333 0.9165009940357853 0.008854166666666666 0.02186878727634195
0 0.7895833333333333 0.9214711729622267 0.005208333333333333 0.02584493041749503
0 0.7028645833333333 0.9204771371769384 0.015104166666666667 0.017892644135188866
0 0.7515625 0.9269383697813122 0.005208333333333333 0.02882703777335984
0 0.5674479166666667 0.9348906560636183 0.021354166666666667 0.02485089463220676
0 0.5875 0.9463220675944334 0.007291666666666667 0.033797216699801194
0 0.6208333333333333 0.9388667992047713 0.014583333333333334 0.008946322067594433
0 0.51875 0.9592445328031809 0.007291666666666667 0.02186878727634195
0 0.6158854166666666 0.974155069582505 0.009895833333333333 0.027833001988071572
0 0.5559895833333334 0.9806163021868787 0.0109375 0.036779324055666
0 0.64765625 0.9652087475149106 0.0140625 0.007952286282306162
0 0.7182291666666667 0.9801192842942346 0.014583333333333334 0.019880715705765408
0 0.6872395833333333 0.9826043737574552 0.016145833333333335 0.010934393638170975
0 0.5375 0.9915506958250497 0.020833333333333332 0.014910536779324055
0 0.6119791666666666 0.9960238568588469 0.013541666666666667 0.005964214711729622