0 0.6408854166666667 0.008449304174950299 0.009895833333333333 0.016898608349900597
0 0.8796875 0.019880715705765408 0.022916666666666665 0.039761431411530816
0 0.2046875 0.04473161033797217 0.01875 0.02584493041749503
0 0.6661458333333333 0.04622266401590457 0.008333333333333333 0.012922465208747515
0 0.8614583333333333 0.06113320079522863 0.020833333333333332 0.03479125248508946
0 0.6515625 0.05815109343936382 0.010416666666666666 0.02485089463220676
0 0.6716145833333333 0.08001988071570576 0.011979166666666667 0.04671968190854871
0 0.4328125 0.09343936381709742 0.015625 0.033797216699801194
0 0.9661458333333334 0.11332007952286283 0.016666666666666666 0.041749502982107355
0 0.31328125 0.11282306163021869 0.0140625 0.032803180914512925
0 0.4895833333333333 0.12077534791252485 0.009375 0.020874751491053677
0 0.4234375 0.1610337972166998 0.009375 0.02584493041749503
0 0.9872395833333333 0.176441351888668 0.013020833333333334 0.036779324055666
0 0.41067708333333336 0.1794234592445328 0.011979166666666667 0.02882703777335984
0 0.26484375 0.18141153081510936 0.022395833333333334 0.016898608349900597
0 0.4549479166666667 0.24453280318091453 0.0140625 0.04572564612326044
0 0.59375 0.24353876739562624 0.011458333333333333 0.013916500994035786
0 0.6885416666666667 0.2509940357852883 0.0125 0.020874751491053677
0 0.6669270833333333 0.2698807157057654 0.022395833333333334 0.020874751491053677
0 0.0578125 0.2947316103379722 0.027083333333333334 0.040755467196819085
0 0.58984375 0.2837972166998012 0.016145833333333335 0.012922465208747515
0 0.5036458333333333 0.31560636182902585 0.009375 0.03479125248508946
0 0.07005208333333333 0.35636182902584496 0.0171875 0.02882703777335984
0 0.35598958333333336 0.37673956262425445 0.021354166666666667 0.03180914512922465
0 0.09739583333333333 0.3966202783300199 0.019791666666666666 0.0636182902584493
0 0.3328125 0.3991053677932406 0.020833333333333332 0.05268389662027833
0 0.6015625 0.4085487077534791 0.007291666666666667 0.02982107355864811
0 0.5955729166666667 0.4259443339960239 0.021354166666666667 0.048707753479125246
0 0.7390625 0.42047713717693835 0.013541666666666667 0.019880715705765408
0 0.6958333333333333 0.426441351888668 0.011458333333333333 0.027833001988071572
0 0.3359375 0.4428429423459245 0.013541666666666667 0.02286282306163022
0 0.39791666666666664 0.45029821073558646 0.016666666666666666 0.02385685884691849
0 0.5515625 0.46421471172962225 0.00625 0.02385685884691849
0 0.9369791666666667 0.47962226640159045 0.019791666666666666 0.02485089463220676
0 0.8328125 0.4860834990059642 0.016666666666666666 0.019880715705765408
0 0.66796875 0.5089463220675944 0.018229166666666668 0.039761431411530816
0 0.5299479166666666 0.5178926441351889 0.0203125 0.03578528827037773
0 0.565625 0.5134194831013916 0.007291666666666667 0.014910536779324055
0 0.30442708333333335 0.5193836978131213 0.013020833333333334 0.012922465208747515
0 0.3885416666666667 0.5263419483101391 0.009375 0.014910536779324055
0 0.6361979166666667 0.5432405566600398 0.018229166666666668 0.030815109343936383
0 0.5450520833333333 0.5576540755467196 0.0078125 0.019880715705765408
0 0.6635416666666667 0.5690854870775348 0.009375 0.03876739562624255
0 0.25 0.5646123260437376 0.010416666666666666 0.011928429423459244
0 0.49895833333333334 0.5785288270377733 0.020833333333333332 0.041749502982107355
0 0.32734375 0.6013916500994035 0.022395833333333334 0.013916500994035786
0 0.66484375 0.6073558648111332 0.0140625 0.02584493041749503
0 0.5372395833333333 0.6138170974155069 0.009895833333333333 0.010934393638170975
0 0.5421875 0.639662027833002 0.014583333333333334 0.014910536779324055
0 0.2947916666666667 0.6411530815109344 0.015625 0.015904572564612324
0 0.6424479166666667 0.6530815109343936 0.008854166666666666 0.02385685884691849
0 0.6065104166666667 0.6734592445328031 0.0171875 0.014910536779324055
0 0.3768229166666667 0.6953280318091452 0.0078125 0.04473161033797217
0 0.6963541666666667 0.7017892644135189 0.009375 0.027833001988071572
0 0.6778645833333333 0.69831013916501 0.0171875 0.016898608349900597
0 0.5479166666666667 0.7082504970178927 0.00625 0.02485089463220676
0 0.5859375 0.7206759443339961 0.009375 0.03180914512922465
0 0.53828125 0.7221669980119284 0.016145833333333335 0.018886679920477135
0 0.5479166666666667 0.7614314115308151 0.01875 0.02584493041749503
0 0.68203125 0.7733598409542743 0.013020833333333334 0.02385685884691849
0 0.5216145833333333 0.8091451292246521 0.013020833333333334 0.04771371769383698
0 0.34479166666666666 0.8121272365805169 0.009375 0.03578528827037773
0 0.61953125 0.8399602385685885 0.021354166666666667 0.0775347912524851
0 0.32838541666666665 0.8260437375745527 0.008854166666666666 0.03180914512922465
0 0.80234375 0.8260437375745527 0.022395833333333334 0.02385685884691849
0 0.365625 0.8250497017892644 0.021875 0.015904572564612324
0 0.5375 0.8240556660039762 0.009375 0.013916500994035786
0 0.5997395833333333 0.8469184890656064 0.0109375 0.02584493041749503
0 0.5072916666666667 0.8638170974155069 0.027083333333333334 0.02385685884691849
0 0.4356770833333333 0.9060636182902585 0.019270833333333334 0.032803180914512925
0 0.6940104166666666 0.9085487077534792 0.021354166666666667 0.019880715705765408
0 0.9033854166666667 0.9095427435387674 0.0171875 0.02385685884691849
0 0.45234375 0.9199801192842942 0.018229166666666668 0.036779324055666
0 0.2630208333333333 0.9701789264413518 0.015625 0.05765407554671968
0 0.5494791666666666 0.9781312127236581 0.015625 0.015904572564612324