0 0.62109375 0.01341948310139165 0.015104166666666667 0.0268389662027833
0 0.5169270833333334 0.007952286282306162 0.022395833333333334 0.015904572564612324
0 0.4278645833333333 0.012922465208747515 0.024479166666666666 0.02584493041749503
0 0.3536458333333333 0.009443339960238568 0.005208333333333333 0.018886679920477135
0 0.32135416666666666 0.003976143141153081 0.0125 0.007952286282306162
0 0.22734375 0.007952286282306162 0.0109375 0.015904572564612324
0 0.11875 0.04771371769383698 0.021875 0.06560636182902585
0 0.44557291666666665 0.0268389662027833 0.016145833333333335 0.015904572564612324
0 0.28515625 0.05268389662027833 0.015104166666666667 0.03180914512922465
0 0.33359375 0.05864811133200795 0.0109375 0.039761431411530816
0 0.4440104166666667 0.07256461232604373 0.008854166666666666 0.03578528827037773
0 0.265625 0.08548707753479125 0.017708333333333333 0.03578528827037773
0 0.41432291666666665 0.08349900596421471 0.021354166666666667 0.02584493041749503
0 0.8361979166666667 0.10387673956262425 0.011979166666666667 0.040755467196819085
0 0.039322916666666666 0.10884691848906561 0.0203125 0.02485089463220676
0 0.5919270833333333 0.11878727634194831 0.0203125 0.040755467196819085
0 0.5375 0.1341948310139165 0.005208333333333333 0.033797216699801194
0 0.4674479166666667 0.14314115308151093 0.018229166666666668 0.04771371769383698
0 0.6263020833333334 0.13618290258449303 0.009895833333333333 0.02982107355864811
0 0.42942708333333335 0.14761431411530815 0.028645833333333332 0.03479125248508946
0 0.8494791666666667 0.15705765407554673 0.010416666666666666 0.03777335984095427
0 0.40651041666666665 0.18290258449304175 0.0328125 0.0775347912524851
0 0.5239583333333333 0.1595427435387674 0.015625 0.0268389662027833
0 0.6911458333333333 0.16898608349900596 0.010416666666666666 0.03578528827037773
0 0.6682291666666667 0.16650099403578528 0.015625 0.030815109343936383
0 0.4453125 0.18141153081510936 0.007291666666666667 0.012922465208747515
0 0.13229166666666667 0.19284294234592445 0.017708333333333333 0.033797216699801194
0 0.48463541666666665 0.213220675944334 0.0078125 0.03876739562624255
0 0.55 0.23508946322067595 0.011458333333333333 0.04671968190854871
0 0.44557291666666665 0.22266401590457258 0.009895833333333333 0.02186878727634195
0 0.4265625 0.2276341948310139 0.011458333333333333 0.027833001988071572
0 0.41380208333333335 0.23210735586481113 0.009895833333333333 0.036779324055666
0 0.46041666666666664 0.25695825049701787 0.014583333333333334 0.0268389662027833
0 0.4127604166666667 0.2773359840954274 0.019270833333333334 0.02982107355864811
0 0.5291666666666667 0.27037773359840955 0.011458333333333333 0.013916500994035786
0 0.4940104166666667 0.28727634194831014 0.019270833333333334 0.04771371769383698
0 0.9203125 0.2912524850894632 0.009375 0.03180914512922465
0 0.29635416666666664 0.297713717693837 0.007291666666666667 0.032803180914512925
0 0.39609375 0.3101391650099404 0.015104166666666667 0.0437375745526839
0 0.12109375 0.305168986083499 0.015104166666666667 0.02584493041749503
0 0.409375 0.3116302186878728 0.007291666666666667 0.02882703777335984
0 0.13932291666666666 0.3359840954274354 0.015104166666666667 0.033797216699801194
0 0.4856770833333333 0.33399602385685884 0.0067708333333333336 0.017892644135188866
0 0.6075520833333333 0.341948310139165 0.016145833333333335 0.02982107355864811
0 0.5083333333333333 0.3364811133200795 0.0125 0.016898608349900597
0 0.5565104166666667 0.34542743538767395 0.0067708333333333336 0.02485089463220676
0 0.40963541666666664 0.3499005964214712 0.019270833333333334 0.03180914512922465
0 0.47291666666666665 0.3558648111332008 0.007291666666666667 0.02186878727634195
0 0.5729166666666666 0.36182902584493043 0.013541666666666667 0.02584493041749503
0 0.4947916666666667 0.3588469184890656 0.007291666666666667 0.011928429423459244
0 0.42864583333333334 0.3757455268389662 0.015625 0.02186878727634195
0 0.4705729166666667 0.39363817097415504 0.018229166666666668 0.02584493041749503
0 0.07291666666666667 0.4070576540755467 0.014583333333333334 0.0268389662027833
0 0.43333333333333335 0.415506958250497 0.014583333333333334 0.02385685884691849
0 0.35911458333333335 0.4239562624254473 0.016145833333333335 0.040755467196819085
0 0.48932291666666666 0.4249502982107356 0.011979166666666667 0.02882703777335984
0 0.42473958333333334 0.46322067594433397 0.0140625 0.055666003976143144
0 0.37864583333333335 0.45974155069582506 0.010416666666666666 0.042743538767395624
0 0.33515625 0.4746520874751491 0.0140625 0.0268389662027833
0 0.6307291666666667 0.47813121272365805 0.00625 0.02982107355864811
0 0.40546875 0.481610337972167 0.0109375 0.032803180914512925
0 0.35598958333333336 0.49204771371769385 0.008854166666666666 0.02385685884691849
0 0.46588541666666666 0.4875745526838966 0.0078125 0.010934393638170975
0 0.9411458333333333 0.5029821073558648 0.022916666666666665 0.019880715705765408
0 0.37083333333333335 0.5238568588469185 0.008333333333333333 0.02982107355864811
0 0.3885416666666667 0.5387673956262425 0.016666666666666666 0.02982107355864811
0 0.3619791666666667 0.5462226640159046 0.014583333333333334 0.02485089463220676
0 0.459375 0.5482107355864811 0.009375 0.02286282306163022
0 0.08203125 0.5492047713717694 0.011979166666666667 0.0268389662027833
0 0.22786458333333334 0.5646123260437376 0.0265625 0.027833001988071572
0 0.7177083333333333 0.5715705765407555 0.017708333333333333 0.013916500994035786
0 0.46458333333333335 0.5839960238568589 0.013541666666666667 0.036779324055666
0 0.6083333333333333 0.588469184890656 0.017708333333333333 0.015904572564612324
0 0.8848958333333333 0.6098409542743539 0.021875 0.030815109343936383
0 0.03697916666666667 0.6033797216699801 0.01875 0.015904572564612324
0 0.6080729166666666 0.6202783300198808 0.008854166666666666 0.039761431411530816
0 0.5359375 0.6207753479125249 0.0125 0.016898608349900597
0 0.4765625 0.6401590457256461 0.020833333333333332 0.02584493041749503
0 0.43828125 0.6456262425447317 0.016145833333333335 0.0268389662027833
0 0.36614583333333334 0.6451292246520874 0.017708333333333333 0.011928429423459244
0 0.0921875 0.6630218687872763 0.016666666666666666 0.04771371769383698
0 0.8036458333333333 0.6709741550695825 0.00625 0.033797216699801194
0 0.67578125 0.665506958250497 0.0203125 0.02286282306163022
0 0.440625 0.679920477137177 0.013541666666666667 0.017892644135188866
0 0.4510416666666667 0.702286282306163 0.007291666666666667 0.032803180914512925
0 0.22005208333333334 0.694831013916501 0.008854166666666666 0.019880715705765408
0 0.37916666666666665 0.7062624254473161 0.016666666666666666 0.02882703777335984
0 0.47552083333333334 0.7281312127236581 0.00625 0.02485089463220676
0 0.74609375 0.7380715705765407 0.016145833333333335 0.018886679920477135
0 0.44609375 0.7554671968190855 0.015104166666666667 0.007952286282306162
0 0.4122395833333333 0.7823061630218688 0.016145833333333335 0.05964214711729622
0 0.27005208333333336 0.7877733598409543 0.018229166666666668 0.02882703777335984
0 0.35651041666666666 0.7892644135188867 0.016145833333333335 0.02385685884691849
0 0.5166666666666667 0.7887673956262425 0.017708333333333333 0.020874751491053677
0 0.8596354166666667 0.8046719681908548 0.0203125 0.042743538767395624
0 0.65546875 0.8444333996023857 0.0109375 0.036779324055666
0 0.45364583333333336 0.8439363817097415 0.00625 0.019880715705765408
0 0.2828125 0.8439363817097415 0.015625 0.017892644135188866
0 0.4744791666666667 0.8593439363817097 0.010416666666666666 0.02485089463220676
0 0.5127604166666667 0.8658051689860835 0.011979166666666667 0.03578528827037773
0 0.5408854166666667 0.8752485089463221 0.0171875 0.020874751491053677
0 0.16354166666666667 0.8742544731610338 0.019791666666666666 0.014910536779324055
0 0.6755208333333333 0.9075546719681908 0.010416666666666666 0.013916500994035786
0 0.6619791666666667 0.9125248508946322 0.008333333333333333 0.011928429423459244
0 0.21744791666666666 0.952286282306163 0.008854166666666666 0.03777335984095427