0 0.9669270833333333 0.0004970178926441351 0.06510416666666667 0.0009940357852882703
0 0.00026041666666666666 0.06113320079522863 0.0005208333333333333 0.08449304174950298
0 0.95 0.03429423459244533 0.007291666666666667 0.012922465208747515
0 0.6364583333333333 0.052186878727634195 0.007291666666666667 0.018886679920477135
0 0.6135416666666667 0.09343936381709742 0.014583333333333334 0.013916500994035786
0 0.971875 0.11630218687872763 0.009375 0.015904572564612324
0 0.840625 0.1918489065606362 0.009375 0.013916500994035786
0 0.7231770833333333 0.24204771371769385 0.011979166666666667 0.016898608349900597
0 0.9651041666666667 0.2673956262425447 0.015625 0.019880715705765408
0 0.6888020833333334 0.3503976143141153 0.0067708333333333336 0.018886679920477135
0 0.9799479166666667 0.37524850894632206 0.0140625 0.04473161033797217
0 0.9661458333333334 0.3911530815109344 0.0125 0.0268389662027833
0 0.9513020833333333 0.4135188866799205 0.0078125 0.013916500994035786
0 0.90625 0.43489065606361826 0.009375 0.02485089463220676
0 0.9296875 0.49254473161033796 0.00625 0.02882703777335984
0 0.30130208333333336 0.4955268389662028 0.013020833333333334 0.012922465208747515
0 0.8286458333333333 0.536779324055666 0.008333333333333333 0.02186878727634195
0 0.9565104166666667 0.5357852882703777 0.013020833333333334 0.017892644135188866
0 0.79609375 0.5487077534791253 0.013020833333333334 0.02982107355864811
0 0.8171875 0.5506958250497018 0.00625 0.02385685884691849
0 0.9151041666666667 0.5546719681908548 0.010416666666666666 0.015904572564612324
0 0.68984375 0.5591451292246521 0.0140625 0.020874751491053677
0 0.8942708333333333 0.5546719681908548 0.007291666666666667 0.011928429423459244
0 0.9768229166666667 0.5636182902584493 0.0067708333333333336 0.02385685884691849
0 0.7760416666666666 0.5854870775347912 0.019791666666666666 0.013916500994035786
0 0.9690104166666667 0.6098409542743539 0.009895833333333333 0.02286282306163022
0 0.7838541666666666 0.6148111332007953 0.014583333333333334 0.012922465208747515
0 0.8497395833333333 0.6277335984095428 0.008854166666666666 0.032803180914512925
0 0.7463541666666667 0.6461232604373758 0.009375 0.02584493041749503
0 0.59609375 0.6560636182902585 0.015104166666666667 0.017892644135188866
0 0.8846354166666667 0.6814115308151093 0.008854166666666666 0.032803180914512925
0 0.9036458333333334 0.7688866799204771 0.005208333333333333 0.02485089463220676
0 0.6356770833333333 0.7783300198807157 0.0140625 0.02982107355864811
0 0.740625 0.7937375745526839 0.013541666666666667 0.016898608349900597
0 0.9192708333333334 0.80168986083499 0.00625 0.030815109343936383
0 0.709375 0.7992047713717694 0.010416666666666666 0.019880715705765408
0 0.7752604166666667 0.8026838966202783 0.0067708333333333336 0.0268389662027833
0 0.7591145833333334 0.8205765407554672 0.005729166666666666 0.02882703777335984
0 0.6513020833333333 0.8190854870775348 0.0140625 0.013916500994035786
0 0.678125 0.8513916500994035 0.010416666666666666 0.042743538767395624
0 0.7049479166666667 0.8379721669980119 0.0109375 0.013916500994035786
0 0.24947916666666667 0.8682902584493042 0.013541666666666667 0.02286282306163022
0 0.6559895833333333 0.8653081510934394 0.0067708333333333336 0.016898608349900597
0 0.8356770833333333 0.8717693836978131 0.0140625 0.02385685884691849
0 0.7255208333333333 0.8687872763419483 0.009375 0.009940357852882704
0 0.7083333333333334 0.9219681908548708 0.005208333333333333 0.02882703777335984
0 0.6567708333333333 0.9209741550695825 0.008333333333333333 0.014910536779324055
0 0.840625 0.9463220675944334 0.010416666666666666 0.02385685884691849
0 0.6705729166666666 0.9473161033797217 0.0078125 0.019880715705765408
0 0.5518229166666667 0.9542743538767395 0.0067708333333333336 0.013916500994035786
0 0.653125 0.9716699801192843 0.015625 0.012922465208747515
0 0.7390625 0.9791252485089463 0.011458333333333333 0.02584493041749503
0 0.7015625 0.9850894632206759 0.008333333333333333 0.017892644135188866
0 0.27578125 0.992544731610338 0.009895833333333333 0.012922465208747515