0 0.278125 0.010934393638170975 0.007291666666666667 0.02186878727634195
0 0.33958333333333335 0.014910536779324055 0.0125 0.02982107355864811
0 0.9778645833333334 0.006958250497017893 0.043229166666666666 0.013916500994035786
0 0.10963541666666667 0.03180914512922465 0.021354166666666667 0.019880715705765408
0 0.9989583333333333 0.07157057654075547 0.0010416666666666667 0.08151093439363817
0 0.890625 0.05467196819085487 0.011458333333333333 0.02186878727634195
0 0.6471354166666666 0.09393638170974156 0.0067708333333333336 0.018886679920477135
0 0.8028645833333333 0.11630218687872763 0.0067708333333333336 0.015904572564612324
0 0.4354166666666667 0.12972166998011928 0.007291666666666667 0.02485089463220676
0 0.4973958333333333 0.13568588469184892 0.009375 0.020874751491053677
0 0.9768229166666667 0.14314115308151093 0.0171875 0.02385685884691849
0 0.6182291666666667 0.14910536779324055 0.009375 0.02186878727634195
0 0.2838541666666667 0.16053677932405566 0.011458333333333333 0.03479125248508946
0 0.6330729166666667 0.16351888667992048 0.011979166666666667 0.008946322067594433
0 0.8080729166666667 0.1679920477137177 0.009895833333333333 0.019880715705765408
0 0.2591145833333333 0.16998011928429424 0.011979166666666667 0.017892644135188866
0 0.6057291666666667 0.17196819085487078 0.010416666666666666 0.02385685884691849
0 0.93671875 0.1824055666003976 0.008854166666666666 0.016898608349900597
0 0.7890625 0.18588469184890655 0.005208333333333333 0.019880715705765408
0 0.90546875 0.20675944333996024 0.009895833333333333 0.019880715705765408
0 0.9372395833333333 0.21620278330019882 0.009895833333333333 0.02882703777335984
0 0.6330729166666667 0.21222664015904572 0.013020833333333334 0.014910536779324055
0 0.21536458333333333 0.23359840954274355 0.0067708333333333336 0.033797216699801194
0 0.6346354166666667 0.2355864811133201 0.011979166666666667 0.013916500994035786
0 0.002864583333333333 0.2400596421471173 0.005729166666666666 0.016898608349900597
0 0.8427083333333333 0.24055666003976142 0.013541666666666667 0.015904572564612324
0 0.5494791666666666 0.2544731610337972 0.008333333333333333 0.041749502982107355
0 0.9611979166666667 0.24353876739562624 0.0067708333333333336 0.019880715705765408
0 0.8604166666666667 0.2544731610337972 0.0125 0.019880715705765408
0 0.65 0.25745526838966204 0.011458333333333333 0.019880715705765408
0 0.8390625 0.2783300198807157 0.008333333333333333 0.02186878727634195
0 0.6356770833333333 0.28628230616302186 0.0078125 0.02584493041749503
0 0.7263020833333333 0.29970178926441354 0.011979166666666667 0.016898608349900597
0 0.5390625 0.3573558648111332 0.025 0.05069582504970179
0 0.9666666666666667 0.34642147117296224 0.017708333333333333 0.016898608349900597
0 0.19479166666666667 0.3663021868787276 0.005208333333333333 0.020874751491053677
0 0.7934895833333333 0.3682902584493042 0.0109375 0.0268389662027833
0 0.78046875 0.3672962226640159 0.0067708333333333336 0.020874751491053677
0 0.9604166666666667 0.3782306163021869 0.028125 0.032803180914512925
0 0.8158854166666667 0.41302186878727637 0.0078125 0.018886679920477135
0 0.9919270833333333 0.4224652087475149 0.015104166666666667 0.02982107355864811
0 0.8299479166666667 0.4224652087475149 0.015104166666666667 0.019880715705765408
0 0.09557291666666666 0.44681908548707755 0.008854166666666666 0.032803180914512925
0 0.6604166666666667 0.4388667992047714 0.011458333333333333 0.008946322067594433
0 0.78203125 0.4433399602385686 0.0109375 0.015904572564612324
0 0.0765625 0.4577534791252485 0.019791666666666666 0.016898608349900597
0 0.56875 0.470675944333996 0.007291666666666667 0.02286282306163022
0 0.6221354166666667 0.46520874751491054 0.0171875 0.013916500994035786
0 0.23151041666666666 0.474155069582505 0.009895833333333333 0.027833001988071572
0 0.6059895833333333 0.49403578528827036 0.013020833333333334 0.027833001988071572
0 0.3494791666666667 0.5049701789264414 0.015625 0.027833001988071572
0 0.9924479166666667 0.5054671968190855 0.0140625 0.014910536779324055
0 0.6638020833333333 0.518389662027833 0.009895833333333333 0.02485089463220676
0 0.7252604166666666 0.51441351888668 0.0171875 0.014910536779324055
0 0.8385416666666666 0.5412524850894632 0.011458333333333333 0.018886679920477135
0 0.9296875 0.5417495029821073 0.0125 0.019880715705765408
0 0.6341145833333334 0.5382703777335984 0.013020833333333334 0.008946322067594433
0 0.50703125 0.5546719681908548 0.0067708333333333336 0.02584493041749503
0 0.58125 0.5576540755467196 0.005208333333333333 0.027833001988071572
0 0.3268229166666667 0.5546719681908548 0.0203125 0.013916500994035786
0 0.7450520833333333 0.5725646123260437 0.0109375 0.013916500994035786
0 0.6846354166666667 0.6058648111332008 0.0078125 0.042743538767395624
0 0.6981770833333333 0.5989065606361829 0.005729166666666666 0.02286282306163022
0 0.9263020833333333 0.5949304174950298 0.011979166666666667 0.012922465208747515
0 0.31302083333333336 0.6182902584493042 0.015625 0.019880715705765408
0 0.5130208333333334 0.6247514910536779 0.016666666666666666 0.016898608349900597
0 0.7416666666666667 0.6272365805168986 0.013541666666666667 0.015904572564612324
0 0.6606770833333333 0.6336978131212724 0.0109375 0.02485089463220676
0 0.16015625 0.6391650099403579 0.018229166666666668 0.02385685884691849
0 0.6458333333333334 0.643141153081511 0.008333333333333333 0.02186878727634195
0 0.8736979166666666 0.6481113320079522 0.016145833333333335 0.019880715705765408
0 0.7236979166666667 0.6888667992047713 0.019270833333333334 0.041749502982107355
0 0.5020833333333333 0.6903578528827038 0.011458333333333333 0.0268389662027833
0 0.12552083333333333 0.6963220675944334 0.0125 0.030815109343936383
0 0.4703125 0.7012922465208747 0.011458333333333333 0.0268389662027833
0 0.50859375 0.717196819085487 0.024479166666666666 0.04473161033797217
0 0.5979166666666667 0.7082504970178927 0.007291666666666667 0.0268389662027833
0 0.48411458333333335 0.7117296222664016 0.0036458333333333334 0.02982107355864811
0 0.6677083333333333 0.7137176938369781 0.0125 0.011928429423459244
0 0.5348958333333333 0.7276341948310139 0.013541666666666667 0.03777335984095427
0 0.72890625 0.7286282306163022 0.011979166666666667 0.027833001988071572
0 0.5841145833333333 0.7340954274353877 0.011979166666666667 0.032803180914512925
0 0.05520833333333333 0.7420477137176938 0.023958333333333335 0.03479125248508946
0 0.6419270833333334 0.742544731610338 0.011979166666666667 0.017892644135188866
0 0.027864583333333335 0.7569582504970179 0.013020833333333334 0.04473161033797217
0 0.7380208333333333 0.7519880715705766 0.008333333333333333 0.020874751491053677
0 0.9151041666666667 0.7624254473161034 0.005208333333333333 0.02385685884691849
0 0.3255208333333333 0.7664015904572564 0.015625 0.027833001988071572
0 0.6619791666666667 0.757455268389662 0.008333333333333333 0.009940357852882704
0 0.6765625 0.7649105367793241 0.009375 0.02485089463220676
0 0.8171875 0.7773359840954275 0.0125 0.015904572564612324
0 0.9020833333333333 0.7877733598409543 0.008333333333333333 0.020874751491053677
0 0.5096354166666667 0.7972166998011928 0.0203125 0.03777335984095427
0 0.61171875 0.8006958250497018 0.013020833333333334 0.020874751491053677
0 0.6388020833333333 0.8076540755467196 0.015104166666666667 0.020874751491053677
0 0.7989583333333333 0.8156063618290258 0.0125 0.0268389662027833
0 0.7052083333333333 0.81610337972167 0.010416666666666666 0.013916500994035786
0 0.7583333333333333 0.8185884691848907 0.010416666666666666 0.014910536779324055
0 0.828125 0.8240556660039762 0.007291666666666667 0.02186878727634195
0 0.036458333333333336 0.8295228628230616 0.013541666666666667 0.02286282306163022
0 0.5690104166666666 0.8369781312127237 0.016145833333333335 0.027833001988071572
0 0.39114583333333336 0.8449304174950298 0.020833333333333332 0.033797216699801194
0 0.8177083333333334 0.8464214711729622 0.013541666666666667 0.0268389662027833
0 0.68203125 0.8563618290258449 0.0203125 0.0268389662027833
0 0.5432291666666667 0.8593439363817097 0.0125 0.0268389662027833
0 0.5614583333333333 0.8593439363817097 0.009375 0.018886679920477135
0 0.7270833333333333 0.8608349900596421 0.020833333333333332 0.02186878727634195
0 0.9552083333333333 0.8613320079522863 0.013541666666666667 0.020874751491053677
0 0.428125 0.864314115308151 0.013541666666666667 0.010934393638170975
0 0.65546875 0.8797216699801192 0.013020833333333334 0.03180914512922465
0 0.5799479166666667 0.8762425447316103 0.0078125 0.020874751491053677
0 0.6997395833333333 0.8752485089463221 0.008854166666666666 0.010934393638170975
0 0.5723958333333333 0.8841948310139165 0.004166666666666667 0.02485089463220676
0 0.7440104166666667 0.8792246520874751 0.0109375 0.014910536779324055
0 0.6286458333333333 0.8991053677932406 0.00625 0.02286282306163022
0 0.8484375 0.904572564612326 0.021875 0.019880715705765408
0 0.30546875 0.9199801192842942 0.005729166666666666 0.02882703777335984
0 0.715625 0.9214711729622267 0.011458333333333333 0.03180914512922465
0 0.6369791666666667 0.918986083499006 0.009375 0.012922465208747515
0 0.33515625 0.9234592445328031 0.018229166666666668 0.015904572564612324
0 0.9299479166666667 0.9284294234592445 0.022395833333333334 0.02584493041749503
0 0.6890625 0.9368787276341949 0.00625 0.02485089463220676
0 0.5338541666666666 0.9314115308151093 0.0125 0.007952286282306162
0 0.6455729166666667 0.9408548707753479 0.0078125 0.016898608349900597
0 0.6596354166666667 0.9493041749502982 0.019270833333333334 0.02584493041749503
0 0.56796875 0.955765407554672 0.019270833333333334 0.036779324055666
0 0.5888020833333333 0.9502982107355865 0.0067708333333333336 0.019880715705765408
0 0.7419270833333333 0.9537773359840954 0.0046875 0.02485089463220676
0 0.71171875 0.9627236580516899 0.0067708333333333336 0.02485089463220676
0 0.7669270833333334 0.9617296222664016 0.011979166666666667 0.020874751491053677
0 0.50625 0.9657057654075547 0.00625 0.02286282306163022
0 0.5307291666666667 0.9666998011928429 0.014583333333333334 0.02485089463220676
0 0.5466145833333333 0.9607355864811133 0.011979166666666667 0.006958250497017893
0 0.9588541666666667 0.9731610337972167 0.014583333333333334 0.02186878727634195
0 0.7614583333333333 0.9806163021868787 0.009375 0.0268389662027833
0 0.48671875 0.9826043737574552 0.0265625 0.02286282306163022
0 0.6205729166666667 0.9821073558648111 0.0078125 0.015904572564612324
0 0.6484375 0.9860834990059643 0.014583333333333334 0.02584493041749503
0 0.5119791666666667 0.9895626242544732 0.010416666666666666 0.018886679920477135
0 0.5768229166666666 0.9895626242544732 0.0078125 0.018886679920477135
0 0.96015625 0.9955268389662028 0.0203125 0.006958250497017893