0 0.0734375 0.015407554671968192 0.01875 0.030815109343936383
0 0.1140625 0.03330019880715706 0.020833333333333332 0.06660039761431412
0 0.14348958333333334 0.011928429423459244 0.0109375 0.02385685884691849
0 0.29609375 0.009940357852882704 0.011979166666666667 0.019880715705765408
0 0.42161458333333335 0.004970178926441352 0.0109375 0.009940357852882704
0 0.4627604166666667 0.008946322067594433 0.0109375 0.011928429423459244
0 0.5966145833333333 0.04473161033797217 0.0171875 0.017892644135188866
0 0.44427083333333334 0.04572564612326044 0.014583333333333334 0.011928429423459244
0 0.27838541666666666 0.061630218687872766 0.009895833333333333 0.02385685884691849
0 0.06015625 0.0874751491053678 0.022395833333333334 0.033797216699801194
0 0.09817708333333333 0.07852882703777336 0.013020833333333334 0.015904572564612324
0 0.20546875 0.08598409542743539 0.011979166666666667 0.030815109343936383
0 0.6174479166666667 0.08598409542743539 0.0109375 0.02882703777335984
0 0.3338541666666667 0.091948310139165 0.010416666666666666 0.03479125248508946
0 0.42135416666666664 0.0889662027833002 0.011458333333333333 0.018886679920477135
0 0.44453125 0.11381709741550695 0.018229166666666668 0.032803180914512925
0 0.6109375 0.10984095427435388 0.019791666666666666 0.02485089463220676
0 0.15963541666666667 0.11182902584493042 0.016145833333333335 0.0268389662027833
0 0.18515625 0.12276341948310139 0.022395833333333334 0.04473161033797217
0 0.23359375 0.13071570576540756 0.022395833333333334 0.05666003976143141
0 0.41302083333333334 0.12077534791252485 0.025 0.02286282306163022
0 0.12369791666666667 0.12226640159045726 0.0171875 0.019880715705765408
0 0.6794270833333333 0.13320079522862824 0.0140625 0.033797216699801194
0 0.020052083333333335 0.14214711729622267 0.0140625 0.03777335984095427
0 0.3828125 0.139662027833002 0.020833333333333332 0.02286282306163022
0 0.040625 0.14463220675944333 0.007291666666666667 0.020874751491053677
0 0.9598958333333333 0.14910536779324055 0.011458333333333333 0.027833001988071572
0 0.41015625 0.15308151093439365 0.022395833333333334 0.02982107355864811
0 0.08984375 0.15109343936381708 0.0067708333333333336 0.017892644135188866
0 0.3182291666666667 0.1550695825049702 0.016666666666666666 0.019880715705765408
0 0.4940104166666667 0.16053677932405566 0.019270833333333334 0.030815109343936383
0 0.003125 0.17196819085487078 0.00625 0.03180914512922465
0 0.07994791666666666 0.18190854870775347 0.030729166666666665 0.02584493041749503
0 0.4669270833333333 0.1794234592445328 0.015104166666666667 0.02286282306163022
0 0.34036458333333336 0.19532803180914513 0.0078125 0.040755467196819085
0 0.23802083333333332 0.19284294234592445 0.01875 0.03180914512922465
0 0.44609375 0.19831013916500995 0.018229166666666668 0.036779324055666
0 0.038802083333333334 0.1963220675944334 0.021354166666666667 0.02286282306163022
0 0.28098958333333335 0.21421471172962225 0.008854166666666666 0.04473161033797217
0 0.5794270833333334 0.20725646123260438 0.0140625 0.020874751491053677
0 0.5932291666666667 0.20974155069582506 0.00625 0.02584493041749503
0 0.15807291666666667 0.21769383697813122 0.025520833333333333 0.02982107355864811
0 0.4674479166666667 0.21769383697813122 0.0067708333333333336 0.02385685884691849
0 0.07005208333333333 0.22813121272365805 0.024479166666666666 0.032803180914512925
0 0.54609375 0.2400596421471173 0.011979166666666667 0.042743538767395624
0 0.38385416666666666 0.24602385685884692 0.010416666666666666 0.04671968190854871
0 0.40338541666666666 0.23210735586481113 0.0067708333333333336 0.018886679920477135
0 0.3359375 0.24900596421471172 0.017708333333333333 0.0268389662027833
0 0.3734375 0.2514910536779324 0.00625 0.03180914512922465
0 0.40963541666666664 0.279324055666004 0.0140625 0.05964214711729622
0 0.13359375 0.27335984095427435 0.0171875 0.03180914512922465
0 0.32734375 0.2932405566600398 0.0140625 0.04572564612326044
0 0.3854166666666667 0.28578528827037775 0.008333333333333333 0.0268389662027833
0 0.61953125 0.29025844930417494 0.0109375 0.03777335984095427
0 0.4466145833333333 0.2852882703777336 0.019270833333333334 0.02186878727634195
0 0.7703125 0.28180914512922467 0.013541666666666667 0.016898608349900597
0 0.7072916666666667 0.29970178926441354 0.015625 0.010934393638170975
0 0.5908854166666667 0.3275347912524851 0.0234375 0.048707753479125246
0 0.40182291666666664 0.32852882703777336 0.016145833333333335 0.02485089463220676
0 0.00390625 0.34791252485089463 0.0078125 0.02982107355864811
0 0.6372395833333333 0.33697813121272363 0.013020833333333334 0.007952286282306162
0 0.45390625 0.3667992047713718 0.013020833333333334 0.04572564612326044
0 0.37395833333333334 0.36530815109343934 0.010416666666666666 0.03479125248508946
0 0.77109375 0.3643141153081511 0.009895833333333333 0.0268389662027833
0 0.33203125 0.37475149105367794 0.0140625 0.017892644135188866
0 0.49140625 0.3812127236580517 0.009895833333333333 0.02286282306163022
0 0.25494791666666666 0.38220675944334 0.0067708333333333336 0.020874751491053677
0 0.61875 0.38071570576540753 0.015625 0.011928429423459244
0 0.21328125 0.3976143141153082 0.0171875 0.03180914512922465
0 0.4635416666666667 0.40357852882703776 0.014583333333333334 0.02584493041749503
0 0.63125 0.41451292246520877 0.016666666666666666 0.03777335984095427
0 0.39166666666666666 0.41998011928429424 0.013541666666666667 0.032803180914512925
0 0.9588541666666667 0.4125248508946322 0.01875 0.013916500994035786
0 0.19947916666666668 0.4294234592445328 0.0125 0.039761431411530816
0 0.3046875 0.43190854870775347 0.01875 0.04473161033797217
0 0.4515625 0.43439363817097415 0.016666666666666666 0.033797216699801194
0 0.2859375 0.43687872763419483 0.010416666666666666 0.036779324055666
0 0.14765625 0.4433399602385686 0.0067708333333333336 0.03777335984095427
0 0.4270833333333333 0.43290258449304175 0.026041666666666668 0.016898608349900597
0 0.17682291666666666 0.4463220675944334 0.0109375 0.02584493041749503
0 0.22916666666666666 0.4507952286282306 0.008333333333333333 0.030815109343936383
0 0.7614583333333333 0.455765407554672 0.019791666666666666 0.02286282306163022
0 0.41953125 0.46669980119284293 0.013020833333333334 0.036779324055666
0 0.16510416666666666 0.45974155069582506 0.008333333333333333 0.016898608349900597
0 0.5625 0.46222664015904574 0.014583333333333334 0.019880715705765408
0 0.6138020833333333 0.4686878727634195 0.011979166666666667 0.0268389662027833
0 0.6393229166666666 0.470675944333996 0.0140625 0.032803180914512925
0 0.6596354166666667 0.47713717693836977 0.0078125 0.02982107355864811
0 0.48385416666666664 0.4746520874751491 0.022916666666666665 0.020874751491053677
0 0.58359375 0.4746520874751491 0.021354166666666667 0.018886679920477135
0 0.12265625 0.49353876739562624 0.015104166666666667 0.048707753479125246
0 0.18645833333333334 0.4801192842942346 0.019791666666666666 0.015904572564612324
0 0.7377604166666667 0.4875745526838966 0.005729166666666666 0.016898608349900597
0 0.3450520833333333 0.5069582504970179 0.015104166666666667 0.04970178926441352
0 0.2591145833333333 0.49801192842942343 0.0109375 0.027833001988071572
0 0.3958333333333333 0.5293240556660039 0.016666666666666666 0.03479125248508946
0 0.19635416666666666 0.5397614314115308 0.021875 0.0437375745526839
0 0.47604166666666664 0.5243538767395626 0.011458333333333333 0.010934393638170975
0 0.26223958333333336 0.540258449304175 0.005729166666666666 0.0268389662027833
0 0.4908854166666667 0.540258449304175 0.016145833333333335 0.02286282306163022
0 0.2833333333333333 0.5506958250497018 0.013541666666666667 0.027833001988071572
0 0.9356770833333333 0.5521868787276342 0.009895833333333333 0.02485089463220676
0 0.50234375 0.5576540755467196 0.008854166666666666 0.03180914512922465
0 0.23307291666666666 0.5675944333996024 0.0203125 0.03777335984095427
0 0.30442708333333335 0.5715705765407555 0.019270833333333334 0.03180914512922465
0 0.6395833333333333 0.5631212723658051 0.0125 0.014910536779324055
0 0.484375 0.5750497017892644 0.022916666666666665 0.030815109343936383
0 0.37838541666666664 0.588469184890656 0.015104166666666667 0.0536779324055666
0 0.4375 0.5730616302186878 0.0125 0.02286282306163022
0 0.6221354166666667 0.581013916500994 0.0067708333333333336 0.036779324055666
0 0.4671875 0.6043737574552683 0.022916666666666665 0.055666003976143144
0 0.04635416666666667 0.6023856858846919 0.016666666666666666 0.041749502982107355
0 0.6682291666666667 0.5949304174950298 0.014583333333333334 0.018886679920477135
0 0.10703125 0.5979125248508946 0.0078125 0.020874751491053677
0 0.15416666666666667 0.5984095427435387 0.013541666666666667 0.017892644135188866
0 0.17421875 0.5994035785288271 0.009895833333333333 0.013916500994035786
0 0.44505208333333335 0.6128230616302187 0.0234375 0.040755467196819085
0 0.4940104166666667 0.6113320079522863 0.03697916666666667 0.03180914512922465
0 0.13151041666666666 0.6158051689860835 0.011979166666666667 0.036779324055666
0 0.39869791666666665 0.6048707753479126 0.008854166666666666 0.012922465208747515
0 0.42161458333333335 0.6118290258449304 0.005729166666666666 0.02485089463220676
0 0.30364583333333334 0.635685884691849 0.007291666666666667 0.02485089463220676
0 0.4984375 0.6590457256461233 0.015625 0.06759443339960239
0 0.47578125 0.6421471172962226 0.015104166666666667 0.02385685884691849
0 0.278125 0.6481113320079522 0.014583333333333334 0.02982107355864811
0 0.9690104166666667 0.6515904572564613 0.0171875 0.032803180914512925
0 0.41119791666666666 0.6669980119284294 0.0109375 0.039761431411530816
0 0.9182291666666667 0.6674950298210736 0.034375 0.040755467196819085
0 0.03177083333333333 0.6630218687872763 0.026041666666666668 0.027833001988071572
0 0.39375 0.6734592445328031 0.014583333333333334 0.040755467196819085
0 0.43411458333333336 0.6630218687872763 0.008854166666666666 0.011928429423459244
0 0.28359375 0.6829025844930418 0.011979166666666667 0.02584493041749503
0 0.04739583333333333 0.6863817097415507 0.019791666666666666 0.02485089463220676
0 0.9716145833333333 0.6928429423459245 0.008854166666666666 0.03180914512922465
0 0.20052083333333334 0.709741550695825 0.017708333333333333 0.055666003976143144
0 0.46848958333333335 0.7077534791252486 0.008854166666666666 0.03777335984095427
0 0.4205729166666667 0.7067594433399602 0.011979166666666667 0.03180914512922465
0 0.30416666666666664 0.6988071570576541 0.014583333333333334 0.011928429423459244
0 0.38984375 0.7206759443339961 0.011979166666666667 0.015904572564612324
0 0.6104166666666667 0.7226640159045725 0.01875 0.015904572564612324
0 0.13307291666666668 0.7335984095427436 0.019270833333333334 0.033797216699801194
0 0.28151041666666665 0.731610337972167 0.0078125 0.02982107355864811
0 0.5807291666666666 0.7460238568588469 0.010416666666666666 0.05467196819085487
0 0.1828125 0.7385685884691849 0.0125 0.03578528827037773
0 0.24921875 0.7395626242544732 0.0109375 0.033797216699801194
0 0.49375 0.7375745526838966 0.004166666666666667 0.027833001988071572
0 0.546875 0.7405566600397614 0.005208333333333333 0.02385685884691849
0 0.31875 0.7380715705765407 0.017708333333333333 0.014910536779324055
0 0.35208333333333336 0.75 0.015625 0.030815109343936383
0 0.3026041666666667 0.760934393638171 0.014583333333333334 0.032803180914512925
0 0.22552083333333334 0.768389662027833 0.0125 0.03578528827037773
0 0.41328125 0.7599403578528827 0.0140625 0.016898608349900597
0 0.0859375 0.7614314115308151 0.011458333333333333 0.017892644135188866
0 0.3263020833333333 0.7624254473161034 0.019270833333333334 0.011928429423459244
0 0.6890625 0.7733598409542743 0.008333333333333333 0.033797216699801194
0 0.07473958333333333 0.7698807157057654 0.009895833333333333 0.012922465208747515
0 0.34479166666666666 0.7852882703777336 0.015625 0.015904572564612324
0 0.8122395833333333 0.7897614314115308 0.011979166666666667 0.02485089463220676
0 0.17005208333333333 0.8175944333996024 0.022395833333333334 0.05467196819085487
0 0.3416666666666667 0.8111332007952287 0.009375 0.02385685884691849
0 0.19739583333333333 0.8265407554671969 0.007291666666666667 0.042743538767395624
0 0.12083333333333333 0.831013916500994 0.009375 0.033797216699801194
0 0.5130208333333334 0.8349900596421471 0.015625 0.041749502982107355
0 0.7528645833333333 0.8300198807157058 0.0171875 0.03180914512922465
0 0.7096354166666666 0.8394632206759444 0.024479166666666666 0.02485089463220676
0 0.81875 0.8325049701789264 0.007291666666666667 0.012922465208747515
0 0.14895833333333333 0.8439363817097415 0.023958333333333335 0.02584493041749503
0 0.09427083333333333 0.8538767395626242 0.015625 0.03578528827037773
0 0.06666666666666667 0.8508946322067594 0.010416666666666666 0.017892644135188866
0 0.27109375 0.8538767395626242 0.016145833333333335 0.017892644135188866
0 0.25494791666666666 0.8663021868787276 0.011979166666666667 0.040755467196819085
0 0.7083333333333334 0.8682902584493042 0.021875 0.0268389662027833
0 0.010677083333333334 0.8782306163021869 0.021354166666666667 0.03876739562624255
0 0.15520833333333334 0.8727634194831014 0.0125 0.02385685884691849
0 0.7880208333333333 0.8717693836978131 0.022916666666666665 0.02186878727634195
0 0.40182291666666664 0.8742544731610338 0.008854166666666666 0.018886679920477135
0 0.59609375 0.8752485089463221 0.009895833333333333 0.014910536779324055
0 0.17109375 0.8901590457256461 0.0067708333333333336 0.02882703777335984
0 0.31328125 0.9070576540755467 0.018229166666666668 0.04671968190854871
0 0.08359375 0.9209741550695825 0.018229166666666668 0.040755467196819085
0 0.15963541666666667 0.9289264413518886 0.0078125 0.036779324055666
0 0.00625 0.9269383697813122 0.010416666666666666 0.0268389662027833
0 0.05026041666666667 0.9329025844930418 0.019270833333333334 0.020874751491053677
0 0.28072916666666664 0.9363817097415507 0.014583333333333334 0.02385685884691849
0 0.7947916666666667 0.9363817097415507 0.020833333333333332 0.019880715705765408
0 0.6703125 0.9512922465208747 0.016666666666666666 0.03578528827037773
0 0.14479166666666668 0.9478131212723658 0.013541666666666667 0.018886679920477135
0 0.37916666666666665 0.959741550695825 0.01875 0.03479125248508946
0 0.05625 0.963220675944334 0.014583333333333334 0.03777335984095427
0 0.6059895833333333 0.9602385685884692 0.008854166666666666 0.03180914512922465
0 0.6947916666666667 0.9617296222664016 0.009375 0.03479125248508946
0 0.10416666666666667 0.9721669980119284 0.010416666666666666 0.041749502982107355
0 0.7802083333333333 0.974155069582505 0.0125 0.039761431411530816
0 0.08723958333333333 0.98558648111332 0.019270833333333334 0.0268389662027833
0 0.2794270833333333 0.9865805168986084 0.028645833333333332 0.02485089463220676
0 0.042708333333333334 0.9910536779324056 0.015625 0.015904572564612324
0 0.020052083333333335 0.9930417495029821 0.016145833333333335 0.011928429423459244
0 0.24713541666666666 0.9940357852882704 0.018229166666666668 0.009940357852882704