0 0.9924479166666667 0.03827037773359841 0.015104166666666667 0.07654075546719682
0 0.2598958333333333 0.015904572564612324 0.0125 0.03180914512922465
0 0.5450520833333333 0.018389662027833 0.016145833333333335 0.02286282306163022
0 0.6458333333333334 0.03180914512922465 0.013541666666666667 0.039761431411530816
0 0.79296875 0.040755467196819085 0.019270833333333334 0.03578528827037773
0 0.28229166666666666 0.037276341948310136 0.00625 0.02882703777335984
0 0.9111979166666667 0.04721669980119284 0.025520833333333333 0.032803180914512925
0 0.8010416666666667 0.06063618290258449 0.015625 0.02186878727634195
0 0.49557291666666664 0.0636182902584493 0.018229166666666668 0.013916500994035786
0 0.35703125 0.06063618290258449 0.009895833333333333 0.007952286282306162
0 0.8911458333333333 0.09691848906560636 0.009375 0.02485089463220676
0 0.8596354166666667 0.12127236580516898 0.024479166666666666 0.02584493041749503
0 0.80625 0.13469184890656064 0.013541666666666667 0.030815109343936383
0 0.7119791666666667 0.13071570576540756 0.021875 0.02286282306163022
0 0.37890625 0.13717693836978131 0.009895833333333333 0.03578528827037773
0 0.39010416666666664 0.15457256461232605 0.00625 0.03876739562624255
0 0.6260416666666667 0.15854870775347912 0.025 0.02286282306163022
0 0.50859375 0.16699801192842942 0.009895833333333333 0.015904572564612324
0 0.7557291666666667 0.18290258449304175 0.013541666666666667 0.03777335984095427
0 0.6658854166666667 0.20427435387673956 0.0078125 0.02882703777335984
0 0.39505208333333336 0.21272365805168986 0.013020833333333334 0.039761431411530816
0 0.13125 0.20526838966202784 0.015625 0.0268389662027833
0 0.09765625 0.2077534791252485 0.022395833333333334 0.03180914512922465
0 0.46119791666666665 0.22216699801192843 0.024479166666666666 0.042743538767395624
0 0.058333333333333334 0.21421471172962225 0.013541666666666667 0.018886679920477135
0 0.8328125 0.21868787276341947 0.01875 0.017892644135188866
0 0.6825520833333333 0.24055666003976142 0.016145833333333335 0.05168986083499006
0 0.34453125 0.24055666003976142 0.021354166666666667 0.015904572564612324
0 0.76796875 0.26938369781312127 0.018229166666666668 0.0437375745526839
0 0.28177083333333336 0.2808151093439364 0.017708333333333333 0.018886679920477135
0 0.8458333333333333 0.2952286282306163 0.007291666666666667 0.019880715705765408
0 0.6934895833333333 0.3101391650099404 0.013020833333333334 0.02982107355864811
0 0.9197916666666667 0.31709741550695825 0.022916666666666665 0.03180914512922465
0 0.6309895833333333 0.3374751491053678 0.009895833333333333 0.05069582504970179
0 0.8421875 0.3250497017892644 0.007291666666666667 0.013916500994035786
0 0.6763020833333333 0.3384691848906561 0.0109375 0.020874751491053677
0 0.8692708333333333 0.3499005964214712 0.014583333333333334 0.02982107355864811
0 0.7283854166666667 0.3543737574552684 0.0171875 0.03876739562624255
0 0.9260416666666667 0.35984095427435386 0.017708333333333333 0.041749502982107355
0 0.68671875 0.3658051689860835 0.024479166666666666 0.0437375745526839
0 0.6005208333333333 0.3667992047713718 0.007291666666666667 0.019880715705765408
0 0.7526041666666666 0.3836978131212724 0.019791666666666666 0.02584493041749503
0 0.8971354166666666 0.3841948310139165 0.022395833333333334 0.014910536779324055
0 0.19244791666666666 0.38916500994035785 0.0140625 0.018886679920477135
0 0.46510416666666665 0.3996023856858847 0.013541666666666667 0.03777335984095427
0 0.9205729166666666 0.4025844930417495 0.013020833333333334 0.03180914512922465
0 0.6643229166666667 0.3966202783300199 0.0140625 0.013916500994035786
0 0.28463541666666664 0.4179920477137177 0.015104166666666667 0.03479125248508946
0 0.65625 0.4279324055666004 0.010416666666666666 0.04473161033797217
0 0.9359375 0.4179920477137177 0.011458333333333333 0.018886679920477135
0 0.26848958333333334 0.43141153081510936 0.013020833333333334 0.02982107355864811
0 0.007552083333333333 0.43141153081510936 0.0140625 0.02584493041749503
0 0.45546875 0.4418489065606362 0.016145833333333335 0.03479125248508946
0 0.8083333333333333 0.45029821073558646 0.023958333333333335 0.02584493041749503
0 0.6744791666666666 0.46272365805168986 0.011458333333333333 0.0268389662027833
0 0.34296875 0.47763419483101394 0.0078125 0.032803180914512925
0 0.6408854166666667 0.4900596421471173 0.005729166666666666 0.013916500994035786
0 0.525 0.5104373757455268 0.023958333333333335 0.05467196819085487
0 0.6307291666666667 0.5039761431411531 0.007291666666666667 0.02982107355864811
0 0.6541666666666667 0.5029821073558648 0.009375 0.019880715705765408
0 0.56796875 0.5139165009940357 0.008854166666666666 0.041749502982107355
0 0.7203125 0.5139165009940357 0.026041666666666668 0.019880715705765408
0 0.55390625 0.5223658051689861 0.0109375 0.02485089463220676
0 0.6979166666666666 0.5412524850894632 0.010416666666666666 0.02882703777335984
0 0.6447916666666667 0.5467196819085487 0.009375 0.033797216699801194
0 0.7354166666666667 0.5407554671968191 0.016666666666666666 0.015904572564612324
0 0.5856770833333333 0.5531809145129225 0.008854166666666666 0.030815109343936383
0 0.6005208333333333 0.5601391650099403 0.011458333333333333 0.032803180914512925
0 0.68359375 0.5740556660039762 0.024479166666666666 0.04671968190854871
0 0.81796875 0.5646123260437376 0.0203125 0.017892644135188866
0 0.5294270833333333 0.570079522862823 0.008854166666666666 0.016898608349900597
0 0.20729166666666668 0.5879721669980119 0.016666666666666666 0.042743538767395624
0 0.6083333333333333 0.5889662027833003 0.009375 0.040755467196819085
0 0.5752604166666667 0.5849900596421471 0.019270833333333334 0.03479125248508946
0 0.5518229166666667 0.5874751491053678 0.0078125 0.027833001988071572
0 0.8294270833333334 0.6008946322067594 0.022395833333333334 0.018886679920477135
0 0.8802083333333334 0.628727634194831 0.03333333333333333 0.036779324055666
0 0.5354166666666667 0.6297216699801192 0.011458333333333333 0.018886679920477135
0 0.5528645833333333 0.6381709741550696 0.011979166666666667 0.02982107355864811
0 0.21953125 0.6505964214711729 0.022395833333333334 0.02286282306163022
0 0.9114583333333334 0.6650099403578529 0.015625 0.039761431411530816
0 0.7177083333333333 0.6645129224652088 0.019791666666666666 0.032803180914512925
0 0.5020833333333333 0.6674950298210736 0.015625 0.014910536779324055
0 0.6578125 0.679920477137177 0.013541666666666667 0.03578528827037773
0 0.58671875 0.7062624254473161 0.013020833333333334 0.030815109343936383
0 0.6151041666666667 0.7152087475149106 0.013541666666666667 0.03876739562624255
0 0.6752604166666667 0.7142147117296223 0.0140625 0.032803180914512925
0 0.7471354166666667 0.7142147117296223 0.018229166666666668 0.0268389662027833
0 0.5143229166666666 0.7231610337972167 0.0109375 0.03479125248508946
0 0.5432291666666667 0.7256461232604374 0.009375 0.027833001988071572
0 0.775 0.7340954274353877 0.015625 0.0268389662027833
0 0.59296875 0.7276341948310139 0.0067708333333333336 0.013916500994035786
0 0.6411458333333333 0.7420477137176938 0.007291666666666667 0.03479125248508946
0 0.98046875 0.760934393638171 0.016145833333333335 0.042743538767395624
0 0.3015625 0.757455268389662 0.0125 0.027833001988071572
0 0.8278645833333333 0.7624254473161034 0.015104166666666667 0.03180914512922465
0 0.8330729166666667 0.7852882703777336 0.008854166666666666 0.017892644135188866
0 0.47604166666666664 0.7907554671968191 0.015625 0.008946322067594433
0 0.6447916666666667 0.8210735586481114 0.020833333333333332 0.05168986083499006
0 0.7328125 0.8503976143141153 0.007291666666666667 0.032803180914512925
0 0.6203125 0.8623260437375746 0.014583333333333334 0.03876739562624255
0 0.13020833333333334 0.8618290258449304 0.021875 0.02385685884691849
0 0.5692708333333333 0.8742544731610338 0.010416666666666666 0.02485089463220676
0 0.43125 0.8851888667992047 0.010416666666666666 0.032803180914512925
0 0.79375 0.8871769383697813 0.016666666666666666 0.020874751491053677
0 0.46119791666666665 0.9035785288270378 0.015104166666666667 0.015904572564612324
0 0.6598958333333333 0.93389662027833 0.010416666666666666 0.04671968190854871
0 0.6903645833333333 0.9388667992047713 0.0203125 0.016898608349900597
0 0.6518229166666667 0.9811133200795229 0.005729166666666666 0.02982107355864811
0 0.7010416666666667 0.9920477137176938 0.010416666666666666 0.007952286282306162