0 0.29765625 0.010437375745526839 0.016145833333333335 0.012922465208747515
0 0.46979166666666666 0.013916500994035786 0.014583333333333334 0.015904572564612324
0 0.49609375 0.037276341948310136 0.013020833333333334 0.02485089463220676
0 0.3072916666666667 0.055168986083499 0.016666666666666666 0.0268389662027833
0 0.047135416666666666 0.05964214711729622 0.016145833333333335 0.02584493041749503
0 0.6104166666666667 0.06063618290258449 0.011458333333333333 0.02385685884691849
0 0.70234375 0.06063618290258449 0.0140625 0.02385685884691849
0 0.4986979166666667 0.11481113320079522 0.0067708333333333336 0.030815109343936383
0 0.3703125 0.11978131212723658 0.008333333333333333 0.012922465208747515
0 0.3963541666666667 0.1272365805168986 0.014583333333333334 0.02385685884691849
0 0.5401041666666667 0.12127236580516898 0.014583333333333334 0.009940357852882704
0 0.05416666666666667 0.147117296222664 0.021875 0.04572564612326044
0 0.45625 0.15159045725646123 0.015625 0.02286282306163022
0 0.32578125 0.16650099403578528 0.016145833333333335 0.016898608349900597
0 0.41770833333333335 0.1709741550695825 0.007291666666666667 0.02584493041749503
0 0.7510416666666667 0.17842942345924453 0.023958333333333335 0.02485089463220676
0 0.20625 0.19234592445328033 0.011458333333333333 0.02882703777335984
0 0.3109375 0.1988071570576541 0.016666666666666666 0.013916500994035786
0 0.3411458333333333 0.23210735586481113 0.010416666666666666 0.02286282306163022
0 0.9815104166666667 0.23856858846918488 0.013020833333333334 0.02982107355864811
0 0.46380208333333334 0.2415506958250497 0.0109375 0.03180914512922465
0 0.853125 0.23856858846918488 0.015625 0.015904572564612324
0 0.41041666666666665 0.2539761431411531 0.016666666666666666 0.032803180914512925
0 0.4315104166666667 0.2668986083499006 0.005729166666666666 0.03479125248508946
0 0.06666666666666667 0.2678926441351889 0.010416666666666666 0.032803180914512925
0 0.3671875 0.27634194831013914 0.021875 0.02584493041749503
0 0.44479166666666664 0.2803180914512923 0.011458333333333333 0.033797216699801194
0 0.02109375 0.2768389662027833 0.019270833333333334 0.02286282306163022
0 0.3065104166666667 0.28330019880715707 0.011979166666666667 0.033797216699801194
0 0.4765625 0.28677932405566603 0.0125 0.02882703777335984
0 0.17291666666666666 0.2828031809145129 0.00625 0.014910536779324055
0 0.6588541666666666 0.294234592445328 0.022916666666666665 0.02385685884691849
0 0.2109375 0.2992047713717694 0.0125 0.02584493041749503
0 0.390625 0.31560636182902585 0.016666666666666666 0.04671968190854871
0 0.8177083333333334 0.3091451292246521 0.00625 0.03578528827037773
0 0.6151041666666667 0.31610337972166996 0.016666666666666666 0.027833001988071572
0 0.2578125 0.334493041749503 0.00625 0.012922465208747515
0 0.47708333333333336 0.3543737574552684 0.027083333333333334 0.05069582504970179
0 0.2989583333333333 0.35785288270377735 0.017708333333333333 0.03777335984095427
0 0.09583333333333334 0.36381709741550694 0.013541666666666667 0.02186878727634195
0 0.33697916666666666 0.37673956262425445 0.015625 0.02982107355864811
0 0.46197916666666666 0.37226640159045726 0.008333333333333333 0.016898608349900597
0 0.5143229166666666 0.39165009940357853 0.011979166666666667 0.041749502982107355
0 0.44505208333333335 0.40656063618290256 0.0078125 0.04771371769383698
0 0.4244791666666667 0.4095427435387674 0.005208333333333333 0.027833001988071572
0 0.33828125 0.42147117296222664 0.022395833333333334 0.041749502982107355
0 0.396875 0.41451292246520877 0.026041666666666668 0.02584493041749503
0 0.6838541666666667 0.4085487077534791 0.016666666666666666 0.011928429423459244
0 0.36302083333333335 0.41451292246520877 0.007291666666666667 0.013916500994035786
0 0.006510416666666667 0.41749502982107356 0.013020833333333334 0.015904572564612324
0 0.37578125 0.43339960238568587 0.011979166666666667 0.013916500994035786
0 0.9596354166666666 0.4507952286282306 0.025520833333333333 0.0268389662027833
0 0.3328125 0.45029821073558646 0.010416666666666666 0.017892644135188866
0 0.26484375 0.46322067594433397 0.0140625 0.03180914512922465
0 0.24635416666666668 0.46222664015904574 0.022916666666666665 0.02186878727634195
0 0.49453125 0.46421471172962225 0.016145833333333335 0.015904572564612324
0 0.04739583333333333 0.47564612326043737 0.019791666666666666 0.030815109343936383
0 0.390625 0.4686878727634195 0.009375 0.014910536779324055
0 0.84765625 0.4870775347912525 0.005729166666666666 0.02982107355864811
0 0.7369791666666666 0.5009940357852882 0.007291666666666667 0.03777335984095427
0 0.3346354166666667 0.5159045725646123 0.009895833333333333 0.039761431411530816
0 0.359375 0.5049701789264414 0.020833333333333332 0.013916500994035786
0 0.21588541666666666 0.5164015904572564 0.015104166666666667 0.02882703777335984
0 0.6901041666666666 0.5124254473161034 0.023958333333333335 0.016898608349900597
0 0.3033854166666667 0.5159045725646123 0.016145833333333335 0.013916500994035786
0 0.37916666666666665 0.5193836978131213 0.008333333333333333 0.018886679920477135
0 0.5059895833333333 0.5273359840954275 0.011979166666666667 0.0268389662027833
0 0.46979166666666666 0.525844930417495 0.017708333333333333 0.019880715705765408
0 0.24010416666666667 0.5273359840954275 0.017708333333333333 0.018886679920477135
0 0.3966145833333333 0.5412524850894632 0.0109375 0.042743538767395624
0 0.7244791666666667 0.5357852882703777 0.019791666666666666 0.02186878727634195
0 0.5328125 0.5457256461232605 0.011458333333333333 0.02982107355864811
0 0.4010416666666667 0.5556660039761432 0.04583333333333333 0.0437375745526839
0 0.036458333333333336 0.5506958250497018 0.023958333333333335 0.027833001988071572
0 0.18177083333333333 0.5710735586481114 0.0125 0.05268389662027833
0 0.37135416666666665 0.5616302186878728 0.010416666666666666 0.019880715705765408
0 0.3223958333333333 0.5675944333996024 0.014583333333333334 0.017892644135188866
0 0.6296875 0.5820079522862823 0.009375 0.02485089463220676
0 0.490625 0.5800198807157058 0.015625 0.014910536779324055
0 0.013541666666666667 0.5939363817097415 0.01875 0.032803180914512925
0 0.05911458333333333 0.6038767395626242 0.033854166666666664 0.05069582504970179
0 0.3765625 0.6093439363817097 0.020833333333333332 0.04572564612326044
0 0.5106770833333333 0.6053677932405567 0.016145833333333335 0.033797216699801194
0 0.13229166666666667 0.6148111332007953 0.015625 0.036779324055666
0 0.5463541666666667 0.6008946322067594 0.010416666666666666 0.010934393638170975
0 0.19036458333333334 0.6043737574552683 0.0171875 0.013916500994035786
0 0.6489583333333333 0.6073558648111332 0.009375 0.009940357852882704
0 0.6028645833333334 0.628727634194831 0.0140625 0.04473161033797217
0 0.4296875 0.6366799204771372 0.009375 0.04473161033797217
0 0.5669270833333333 0.632703777335984 0.013020833333333334 0.012922465208747515
0 0.18958333333333333 0.639662027833002 0.022916666666666665 0.014910536779324055
0 0.054947916666666666 0.6560636182902585 0.018229166666666668 0.039761431411530816
0 0.134375 0.6530815109343936 0.00625 0.011928429423459244
0 0.06953125 0.6714711729622267 0.0234375 0.042743538767395624
0 0.08854166666666667 0.6704771371769384 0.011458333333333333 0.0268389662027833
0 0.27630208333333334 0.6833996023856859 0.016145833333333335 0.040755467196819085
0 0.6333333333333333 0.6814115308151093 0.007291666666666667 0.0268389662027833
0 0.19479166666666667 0.6843936381709742 0.015625 0.020874751491053677
0 0.22760416666666666 0.6814115308151093 0.015625 0.016898608349900597
0 0.4953125 0.6958250497017893 0.009375 0.02584493041749503
0 0.5466145833333333 0.7017892644135189 0.009895833333333333 0.03180914512922465
0 0.6763020833333333 0.7037773359840954 0.005729166666666666 0.02982107355864811
0 0.528125 0.705765407554672 0.011458333333333333 0.02385685884691849
0 0.9223958333333333 0.713220675944334 0.016666666666666666 0.03479125248508946
0 0.65078125 0.7296222664015904 0.0203125 0.015904572564612324
0 0.39348958333333334 0.7400596421471173 0.011979166666666667 0.030815109343936383
0 0.5739583333333333 0.7435387673956262 0.00625 0.019880715705765408
0 0.9791666666666666 0.7629224652087475 0.015625 0.030815109343936383
0 0.5138020833333333 0.7693836978131213 0.013020833333333334 0.03180914512922465
0 0.8140625 0.7748508946322068 0.008333333333333333 0.03479125248508946
0 0.7122395833333334 0.7768389662027833 0.019270833333333334 0.016898608349900597
0 0.3111979166666667 0.7912524850894632 0.0109375 0.03578528827037773
0 0.20520833333333333 0.7947316103379721 0.016666666666666666 0.030815109343936383
0 0.58046875 0.794234592445328 0.009895833333333333 0.027833001988071572
0 0.44114583333333335 0.7972166998011928 0.028125 0.02982107355864811
0 0.33671875 0.8131212723658051 0.016145833333333335 0.013916500994035786
0 0.7072916666666667 0.8245526838966203 0.008333333333333333 0.014910536779324055
0 0.13958333333333334 0.8325049701789264 0.020833333333333332 0.02485089463220676
0 0.15911458333333334 0.8558648111332008 0.019270833333333334 0.04572564612326044
0 0.2625 0.8573558648111332 0.013541666666666667 0.02485089463220676
0 0.30911458333333336 0.8598409542743539 0.011979166666666667 0.02982107355864811
0 0.08203125 0.8807157057654076 0.0140625 0.03777335984095427
0 0.5197916666666667 0.8752485089463221 0.007291666666666667 0.014910536779324055
0 0.34296875 0.893141153081511 0.0078125 0.02882703777335984
0 0.4075520833333333 0.8876739562624254 0.0109375 0.009940357852882704
0 0.17630208333333333 0.9075546719681908 0.018229166666666668 0.02385685884691849
0 0.49453125 0.9105367793240556 0.021354166666666667 0.015904572564612324
0 0.08541666666666667 0.9254473161033797 0.026041666666666668 0.039761431411530816
0 0.30911458333333336 0.9140159045725647 0.0140625 0.016898608349900597
0 0.6466145833333333 0.922962226640159 0.0140625 0.02882703777335984
0 0.7236979166666667 0.9358846918489065 0.0078125 0.020874751491053677
0 0.453125 0.9507952286282306 0.019791666666666666 0.018886679920477135
0 0.18359375 0.9612326043737575 0.0109375 0.015904572564612324
0 0.3302083333333333 0.9691848906560636 0.007291666666666667 0.027833001988071572
0 0.6622395833333333 0.9875745526838966 0.0171875 0.02286282306163022
0 0.296875 0.989065606361829 0.013541666666666667 0.019880715705765408
0 0.7606770833333333 0.9940357852882704 0.0067708333333333336 0.009940357852882704