0 0.6325520833333333 0.0034791252485089465 0.016145833333333335 0.006958250497017893
0 0.6346354166666667 0.019383697813121274 0.011979166666666667 0.016898608349900597
0 0.42161458333333335 0.03429423459244533 0.0171875 0.02882703777335984
0 0.38671875 0.06610337972166998 0.015104166666666667 0.0268389662027833
0 0.56875 0.14314115308151093 0.03125 0.033797216699801194
0 0.321875 0.1496023856858847 0.004166666666666667 0.02882703777335984
0 0.8973958333333333 0.2485089463220676 0.022916666666666665 0.02385685884691849
0 0.12213541666666666 0.2852882703777336 0.0140625 0.017892644135188866
0 0.5356770833333333 0.3543737574552684 0.0140625 0.03479125248508946
0 0.63359375 0.37524850894632206 0.008854166666666666 0.030815109343936383
0 0.9338541666666667 0.4194831013916501 0.020833333333333332 0.03180914512922465
0 0.3497395833333333 0.41451292246520877 0.005729166666666666 0.013916500994035786
0 0.47604166666666664 0.46123260437375746 0.011458333333333333 0.03180914512922465
0 0.5549479166666667 0.47763419483101394 0.008854166666666666 0.018886679920477135
0 0.5611979166666666 0.4970178926441352 0.0109375 0.017892644135188866
0 0.44817708333333334 0.5233598409542743 0.0078125 0.03479125248508946
0 0.4822916666666667 0.5288270377733598 0.011458333333333333 0.017892644135188866
0 0.021354166666666667 0.5352882703777336 0.008333333333333333 0.02485089463220676
0 0.5934895833333333 0.5387673956262425 0.011979166666666667 0.013916500994035786
0 0.6151041666666667 0.547713717693837 0.015625 0.019880715705765408
0 0.565625 0.5506958250497018 0.009375 0.02584493041749503
0 0.14765625 0.5492047713717694 0.008854166666666666 0.012922465208747515
0 0.5302083333333333 0.5740556660039762 0.0125 0.020874751491053677
0 0.43697916666666664 0.5760437375745527 0.011458333333333333 0.020874751491053677
0 0.4778645833333333 0.5894632206759444 0.0067708333333333336 0.017892644135188866
0 0.5846354166666666 0.5974155069582505 0.011979166666666667 0.02385685884691849
0 0.6239583333333333 0.5959244532803181 0.011458333333333333 0.016898608349900597
0 0.5044270833333333 0.6078528827037774 0.019270833333333334 0.0268389662027833
0 0.5770833333333333 0.6158051689860835 0.030208333333333334 0.02882703777335984
0 0.60546875 0.621272365805169 0.0078125 0.015904572564612324
0 0.46015625 0.6346918489065606 0.009895833333333333 0.02286282306163022
0 0.56796875 0.6436381709741551 0.024479166666666666 0.030815109343936383
0 0.51953125 0.6411530815109344 0.015104166666666667 0.011928429423459244
0 0.6239583333333333 0.6560636182902585 0.005208333333333333 0.017892644135188866
0 0.52109375 0.6814115308151093 0.0078125 0.02485089463220676
0 0.13203125 0.786779324055666 0.013020833333333334 0.04473161033797217
0 0.19296875 0.9880715705765407 0.0109375 0.02186878727634195
0 0.9669270833333333 0.9940357852882704 0.013020833333333334 0.009940357852882704