0 0.51875 0.12624254473161034 0.013541666666666667 0.04771371769383698
0 0.44375 0.1893638170974155 0.010416666666666666 0.032803180914512925
0 0.5591145833333333 0.20178926441351888 0.015104166666666667 0.02186878727634195
0 0.5346354166666667 0.20725646123260438 0.009895833333333333 0.020874751491053677
0 0.48463541666666665 0.25497017892644136 0.0078125 0.0268389662027833
0 0.55 0.28926441351888665 0.007291666666666667 0.011928429423459244
0 0.5682291666666667 0.31809145129224653 0.0125 0.04572564612326044
0 0.4354166666666667 0.3797216699801193 0.00625 0.02982107355864811
0 0.4901041666666667 0.3832007952286282 0.00625 0.03479125248508946
0 0.51640625 0.41600397614314116 0.0171875 0.03876739562624255
0 0.5294270833333333 0.42445328031809143 0.015104166666666667 0.03578528827037773
0 0.5682291666666667 0.4865805168986084 0.016666666666666666 0.05666003976143141
0 0.6565104166666667 0.5009940357852882 0.0067708333333333336 0.02982107355864811