0 0.853125 0.0019880715705765406 0.025 0.003976143141153081
0 0.946875 0.0009940357852882703 0.03229166666666667 0.0019880715705765406
0 0.7057291666666666 0.0437375745526839 0.016666666666666666 0.03180914512922465
0 0.6809895833333334 0.0636182902584493 0.024479166666666666 0.027833001988071572
0 0.6328125 0.10387673956262425 0.010416666666666666 0.014910536779324055
0 0.6622395833333333 0.10487077534791253 0.011979166666666667 0.014910536779324055
0 0.9989583333333333 0.14015904572564614 0.0010416666666666667 0.055666003976143144
0 0.40520833333333334 0.13717693836978131 0.014583333333333334 0.02982107355864811
0 0.66171875 0.14314115308151093 0.021354166666666667 0.033797216699801194
0 0.5875 0.1426441351888668 0.015625 0.02286282306163022
0 0.3625 0.1694831013916501 0.021875 0.032803180914512925
0 0.38203125 0.18190854870775347 0.0203125 0.033797216699801194
0 0.23541666666666666 0.17594433399602386 0.008333333333333333 0.015904572564612324
0 0.8447916666666667 0.20427435387673956 0.020833333333333332 0.042743538767395624
0 0.203125 0.20377733598409542 0.014583333333333334 0.033797216699801194
0 0.22161458333333334 0.22365805168986083 0.008854166666666666 0.02584493041749503
0 0.5018229166666667 0.2539761431411531 0.0109375 0.04671968190854871
0 0.3229166666666667 0.24403578528827038 0.005208333333333333 0.02286282306163022
0 0.8888020833333333 0.24055666003976142 0.005729166666666666 0.017892644135188866
0 0.6341145833333334 0.2654075546719682 0.021354166666666667 0.02186878727634195
0 0.7661458333333333 0.2768389662027833 0.023958333333333335 0.02485089463220676
0 0.68125 0.28677932405566603 0.013541666666666667 0.03876739562624255
0 0.8825520833333333 0.2852882703777336 0.027604166666666666 0.03578528827037773
0 0.83359375 0.29025844930417494 0.022395833333333334 0.027833001988071572
0 0.1953125 0.2907554671968191 0.019791666666666666 0.020874751491053677
0 0.2682291666666667 0.2927435387673956 0.007291666666666667 0.0268389662027833
0 0.3333333333333333 0.29174950298210733 0.011458333333333333 0.020874751491053677
0 0.37604166666666666 0.31312127236580517 0.01875 0.02982107355864811
0 0.41744791666666664 0.32952286282306165 0.0203125 0.03876739562624255
0 0.3265625 0.323558648111332 0.015625 0.014910536779324055
0 0.1375 0.32703777335984097 0.015625 0.019880715705765408
0 0.27057291666666666 0.33151093439363816 0.011979166666666667 0.014910536779324055
0 0.76484375 0.33697813121272363 0.019270833333333334 0.02385685884691849
0 0.3104166666666667 0.3394632206759443 0.013541666666666667 0.020874751491053677
0 0.396875 0.35984095427435386 0.019791666666666666 0.05168986083499006
0 0.2671875 0.36779324055666 0.017708333333333333 0.02584493041749503
0 0.6403645833333333 0.3702783300198807 0.0203125 0.02485089463220676
0 0.9940104166666667 0.40506958250497016 0.0109375 0.07256461232604373
0 0.24895833333333334 0.38220675944334 0.026041666666666668 0.02286282306163022
0 0.022395833333333334 0.3996023856858847 0.017708333333333333 0.03578528827037773
0 0.2877604166666667 0.3911530815109344 0.0067708333333333336 0.012922465208747515
0 0.38333333333333336 0.40556660039761433 0.020833333333333332 0.011928429423459244
0 0.9697916666666667 0.41302186878727637 0.008333333333333333 0.014910536779324055
0 0.2947916666666667 0.43489065606361826 0.019791666666666666 0.042743538767395624
0 0.42109375 0.42296222664015903 0.008854166666666666 0.018886679920477135
0 0.19661458333333334 0.4388667992047714 0.022395833333333334 0.02286282306163022
0 0.40625 0.4423459244532803 0.014583333333333334 0.02385685884691849
0 0.35130208333333335 0.4507952286282306 0.005729166666666666 0.030815109343936383
0 0.38307291666666665 0.45129224652087474 0.0234375 0.03180914512922465
0 0.4283854166666667 0.4428429423459245 0.0078125 0.014910536779324055
0 0.69296875 0.44582504970178927 0.019270833333333334 0.012922465208747515
0 0.9833333333333333 0.4547713717693837 0.00625 0.016898608349900597
0 0.4734375 0.474155069582505 0.011458333333333333 0.033797216699801194
0 0.8515625 0.4691848906560636 0.01875 0.02186878727634195
0 0.9825520833333333 0.4761431411530815 0.009895833333333333 0.011928429423459244
0 0.3921875 0.48906560636182905 0.017708333333333333 0.013916500994035786
0 0.3265625 0.5014910536779325 0.011458333333333333 0.0268389662027833
0 0.9830729166666666 0.5223658051689861 0.016145833333333335 0.032803180914512925
0 0.190625 0.5139165009940357 0.015625 0.011928429423459244
0 0.14505208333333333 0.5253479125248509 0.018229166666666668 0.02485089463220676
0 0.44140625 0.5303180914512923 0.016145833333333335 0.02485089463220676
0 0.22604166666666667 0.547713717693837 0.016666666666666666 0.04771371769383698
0 0.38255208333333335 0.5377733598409543 0.024479166666666666 0.02584493041749503
0 0.8640625 0.5497017892644135 0.017708333333333333 0.033797216699801194
0 0.33645833333333336 0.544234592445328 0.00625 0.018886679920477135
0 0.090625 0.5546719681908548 0.010416666666666666 0.03777335984095427
0 0.1703125 0.5576540755467196 0.020833333333333332 0.033797216699801194
0 0.31666666666666665 0.5581510934393639 0.015625 0.02286282306163022
0 0.9158854166666667 0.5735586481113321 0.0265625 0.055666003976143144
0 0.346875 0.5641153081510935 0.010416666666666666 0.032803180914512925
0 0.4986979166666667 0.5641153081510935 0.0265625 0.02286282306163022
0 0.4088541666666667 0.5750497017892644 0.014583333333333334 0.040755467196819085
0 0.5546875 0.5616302186878728 0.014583333333333334 0.013916500994035786
0 0.3815104166666667 0.5646123260437376 0.013020833333333334 0.011928429423459244
0 0.7880208333333333 0.5785288270377733 0.014583333333333334 0.033797216699801194
0 0.19661458333333334 0.5820079522862823 0.011979166666666667 0.036779324055666
0 0.43385416666666665 0.5854870775347912 0.025 0.027833001988071572
0 0.32578125 0.5899602385685885 0.008854166666666666 0.032803180914512925
0 0.07864583333333333 0.5909542743538767 0.025 0.02882703777335984
0 0.5888020833333333 0.6093439363817097 0.0234375 0.039761431411530816
0 0.35234375 0.621272365805169 0.0140625 0.02584493041749503
0 0.6901041666666666 0.6252485089463221 0.01875 0.013916500994035786
0 0.21901041666666668 0.6466202783300199 0.021354166666666667 0.02286282306163022
0 0.3971354166666667 0.6590457256461233 0.0140625 0.033797216699801194
0 0.2713541666666667 0.6853876739562624 0.008333333333333333 0.03479125248508946
0 0.76015625 0.7032803180914513 0.018229166666666668 0.03876739562624255
0 0.05963541666666667 0.7082504970178927 0.0234375 0.02485089463220676
0 0.659375 0.7221669980119284 0.009375 0.04473161033797217
0 0.45026041666666666 0.7166998011928429 0.015104166666666667 0.017892644135188866
0 0.40598958333333335 0.7281312127236581 0.009895833333333333 0.036779324055666
0 0.25833333333333336 0.739065606361829 0.042708333333333334 0.05069582504970179
0 0.17682291666666666 0.739065606361829 0.018229166666666668 0.04671968190854871
0 0.41953125 0.7579522862823062 0.013020833333333334 0.036779324055666
0 0.12630208333333334 0.7564612326043738 0.024479166666666666 0.03180914512922465
0 0.6109375 0.7654075546719682 0.01875 0.019880715705765408
0 0.9791666666666666 0.7857852882703777 0.007291666666666667 0.010934393638170975
0 0.4153645833333333 0.8141153081510935 0.015104166666666667 0.02584493041749503
0 0.11510416666666666 0.820079522862823 0.00625 0.02385685884691849
0 0.020572916666666666 0.8349900596421471 0.025520833333333333 0.041749502982107355
0 0.44895833333333335 0.8374751491053678 0.013541666666666667 0.018886679920477135
0 0.79453125 0.8613320079522863 0.009895833333333333 0.020874751491053677
0 0.9598958333333333 0.867296222664016 0.022916666666666665 0.032803180914512925
0 0.09166666666666666 0.8871769383697813 0.011458333333333333 0.012922465208747515
0 0.9973958333333334 0.9443339960238568 0.004166666666666667 0.10139165009940358
0 0.09140625 0.9105367793240556 0.0140625 0.02982107355864811
0 0.34765625 0.9150099403578529 0.018229166666666668 0.02485089463220676
0 0.10703125 0.9353876739562624 0.0140625 0.041749502982107355
0 0.5692708333333333 0.93389662027833 0.015625 0.040755467196819085
0 0.31145833333333334 0.9249502982107356 0.015625 0.016898608349900597
0 0.8611979166666667 0.9363817097415507 0.018229166666666668 0.039761431411530816
0 0.6494791666666667 0.9393638170974155 0.008333333333333333 0.02186878727634195
0 0.39088541666666665 0.9547713717693836 0.0171875 0.04671968190854871
0 0.5018229166666667 0.9537773359840954 0.0078125 0.032803180914512925
0 0.3033854166666667 0.955765407554672 0.018229166666666668 0.030815109343936383
0 0.9203125 0.9900596421471173 0.01875 0.017892644135188866