0 0.6658854166666667 0.05765407554671968 0.018229166666666668 0.013916500994035786
0 0.20182291666666666 0.07504970178926441 0.0171875 0.02882703777335984
0 0.5453125 0.0720675944333996 0.016666666666666666 0.016898608349900597
0 0.67890625 0.08449304174950298 0.0078125 0.039761431411530816
0 0.71484375 0.08300198807157058 0.021354166666666667 0.032803180914512925
0 0.49713541666666666 0.08697813121272366 0.013020833333333334 0.02485089463220676
0 0.7065104166666667 0.09840954274353876 0.0078125 0.017892644135188866
0 0.26276041666666666 0.1073558648111332 0.0078125 0.027833001988071572
0 0.19661458333333334 0.13220675944333996 0.011979166666666667 0.039761431411530816
0 0.4109375 0.1555666003976143 0.014583333333333334 0.02882703777335984
0 0.5966145833333333 0.16202783300198806 0.0140625 0.03578528827037773
0 0.6385416666666667 0.1595427435387674 0.019791666666666666 0.016898608349900597
0 0.5692708333333333 0.19135188866799205 0.0125 0.04473161033797217
0 0.5828125 0.1893638170974155 0.016666666666666666 0.02882703777335984
0 0.3380208333333333 0.1963220675944334 0.016666666666666666 0.020874751491053677
0 0.6442708333333333 0.20924453280318092 0.013541666666666667 0.014910536779324055
0 0.8153645833333333 0.2191848906560636 0.0140625 0.030815109343936383
0 0.5997395833333333 0.2191848906560636 0.016145833333333335 0.0268389662027833
0 0.40677083333333336 0.21769383697813122 0.01875 0.011928429423459244
0 0.9171875 0.23061630218687873 0.016666666666666666 0.02584493041749503
0 0.76640625 0.2360834990059642 0.0140625 0.02286282306163022
0 0.022916666666666665 0.24453280318091453 0.014583333333333334 0.015904572564612324
0 0.5234375 0.2668986083499006 0.010416666666666666 0.03876739562624255
0 0.22213541666666667 0.27435387673956263 0.016145833333333335 0.02186878727634195
0 0.7046875 0.2823061630218688 0.011458333333333333 0.033797216699801194
0 0.5919270833333333 0.30268389662027834 0.022395833333333334 0.07455268389662027
0 0.646875 0.28727634194831014 0.008333333333333333 0.02982107355864811
0 0.6359375 0.294234592445328 0.007291666666666667 0.033797216699801194
0 0.6627604166666666 0.2952286282306163 0.008854166666666666 0.015904572564612324
0 0.6057291666666667 0.341948310139165 0.014583333333333334 0.03180914512922465
0 0.6799479166666667 0.34343936381709744 0.011979166666666667 0.016898608349900597
0 0.36171875 0.36033797216699803 0.013020833333333334 0.020874751491053677
0 0.3455729166666667 0.3697813121272366 0.011979166666666667 0.02186878727634195
0 0.68046875 0.37773359840954274 0.013020833333333334 0.019880715705765408
0 0.5723958333333333 0.378727634194831 0.010416666666666666 0.017892644135188866
0 0.76171875 0.40208747514910537 0.016145833333333335 0.048707753479125246
0 0.8385416666666666 0.40457256461232605 0.014583333333333334 0.027833001988071572
0 0.44166666666666665 0.3961232604373757 0.013541666666666667 0.010934393638170975
0 0.73671875 0.4254473161033797 0.013020833333333334 0.03578528827037773
0 0.6385416666666667 0.4309145129224652 0.005208333333333333 0.0268389662027833
0 0.4265625 0.4393638170974155 0.027083333333333334 0.03180914512922465
0 0.6630208333333333 0.43141153081510936 0.01875 0.013916500994035786
0 0.21145833333333333 0.444831013916501 0.011458333333333333 0.040755467196819085
0 0.6799479166666667 0.4463220675944334 0.0078125 0.019880715705765408
0 0.36744791666666665 0.4517892644135189 0.0171875 0.016898608349900597
0 0.7260416666666667 0.4671968190854871 0.00625 0.02982107355864811
0 0.5450520833333333 0.5024850894632207 0.011979166666666667 0.020874751491053677
0 0.17786458333333333 0.5337972166998012 0.005729166666666666 0.033797216699801194
0 0.3888020833333333 0.5357852882703777 0.0109375 0.03578528827037773
0 0.09244791666666667 0.5472166998011928 0.021354166666666667 0.016898608349900597
0 0.6486979166666667 0.5790258449304175 0.018229166666666668 0.036779324055666
0 0.6203125 0.5790258449304175 0.013541666666666667 0.018886679920477135
0 0.50859375 0.6023856858846919 0.0109375 0.04970178926441352
0 0.56015625 0.6108349900596421 0.0171875 0.032803180914512925
0 0.6119791666666666 0.6138170974155069 0.016666666666666666 0.008946322067594433
0 0.0125 0.6590457256461233 0.020833333333333332 0.03777335984095427
0 0.9354166666666667 0.6540755467196819 0.022916666666666665 0.02584493041749503
0 0.6106770833333334 0.6694831013916501 0.008854166666666666 0.0268389662027833
0 0.40911458333333334 0.6794234592445328 0.021354166666666667 0.030815109343936383
0 0.33984375 0.691351888667992 0.019270833333333334 0.02882703777335984
0 0.6677083333333333 0.6978131212723658 0.017708333333333333 0.02584493041749503
0 0.9627604166666667 0.7157057654075547 0.018229166666666668 0.041749502982107355
0 0.6489583333333333 0.7012922465208747 0.013541666666666667 0.012922465208747515
0 0.64296875 0.7321073558648111 0.0067708333333333336 0.036779324055666
0 0.7932291666666667 0.7311133200795229 0.008333333333333333 0.032803180914512925
0 0.6583333333333333 0.7326043737574552 0.015625 0.027833001988071572
0 0.5401041666666667 0.7524850894632207 0.009375 0.02982107355864811
0 0.5703125 0.7549701789264414 0.00625 0.032803180914512925
0 0.6411458333333333 0.7624254473161034 0.01875 0.015904572564612324
0 0.8072916666666666 0.7698807157057654 0.01875 0.012922465208747515
0 0.3015625 0.8081510934393639 0.008333333333333333 0.02584493041749503
0 0.4713541666666667 0.8175944333996024 0.010416666666666666 0.014910536779324055
0 0.71875 0.8409542743538767 0.023958333333333335 0.04572564612326044
0 0.8234375 0.8444333996023857 0.013541666666666667 0.03876739562624255
0 0.246875 0.8474155069582505 0.023958333333333335 0.02485089463220676
0 0.47708333333333336 0.8777335984095428 0.013541666666666667 0.03180914512922465
0 0.62421875 0.885685884691849 0.0140625 0.027833001988071572
0 0.71875 0.8891650099403579 0.013541666666666667 0.030815109343936383
0 0.03723958333333333 0.9000994035785288 0.0067708333333333336 0.012922465208747515
0 0.5497395833333333 0.9050695825049702 0.0140625 0.018886679920477135
0 0.5630208333333333 0.9562624254473161 0.03229166666666667 0.05765407554671968
0 0.7184895833333333 0.9781312127236581 0.0234375 0.041749502982107355