0 0.7544270833333333 0.011928429423459244 0.0171875 0.02385685884691849
0 0.9549479166666667 0.005964214711729622 0.008854166666666666 0.011928429423459244
0 0.9752604166666666 0.009443339960238568 0.015104166666666667 0.018886679920477135
0 0.008333333333333333 0.015904572564612324 0.010416666666666666 0.02584493041749503
0 0.47942708333333334 0.013916500994035786 0.016145833333333335 0.019880715705765408
0 0.5440104166666667 0.018886679920477135 0.019270833333333334 0.03180914512922465
0 0.23645833333333333 0.03180914512922465 0.013541666666666667 0.02982107355864811
0 0.0578125 0.042743538767395624 0.0125 0.02385685884691849
0 0.0046875 0.08946322067594434 0.009375 0.07952286282306163
0 0.3880208333333333 0.07852882703777336 0.01875 0.02584493041749503
0 0.9481770833333333 0.08598409542743539 0.0171875 0.03876739562624255
0 0.9184895833333333 0.10984095427435388 0.0067708333333333336 0.020874751491053677
0 0.9598958333333333 0.1317097415506958 0.01875 0.04473161033797217
0 0.1546875 0.1341948310139165 0.016666666666666666 0.03777335984095427
0 0.09166666666666666 0.13717693836978131 0.016666666666666666 0.039761431411530816
0 0.0296875 0.14910536779324055 0.016666666666666666 0.02385685884691849
0 0.051041666666666666 0.15805168986083498 0.007291666666666667 0.019880715705765408
0 0.008072916666666667 0.18141153081510936 0.016145833333333335 0.04671968190854871
0 0.8184895833333333 0.19035785288270377 0.019270833333333334 0.042743538767395624
0 0.5549479166666667 0.18290258449304175 0.0078125 0.015904572564612324
0 0.56796875 0.19135188866799205 0.0109375 0.016898608349900597
0 0.2609375 0.1988071570576541 0.005208333333333333 0.019880715705765408
0 0.9473958333333333 0.19582504970178927 0.007291666666666667 0.015904572564612324
0 0.57265625 0.2062624254473161 0.008854166666666666 0.020874751491053677
0 0.015625 0.21073558648111332 0.007291666666666667 0.011928429423459244
0 0.5096354166666667 0.22415506958250497 0.0140625 0.032803180914512925
0 0.25546875 0.22564612326043737 0.0171875 0.02584493041749503
0 0.15208333333333332 0.22564612326043737 0.007291666666666667 0.019880715705765408
0 0.007552083333333333 0.2430417495029821 0.0109375 0.018886679920477135
0 0.4265625 0.2485089463220676 0.0125 0.015904572564612324
0 0.5385416666666667 0.2629224652087475 0.005208333333333333 0.02485089463220676
0 0.3515625 0.279324055666004 0.008333333333333333 0.02982107355864811
0 0.5091145833333334 0.28180914512922467 0.021354166666666667 0.02882703777335984
0 0.06145833333333333 0.305168986083499 0.013541666666666667 0.03777335984095427
0 0.20755208333333333 0.305168986083499 0.0078125 0.019880715705765408
0 0.34036458333333336 0.3121272365805169 0.015104166666666667 0.019880715705765408
0 0.45260416666666664 0.3225646123260437 0.007291666666666667 0.030815109343936383
0 0.43723958333333335 0.3240556660039761 0.011979166666666667 0.02982107355864811
0 0.20078125 0.33001988071570576 0.0078125 0.02584493041749503
0 0.5033854166666667 0.32803180914512925 0.018229166666666668 0.019880715705765408
0 0.41015625 0.3334990059642147 0.009895833333333333 0.02286282306163022
0 0.4953125 0.3503976143141153 0.008333333333333333 0.012922465208747515
0 0.23489583333333333 0.36779324055666 0.007291666666666667 0.017892644135188866
0 0.7880208333333333 0.3742544731610338 0.014583333333333334 0.0268389662027833
0 0.13984375 0.3836978131212724 0.025520833333333333 0.03180914512922465
0 0.37734375 0.3802186878727634 0.008854166666666666 0.02286282306163022
0 0.21614583333333334 0.3871769383697813 0.023958333333333335 0.032803180914512925
0 0.396875 0.3802186878727634 0.01875 0.018886679920477135
0 0.42604166666666665 0.3832007952286282 0.014583333333333334 0.018886679920477135
0 0.4434895833333333 0.38817097415506957 0.0046875 0.02882703777335984
0 0.24114583333333334 0.39363817097415504 0.007291666666666667 0.015904572564612324
0 0.41484375 0.40208747514910537 0.011979166666666667 0.02286282306163022
0 0.5971354166666667 0.3976143141153082 0.0171875 0.009940357852882704
0 0.21328125 0.42992047713717696 0.0171875 0.040755467196819085
0 0.309375 0.44681908548707755 0.00625 0.03479125248508946
0 0.24505208333333334 0.43687872763419483 0.0067708333333333336 0.012922465208747515
0 0.4244791666666667 0.4433399602385686 0.013541666666666667 0.013916500994035786
0 0.44427083333333334 0.4517892644135189 0.0125 0.014910536779324055
0 0.7075520833333333 0.45129224652087474 0.0067708333333333336 0.013916500994035786
0 0.4703125 0.4592445328031809 0.015625 0.02186878727634195
0 0.4942708333333333 0.45974155069582506 0.010416666666666666 0.02286282306163022
0 0.18515625 0.4647117296222664 0.015104166666666667 0.018886679920477135
0 0.15963541666666667 0.4662027833001988 0.013020833333333334 0.019880715705765408
0 0.39869791666666665 0.4726640159045726 0.0046875 0.02485089463220676
0 0.05807291666666667 0.4821073558648111 0.016145833333333335 0.03578528827037773
0 0.70703125 0.48906560636182905 0.0109375 0.03578528827037773
0 0.20572916666666666 0.4970178926441352 0.00625 0.02385685884691849
0 0.6203125 0.5044731610337972 0.015625 0.040755467196819085
0 0.3846354166666667 0.49652087475149104 0.019270833333333334 0.018886679920477135
0 0.4127604166666667 0.5173956262425448 0.019270833333333334 0.05069582504970179
0 0.45859375 0.5059642147117296 0.0140625 0.02186878727634195
0 0.325 0.5173956262425448 0.017708333333333333 0.03479125248508946
0 0.12786458333333334 0.5228628230616302 0.009895833333333333 0.041749502982107355
0 0.35078125 0.5228628230616302 0.011979166666666667 0.019880715705765408
0 0.14895833333333333 0.5427435387673957 0.011458333333333333 0.039761431411530816
0 0.2903645833333333 0.5417495029821073 0.016145833333333335 0.02385685884691849
0 0.49635416666666665 0.5506958250497018 0.010416666666666666 0.03578528827037773
0 0.44817708333333334 0.5765407554671969 0.0078125 0.039761431411530816
0 0.471875 0.5795228628230616 0.009375 0.03777335984095427
0 0.27421875 0.5790258449304175 0.0046875 0.030815109343936383
0 0.42265625 0.5740556660039762 0.0140625 0.012922465208747515
0 0.20390625 0.5839960238568589 0.011979166666666667 0.02485089463220676
0 0.528125 0.584493041749503 0.010416666666666666 0.02584493041749503
0 0.29453125 0.5874751491053678 0.009895833333333333 0.017892644135188866
0 0.32005208333333335 0.5944333996023857 0.0140625 0.011928429423459244
0 0.4354166666666667 0.614314115308151 0.011458333333333333 0.02584493041749503
0 0.06302083333333333 0.6202783300198808 0.017708333333333333 0.02584493041749503
0 0.29244791666666664 0.6187872763419483 0.011979166666666667 0.020874751491053677
0 0.32916666666666666 0.6148111332007953 0.0125 0.012922465208747515
0 0.4114583333333333 0.6297216699801192 0.017708333333333333 0.032803180914512925
0 0.58046875 0.6197813121272365 0.013020833333333334 0.012922465208747515
0 0.42578125 0.6461232604373758 0.018229166666666668 0.055666003976143144
0 0.25885416666666666 0.6381709741550696 0.013541666666666667 0.033797216699801194
0 0.3645833333333333 0.643141153081511 0.014583333333333334 0.007952286282306162
0 0.4473958333333333 0.6481113320079522 0.011458333333333333 0.011928429423459244
0 0.3854166666666667 0.658051689860835 0.005208333333333333 0.019880715705765408
0 0.31875 0.6575546719681908 0.014583333333333334 0.010934393638170975
0 0.6109375 0.6699801192842942 0.0125 0.03777335984095427
0 0.5958333333333333 0.6585487077534792 0.013541666666666667 0.008946322067594433
0 0.36380208333333336 0.6694831013916501 0.0265625 0.02882703777335984
0 0.4822916666666667 0.6669980119284294 0.013541666666666667 0.013916500994035786
0 0.4510416666666667 0.6814115308151093 0.014583333333333334 0.036779324055666
0 0.28046875 0.6843936381709742 0.005729166666666666 0.02882703777335984
0 0.434375 0.6789264413518886 0.009375 0.011928429423459244
0 0.5598958333333334 0.6853876739562624 0.010416666666666666 0.012922465208747515
0 0.4296875 0.6933399602385686 0.00625 0.010934393638170975
0 0.30390625 0.7072564612326043 0.013020833333333334 0.030815109343936383
0 0.35182291666666665 0.7007952286282306 0.0140625 0.019880715705765408
0 0.37473958333333335 0.7092445328031809 0.018229166666666668 0.014910536779324055
0 0.5580729166666667 0.7256461232604374 0.008854166666666666 0.02385685884691849
0 0.3546875 0.7236580516898609 0.014583333333333334 0.017892644135188866
0 0.1953125 0.7311133200795229 0.0125 0.016898608349900597
0 0.7859375 0.7375745526838966 0.01875 0.02982107355864811
0 0.4703125 0.7385685884691849 0.013541666666666667 0.013916500994035786
0 0.3419270833333333 0.7410536779324056 0.013020833333333334 0.014910536779324055
0 0.40651041666666665 0.7395626242544732 0.011979166666666667 0.009940357852882704
0 0.5028645833333333 0.7400596421471173 0.0140625 0.010934393638170975
0 0.015885416666666666 0.7569582504970179 0.021354166666666667 0.032803180914512925
0 0.22239583333333332 0.7584493041749503 0.019791666666666666 0.02186878727634195
0 0.515625 0.7559642147117296 0.0125 0.018886679920477135
0 0.8208333333333333 0.7664015904572564 0.009375 0.02385685884691849
0 0.34296875 0.7664015904572564 0.0109375 0.009940357852882704
0 0.46770833333333334 0.7723658051689861 0.008333333333333333 0.015904572564612324
0 0.26848958333333334 0.7748508946322068 0.015104166666666667 0.016898608349900597
0 0.18020833333333333 0.786779324055666 0.016666666666666666 0.02485089463220676
0 0.353125 0.812624254473161 0.019791666666666666 0.06660039761431412
0 0.22526041666666666 0.7962226640159046 0.008854166666666666 0.02982107355864811
0 0.5096354166666667 0.7887673956262425 0.0109375 0.014910536779324055
0 0.434375 0.7987077534791253 0.011458333333333333 0.02286282306163022
0 0.8809895833333333 0.8066600397614314 0.018229166666666668 0.03479125248508946
0 0.08984375 0.8131212723658051 0.016145833333333335 0.0437375745526839
0 0.49921875 0.80168986083499 0.013020833333333334 0.010934393638170975
0 0.15234375 0.8106361829025845 0.009895833333333333 0.02485089463220676
0 0.590625 0.8156063618290258 0.009375 0.030815109343936383
0 0.37838541666666664 0.8185884691848907 0.013020833333333334 0.020874751491053677
0 0.6130208333333333 0.8151093439363817 0.016666666666666666 0.013916500994035786
0 0.5419270833333333 0.8260437375745527 0.0171875 0.02385685884691849
0 0.4661458333333333 0.8250497017892644 0.017708333333333333 0.013916500994035786
0 0.4388020833333333 0.834493041749503 0.0046875 0.02286282306163022
0 0.25104166666666666 0.8349900596421471 0.015625 0.017892644135188866
0 0.8752604166666667 0.8404572564612326 0.0078125 0.018886679920477135
0 0.5252604166666667 0.8479125248508946 0.008854166666666666 0.02584493041749503
0 0.22682291666666668 0.8623260437375746 0.019270833333333334 0.02485089463220676
0 0.42890625 0.867296222664016 0.0140625 0.02485089463220676
0 0.5333333333333333 0.8677932405566601 0.014583333333333334 0.017892644135188866
0 0.34401041666666665 0.8752485089463221 0.005729166666666666 0.0268389662027833
0 0.3734375 0.8812127236580517 0.010416666666666666 0.02286282306163022
0 0.49296875 0.8817097415506958 0.008854166666666666 0.02186878727634195
0 0.30807291666666664 0.9060636182902585 0.019270833333333334 0.048707753479125246
0 0.45390625 0.897117296222664 0.011979166666666667 0.02882703777335984
0 0.09244791666666667 0.9025844930417495 0.0171875 0.02982107355864811
0 0.33255208333333336 0.8946322067594433 0.013020833333333334 0.013916500994035786
0 0.6619791666666667 0.9110337972166997 0.014583333333333334 0.04473161033797217
0 0.228125 0.897117296222664 0.019791666666666666 0.014910536779324055
0 0.4395833333333333 0.9060636182902585 0.015625 0.020874751491053677
0 0.011197916666666667 0.9184890656063618 0.022395833333333334 0.03777335984095427
0 0.33880208333333334 0.9169980119284294 0.018229166666666668 0.016898608349900597
0 0.13645833333333332 0.9254473161033797 0.023958333333333335 0.027833001988071572
0 0.7260416666666667 0.9363817097415507 0.010416666666666666 0.039761431411530816
0 0.46536458333333336 0.9329025844930418 0.021354166666666667 0.030815109343936383
0 0.44557291666666665 0.9423459244532804 0.0140625 0.033797216699801194
0 0.228125 0.9423459244532804 0.010416666666666666 0.027833001988071572
0 0.5596354166666667 0.9418489065606361 0.018229166666666668 0.02485089463220676
0 0.48671875 0.952286282306163 0.0067708333333333336 0.041749502982107355
0 0.6513020833333333 0.9443339960238568 0.008854166666666666 0.02186878727634195
0 0.9604166666666667 0.9512922465208747 0.008333333333333333 0.02186878727634195
0 0.00390625 0.9517892644135189 0.0078125 0.012922465208747515
0 0.3497395833333333 0.959741550695825 0.016145833333333335 0.018886679920477135
0 0.20625 0.9761431411530815 0.017708333333333333 0.03777335984095427
0 0.8447916666666667 0.9786282306163022 0.019791666666666666 0.040755467196819085
0 0.76328125 0.9776341948310139 0.0296875 0.036779324055666
0 0.8658854166666666 0.9701789264413518 0.0078125 0.02186878727634195
0 0.4984375 0.9756461232604374 0.010416666666666666 0.02882703777335984
0 0.975 0.9831013916500994 0.013541666666666667 0.03180914512922465
0 0.2557291666666667 0.9865805168986084 0.022916666666666665 0.02485089463220676