0 0.2825520833333333 0.17196819085487078 0.005729166666666666 0.017892644135188866
0 0.3234375 0.18141153081510936 0.017708333333333333 0.03479125248508946
0 0.5177083333333333 0.2077534791252485 0.015625 0.03578528827037773
0 0.6729166666666667 0.21669980119284293 0.011458333333333333 0.017892644135188866
0 0.49322916666666666 0.3518886679920477 0.008333333333333333 0.033797216699801194
0 0.5955729166666667 0.34443339960238567 0.015104166666666667 0.008946322067594433
0 0.5369791666666667 0.3553677932405567 0.008333333333333333 0.02882703777335984
0 0.5151041666666667 0.36133200795228626 0.0125 0.02882703777335984
0 0.21328125 0.3663021868787276 0.0140625 0.032803180914512925
0 0.609375 0.3832007952286282 0.014583333333333334 0.02485089463220676
0 0.65390625 0.38618290258449306 0.015104166666666667 0.016898608349900597
0 0.5783854166666667 0.38916500994035785 0.008854166666666666 0.016898608349900597
0 0.5317708333333333 0.41699801192842945 0.008333333333333333 0.02882703777335984
0 0.47213541666666664 0.41848906560636184 0.0078125 0.015904572564612324
0 0.61796875 0.4294234592445328 0.0140625 0.017892644135188866
0 0.5122395833333333 0.4428429423459245 0.0036458333333333334 0.02485089463220676
0 0.7122395833333334 0.46421471172962225 0.009895833333333333 0.011928429423459244
0 0.43802083333333336 0.47564612326043737 0.007291666666666667 0.018886679920477135
0 0.62578125 0.4945328031809145 0.0067708333333333336 0.042743538767395624
0 0.5609375 0.4900596421471173 0.011458333333333333 0.019880715705765408
0 0.7260416666666667 0.49254473161033796 0.009375 0.016898608349900597
0 0.46171875 0.4985089463220676 0.013020833333333334 0.014910536779324055
0 0.7015625 0.507455268389662 0.008333333333333333 0.02485089463220676
0 0.6494791666666667 0.5054671968190855 0.0125 0.020874751491053677
0 0.49921875 0.5089463220675944 0.008854166666666666 0.027833001988071572
0 0.6307291666666667 0.5298210735586482 0.005208333333333333 0.02584493041749503
0 0.55390625 0.5308151093439364 0.009895833333333333 0.027833001988071572
0 0.5364583333333334 0.5546719681908548 0.00625 0.02584493041749503
0 0.4354166666666667 0.5591451292246521 0.013541666666666667 0.018886679920477135
0 0.7130208333333333 0.5631212723658051 0.010416666666666666 0.020874751491053677
0 0.6471354166666666 0.5695825049701789 0.008854166666666666 0.011928429423459244
0 0.8541666666666666 0.581013916500994 0.0125 0.020874751491053677
0 0.7205729166666667 0.5939363817097415 0.013020833333333334 0.030815109343936383
0 0.6611979166666667 0.5959244532803181 0.019270833333333334 0.03479125248508946
0 0.6236979166666666 0.5924453280318092 0.013020833333333334 0.02385685884691849
0 0.5575520833333333 0.6227634194831014 0.0171875 0.06262425447316103
0 0.5380208333333333 0.5994035785288271 0.014583333333333334 0.007952286282306162
0 0.9859375 0.6202783300198808 0.015625 0.03578528827037773
0 0.73359375 0.614314115308151 0.0109375 0.02584493041749503
0 0.5122395833333333 0.6182902584493042 0.009895833333333333 0.02385685884691849
0 0.6901041666666666 0.6282306163021869 0.007291666666666667 0.013916500994035786
0 0.59921875 0.6366799204771372 0.0109375 0.02882703777335984
0 0.50625 0.6426441351888668 0.007291666666666667 0.02286282306163022
0 0.6859375 0.6481113320079522 0.00625 0.02385685884691849
0 0.6505208333333333 0.6446322067594433 0.016666666666666666 0.016898608349900597
0 0.5322916666666667 0.6679920477137177 0.010416666666666666 0.03578528827037773
0 0.59375 0.661530815109344 0.013541666666666667 0.018886679920477135
0 0.56796875 0.6650099403578529 0.009895833333333333 0.027833001988071572
0 0.5192708333333333 0.6679920477137177 0.009375 0.027833001988071572
0 0.7067708333333333 0.6600397614314115 0.011458333333333333 0.009940357852882704
0 0.55625 0.6769383697813122 0.008333333333333333 0.009940357852882704
0 0.5791666666666667 0.6848906560636183 0.010416666666666666 0.011928429423459244
0 0.49453125 0.6933399602385686 0.0140625 0.010934393638170975
0 0.54375 0.709741550695825 0.017708333333333333 0.027833001988071572
0 0.6375 0.7092445328031809 0.011458333333333333 0.020874751491053677
0 0.5635416666666667 0.7092445328031809 0.013541666666666667 0.016898608349900597
0 0.7 0.713220675944334 0.008333333333333333 0.018886679920477135
0 0.66171875 0.717196819085487 0.0078125 0.02286282306163022
0 0.58125 0.7231610337972167 0.011458333333333333 0.018886679920477135
0 0.459375 0.7271371769383698 0.009375 0.012922465208747515
0 0.5419270833333333 0.7475149105367793 0.005729166666666666 0.017892644135188866
0 0.44479166666666664 0.7490059642147118 0.008333333333333333 0.020874751491053677
0 0.5052083333333334 0.7584493041749503 0.00625 0.02186878727634195
0 0.6635416666666667 0.7813121272365805 0.009375 0.02385685884691849
0 0.57421875 0.7852882703777336 0.008854166666666666 0.03180914512922465
0 0.5130208333333334 0.7818091451292246 0.0125 0.010934393638170975
0 0.5333333333333333 0.7932405566600398 0.005208333333333333 0.02385685884691849
0 0.72421875 0.7967196819085487 0.0078125 0.02286282306163022
0 0.5596354166666667 0.8175944333996024 0.0109375 0.02286282306163022
0 0.5083333333333333 0.8170974155069582 0.011458333333333333 0.019880715705765408
0 0.625 0.8265407554671969 0.00625 0.02485089463220676
0 0.66171875 0.8374751491053678 0.018229166666666668 0.030815109343936383
0 0.6421875 0.8330019880715706 0.011458333333333333 0.017892644135188866
0 0.57109375 0.8404572564612326 0.0046875 0.0268389662027833
0 0.5283854166666667 0.852882703777336 0.0203125 0.02385685884691849
0 0.5486979166666667 0.8593439363817097 0.0067708333333333336 0.014910536779324055
0 0.46953125 0.8593439363817097 0.016145833333333335 0.008946322067594433
0 0.4903645833333333 0.8628230616302187 0.0140625 0.011928429423459244
0 0.50703125 0.871272365805169 0.0109375 0.014910536779324055
0 0.5403645833333334 0.8921471172962226 0.018229166666666668 0.018886679920477135
0 0.4979166666666667 0.8996023856858847 0.009375 0.02385685884691849