0 0.946875 0.0009940357852882703 0.08125 0.0019880715705765406
0 0.8854166666666666 0.0009940357852882703 0.03333333333333333 0.0019880715705765406
0 0.8484375 0.0009940357852882703 0.034375 0.0019880715705765406
0 0.8130208333333333 0.0009940357852882703 0.028125 0.0019880715705765406
0 0.7802083333333333 0.0009940357852882703 0.029166666666666667 0.0019880715705765406
0 0.7484375 0.0009940357852882703 0.028125 0.0019880715705765406
0 0.6682291666666667 0.0009940357852882703 0.04895833333333333 0.0019880715705765406
0 0.6260416666666667 0.0009940357852882703 0.027083333333333334 0.0019880715705765406
0 0.5671875 0.0009940357852882703 0.042708333333333334 0.0019880715705765406
0 0.471875 0.0009940357852882703 0.1125 0.0019880715705765406
0 0.0875 0.0019880715705765406 0.06666666666666667 0.003976143141153081
0 0.02578125 0.0019880715705765406 0.050520833333333334 0.003976143141153081