0 0.8901041666666667 0.008449304174950299 0.0125 0.016898608349900597
0 0.8432291666666667 0.005964214711729622 0.00625 0.011928429423459244
0 0.70390625 0.009940357852882704 0.024479166666666666 0.013916500994035786
0 0.4466145833333333 0.04671968190854871 0.008854166666666666 0.02584493041749503
0 0.8432291666666667 0.08001988071570576 0.0125 0.05069582504970179
0 0.8255208333333334 0.06411530815109344 0.007291666666666667 0.018886679920477135
0 0.5127604166666667 0.07604373757455268 0.024479166666666666 0.032803180914512925
0 0.28151041666666665 0.08250497017892644 0.009895833333333333 0.04572564612326044
0 0.44947916666666665 0.06908548707753479 0.0125 0.008946322067594433
0 0.6901041666666666 0.08300198807157058 0.010416666666666666 0.012922465208747515
0 0.30885416666666665 0.09095427435387674 0.021875 0.02286282306163022
0 0.2872395833333333 0.11978131212723658 0.0078125 0.0268389662027833
0 0.7869791666666667 0.1312127236580517 0.005208333333333333 0.02982107355864811
0 0.27291666666666664 0.12823061630218688 0.015625 0.015904572564612324
0 0.55703125 0.15159045725646123 0.0078125 0.04671968190854871
0 0.14505208333333333 0.15059642147117297 0.0140625 0.014910536779324055
0 0.52890625 0.1625248508946322 0.0140625 0.010934393638170975
0 0.8552083333333333 0.1749502982107356 0.00625 0.033797216699801194
0 0.6052083333333333 0.1709741550695825 0.016666666666666666 0.009940357852882704
0 0.41692708333333334 0.17246520874751492 0.013020833333333334 0.010934393638170975
0 0.7229166666666667 0.1918489065606362 0.008333333333333333 0.02982107355864811
0 0.5841145833333333 0.19831013916500995 0.008854166666666666 0.04473161033797217
0 0.5083333333333333 0.2117296222664016 0.011458333333333333 0.04572564612326044
0 0.96484375 0.20228628230616302 0.0140625 0.016898608349900597
0 0.3776041666666667 0.22813121272365805 0.017708333333333333 0.020874751491053677
0 0.36015625 0.2614314115308151 0.009895833333333333 0.02186878727634195
0 0.21432291666666667 0.2634194831013916 0.009895833333333333 0.02584493041749503
0 0.9296875 0.2783300198807157 0.008333333333333333 0.039761431411530816
0 0.5619791666666667 0.28578528827037775 0.007291666666666667 0.02882703777335984
0 0.12161458333333333 0.2962226640159046 0.0140625 0.0437375745526839
0 0.75 0.30168986083499005 0.015625 0.02286282306163022
0 0.47317708333333336 0.29721669980119286 0.009895833333333333 0.015904572564612324
0 0.7205729166666667 0.3096421471172962 0.0046875 0.030815109343936383
0 0.5268229166666667 0.3195825049701789 0.0109375 0.030815109343936383
0 0.4817708333333333 0.3101391650099404 0.00625 0.013916500994035786
0 0.40260416666666665 0.31560636182902585 0.021875 0.02485089463220676
0 0.04609375 0.3334990059642147 0.009895833333333333 0.02286282306163022
0 0.9674479166666666 0.34393638170974156 0.018229166666666668 0.03578528827037773
0 0.5125 0.34691848906560635 0.021875 0.03777335984095427
0 0.0049479166666666664 0.3489065606361829 0.008854166666666666 0.019880715705765408
0 0.21744791666666666 0.36133200795228626 0.013020833333333334 0.016898608349900597
0 0.5872395833333334 0.371272365805169 0.0140625 0.030815109343936383
0 0.19427083333333334 0.36381709741550694 0.010416666666666666 0.009940357852882704
0 0.51640625 0.3727634194831014 0.0046875 0.017892644135188866
0 0.61953125 0.37773359840954274 0.027604166666666666 0.019880715705765408
0 0.5614583333333333 0.3866799204771372 0.009375 0.019880715705765408
0 0.66328125 0.397117296222664 0.005729166666666666 0.03479125248508946
0 0.39479166666666665 0.3966202783300199 0.025 0.015904572564612324
0 0.4783854166666667 0.4105367793240557 0.011979166666666667 0.02982107355864811
0 0.46380208333333334 0.426441351888668 0.0078125 0.0437375745526839
0 0.5177083333333333 0.42147117296222664 0.015625 0.007952286282306162
0 0.6666666666666666 0.4294234592445328 0.011458333333333333 0.017892644135188866
0 0.16875 0.45029821073558646 0.023958333333333335 0.02584493041749503
0 0.7200520833333334 0.4577534791252485 0.0140625 0.0268389662027833
0 0.8697916666666666 0.4671968190854871 0.0125 0.03180914512922465
0 0.9252604166666667 0.4801192842942346 0.0234375 0.039761431411530816
0 0.6424479166666667 0.4855864811133201 0.018229166666666668 0.0268389662027833
0 0.6013020833333333 0.4845924453280318 0.019270833333333334 0.012922465208747515
0 0.6200520833333333 0.5089463220675944 0.005729166666666666 0.019880715705765408
0 0.5510416666666667 0.5173956262425448 0.010416666666666666 0.03876739562624255
0 0.37552083333333336 0.5124254473161034 0.013541666666666667 0.020874751491053677
0 0.0171875 0.5164015904572564 0.022916666666666665 0.02286282306163022
0 0.90390625 0.518389662027833 0.016145833333333335 0.016898608349900597
0 0.5809895833333333 0.5293240556660039 0.0046875 0.02485089463220676
0 0.5309895833333333 0.5407554671968191 0.0171875 0.02584493041749503
0 0.76328125 0.5501988071570576 0.022395833333333334 0.03479125248508946
0 0.39609375 0.5536779324055666 0.021354166666666667 0.03777335984095427
0 0.9544270833333334 0.5487077534791253 0.0140625 0.02385685884691849
0 0.19088541666666667 0.5596421471172962 0.015104166666666667 0.039761431411530816
0 0.9088541666666666 0.5497017892644135 0.016666666666666666 0.015904572564612324
0 0.7971354166666667 0.5670974155069582 0.0234375 0.042743538767395624
0 0.6239583333333333 0.570079522862823 0.020833333333333332 0.014910536779324055
0 0.5609375 0.5800198807157058 0.013541666666666667 0.02286282306163022
0 0.5809895833333333 0.5879721669980119 0.015104166666666667 0.020874751491053677
0 0.54609375 0.6008946322067594 0.0234375 0.040755467196819085
0 0.5286458333333334 0.5924453280318092 0.008333333333333333 0.02186878727634195
0 0.5002604166666667 0.5949304174950298 0.008854166666666666 0.02286282306163022
0 0.4544270833333333 0.595427435387674 0.0078125 0.02186878727634195
0 0.6138020833333333 0.5964214711729622 0.016145833333333335 0.019880715705765408
0 0.5140625 0.6013916500994035 0.010416666666666666 0.009940357852882704
0 0.36432291666666666 0.6182902584493042 0.0140625 0.02385685884691849
0 0.6252604166666667 0.6158051689860835 0.0140625 0.012922465208747515
0 0.9494791666666667 0.6292246520874751 0.011458333333333333 0.03578528827037773
0 0.6151041666666667 0.6222664015904572 0.011458333333333333 0.019880715705765408
0 0.5026041666666666 0.6167992047713717 0.011458333333333333 0.008946322067594433
0 0.5776041666666667 0.6267395626242545 0.007291666666666667 0.0268389662027833
0 0.4825520833333333 0.6217693836978131 0.0140625 0.016898608349900597
0 0.5223958333333333 0.6292246520874751 0.015625 0.02584493041749503
0 0.8135416666666667 0.6426441351888668 0.005208333333333333 0.02882703777335984
0 0.14140625 0.6426441351888668 0.0140625 0.0268389662027833
0 0.50234375 0.6466202783300199 0.0046875 0.016898608349900597
0 0.5924479166666666 0.6709741550695825 0.025520833333333333 0.05765407554671968
0 0.7841145833333333 0.6650099403578529 0.015104166666666667 0.02186878727634195
0 0.5700520833333333 0.665506958250497 0.0109375 0.014910536779324055
0 0.03697916666666667 0.6744532803180915 0.022916666666666665 0.02882703777335984
0 0.68359375 0.6714711729622267 0.011979166666666667 0.016898608349900597
0 0.6125 0.6973161033797217 0.009375 0.048707753479125246
0 0.5559895833333334 0.6829025844930418 0.016145833333333335 0.017892644135188866
0 0.66015625 0.702286282306163 0.008854166666666666 0.03876739562624255
0 0.634375 0.6923459244532804 0.010416666666666666 0.018886679920477135
0 0.46484375 0.7072564612326043 0.0067708333333333336 0.02485089463220676
0 0.8763020833333334 0.7137176938369781 0.009895833333333333 0.02982107355864811
0 0.47760416666666666 0.7107355864811133 0.010416666666666666 0.02186878727634195
0 0.5677083333333334 0.717196819085487 0.00625 0.030815109343936383
0 0.07942708333333333 0.7206759443339961 0.016145833333333335 0.02982107355864811
0 0.18359375 0.7191848906560636 0.005729166666666666 0.02286282306163022
0 0.5203125 0.7301192842942346 0.005208333333333333 0.02286282306163022
0 0.01640625 0.7311133200795229 0.0140625 0.018886679920477135
0 0.14114583333333333 0.7360834990059643 0.007291666666666667 0.014910536779324055
0 0.56328125 0.7430417495029821 0.0046875 0.02286282306163022
0 0.22265625 0.7514910536779325 0.025520833333333333 0.039761431411530816
0 0.6395833333333333 0.7549701789264414 0.009375 0.032803180914512925
0 0.5927083333333333 0.7455268389662028 0.017708333333333333 0.011928429423459244
0 0.0046875 0.7539761431411531 0.008333333333333333 0.0268389662027833
0 0.7703125 0.7604373757455268 0.0125 0.02186878727634195
0 0.6841145833333333 0.7624254473161034 0.013020833333333334 0.007952286282306162
0 0.6263020833333334 0.7723658051689861 0.0078125 0.02186878727634195
0 0.25390625 0.7728628230616302 0.011979166666666667 0.020874751491053677
0 0.8901041666666667 0.7937375745526839 0.011458333333333333 0.02286282306163022
0 0.35546875 0.8036779324055666 0.0067708333333333336 0.030815109343936383
0 0.6096354166666667 0.8091451292246521 0.008854166666666666 0.02982107355864811
0 0.5450520833333333 0.8071570576540755 0.0140625 0.019880715705765408
0 0.5630208333333333 0.812624254473161 0.017708333333333333 0.008946322067594433
0 0.43411458333333336 0.8220675944333996 0.0046875 0.027833001988071572
0 0.6533854166666667 0.8320079522862823 0.0140625 0.033797216699801194
0 0.36822916666666666 0.8513916500994035 0.017708333333333333 0.048707753479125246
0 0.8416666666666667 0.8499005964214712 0.022916666666666665 0.02385685884691849
0 0.48854166666666665 0.8533797216699801 0.009375 0.02286282306163022
0 0.8916666666666667 0.8727634194831014 0.014583333333333334 0.02385685884691849
0 0.31354166666666666 0.8737574552683897 0.011458333333333333 0.02584493041749503
0 0.17473958333333334 0.871272365805169 0.015104166666666667 0.016898608349900597
0 0.6028645833333334 0.8692842942345924 0.016145833333333335 0.010934393638170975
0 0.3536458333333333 0.9025844930417495 0.017708333333333333 0.02584493041749503
0 0.7989583333333333 0.9065606361829026 0.015625 0.013916500994035786
0 0.41302083333333334 0.9244532803180915 0.007291666666666667 0.019880715705765408
0 0.18776041666666668 0.9294234592445328 0.018229166666666668 0.02982107355864811
0 0.590625 0.9244532803180915 0.01875 0.017892644135188866
0 0.40182291666666664 0.9314115308151093 0.0078125 0.013916500994035786
0 0.490625 0.9383697813121272 0.0125 0.017892644135188866
0 0.4484375 0.9716699801192843 0.0125 0.018886679920477135
0 0.128125 0.9910536779324056 0.013541666666666667 0.015904572564612324
0 0.07890625 0.9910536779324056 0.0078125 0.015904572564612324