0 0.0078125 0.01242544731610338 0.015625 0.02485089463220676
0 0.36432291666666666 0.0044731610337972166 0.0078125 0.008946322067594433
0 0.86640625 0.0034791252485089465 0.008854166666666666 0.006958250497017893
0 0.9549479166666667 0.007455268389662028 0.0067708333333333336 0.014910536779324055
0 0.9783854166666667 0.02286282306163022 0.0296875 0.04572564612326044
0 0.0046875 0.03777335984095427 0.009375 0.02584493041749503
0 0.059895833333333336 0.0437375745526839 0.011458333333333333 0.027833001988071572
0 0.005729166666666666 0.06610337972166998 0.011458333333333333 0.0268389662027833
0 0.95 0.07405566600397614 0.008333333333333333 0.014910536779324055
0 0.94921875 0.09691848906560636 0.013020833333333334 0.020874751491053677
0 0.7528645833333333 0.09990059642147117 0.009895833333333333 0.020874751491053677
0 0.9903645833333333 0.12524850894632206 0.018229166666666668 0.0636182902584493
0 0.76484375 0.10238568588469185 0.0078125 0.011928429423459244
0 0.9783854166666667 0.11878727634194831 0.0140625 0.016898608349900597
0 0.00546875 0.12326043737574553 0.0109375 0.013916500994035786
0 0.7559895833333333 0.12524850894632206 0.0067708333333333336 0.017892644135188866
0 0.08072916666666667 0.13369781312127235 0.0125 0.030815109343936383
0 0.71640625 0.13518886679920478 0.0067708333333333336 0.033797216699801194
0 0.0390625 0.14761431411530815 0.013541666666666667 0.030815109343936383
0 0.009375 0.17842942345924453 0.008333333333333333 0.02286282306163022
0 0.7890625 0.19831013916500995 0.011458333333333333 0.05467196819085487
0 0.6885416666666667 0.19135188866799205 0.014583333333333334 0.016898608349900597
0 0.8630208333333333 0.1988071570576541 0.0125 0.03180914512922465
0 0.7614583333333333 0.20924453280318092 0.010416666666666666 0.04473161033797217
0 0.6145833333333334 0.19483101391650098 0.00625 0.013916500994035786
0 0.6002604166666666 0.21272365805168986 0.008854166666666666 0.03180914512922465
0 0.56953125 0.22266401590457258 0.019270833333333334 0.04970178926441352
0 0.68046875 0.21819085487077536 0.013020833333333334 0.02882703777335984
0 0.85390625 0.23508946322067595 0.011979166666666667 0.03876739562624255
0 0.3458333333333333 0.2301192842942346 0.00625 0.02485089463220676
0 0.5778645833333333 0.24353876739562624 0.0203125 0.03578528827037773
0 0.23333333333333334 0.27286282306163023 0.009375 0.03876739562624255
0 0.97578125 0.27186878727634195 0.009895833333333333 0.012922465208747515
0 0.3572916666666667 0.2788270377733598 0.017708333333333333 0.02286282306163022
0 0.9799479166666667 0.28926441351888665 0.0171875 0.019880715705765408
0 0.05520833333333333 0.3036779324055666 0.025 0.040755467196819085
0 0.2716145833333333 0.2982107355864811 0.011979166666666667 0.017892644135188866
0 0.6640625 0.3121272365805169 0.010416666666666666 0.013916500994035786
0 0.84921875 0.3101391650099404 0.009895833333333333 0.009940357852882704
0 0.3580729166666667 0.3260437375745527 0.0265625 0.02186878727634195
0 0.48880208333333336 0.33399602385685884 0.0078125 0.02385685884691849
0 0.803125 0.3548707753479125 0.010416666666666666 0.02186878727634195
0 0.12786458333333334 0.36779324055666 0.021354166666666667 0.041749502982107355
0 0.44479166666666664 0.36530815109343934 0.00625 0.036779324055666
0 0.0671875 0.36232604373757454 0.009375 0.02286282306163022
0 0.23020833333333332 0.37773359840954274 0.015625 0.019880715705765408
0 0.746875 0.3996023856858847 0.014583333333333334 0.033797216699801194
0 0.10026041666666667 0.40656063618290256 0.0171875 0.041749502982107355
0 0.27890625 0.41451292246520877 0.018229166666666668 0.05765407554671968
0 0.5752604166666667 0.3951292246520875 0.0078125 0.010934393638170975
0 0.9971354166666667 0.4010934393638171 0.0046875 0.016898608349900597
0 0.31484375 0.40904572564612324 0.0046875 0.0268389662027833
0 0.2296875 0.40656063618290256 0.016666666666666666 0.015904572564612324
0 0.6744791666666666 0.4150099403578529 0.00625 0.02286282306163022
0 0.1234375 0.42196819085487075 0.0125 0.0268389662027833
0 0.06484375 0.4428429423459245 0.0140625 0.0268389662027833
0 0.5640625 0.4587475149105368 0.010416666666666666 0.02485089463220676
0 0.7057291666666666 0.455765407554672 0.016666666666666666 0.018886679920477135
0 0.3098958333333333 0.47962226640159045 0.008333333333333333 0.016898608349900597
0 0.3182291666666667 0.5064612326043738 0.014583333333333334 0.02286282306163022
0 0.36432291666666666 0.5084493041749503 0.0046875 0.02882703777335984
0 0.44921875 0.5044731610337972 0.016145833333333335 0.010934393638170975
0 0.51953125 0.5228628230616302 0.009895833333333333 0.0437375745526839
0 0.40546875 0.5228628230616302 0.0203125 0.019880715705765408
0 0.003125 0.532803180914513 0.00625 0.027833001988071572
0 0.4861979166666667 0.5278330019880716 0.019270833333333334 0.013916500994035786
0 0.32708333333333334 0.5298210735586482 0.0125 0.015904572564612324
0 0.6546875 0.5536779324055666 0.020833333333333332 0.061630218687872766
0 0.2875 0.547713717693837 0.00625 0.03180914512922465
0 0.8028645833333333 0.5467196819085487 0.015104166666666667 0.02385685884691849
0 0.3020833333333333 0.5526838966202783 0.010416666666666666 0.02584493041749503
0 0.3497395833333333 0.5497017892644135 0.016145833333333335 0.017892644135188866
0 0.23567708333333334 0.5566600397614314 0.008854166666666666 0.02584493041749503
0 0.5411458333333333 0.5561630218687873 0.011458333333333333 0.016898608349900597
0 0.36953125 0.5680914512922465 0.009895833333333333 0.032803180914512925
0 0.57890625 0.5755467196819085 0.0067708333333333336 0.02584493041749503
0 0.47109375 0.5785288270377733 0.0171875 0.027833001988071572
0 0.940625 0.5790258449304175 0.014583333333333334 0.030815109343936383
0 0.38567708333333334 0.5830019880715706 0.0046875 0.016898608349900597
0 0.4356770833333333 0.6033797216699801 0.008854166666666666 0.019880715705765408
0 0.5059895833333333 0.6192842942345924 0.013020833333333334 0.02186878727634195
0 0.40572916666666664 0.6322067594433399 0.025 0.03180914512922465
0 0.6557291666666667 0.6336978131212724 0.01875 0.012922465208747515
0 0.428125 0.6520874751491054 0.0125 0.03777335984095427
0 0.5705729166666667 0.643141153081511 0.0109375 0.015904572564612324
0 0.7169270833333333 0.6515904572564613 0.005729166666666666 0.030815109343936383
0 0.9822916666666667 0.6525844930417495 0.023958333333333335 0.03479125248508946
0 0.34453125 0.6486083499005965 0.024479166666666666 0.02286282306163022
0 0.4171875 0.6441351888667992 0.009375 0.011928429423459244
0 0.38515625 0.6560636182902585 0.0109375 0.033797216699801194
0 0.8455729166666667 0.6744532803180915 0.0203125 0.05467196819085487
0 0.3065104166666667 0.6719681908548708 0.009895833333333333 0.02584493041749503
0 0.05859375 0.6848906560636183 0.018229166666666668 0.0437375745526839
0 0.53359375 0.6709741550695825 0.0067708333333333336 0.013916500994035786
0 0.4674479166666667 0.6809145129224652 0.009895833333333333 0.03180914512922465
0 0.5440104166666667 0.6858846918489065 0.0171875 0.02982107355864811
0 0.4127604166666667 0.6784294234592445 0.009895833333333333 0.008946322067594433
0 0.24505208333333334 0.6893638170974155 0.0140625 0.02882703777335984
0 0.6192708333333333 0.7042743538767395 0.017708333333333333 0.010934393638170975
0 0.57109375 0.7067594433399602 0.0067708333333333336 0.011928429423459244
0 0.41302083333333334 0.7246520874751491 0.008333333333333333 0.03180914512922465
0 0.5552083333333333 0.7176938369781312 0.016666666666666666 0.017892644135188866
0 0.025 0.7311133200795229 0.023958333333333335 0.030815109343936383
0 0.6059895833333333 0.724155069582505 0.011979166666666667 0.014910536779324055
0 0.95390625 0.7306163021868787 0.016145833333333335 0.02584493041749503
0 0.14427083333333332 0.7340954274353877 0.017708333333333333 0.02286282306163022
0 0.5403645833333334 0.7594433399602386 0.008854166666666666 0.061630218687872766
0 0.45677083333333335 0.7559642147117296 0.0125 0.04473161033797217
0 0.4783854166666667 0.7430417495029821 0.015104166666666667 0.018886679920477135
0 0.4278645833333333 0.7485089463220675 0.008854166666666666 0.02584493041749503
0 0.37786458333333334 0.7639165009940357 0.013020833333333334 0.03876739562624255
0 0.32786458333333335 0.7624254473161034 0.005729166666666666 0.02982107355864811
0 0.43828125 0.7698807157057654 0.015104166666666667 0.042743538767395624
0 0.9135416666666667 0.7649105367793241 0.017708333333333333 0.0268389662027833
0 0.4010416666666667 0.7659045725646123 0.005208333333333333 0.02485089463220676
0 0.53046875 0.782803180914513 0.0046875 0.02485089463220676
0 0.35130208333333335 0.7962226640159046 0.005729166666666666 0.02982107355864811
0 0.22526041666666666 0.8111332007952287 0.0171875 0.05765407554671968
0 0.3645833333333333 0.8006958250497018 0.011458333333333333 0.03479125248508946
0 0.8143229166666667 0.8031809145129225 0.0203125 0.03777335984095427
0 0.5763020833333333 0.7947316103379721 0.0109375 0.014910536779324055
0 0.4895833333333333 0.8006958250497018 0.009375 0.018886679920477135
0 0.5940104166666667 0.8031809145129225 0.0078125 0.02186878727634195
0 0.6401041666666667 0.8061630218687873 0.01875 0.02186878727634195
0 0.37421875 0.8185884691848907 0.013020833333333334 0.008946322067594433
0 0.0546875 0.8330019880715706 0.0125 0.033797216699801194
0 0.33697916666666666 0.8315109343936382 0.00625 0.02882703777335984
0 0.4283854166666667 0.8245526838966203 0.016145833333333335 0.014910536779324055
0 0.4375 0.8444333996023857 0.01875 0.012922465208747515
0 0.1171875 0.8658051689860835 0.010416666666666666 0.027833001988071572
0 0.4473958333333333 0.8663021868787276 0.026041666666666668 0.016898608349900597
0 0.49635416666666665 0.8742544731610338 0.00625 0.02882703777335984
0 0.48098958333333336 0.889662027833002 0.005729166666666666 0.019880715705765408
0 0.41041666666666665 0.8926441351888668 0.016666666666666666 0.017892644135188866
0 0.3145833333333333 0.8981113320079522 0.020833333333333332 0.020874751491053677
0 0.9885416666666667 0.904572564612326 0.011458333333333333 0.015904572564612324
0 0.5403645833333334 0.9060636182902585 0.019270833333333334 0.014910536779324055
0 0.740625 0.9219681908548708 0.009375 0.030815109343936383
0 0.5229166666666667 0.9274353876739563 0.0125 0.013916500994035786
0 0.40729166666666666 0.941351888667992 0.023958333333333335 0.019880715705765408
0 0.55703125 0.9542743538767395 0.0067708333333333336 0.02385685884691849
0 0.24192708333333332 0.9711729622266402 0.019270833333333334 0.04572564612326044
0 0.3765625 0.9811133200795229 0.014583333333333334 0.019880715705765408
0 0.1046875 0.9875745526838966 0.016666666666666666 0.02286282306163022
0 0.06875 0.9900596421471173 0.0125 0.017892644135188866
0 0.7919270833333333 0.9900596421471173 0.027604166666666666 0.017892644135188866
0 0.32473958333333336 0.9955268389662028 0.016145833333333335 0.006958250497017893