0 0.9903645833333333 0.020377733598409543 0.018229166666666668 0.040755467196819085
0 0.7755208333333333 0.013916500994035786 0.011458333333333333 0.015904572564612324
0 0.00703125 0.023359840954274354 0.0140625 0.0268389662027833
0 0.7388020833333333 0.02982107355864811 0.016145833333333335 0.02186878727634195
0 0.7875 0.032803180914512925 0.014583333333333334 0.013916500994035786
0 0.69765625 0.061630218687872766 0.0078125 0.02584493041749503
0 0.6057291666666667 0.07256461232604373 0.034375 0.0437375745526839
0 0.89921875 0.07405566600397614 0.021354166666666667 0.04671968190854871
0 0.8333333333333334 0.0775347912524851 0.011458333333333333 0.019880715705765408
0 0.5950520833333334 0.09095427435387674 0.0067708333333333336 0.02882703777335984
0 0.78046875 0.09691848906560636 0.011979166666666667 0.020874751491053677
0 0.6723958333333333 0.10238568588469185 0.011458333333333333 0.019880715705765408
0 0.8513020833333333 0.1073558648111332 0.016145833333333335 0.02385685884691849
0 0.8684895833333334 0.11878727634194831 0.0140625 0.030815109343936383
0 0.9669270833333333 0.19035785288270377 0.011979166666666667 0.02286282306163022
0 0.9911458333333333 0.1978131212723658 0.016666666666666666 0.02385685884691849
0 0.3372395833333333 0.213220675944334 0.008854166666666666 0.016898608349900597
0 0.8877604166666667 0.22962226640159045 0.009895833333333333 0.02186878727634195
0 0.9802083333333333 0.24105367793240556 0.028125 0.030815109343936383
0 0.5765625 0.2544731610337972 0.007291666666666667 0.013916500994035786
0 0.8739583333333333 0.29870775347912526 0.007291666666666667 0.02286282306163022
0 0.47369791666666666 0.30019880715705766 0.0078125 0.009940357852882704
0 0.9473958333333333 0.36182902584493043 0.007291666666666667 0.027833001988071572
0 0.7466145833333333 0.3648111332007952 0.009895833333333333 0.02186878727634195
0 0.7596354166666667 0.3966202783300199 0.011979166666666667 0.02385685884691849
0 0.9872395833333333 0.415506958250497 0.011979166666666667 0.03180914512922465
0 0.22005208333333334 0.41600397614314116 0.0140625 0.018886679920477135
0 0.7213541666666666 0.42147117296222664 0.013541666666666667 0.02186878727634195
0 0.7822916666666667 0.42196819085487075 0.0125 0.012922465208747515
0 0.9036458333333334 0.4403578528827038 0.0125 0.027833001988071572
0 0.9611979166666667 0.4617296222664016 0.015104166666666667 0.018886679920477135
0 0.89921875 0.4617296222664016 0.016145833333333335 0.012922465208747515
0 0.4276041666666667 0.46669980119284293 0.008333333333333333 0.016898608349900597
0 0.7760416666666666 0.4716699801192843 0.008333333333333333 0.02485089463220676
0 0.7317708333333334 0.47664015904572565 0.013541666666666667 0.032803180914512925
0 0.47552083333333334 0.47813121272365805 0.005208333333333333 0.027833001988071572
0 0.6809895833333334 0.4845924453280318 0.0109375 0.016898608349900597
0 0.7643229166666666 0.5044731610337972 0.0046875 0.02485089463220676
0 0.7205729166666667 0.5049701789264414 0.011979166666666667 0.011928429423459244
0 0.037760416666666664 0.5228628230616302 0.009895833333333333 0.033797216699801194
0 0.83671875 0.5228628230616302 0.015104166666666667 0.017892644135188866
0 0.65390625 0.5293240556660039 0.0067708333333333336 0.02286282306163022
0 0.6421875 0.5377733598409543 0.007291666666666667 0.02584493041749503
0 0.7481770833333333 0.5546719681908548 0.0109375 0.02385685884691849
0 0.10598958333333333 0.5556660039761432 0.028645833333333332 0.02186878727634195
0 0.7666666666666667 0.5710735586481114 0.008333333333333333 0.030815109343936383
0 0.7864583333333334 0.5874751491053678 0.005208333333333333 0.027833001988071572
0 0.6989583333333333 0.595427435387674 0.005208333333333333 0.02385685884691849
0 0.6671875 0.6058648111332008 0.014583333333333334 0.010934393638170975
0 0.7971354166666667 0.6167992047713717 0.009895833333333333 0.020874751491053677
0 0.7546875 0.6202783300198808 0.014583333333333334 0.02186878727634195
0 0.80234375 0.6500994035785288 0.005729166666666666 0.027833001988071572
0 0.9359375 0.6595427435387674 0.008333333333333333 0.018886679920477135
0 0.9651041666666667 0.6590457256461233 0.015625 0.015904572564612324
0 0.78984375 0.6585487077534792 0.011979166666666667 0.010934393638170975
0 0.8388020833333333 0.6804174950298211 0.015104166666666667 0.010934393638170975
0 0.5841145833333333 0.6898608349900597 0.0140625 0.02584493041749503
0 0.12552083333333333 0.6928429423459245 0.009375 0.02584493041749503
0 0.26588541666666665 0.694831013916501 0.016145833333333335 0.019880715705765408
0 0.7924479166666667 0.6988071570576541 0.0109375 0.009940357852882704
0 0.8252604166666667 0.7072564612326043 0.015104166666666667 0.014910536779324055
0 0.634375 0.7157057654075547 0.009375 0.02982107355864811
0 0.7395833333333334 0.7311133200795229 0.016666666666666666 0.020874751491053677
0 0.62734375 0.7668986083499006 0.0067708333333333336 0.0268389662027833
0 0.052083333333333336 0.782803180914513 0.005208333333333333 0.02286282306163022
0 0.6122395833333333 0.7842942345924453 0.005729166666666666 0.02584493041749503
0 0.54765625 0.7982107355864811 0.009895833333333333 0.009940357852882704
0 0.27734375 0.8041749502982107 0.015104166666666667 0.017892644135188866
0 0.4083333333333333 0.8156063618290258 0.015625 0.016898608349900597
0 0.5205729166666667 0.8285288270377733 0.0067708333333333336 0.030815109343936383
0 0.5760416666666667 0.8190854870775348 0.009375 0.011928429423459244
0 0.5489583333333333 0.8424453280318092 0.03854166666666667 0.03876739562624255
0 0.496875 0.8354870775347912 0.00625 0.020874751491053677
0 0.16770833333333332 0.8583499005964215 0.007291666666666667 0.048707753479125246
0 0.25885416666666666 0.8846918489065606 0.011458333333333333 0.03777335984095427
0 0.5619791666666667 0.8836978131212724 0.0125 0.011928429423459244
0 0.21692708333333333 0.8951292246520874 0.016145833333333335 0.010934393638170975
0 0.8893229166666666 0.9090457256461233 0.018229166666666668 0.02882703777335984
0 0.5291666666666667 0.9095427435387674 0.013541666666666667 0.009940357852882704
0 0.5622395833333333 0.9150099403578529 0.0140625 0.012922465208747515
0 0.6442708333333333 0.9150099403578529 0.013541666666666667 0.012922465208747515
0 0.67265625 0.9219681908548708 0.0078125 0.014910536779324055
0 0.5125 0.9314115308151093 0.011458333333333333 0.02982107355864811
0 0.4322916666666667 0.9358846918489065 0.01875 0.03479125248508946
0 0.3 0.9398608349900597 0.013541666666666667 0.018886679920477135
0 0.6494791666666667 0.9458250497017893 0.007291666666666667 0.02286282306163022
0 0.46067708333333335 0.9552683896620279 0.013020833333333334 0.03578528827037773
0 0.884375 0.9562624254473161 0.0125 0.02982107355864811
0 0.659375 0.9537773359840954 0.011458333333333333 0.018886679920477135
0 0.6838541666666667 0.9582504970178927 0.00625 0.027833001988071572
0 0.6908854166666667 0.9711729622266402 0.008854166666666666 0.02982107355864811
0 0.7231770833333333 0.9602385685884692 0.0140625 0.007952286282306162
0 0.35625 0.9761431411530815 0.007291666666666667 0.02186878727634195
0 0.6338541666666667 0.9960238568588469 0.015625 0.005964214711729622