0 0.6981770833333333 0.009443339960238568 0.027604166666666666 0.018886679920477135
0 0.020052083333333335 0.016401590457256462 0.0036458333333333334 0.032803180914512925
0 0.8919270833333334 0.02485089463220676 0.0171875 0.0437375745526839
0 0.0067708333333333336 0.03578528827037773 0.0125 0.0636182902584493
0 0.6541666666666667 0.027335984095427434 0.025 0.03876739562624255
0 0.4200520833333333 0.020377733598409543 0.0109375 0.018886679920477135
0 0.9950520833333333 0.030318091451292245 0.009895833333333333 0.0268389662027833
0 0.03958333333333333 0.039761431411530816 0.013541666666666667 0.02186878727634195
0 0.4088541666666667 0.040755467196819085 0.010416666666666666 0.019880715705765408
0 0.9489583333333333 0.08001988071570576 0.016666666666666666 0.02882703777335984
0 0.4036458333333333 0.08399602385685885 0.022916666666666665 0.0268389662027833
0 0.1125 0.08101391650099403 0.0125 0.018886679920477135
0 0.9885416666666667 0.09343936381709742 0.022916666666666665 0.03777335984095427
0 0.6588541666666666 0.09145129224652088 0.007291666666666667 0.02982107355864811
0 0.540625 0.10636182902584493 0.010416666666666666 0.02385685884691849
0 0.7658854166666667 0.1143141153081511 0.0109375 0.03578528827037773
0 0.46979166666666666 0.13220675944333996 0.009375 0.02186878727634195
0 0.13177083333333334 0.14860834990059643 0.0125 0.03876739562624255
0 0.10859375 0.1496023856858847 0.0067708333333333336 0.040755467196819085
0 0.9940104166666667 0.1441351888667992 0.011979166666666667 0.02186878727634195
0 0.7546875 0.15606361829025844 0.025 0.03777335984095427
0 0.5049479166666667 0.1481113320079523 0.015104166666666667 0.019880715705765408
0 0.4796875 0.15606361829025844 0.010416666666666666 0.017892644135188866
0 0.0890625 0.15705765407554673 0.023958333333333335 0.019880715705765408
0 0.3265625 0.17246520874751492 0.009375 0.03479125248508946
0 0.81015625 0.18389662027833 0.025520833333333333 0.02982107355864811
0 0.23463541666666668 0.1878727634194831 0.018229166666666668 0.027833001988071572
0 0.66875 0.20874751491053678 0.017708333333333333 0.041749502982107355
0 0.390625 0.213220675944334 0.010416666666666666 0.040755467196819085
0 0.48984375 0.21868787276341947 0.016145833333333335 0.04970178926441352
0 0.8841145833333334 0.22813121272365805 0.0171875 0.05268389662027833
0 0.00546875 0.21222664015904572 0.009895833333333333 0.010934393638170975
0 0.82109375 0.22813121272365805 0.0109375 0.032803180914512925
0 0.7072916666666667 0.2370775347912525 0.027083333333333334 0.04671968190854871
0 0.3815104166666667 0.23956262425447317 0.005729166666666666 0.03777335984095427
0 0.34479166666666666 0.22564612326043737 0.008333333333333333 0.009940357852882704
0 0.6776041666666667 0.24204771371769385 0.009375 0.02485089463220676
0 0.5223958333333333 0.23757455268389663 0.013541666666666667 0.015904572564612324
0 0.7533854166666667 0.2654075546719682 0.025520833333333333 0.04970178926441352
0 0.39609375 0.26043737574552683 0.011979166666666667 0.011928429423459244
0 0.4635416666666667 0.27335984095427435 0.011458333333333333 0.02584493041749503
0 0.04869791666666667 0.27037773359840955 0.0203125 0.02186878727634195
0 0.5135416666666667 0.2678926441351889 0.017708333333333333 0.012922465208747515
0 0.9598958333333333 0.275844930417495 0.020833333333333332 0.02485089463220676
0 0.8494791666666667 0.28926441351888665 0.0125 0.0437375745526839
0 0.29921875 0.30268389662027834 0.009895833333333333 0.0268389662027833
0 0.25416666666666665 0.3061630218687873 0.007291666666666667 0.02982107355864811
0 0.8822916666666667 0.30069582504970177 0.019791666666666666 0.014910536779324055
0 0.98125 0.32007952286282304 0.011458333333333333 0.04970178926441352
0 0.69140625 0.31461232604373757 0.019270833333333334 0.0268389662027833
0 0.7255208333333333 0.32554671968190857 0.008333333333333333 0.042743538767395624
0 0.46953125 0.31759443339960236 0.015104166666666667 0.02882703777335984
0 0.51640625 0.32852882703777336 0.013020833333333334 0.036779324055666
0 0.9463541666666667 0.3250497017892644 0.016666666666666666 0.02186878727634195
0 0.5364583333333334 0.3364811133200795 0.0125 0.02882703777335984
0 0.32083333333333336 0.3414512922465209 0.008333333333333333 0.016898608349900597
0 0.26848958333333334 0.34343936381709744 0.0067708333333333336 0.014910536779324055
0 0.5552083333333333 0.3643141153081511 0.00625 0.0268389662027833
0 0.6973958333333333 0.37226640159045726 0.00625 0.02882703777335984
0 0.47734375 0.3856858846918489 0.03697916666666667 0.05765407554671968
0 0.63828125 0.3851888667992048 0.0078125 0.03479125248508946
0 0.9002604166666667 0.3871769383697813 0.0359375 0.02882703777335984
0 0.5794270833333334 0.3941351888667992 0.015104166666666667 0.032803180914512925
0 0.35911458333333335 0.38469184890656066 0.0078125 0.009940357852882704
0 0.5611979166666666 0.40506958250497016 0.0067708333333333336 0.02882703777335984
0 0.7046875 0.40357852882703776 0.008333333333333333 0.02186878727634195
0 0.6658854166666667 0.4070576540755467 0.0140625 0.012922465208747515
0 0.3921875 0.4140159045725646 0.05 0.0268389662027833
0 0.94453125 0.4254473161033797 0.0328125 0.039761431411530816
0 0.8283854166666667 0.43439363817097415 0.013020833333333334 0.03180914512922465
0 0.9708333333333333 0.4378727634194831 0.0125 0.032803180914512925
0 0.7307291666666667 0.43290258449304175 0.007291666666666667 0.02485089463220676
0 0.6747395833333333 0.4393638170974155 0.0171875 0.033797216699801194
0 0.5932291666666667 0.4403578528827038 0.009375 0.02982107355864811
0 0.6580729166666667 0.4617296222664016 0.0234375 0.03876739562624255
0 0.6109375 0.45825049701789267 0.010416666666666666 0.03180914512922465
0 0.453125 0.4552683896620278 0.00625 0.02186878727634195
0 0.6294270833333333 0.4647117296222664 0.013020833333333334 0.032803180914512925
0 0.4947916666666667 0.46421471172962225 0.007291666666666667 0.02584493041749503
0 0.76484375 0.46819085487077533 0.0140625 0.019880715705765408
0 0.73359375 0.46421471172962225 0.0171875 0.009940357852882704
0 0.46432291666666664 0.4875745526838966 0.016145833333333335 0.0268389662027833
0 0.035416666666666666 0.4860834990059642 0.007291666666666667 0.02385685884691849
0 0.5567708333333333 0.49353876739562624 0.0125 0.03479125248508946
0 0.8005208333333333 0.4855864811133201 0.01875 0.012922465208747515
0 0.24947916666666667 0.4990059642147117 0.00625 0.02982107355864811
0 0.6877604166666667 0.4955268389662028 0.0171875 0.014910536779324055
0 0.7356770833333334 0.5029821073558648 0.009895833333333333 0.02385685884691849
0 0.46822916666666664 0.5084493041749503 0.029166666666666667 0.02882703777335984
0 0.6528645833333333 0.5193836978131213 0.016145833333333335 0.032803180914512925
0 0.32109375 0.5084493041749503 0.0171875 0.010934393638170975
0 0.13854166666666667 0.5238568588469185 0.016666666666666666 0.039761431411530816
0 0.06927083333333334 0.5263419483101391 0.016666666666666666 0.032803180914512925
0 0.10104166666666667 0.5283300198807157 0.011458333333333333 0.032803180914512925
0 0.5721354166666667 0.5263419483101391 0.0109375 0.02286282306163022
0 0.94453125 0.5357852882703777 0.016145833333333335 0.03578528827037773
0 0.040364583333333336 0.5342942345924453 0.0078125 0.0268389662027833
0 0.7755208333333333 0.5303180914512923 0.00625 0.016898608349900597
0 0.7934895833333333 0.5308151093439364 0.0078125 0.011928429423459244
0 0.05026041666666667 0.5347912524850894 0.005729166666666666 0.019880715705765408
0 0.6692708333333334 0.5427435387673957 0.023958333333333335 0.03180914512922465
0 0.5356770833333333 0.5392644135188867 0.0265625 0.0268389662027833
0 0.5578125 0.544234592445328 0.016666666666666666 0.030815109343936383
0 0.48802083333333335 0.5362823061630219 0.020833333333333332 0.012922465208747515
0 0.7239583333333334 0.5482107355864811 0.026041666666666668 0.02485089463220676
0 0.603125 0.5482107355864811 0.007291666666666667 0.020874751491053677
0 0.7526041666666666 0.5526838966202783 0.004166666666666667 0.02385685884691849
0 0.6864583333333333 0.5497017892644135 0.014583333333333334 0.017892644135188866
0 0.4596354166666667 0.5611332007952287 0.016145833333333335 0.03876739562624255
0 0.11197916666666667 0.5566600397614314 0.008333333333333333 0.02584493041749503
0 0.77890625 0.5546719681908548 0.0078125 0.011928429423459244
0 0.16354166666666667 0.5621272365805169 0.010416666666666666 0.014910536779324055
0 0.5596354166666667 0.570079522862823 0.0140625 0.0268389662027833
0 0.58359375 0.5775347912524851 0.0140625 0.03777335984095427
0 0.8091145833333333 0.5705765407554672 0.021354166666666667 0.019880715705765408
0 0.5401041666666667 0.5666003976143141 0.0125 0.013916500994035786
0 0.36276041666666664 0.5680914512922465 0.011979166666666667 0.012922465208747515
0 0.6450520833333333 0.5750497017892644 0.027604166666666666 0.020874751491053677
0 0.7130208333333333 0.577037773359841 0.0125 0.02286282306163022
0 0.6869791666666667 0.5825049701789264 0.03229166666666667 0.033797216699801194
0 0.08411458333333334 0.5825049701789264 0.0140625 0.013916500994035786
0 0.39140625 0.584493041749503 0.013020833333333334 0.011928429423459244
0 0.2908854166666667 0.5889662027833003 0.011979166666666667 0.02286282306163022
0 0.6614583333333334 0.5879721669980119 0.017708333333333333 0.016898608349900597
0 0.6182291666666667 0.5999005964214712 0.029166666666666667 0.036779324055666
0 0.7380208333333333 0.5909542743538767 0.016666666666666666 0.012922465208747515
0 0.375 0.6018886679920478 0.004166666666666667 0.0268389662027833
0 0.04244791666666667 0.5984095427435387 0.009895833333333333 0.015904572564612324
0 0.5442708333333334 0.5999005964214712 0.0125 0.014910536779324055
0 0.6432291666666666 0.6043737574552683 0.0125 0.02186878727634195
0 0.44166666666666665 0.6083499005964215 0.009375 0.027833001988071572
0 0.5924479166666666 0.6058648111332008 0.0067708333333333336 0.018886679920477135
0 0.49921875 0.610337972166998 0.0140625 0.027833001988071572
0 0.7848958333333333 0.6118290258449304 0.025 0.02286282306163022
0 0.72109375 0.6113320079522863 0.018229166666666668 0.015904572564612324
0 0.69765625 0.6158051689860835 0.0067708333333333336 0.018886679920477135
0 0.23723958333333334 0.6272365805168986 0.03177083333333333 0.03578528827037773
0 0.7643229166666666 0.6163021868787276 0.009895833333333333 0.009940357852882704
0 0.6796875 0.6237574552683897 0.016666666666666666 0.02485089463220676
0 0.88828125 0.6386679920477137 0.0203125 0.042743538767395624
0 0.5338541666666666 0.6252485089463221 0.017708333333333333 0.011928429423459244
0 0.571875 0.6366799204771372 0.015625 0.030815109343936383
0 0.61484375 0.639662027833002 0.013020833333333334 0.0268389662027833
0 0.030989583333333334 0.6312127236580517 0.0140625 0.011928429423459244
0 0.83984375 0.6341948310139165 0.011979166666666667 0.013916500994035786
0 0.08072916666666667 0.635685884691849 0.009375 0.014910536779324055
0 0.74453125 0.6371769383697813 0.015104166666666667 0.013916500994035786
0 0.7018229166666666 0.6466202783300199 0.015104166666666667 0.03479125248508946
0 0.24609375 0.6476143141153081 0.022395833333333334 0.032803180914512925
0 0.7919270833333333 0.6451292246520874 0.016145833333333335 0.011928429423459244
0 0.6651041666666667 0.6476143141153081 0.005208333333333333 0.014910536779324055
0 0.6765625 0.658051689860835 0.011458333333333333 0.02982107355864811
0 0.5888020833333333 0.6630218687872763 0.027604166666666666 0.03777335984095427
0 0.0234375 0.6515904572564613 0.008333333333333333 0.014910536779324055
0 0.5375 0.6565606361829026 0.007291666666666667 0.02286282306163022
0 0.062239583333333334 0.6530815109343936 0.011979166666666667 0.015904572564612324
0 0.5520833333333334 0.6674950298210736 0.008333333333333333 0.030815109343936383
0 0.08385416666666666 0.672962226640159 0.0125 0.03777335984095427
0 0.10416666666666667 0.6744532803180915 0.021875 0.032803180914512925
0 0.7552083333333334 0.6704771371769384 0.017708333333333333 0.020874751491053677
0 0.04114583333333333 0.6774353876739563 0.027083333333333334 0.03479125248508946
0 0.39375 0.6759443339960238 0.014583333333333334 0.007952286282306162
0 0.29791666666666666 0.6893638170974155 0.004166666666666667 0.0268389662027833
0 0.06067708333333333 0.6973161033797217 0.008854166666666666 0.03876739562624255
0 0.665625 0.6868787276341949 0.014583333333333334 0.009940357852882704
0 0.709375 0.6908548707753479 0.020833333333333332 0.015904572564612324
0 0.8953125 0.7002982107355865 0.009375 0.02882703777335984
0 0.08098958333333334 0.7007952286282306 0.0067708333333333336 0.02186878727634195
0 0.75078125 0.7137176938369781 0.033854166666666664 0.033797216699801194
0 0.603125 0.7077534791252486 0.007291666666666667 0.011928429423459244
0 0.4395833333333333 0.7216699801192843 0.016666666666666666 0.027833001988071572
0 0.6229166666666667 0.7246520874751491 0.0125 0.027833001988071572
0 0.5153645833333333 0.7301192842942346 0.0171875 0.0268389662027833
0 0.6596354166666667 0.7331013916500994 0.028645833333333332 0.0268389662027833
0 0.42109375 0.7271371769383698 0.009895833333333333 0.016898608349900597
0 0.5971354166666667 0.7544731610337972 0.028645833333333332 0.05168986083499006
0 0.9375 0.7415506958250497 0.026041666666666668 0.02186878727634195
0 0.8731770833333333 0.7400596421471173 0.021354166666666667 0.018886679920477135
0 0.05859375 0.742544731610338 0.009895833333333333 0.013916500994035786
0 0.4557291666666667 0.7440357852882704 0.014583333333333334 0.014910536779324055
0 0.7067708333333333 0.7460238568588469 0.005208333333333333 0.014910536779324055
0 0.20286458333333332 0.7594433399602386 0.0171875 0.041749502982107355
0 0.18697916666666667 0.7450298210735586 0.011458333333333333 0.012922465208747515
0 0.67578125 0.7485089463220675 0.016145833333333335 0.011928429423459244
0 0.4783854166666667 0.7589463220675944 0.0171875 0.030815109343936383
0 0.31588541666666664 0.7579522862823062 0.0078125 0.02485089463220676
0 0.9158854166666667 0.7664015904572564 0.015104166666666667 0.03777335984095427
0 0.5200520833333333 0.7539761431411531 0.0109375 0.010934393638170975
0 0.6260416666666667 0.7579522862823062 0.011458333333333333 0.012922465208747515
0 0.5044270833333333 0.7659045725646123 0.0078125 0.02286282306163022
0 0.66953125 0.7713717693836978 0.013020833333333334 0.02186878727634195
0 0.8791666666666667 0.775844930417495 0.0125 0.02485089463220676
0 0.6078125 0.7743538767395626 0.017708333333333333 0.015904572564612324
0 0.4669270833333333 0.7917495029821073 0.013020833333333334 0.03479125248508946
0 0.1328125 0.7857852882703777 0.009375 0.018886679920477135
0 0.6421875 0.7912524850894632 0.007291666666666667 0.02584493041749503
0 0.4934895833333333 0.7927435387673957 0.0265625 0.02485089463220676
0 0.9052083333333333 0.7912524850894632 0.017708333333333333 0.015904572564612324
0 0.7231770833333333 0.7952286282306164 0.0067708333333333336 0.02584493041749503
0 0.7080729166666667 0.7932405566600398 0.015104166666666667 0.017892644135188866
0 0.6791666666666667 0.8036779324055666 0.016666666666666666 0.03876739562624255
0 0.8223958333333333 0.8096421471172962 0.014583333333333334 0.03876739562624255
0 0.37604166666666666 0.805168986083499 0.014583333333333334 0.02982107355864811
0 0.16536458333333334 0.8061630218687873 0.0109375 0.02584493041749503
0 0.8606770833333334 0.8131212723658051 0.021354166666666667 0.03578528827037773
0 0.4388020833333333 0.80168986083499 0.0140625 0.006958250497017893
0 0.5973958333333333 0.8166003976143141 0.016666666666666666 0.030815109343936383
0 0.3028645833333333 0.8166003976143141 0.0078125 0.030815109343936383
0 0.10729166666666666 0.8116302186878728 0.008333333333333333 0.020874751491053677
0 0.7328125 0.8156063618290258 0.009375 0.02485089463220676
0 0.68984375 0.8195825049701789 0.005729166666666666 0.032803180914512925
0 0.6377604166666667 0.8170974155069582 0.011979166666666667 0.011928429423459244
0 0.6598958333333333 0.820079522862823 0.013541666666666667 0.011928429423459244
0 0.09401041666666667 0.8275347912524851 0.011979166666666667 0.016898608349900597
0 0.715625 0.8334990059642147 0.015625 0.02485089463220676
0 0.3919270833333333 0.831013916500994 0.015104166666666667 0.02186878727634195
0 0.2046875 0.8305168986083499 0.016666666666666666 0.016898608349900597
0 0.6734375 0.8374751491053678 0.014583333333333334 0.018886679920477135
0 0.22682291666666668 0.8389662027833003 0.009895833333333333 0.015904572564612324
0 0.640625 0.841948310139165 0.015625 0.017892644135188866
0 0.4822916666666667 0.8459244532803181 0.019791666666666666 0.019880715705765408
0 0.54140625 0.8538767395626242 0.015104166666666667 0.013916500994035786
0 0.75 0.8757455268389662 0.016666666666666666 0.041749502982107355
0 0.8333333333333334 0.8727634194831014 0.011458333333333333 0.019880715705765408
0 0.6932291666666667 0.8727634194831014 0.020833333333333332 0.015904572564612324
0 0.47161458333333334 0.8767395626242545 0.013020833333333334 0.015904572564612324
0 0.9239583333333333 0.8866799204771372 0.026041666666666668 0.033797216699801194
0 0.6182291666666667 0.8846918489065606 0.013541666666666667 0.02385685884691849
0 0.49453125 0.8841948310139165 0.005729166666666666 0.02286282306163022
0 0.09791666666666667 0.8841948310139165 0.017708333333333333 0.02286282306163022
0 0.38958333333333334 0.8836978131212724 0.009375 0.019880715705765408
0 0.11927083333333334 0.8916500994035785 0.014583333333333334 0.03180914512922465
0 0.22526041666666666 0.8911530815109344 0.0036458333333333334 0.02286282306163022
0 0.6859375 0.8966202783300199 0.020833333333333332 0.02982107355864811
0 0.4393229166666667 0.8951292246520874 0.0171875 0.02286282306163022
0 0.9723958333333333 0.8961232604373758 0.05520833333333333 0.020874751491053677
0 0.47890625 0.9035785288270378 0.015104166666666667 0.03578528827037773
0 0.8908854166666667 0.8996023856858847 0.022395833333333334 0.017892644135188866
0 0.8203125 0.8946322067594433 0.016666666666666666 0.009940357852882704
0 0.60859375 0.9165009940357853 0.011979166666666667 0.02385685884691849
0 0.5372395833333333 0.9140159045725647 0.015104166666666667 0.010934393638170975
0 0.9205729166666666 0.9259443339960238 0.011979166666666667 0.0268389662027833
0 0.63125 0.9234592445328031 0.00625 0.02385685884691849
0 0.4609375 0.9254473161033797 0.020833333333333332 0.019880715705765408
0 0.7729166666666667 0.929920477137177 0.0125 0.012922465208747515
0 0.99453125 0.9398608349900597 0.0109375 0.02485089463220676
0 0.5177083333333333 0.9393638170974155 0.017708333333333333 0.02186878727634195
0 0.6205729166666667 0.955765407554672 0.0046875 0.02485089463220676
0 0.8294270833333334 0.9552683896620279 0.0109375 0.017892644135188866
0 0.8091145833333333 0.9552683896620279 0.0234375 0.015904572564612324
0 0.7510416666666667 0.9686878727634195 0.025 0.016898608349900597
0 0.9947916666666666 0.9945328031809145 0.010416666666666666 0.008946322067594433