0 0.037760416666666664 0.008946322067594433 0.0140625 0.017892644135188866
0 0.3416666666666667 0.05815109343936382 0.01875 0.016898608349900597
0 0.17447916666666666 0.07256461232604373 0.008333333333333333 0.011928429423459244
0 0.45078125 0.10039761431411531 0.011979166666666667 0.0437375745526839
0 0.36796875 0.1456262425447316 0.009895833333333333 0.014910536779324055
0 0.8111979166666666 0.17693836978131214 0.005729166666666666 0.033797216699801194
0 0.5893229166666667 0.18737574552683897 0.0067708333333333336 0.014910536779324055
0 0.034375 0.19532803180914513 0.016666666666666666 0.02286282306163022
0 0.7263020833333333 0.20029821073558648 0.008854166666666666 0.008946322067594433
0 0.46041666666666664 0.23658051689860835 0.009375 0.04572564612326044
0 0.9002604166666667 0.23508946322067595 0.018229166666666668 0.036779324055666
0 0.2015625 0.2544731610337972 0.010416666666666666 0.017892644135188866
0 0.18671875 0.26043737574552683 0.0078125 0.015904572564612324
0 0.24557291666666667 0.30069582504970177 0.024479166666666666 0.018886679920477135
0 0.3611979166666667 0.3190854870775348 0.0140625 0.009940357852882704
0 0.97109375 0.3240556660039761 0.008854166666666666 0.02186878727634195
0 0.08125 0.32803180914512925 0.007291666666666667 0.02186878727634195
0 0.01796875 0.35636182902584496 0.018229166666666668 0.02882703777335984
0 0.37994791666666666 0.37673956262425445 0.0046875 0.03180914512922465
0 0.5088541666666667 0.40159045725646125 0.007291666666666667 0.019880715705765408
0 0.40572916666666664 0.4274353876739563 0.010416666666666666 0.013916500994035786
0 0.04921875 0.43538767395626243 0.008854166666666666 0.009940357852882704
0 0.4388020833333333 0.4542743538767396 0.0046875 0.015904572564612324
0 0.04869791666666667 0.46520874751491054 0.0171875 0.013916500994035786
0 0.39010416666666664 0.47514910536779326 0.010416666666666666 0.017892644135188866
0 0.7234375 0.49353876739562624 0.019791666666666666 0.02286282306163022
0 0.2625 0.5203777335984096 0.007291666666666667 0.02485089463220676
0 0.7549479166666667 0.5318091451292246 0.011979166666666667 0.015904572564612324
0 0.9510416666666667 0.544234592445328 0.010416666666666666 0.018886679920477135
0 0.38385416666666666 0.5546719681908548 0.00625 0.015904572564612324
0 0.5880208333333333 0.5641153081510935 0.014583333333333334 0.02485089463220676
0 0.39921875 0.5750497017892644 0.016145833333333335 0.010934393638170975
0 0.08072916666666667 0.5894632206759444 0.010416666666666666 0.02186878727634195
0 0.2864583333333333 0.5909542743538767 0.007291666666666667 0.010934393638170975
0 0.0010416666666666667 0.6242544731610338 0.0020833333333333333 0.04771371769383698
0 0.28489583333333335 0.6083499005964215 0.007291666666666667 0.009940357852882704
0 0.049479166666666664 0.6163021868787276 0.007291666666666667 0.019880715705765408
0 0.16979166666666667 0.617296222664016 0.013541666666666667 0.02186878727634195
0 0.45729166666666665 0.6297216699801192 0.00625 0.020874751491053677
0 0.41796875 0.6660039761431411 0.0046875 0.02584493041749503
0 0.9671875 0.6794234592445328 0.0125 0.030815109343936383
0 0.20651041666666667 0.6809145129224652 0.019270833333333334 0.015904572564612324
0 0.30078125 0.68389662027833 0.0109375 0.017892644135188866
0 0.23645833333333333 0.6973161033797217 0.020833333333333332 0.03479125248508946
0 0.9333333333333333 0.6898608349900597 0.015625 0.02186878727634195
0 0.00625 0.7002982107355865 0.0125 0.03479125248508946
0 0.34322916666666664 0.7256461232604374 0.008333333333333333 0.015904572564612324
0 0.14947916666666666 0.7345924453280318 0.01875 0.013916500994035786
0 0.09348958333333333 0.7370775347912525 0.011979166666666667 0.012922465208747515
0 0.03723958333333333 0.7410536779324056 0.0109375 0.014910536779324055
0 0.3015625 0.7420477137176938 0.00625 0.018886679920477135
0 0.8888020833333333 0.7445328031809145 0.0109375 0.017892644135188866
0 0.48489583333333336 0.7629224652087475 0.0125 0.006958250497017893
0 0.25729166666666664 0.7857852882703777 0.013541666666666667 0.018886679920477135
0 0.06666666666666667 0.7907554671968191 0.00625 0.012922465208747515
0 0.20364583333333333 0.8131212723658051 0.014583333333333334 0.017892644135188866
0 0.7830729166666667 0.8146123260437376 0.0067708333333333336 0.018886679920477135
0 0.08020833333333334 0.8170974155069582 0.009375 0.02186878727634195
0 0.45859375 0.8151093439363817 0.009895833333333333 0.013916500994035786
0 0.16875 0.8260437375745527 0.020833333333333332 0.02982107355864811
0 0.7786458333333334 0.8374751491053678 0.008333333333333333 0.02286282306163022
0 0.23567708333333334 0.8513916500994035 0.0109375 0.02286282306163022
0 0.8283854166666667 0.8906560636182903 0.018229166666666668 0.02584493041749503
0 0.8903645833333333 0.8876739562624254 0.009895833333333333 0.019880715705765408
0 0.18385416666666668 0.9826043737574552 0.00625 0.020874751491053677
0 0.3375 0.9895626242544732 0.005208333333333333 0.018886679920477135
0 0.5760416666666667 0.9920477137176938 0.007291666666666667 0.013916500994035786
0 0.5528645833333333 0.9935387673956262 0.005729166666666666 0.010934393638170975
0 0.9234375 0.9930417495029821 0.010416666666666666 0.011928429423459244