0 0.029947916666666668 0.0054671968190854875 0.009895833333333333 0.010934393638170975
0 0.07838541666666667 0.008946322067594433 0.0390625 0.017892644135188866
0 0.9901041666666667 0.011928429423459244 0.01875 0.02385685884691849
0 0.4234375 0.03827037773359841 0.015625 0.06660039761431412
0 0.01953125 0.026341948310139165 0.009895833333333333 0.020874751491053677
0 0.9796875 0.02982107355864811 0.01875 0.02982107355864811
0 0.9635416666666666 0.04821073558648111 0.013541666666666667 0.040755467196819085
0 0.9494791666666667 0.037276341948310136 0.014583333333333334 0.012922465208747515
0 0.9268229166666667 0.05765407554671968 0.025520833333333333 0.04771371769383698
0 0.10104166666666667 0.04821073558648111 0.008333333333333333 0.02485089463220676
0 0.12942708333333333 0.04324055666003976 0.0078125 0.016898608349900597
0 0.04791666666666667 0.04821073558648111 0.023958333333333335 0.014910536779324055
0 0.011197916666666667 0.05616302186878728 0.0140625 0.016898608349900597
0 0.020052083333333335 0.08946322067594434 0.04010416666666667 0.08349900596421471
0 0.28828125 0.06560636182902585 0.011979166666666667 0.02186878727634195
0 0.11484375 0.07007952286282307 0.0171875 0.0268389662027833
0 0.37057291666666664 0.07852882703777336 0.0140625 0.0437375745526839
0 0.07786458333333333 0.07852882703777336 0.015104166666666667 0.03578528827037773
0 0.049479166666666664 0.09045725646123261 0.00625 0.02385685884691849
0 0.05416666666666667 0.110337972166998 0.009375 0.015904572564612324
0 0.12161458333333333 0.11481113320079522 0.0171875 0.02286282306163022
0 0.09635416666666667 0.11580516898608349 0.005208333333333333 0.020874751491053677
0 0.9317708333333333 0.11878727634194831 0.014583333333333334 0.02286282306163022
0 0.9708333333333333 0.1257455268389662 0.022916666666666665 0.02882703777335984
0 0.9911458333333333 0.16153081510934394 0.016666666666666666 0.06063618290258449
0 0.6544270833333333 0.13767395626242546 0.013020833333333334 0.010934393638170975
0 0.96796875 0.1466202783300199 0.009895833333333333 0.0268389662027833
0 0.9190104166666667 0.16351888667992048 0.008854166666666666 0.030815109343936383
0 0.00390625 0.18290258449304175 0.0078125 0.02584493041749503
0 0.1359375 0.18986083499005965 0.007291666666666667 0.03578528827037773
0 0.7302083333333333 0.2077534791252485 0.019791666666666666 0.019880715705765408
0 0.2955729166666667 0.21719681908548708 0.008854166666666666 0.020874751491053677
0 0.15 0.22813121272365805 0.017708333333333333 0.0268389662027833
0 0.20442708333333334 0.2301192842942346 0.0140625 0.030815109343936383
0 0.496875 0.24403578528827038 0.017708333333333333 0.06063618290258449
0 0.9973958333333334 0.23658051689860835 0.004166666666666667 0.04572564612326044
0 0.321875 0.23658051689860835 0.023958333333333335 0.02385685884691849
0 0.28020833333333334 0.27335984095427435 0.011458333333333333 0.013916500994035786
0 0.33880208333333334 0.28180914512922467 0.015104166666666667 0.02882703777335984
0 0.915625 0.2852882703777336 0.005208333333333333 0.013916500994035786
0 0.22447916666666667 0.2952286282306163 0.010416666666666666 0.02584493041749503
0 0.2916666666666667 0.297713717693837 0.022916666666666665 0.02286282306163022
0 0.3143229166666667 0.334493041749503 0.0203125 0.040755467196819085
0 0.0140625 0.3349900596421471 0.014583333333333334 0.039761431411530816
0 0.3609375 0.33250497017892644 0.014583333333333334 0.010934393638170975
0 0.16145833333333334 0.35785288270377735 0.021875 0.03180914512922465
0 0.36640625 0.3697813121272366 0.0140625 0.017892644135188866
0 0.32135416666666666 0.37375745526838966 0.016666666666666666 0.015904572564612324
0 0.7075520833333333 0.3956262425447316 0.015104166666666667 0.027833001988071572
0 0.20807291666666666 0.40059642147117297 0.021354166666666667 0.017892644135188866
0 0.33932291666666664 0.40407554671968193 0.0078125 0.02286282306163022
0 0.19713541666666667 0.4279324055666004 0.0203125 0.016898608349900597
0 0.98359375 0.4269383697813121 0.0067708333333333336 0.012922465208747515
0 0.80078125 0.4383697813121272 0.0140625 0.015904572564612324
0 0.27369791666666665 0.44532803180914515 0.015104166666666667 0.015904572564612324
0 0.48072916666666665 0.46222664015904574 0.00625 0.027833001988071572
0 0.32135416666666666 0.48061630218687873 0.009375 0.048707753479125246
0 0.30546875 0.47912524850894633 0.008854166666666666 0.033797216699801194
0 0.9989583333333333 0.4875745526838966 0.0010416666666666667 0.05069582504970179
0 0.38697916666666665 0.4845924453280318 0.016666666666666666 0.018886679920477135
0 0.26901041666666664 0.5318091451292246 0.03802083333333333 0.07554671968190854
0 0.41067708333333336 0.5059642147117296 0.011979166666666667 0.02385685884691849
0 0.4466145833333333 0.5099403578528827 0.005729166666666666 0.015904572564612324
0 0.28463541666666664 0.5342942345924453 0.016145833333333335 0.016898608349900597
0 0.30234375 0.5452286282306164 0.0109375 0.036779324055666
0 0.23177083333333334 0.5526838966202783 0.010416666666666666 0.03777335984095427
0 0.41015625 0.5581510934393639 0.019270833333333334 0.036779324055666
0 0.0171875 0.5670974155069582 0.026041666666666668 0.036779324055666
0 0.15442708333333333 0.5591451292246521 0.019270833333333334 0.016898608349900597
0 0.4981770833333333 0.5745526838966203 0.0140625 0.02385685884691849
0 0.7645833333333333 0.5715705765407555 0.016666666666666666 0.013916500994035786
0 0.005989583333333334 0.591948310139165 0.011979166666666667 0.02286282306163022
0 0.3111979166666667 0.6053677932405567 0.0109375 0.019880715705765408
0 0.42421875 0.635685884691849 0.0171875 0.0268389662027833
0 0.5041666666666667 0.6411530815109344 0.015625 0.011928429423459244
0 0.59453125 0.6585487077534792 0.011979166666666667 0.03479125248508946
0 0.29453125 0.6704771371769384 0.0171875 0.02485089463220676
0 0.4747395833333333 0.6754473161033797 0.009895833333333333 0.02485089463220676
0 0.5083333333333333 0.687375745526839 0.008333333333333333 0.032803180914512925
0 0.5721354166666667 0.6853876739562624 0.0140625 0.020874751491053677
0 0.996875 0.7152087475149106 0.005208333333333333 0.06461232604373758
0 0.77109375 0.7032803180914513 0.0078125 0.018886679920477135
0 0.4825520833333333 0.7261431411530815 0.0109375 0.020874751491053677
0 0.5815104166666667 0.742544731610338 0.0109375 0.02385685884691849
0 0.7278645833333334 0.7490059642147118 0.015104166666666667 0.03479125248508946
0 0.26145833333333335 0.7465208747514911 0.007291666666666667 0.02584493041749503
0 0.24609375 0.7579522862823062 0.008854166666666666 0.030815109343936383
0 0.29765625 0.7624254473161034 0.013020833333333334 0.027833001988071572
0 0.32447916666666665 0.7967196819085487 0.020833333333333332 0.0268389662027833
0 0.4276041666666667 0.797713717693837 0.014583333333333334 0.02485089463220676
0 0.34765625 0.8409542743538767 0.016145833333333335 0.05168986083499006
0 0.9953125 0.8508946322067594 0.008333333333333333 0.02584493041749503
0 0.3328125 0.8608349900596421 0.009375 0.033797216699801194
0 0.4596354166666667 0.8608349900596421 0.005729166666666666 0.027833001988071572
0 0.4869791666666667 0.8667992047713717 0.00625 0.027833001988071572
0 0.3265625 0.8926441351888668 0.019791666666666666 0.03578528827037773
0 0.5338541666666666 0.8951292246520874 0.011458333333333333 0.020874751491053677
0 0.3515625 0.9304174950298211 0.008333333333333333 0.02982107355864811
0 0.4734375 0.9498011928429424 0.008333333333333333 0.02882703777335984
0 0.44895833333333335 0.9686878727634195 0.028125 0.048707753479125246
0 0.17317708333333334 0.9761431411530815 0.0109375 0.04572564612326044
0 0.4158854166666667 0.9751491053677932 0.0109375 0.02186878727634195
0 0.6994791666666667 0.9895626242544732 0.008333333333333333 0.018886679920477135
0 0.9846354166666667 0.9920477137176938 0.0109375 0.013916500994035786
0 0.371875 0.9935387673956262 0.014583333333333334 0.010934393638170975