0 0.9940104166666667 0.005964214711729622 0.011979166666666667 0.011928429423459244
0 0.3078125 0.019880715705765408 0.008333333333333333 0.039761431411530816
0 0.04296875 0.04821073558648111 0.013020833333333334 0.010934393638170975
0 0.19739583333333333 0.08250497017892644 0.009375 0.02186878727634195
0 0.2453125 0.08499005964214712 0.014583333333333334 0.02286282306163022
0 0.2981770833333333 0.08250497017892644 0.0078125 0.015904572564612324
0 0.7255208333333333 0.09741550695825049 0.017708333333333333 0.03777335984095427
0 0.6104166666666667 0.09443339960238568 0.015625 0.03180914512922465
0 0.7533854166666667 0.09443339960238568 0.0203125 0.027833001988071572
0 0.5799479166666667 0.0989065606361829 0.019270833333333334 0.010934393638170975
0 0.00390625 0.1242544731610338 0.0067708333333333336 0.019880715705765408
0 0.5802083333333333 0.13021868787276342 0.008333333333333333 0.015904572564612324
0 0.24739583333333334 0.14065606361829025 0.022916666666666665 0.02286282306163022
0 0.3484375 0.147117296222664 0.008333333333333333 0.017892644135188866
0 0.16354166666666667 0.16003976143141152 0.00625 0.03578528827037773
0 0.9138020833333333 0.1709741550695825 0.015104166666666667 0.0536779324055666
0 0.013020833333333334 0.15904572564612326 0.014583333333333334 0.027833001988071572
0 0.6966145833333334 0.17345924453280318 0.0078125 0.02882703777335984
0 0.4661458333333333 0.1918489065606362 0.007291666666666667 0.039761431411530816
0 0.36015625 0.17892644135188868 0.008854166666666666 0.009940357852882704
0 0.21588541666666666 0.19035785288270377 0.008854166666666666 0.0268389662027833
0 0.34791666666666665 0.19681908548707752 0.015625 0.019880715705765408
0 0.05520833333333333 0.2062624254473161 0.008333333333333333 0.0268389662027833
0 0.7635416666666667 0.21520874751491054 0.004166666666666667 0.02882703777335984
0 0.24427083333333333 0.22216699801192843 0.007291666666666667 0.02485089463220676
0 0.71484375 0.22962226640159045 0.0046875 0.027833001988071572
0 0.48854166666666665 0.2370775347912525 0.0125 0.0268389662027833
0 0.57265625 0.2629224652087475 0.0140625 0.032803180914512925
0 0.671875 0.2773359840954274 0.010416666666666666 0.0437375745526839
0 0.628125 0.27485089463220674 0.020833333333333332 0.030815109343936383
0 0.91640625 0.2738568588469185 0.015104166666666667 0.018886679920477135
0 0.21171875 0.2837972166998012 0.009895833333333333 0.02882703777335984
0 0.44817708333333334 0.2808151093439364 0.0109375 0.018886679920477135
0 0.84375 0.2828031809145129 0.01875 0.014910536779324055
0 0.6403645833333333 0.3061630218687873 0.018229166666666668 0.03180914512922465
0 0.6796875 0.32007952286282304 0.007291666666666667 0.039761431411530816
0 0.8572916666666667 0.3220675944333996 0.015625 0.019880715705765408
0 0.5260416666666666 0.3334990059642147 0.00625 0.02286282306163022
0 0.7684895833333333 0.35934393638170975 0.011979166666666667 0.0268389662027833
0 0.8408854166666667 0.36033797216699803 0.015104166666666667 0.018886679920477135
0 0.5028645833333333 0.37773359840954274 0.0067708333333333336 0.02584493041749503
0 0.7901041666666667 0.3832007952286282 0.0125 0.032803180914512925
0 0.5434895833333333 0.4010934393638171 0.016145833333333335 0.040755467196819085
0 0.5796875 0.42047713717693835 0.014583333333333334 0.06958250497017893
0 0.6549479166666666 0.40506958250497016 0.016145833333333335 0.018886679920477135
0 0.6723958333333333 0.40308151093439365 0.014583333333333334 0.012922465208747515
0 0.14895833333333333 0.41898608349900596 0.005208333333333333 0.016898608349900597
0 0.6315104166666666 0.4249502982107356 0.011979166666666667 0.018886679920477135
0 0.49140625 0.43389662027833004 0.0078125 0.02882703777335984
0 0.6419270833333334 0.44880715705765406 0.0109375 0.008946322067594433
0 0.6197916666666666 0.481610337972167 0.014583333333333334 0.042743538767395624
0 0.6442708333333333 0.47713717693836977 0.009375 0.027833001988071572
0 0.7302083333333333 0.47664015904572565 0.022916666666666665 0.020874751491053677
0 0.9083333333333333 0.4835984095427435 0.009375 0.02286282306163022
0 0.221875 0.49254473161033796 0.009375 0.036779324055666
0 0.3880208333333333 0.4840954274353877 0.009375 0.011928429423459244
0 0.5190104166666667 0.5114314115308151 0.022395833333333334 0.06063618290258449
0 0.9158854166666667 0.5084493041749503 0.027604166666666666 0.042743538767395624
0 0.5390625 0.5079522862823062 0.020833333333333332 0.0437375745526839
0 0.5005208333333333 0.5004970178926441 0.009375 0.02882703777335984
0 0.5963541666666666 0.5054671968190855 0.007291666666666667 0.02286282306163022
0 0.10677083333333333 0.5173956262425448 0.0125 0.03479125248508946
0 0.7067708333333333 0.5119284294234593 0.020833333333333332 0.019880715705765408
0 0.47161458333333334 0.5238568588469185 0.013020833333333334 0.03578528827037773
0 0.24453125 0.5228628230616302 0.0078125 0.02982107355864811
0 0.89609375 0.5268389662027833 0.0140625 0.02385685884691849
0 0.80703125 0.5243538767395626 0.008854166666666666 0.018886679920477135
0 0.575 0.5333001988071571 0.005208333333333333 0.02286282306163022
0 0.21484375 0.5427435387673957 0.0078125 0.03180914512922465
0 0.3216145833333333 0.5387673956262425 0.008854166666666666 0.011928429423459244
0 0.13411458333333334 0.5467196819085487 0.019270833333333334 0.019880715705765408
0 0.09401041666666667 0.5576540755467196 0.021354166666666667 0.039761431411530816
0 0.5231770833333333 0.5546719681908548 0.0171875 0.02584493041749503
0 0.5044270833333333 0.5651093439363817 0.0140625 0.042743538767395624
0 0.60234375 0.5656063618290258 0.0140625 0.03777335984095427
0 0.7322916666666667 0.5725646123260437 0.015625 0.02584493041749503
0 0.5786458333333333 0.5775347912524851 0.009375 0.015904572564612324
0 0.06848958333333334 0.5805168986083499 0.015104166666666667 0.02186878727634195
0 0.43359375 0.5805168986083499 0.0078125 0.013916500994035786
0 0.7442708333333333 0.5959244532803181 0.005208333333333333 0.030815109343936383
0 0.8104166666666667 0.6148111332007953 0.023958333333333335 0.040755467196819085
0 0.4984375 0.6038767395626242 0.015625 0.020874751491053677
0 0.340625 0.6232604373757455 0.013541666666666667 0.019880715705765408
0 0.6213541666666667 0.628727634194831 0.011458333333333333 0.012922465208747515
0 0.90234375 0.6312127236580517 0.0203125 0.015904572564612324
0 0.4591145833333333 0.6401590457256461 0.0078125 0.027833001988071572
0 0.8252604166666667 0.635685884691849 0.0067708333333333336 0.016898608349900597
0 0.6333333333333333 0.6401590457256461 0.014583333333333334 0.011928429423459244
0 0.64765625 0.6461232604373758 0.015104166666666667 0.02186878727634195
0 0.4973958333333333 0.6565606361829026 0.014583333333333334 0.020874751491053677
0 0.60859375 0.6605367793240556 0.009895833333333333 0.014910536779324055
0 0.8752604166666667 0.6789264413518886 0.019270833333333334 0.039761431411530816
0 0.7213541666666666 0.6709741550695825 0.004166666666666667 0.02385685884691849
0 0.71015625 0.7002982107355865 0.005729166666666666 0.020874751491053677
0 0.14296875 0.7062624254473161 0.009895833333333333 0.032803180914512925
0 0.025260416666666667 0.7092445328031809 0.0067708333333333336 0.030815109343936383
0 0.8174479166666667 0.7077534791252486 0.0109375 0.013916500994035786
0 0.6716145833333333 0.717196819085487 0.013020833333333334 0.016898608349900597
0 0.21197916666666666 0.7385685884691849 0.0125 0.02186878727634195
0 0.5296875 0.7375745526838966 0.00625 0.017892644135188866
0 0.4552083333333333 0.7539761431411531 0.016666666666666666 0.02286282306163022
0 0.5653645833333333 0.7524850894632207 0.011979166666666667 0.013916500994035786
0 0.3807291666666667 0.768389662027833 0.019791666666666666 0.039761431411530816
0 0.4002604166666667 0.7589463220675944 0.018229166666666668 0.016898608349900597
0 0.6393229166666666 0.7664015904572564 0.0140625 0.015904572564612324
0 0.6703125 0.7748508946322068 0.005208333333333333 0.02882703777335984
0 0.7473958333333334 0.7833001988071571 0.011458333333333333 0.033797216699801194
0 0.8768229166666667 0.7778330019880716 0.0234375 0.012922465208747515
0 0.33515625 0.7852882703777336 0.0067708333333333336 0.027833001988071572
0 0.7044270833333334 0.7852882703777336 0.021354166666666667 0.019880715705765408
0 0.45989583333333334 0.808648111332008 0.007291666666666667 0.04671968190854871
0 0.40078125 0.8121272365805169 0.015104166666666667 0.03180914512922465
0 0.38385416666666666 0.8106361829025845 0.009375 0.0268389662027833
0 0.815625 0.8320079522862823 0.019791666666666666 0.05168986083499006
0 0.73671875 0.8255467196819085 0.013020833333333334 0.016898608349900597
0 0.4953125 0.831013916500994 0.007291666666666667 0.019880715705765408
0 0.4734375 0.8260437375745527 0.0125 0.011928429423459244
0 0.2875 0.8374751491053678 0.004166666666666667 0.02882703777335984
0 0.44921875 0.8404572564612326 0.0109375 0.02485089463220676
0 0.8684895833333334 0.8444333996023857 0.005729166666666666 0.02882703777335984
0 0.71953125 0.8508946322067594 0.013020833333333334 0.039761431411530816
0 0.05390625 0.8374751491053678 0.0078125 0.012922465208747515
0 0.6166666666666667 0.8593439363817097 0.020833333333333332 0.036779324055666
0 0.5841145833333333 0.8836978131212724 0.030729166666666665 0.0636182902584493
0 0.6330729166666667 0.8687872763419483 0.0109375 0.019880715705765408
0 0.5575520833333333 0.8727634194831014 0.011979166666666667 0.02385685884691849
0 0.5372395833333333 0.8762425447316103 0.0078125 0.014910536779324055
0 0.97421875 0.8802186878727635 0.015104166666666667 0.020874751491053677
0 0.6791666666666667 0.889662027833002 0.013541666666666667 0.027833001988071572
0 0.7669270833333334 0.8906560636182903 0.013020833333333334 0.02584493041749503
0 0.44505208333333335 0.8941351888667992 0.005729166666666666 0.018886679920477135
0 0.45755208333333336 0.9070576540755467 0.0067708333333333336 0.03876739562624255
0 0.65 0.9169980119284294 0.023958333333333335 0.04473161033797217
0 0.8723958333333334 0.9060636182902585 0.01875 0.018886679920477135
0 0.4973958333333333 0.9209741550695825 0.015625 0.016898608349900597
0 0.34296875 0.9309145129224652 0.005729166666666666 0.018886679920477135
0 0.47942708333333334 0.9443339960238568 0.0067708333333333336 0.03180914512922465
0 0.97578125 0.9721669980119284 0.015104166666666667 0.041749502982107355
0 0.5236979166666667 0.9642147117296223 0.013020833333333334 0.02584493041749503
0 0.9583333333333334 0.9826043737574552 0.023958333333333335 0.032803180914512925
0 0.5109375 0.9791252485089463 0.007291666666666667 0.015904572564612324
0 0.9216145833333333 0.9821073558648111 0.0140625 0.017892644135188866
0 0.89453125 0.9865805168986084 0.0140625 0.018886679920477135
0 0.22734375 0.9910536779324056 0.005729166666666666 0.015904572564612324