0 0.002864583333333333 0.016898608349900597 0.005729166666666666 0.033797216699801194
0 0.0703125 0.007455268389662028 0.023958333333333335 0.014910536779324055
0 0.19427083333333334 0.005964214711729622 0.06666666666666667 0.011928429423459244
0 0.42161458333333335 0.010437375745526839 0.0171875 0.020874751491053677
0 0.8263020833333333 0.02286282306163022 0.04739583333333333 0.04572564612326044
0 0.8828125 0.01143141153081511 0.05520833333333333 0.02286282306163022
0 0.0171875 0.040755467196819085 0.025 0.0437375745526839
0 0.8682291666666667 0.033797216699801194 0.0125 0.02385685884691849
0 0.08802083333333334 0.02882703777335984 0.007291666666666667 0.011928429423459244
0 0.9861979166666667 0.032803180914512925 0.0067708333333333336 0.019880715705765408
0 0.24427083333333333 0.04671968190854871 0.013541666666666667 0.03180914512922465
0 0.27395833333333336 0.04821073558648111 0.007291666666666667 0.03479125248508946
0 0.8916666666666667 0.03926441351888668 0.011458333333333333 0.012922465208747515
0 0.5197916666666667 0.05019880715705766 0.009375 0.030815109343936383
0 0.221875 0.06709741550695825 0.023958333333333335 0.05467196819085487
0 0.2955729166666667 0.061630218687872766 0.0140625 0.039761431411530816
0 0.503125 0.055666003976143144 0.016666666666666666 0.027833001988071572
0 0.00625 0.06063618290258449 0.0125 0.019880715705765408
0 0.9723958333333333 0.06958250497017893 0.008333333333333333 0.013916500994035786
0 0.37838541666666664 0.08001988071570576 0.011979166666666667 0.02485089463220676
0 0.07708333333333334 0.09493041749502983 0.0125 0.042743538767395624
0 0.61171875 0.09493041749502983 0.0171875 0.03876739562624255
0 0.7231770833333333 0.08598409542743539 0.015104166666666667 0.018886679920477135
0 0.9489583333333333 0.09493041749502983 0.017708333333333333 0.02485089463220676
0 0.00546875 0.11083499005964215 0.0109375 0.048707753479125246
0 0.39739583333333334 0.1058648111332008 0.014583333333333334 0.03876739562624255
0 0.871875 0.11083499005964215 0.015625 0.030815109343936383
0 0.35520833333333335 0.10984095427435388 0.021875 0.020874751491053677
0 0.03515625 0.11232604373757456 0.0046875 0.02186878727634195
0 0.16770833333333332 0.12276341948310139 0.010416666666666666 0.04473161033797217
0 0.92109375 0.11332007952286283 0.022395833333333334 0.017892644135188866
0 0.32447916666666665 0.1257455268389662 0.027083333333333334 0.02882703777335984
0 0.8075520833333333 0.13320079522862824 0.019270833333333334 0.03180914512922465
0 0.0421875 0.12823061630218688 0.008333333333333333 0.013916500994035786
0 0.9130208333333333 0.1426441351888668 0.010416666666666666 0.016898608349900597
0 0.2955729166666667 0.16003976143141152 0.013020833333333334 0.0437375745526839
0 0.27421875 0.1496023856858847 0.016145833333333335 0.016898608349900597
0 0.9973958333333334 0.15208747514910537 0.004166666666666667 0.02385685884691849
0 0.9809895833333333 0.1525844930417495 0.015104166666666667 0.016898608349900597
0 0.13932291666666666 0.16302186878727634 0.024479166666666666 0.03180914512922465
0 0.2596354166666667 0.17147117296222664 0.021354166666666667 0.040755467196819085
0 0.7010416666666667 0.18091451292246521 0.030208333333333334 0.0437375745526839
0 0.9760416666666667 0.18389662027833 0.011458333333333333 0.02385685884691849
0 0.93671875 0.1824055666003976 0.0046875 0.016898608349900597
0 0.38307291666666665 0.18886679920477137 0.011979166666666667 0.02385685884691849
0 0.45208333333333334 0.19582504970178927 0.01875 0.02385685884691849
0 0.41484375 0.1963220675944334 0.015104166666666667 0.020874751491053677
0 0.73515625 0.20526838966202784 0.013020833333333334 0.02882703777335984
0 0.36041666666666666 0.21620278330019882 0.03958333333333333 0.04671968190854871
0 0.98359375 0.21421471172962225 0.0171875 0.02286282306163022
0 0.14921875 0.22216699801192843 0.016145833333333335 0.032803180914512925
0 0.334375 0.213220675944334 0.008333333333333333 0.014910536779324055
0 0.6104166666666667 0.2355864811133201 0.019791666666666666 0.04572564612326044
0 0.2643229166666667 0.2261431411530815 0.0171875 0.02286282306163022
0 0.12005208333333334 0.23111332007952287 0.0067708333333333336 0.02485089463220676
0 0.35572916666666665 0.24353876739562624 0.01875 0.02982107355864811
0 0.3182291666666667 0.2430417495029821 0.007291666666666667 0.018886679920477135
0 0.3294270833333333 0.25347912524850896 0.024479166666666666 0.03180914512922465
0 0.99609375 0.2624254473161034 0.0067708333333333336 0.04970178926441352
0 0.8458333333333333 0.25497017892644136 0.007291666666666667 0.02485089463220676
0 0.9877604166666667 0.25695825049701787 0.009895833333333333 0.016898608349900597
0 0.2955729166666667 0.2668986083499006 0.016145833333333335 0.008946322067594433
0 0.36484375 0.30069582504970177 0.009895833333333333 0.040755467196819085
0 0.27109375 0.2922465208747515 0.011979166666666667 0.019880715705765408
0 0.05859375 0.2947316103379722 0.015104166666666667 0.016898608349900597
0 0.9890625 0.3076540755467197 0.020833333333333332 0.042743538767395624
0 0.10442708333333334 0.3225646123260437 0.019270833333333334 0.05268389662027833
0 0.27578125 0.3096421471172962 0.021354166666666667 0.016898608349900597
0 0.50234375 0.31759443339960236 0.016145833333333335 0.0268389662027833
0 0.5276041666666667 0.32007952286282304 0.011458333333333333 0.027833001988071572
0 0.24739583333333334 0.3305168986083499 0.013541666666666667 0.040755467196819085
0 0.3854166666666667 0.32852882703777336 0.009375 0.03876739562624255
0 0.225 0.3275347912524851 0.0125 0.030815109343936383
0 0.8856770833333333 0.31809145129224653 0.0140625 0.011928429423459244
0 0.19270833333333334 0.33250497017892644 0.01875 0.02882703777335984
0 0.3078125 0.33300198807157055 0.021875 0.027833001988071572
0 0.334375 0.34791252485089463 0.009375 0.0437375745526839
0 0.03697916666666667 0.3513916500994036 0.025 0.04473161033797217
0 0.01015625 0.3414512922465209 0.005729166666666666 0.018886679920477135
0 0.27239583333333334 0.3489065606361829 0.016666666666666666 0.03578528827037773
0 0.20703125 0.3503976143141153 0.011979166666666667 0.02882703777335984
0 0.9958333333333333 0.3489065606361829 0.007291666666666667 0.02385685884691849
0 0.5567708333333333 0.37226640159045726 0.007291666666666667 0.03876739562624255
0 0.3072916666666667 0.37375745526838966 0.009375 0.017892644135188866
0 0.36666666666666664 0.3827037773359841 0.011458333333333333 0.02385685884691849
0 0.30026041666666664 0.3871769383697813 0.009895833333333333 0.018886679920477135
0 0.4158854166666667 0.40656063618290256 0.021354166666666667 0.0536779324055666
0 0.38671875 0.3866799204771372 0.0109375 0.011928429423459244
0 0.71796875 0.41451292246520877 0.009895833333333333 0.03180914512922465
0 0.6127604166666667 0.4095427435387674 0.019270833333333334 0.013916500994035786
0 0.10364583333333334 0.41749502982107356 0.00625 0.013916500994035786
0 0.43515625 0.43141153081510936 0.005729166666666666 0.03180914512922465
0 0.2234375 0.4428429423459245 0.023958333333333335 0.03876739562624255
0 0.34322916666666664 0.4378727634194831 0.005208333333333333 0.02882703777335984
0 0.8671875 0.44880715705765406 0.01875 0.036779324055666
0 0.19088541666666667 0.4463220675944334 0.022395833333333334 0.019880715705765408
0 0.7486979166666666 0.4537773359840954 0.0171875 0.020874751491053677
0 0.3145833333333333 0.4726640159045726 0.020833333333333332 0.05666003976143141
0 0.39401041666666664 0.4711729622266402 0.016145833333333335 0.027833001988071572
0 0.29453125 0.4701789264413519 0.005729166666666666 0.017892644135188866
0 0.09609375 0.49502982107355864 0.0328125 0.0536779324055666
0 0.34270833333333334 0.5104373757455268 0.008333333333333333 0.03876739562624255
0 0.3796875 0.5124254473161034 0.014583333333333334 0.02882703777335984
0 0.31145833333333334 0.5124254473161034 0.013541666666666667 0.02286282306163022
0 0.44765625 0.5213717693836978 0.009895833333333333 0.036779324055666
0 0.36302083333333335 0.5188866799204771 0.009375 0.02982107355864811
0 0.43463541666666666 0.5173956262425448 0.0109375 0.012922465208747515
0 0.015364583333333333 0.536779324055666 0.018229166666666668 0.02186878727634195
0 0.8447916666666667 0.5531809145129225 0.01875 0.040755467196819085
0 0.07291666666666667 0.5472166998011928 0.019791666666666666 0.016898608349900597
0 0.38697916666666665 0.5497017892644135 0.005208333333333333 0.02186878727634195
0 0.021614583333333333 0.5631212723658051 0.0140625 0.030815109343936383
0 0.3619791666666667 0.5601391650099403 0.026041666666666668 0.018886679920477135
0 0.8223958333333333 0.5780318091451292 0.0125 0.03479125248508946
0 0.8859375 0.5999005964214712 0.022916666666666665 0.040755467196819085
0 0.61875 0.6043737574552683 0.011458333333333333 0.017892644135188866
0 0.22578125 0.6312127236580517 0.015104166666666667 0.039761431411530816
0 0.6973958333333333 0.6366799204771372 0.020833333333333332 0.02286282306163022
0 0.35963541666666665 0.6361829025844931 0.008854166666666666 0.015904572564612324
0 0.05625 0.6505964214711729 0.017708333333333333 0.030815109343936383
0 0.0026041666666666665 0.6595427435387674 0.005208333333333333 0.018886679920477135
0 0.86484375 0.6620278330019881 0.008854166666666666 0.009940357852882704
0 0.24453125 0.68389662027833 0.0171875 0.04771371769383698
0 0.4083333333333333 0.6903578528827038 0.009375 0.03479125248508946
0 0.1671875 0.7211729622266402 0.020833333333333332 0.03479125248508946
0 0.5403645833333334 0.7311133200795229 0.0140625 0.03479125248508946
0 0.21640625 0.7306163021868787 0.008854166666666666 0.027833001988071572
0 0.36380208333333336 0.7470178926441352 0.0296875 0.05864811133200795
0 0.18515625 0.7380715705765407 0.015104166666666667 0.03876739562624255
0 0.12447916666666667 0.7440357852882704 0.01875 0.014910536779324055
0 0.42109375 0.7584493041749503 0.013020833333333334 0.03180914512922465
0 0.5013020833333334 0.7554671968190855 0.011979166666666667 0.015904572564612324
0 0.28854166666666664 0.7733598409542743 0.01875 0.03777335984095427
0 0.075 0.7957256461232605 0.019791666666666666 0.06660039761431412
0 0.22708333333333333 0.7698807157057654 0.01875 0.014910536779324055
0 0.125 0.7952286282306164 0.017708333333333333 0.02584493041749503
0 0.6231770833333333 0.8056660039761432 0.011979166666666667 0.04473161033797217
0 0.47213541666666664 0.7982107355864811 0.0109375 0.019880715705765408
0 0.39166666666666666 0.8046719681908548 0.007291666666666667 0.012922465208747515
0 0.31927083333333334 0.812624254473161 0.029166666666666667 0.02286282306163022
0 0.77265625 0.8374751491053678 0.028645833333333332 0.04473161033797217
0 0.38776041666666666 0.8305168986083499 0.011979166666666667 0.02882703777335984
0 0.7177083333333333 0.8409542743538767 0.009375 0.0437375745526839
0 0.2875 0.8339960238568589 0.01875 0.02584493041749503
0 0.3067708333333333 0.8613320079522863 0.009375 0.040755467196819085
0 0.7546875 0.8608349900596421 0.023958333333333335 0.039761431411530816
0 0.041666666666666664 0.864314115308151 0.0125 0.042743538767395624
0 0.33359375 0.864314115308151 0.018229166666666668 0.030815109343936383
0 0.12630208333333334 0.8667992047713717 0.0265625 0.02186878727634195
0 0.7403645833333333 0.8812127236580517 0.018229166666666668 0.02286282306163022
0 0.5307291666666667 0.8861829025844931 0.014583333333333334 0.02882703777335984
0 0.4434895833333333 0.8961232604373758 0.008854166666666666 0.04473161033797217
0 0.46953125 0.8981113320079522 0.0109375 0.0268389662027833
0 0.24635416666666668 0.8991053677932406 0.01875 0.020874751491053677
0 0.42083333333333334 0.9324055666003976 0.011458333333333333 0.015904572564612324
0 0.33984375 0.9418489065606361 0.0078125 0.0268389662027833
0 0.4322916666666667 0.9398608349900597 0.007291666666666667 0.010934393638170975
0 0.25729166666666664 0.9552683896620279 0.016666666666666666 0.019880715705765408
0 0.12682291666666667 0.9801192842942346 0.0140625 0.03777335984095427
0 0.5736979166666667 0.9811133200795229 0.0234375 0.017892644135188866
0 0.7119791666666667 0.9865805168986084 0.016666666666666666 0.02485089463220676
0 0.5528645833333333 0.9920477137176938 0.005729166666666666 0.013916500994035786