0 0.8010416666666667 0.03230616302186879 0.00625 0.020874751491053677
0 0.7447916666666666 0.06063618290258449 0.011458333333333333 0.013916500994035786
0 0.9416666666666667 0.09542743538767395 0.015625 0.011928429423459244
0 0.9802083333333333 0.213220675944334 0.009375 0.012922465208747515
0 0.22369791666666666 0.2355864811133201 0.015104166666666667 0.015904572564612324
0 0.3026041666666667 0.3071570576540755 0.004166666666666667 0.02186878727634195
0 0.6002604166666666 0.31262425447316106 0.016145833333333335 0.020874751491053677
0 0.28854166666666664 0.3687872763419483 0.013541666666666667 0.007952286282306162
0 0.15338541666666666 0.4279324055666004 0.015104166666666667 0.006958250497017893
0 0.425 0.4388667992047714 0.017708333333333333 0.018886679920477135
0 0.4270833333333333 0.4647117296222664 0.008333333333333333 0.016898608349900597
0 0.4674479166666667 0.5437375745526839 0.018229166666666668 0.02186878727634195
0 0.059375 0.5740556660039762 0.009375 0.0268389662027833
0 0.42161458333333335 0.5760437375745527 0.0140625 0.020874751491053677
0 0.38723958333333336 0.591948310139165 0.011979166666666667 0.016898608349900597
0 0.44921875 0.5929423459244533 0.0078125 0.012922465208747515
0 0.41796875 0.6376739562624254 0.0140625 0.036779324055666
0 0.46927083333333336 0.6814115308151093 0.014583333333333334 0.040755467196819085
0 0.33515625 0.6674950298210736 0.0109375 0.008946322067594433
0 0.3145833333333333 0.6863817097415507 0.0125 0.042743538767395624
0 0.1375 0.6998011928429424 0.010416666666666666 0.02584493041749503
0 0.34010416666666665 0.7420477137176938 0.010416666666666666 0.010934393638170975
0 0.5708333333333333 0.7604373757455268 0.013541666666666667 0.011928429423459244
0 0.384375 0.7813121272365805 0.008333333333333333 0.02385685884691849
0 0.39765625 0.7837972166998012 0.0109375 0.008946322067594433
0 0.984375 0.7967196819085487 0.0125 0.018886679920477135
0 0.5888020833333333 0.8066600397614314 0.009895833333333333 0.014910536779324055
0 0.47421875 0.8210735586481114 0.005729166666666666 0.019880715705765408
0 0.43645833333333334 0.8230616302186878 0.009375 0.019880715705765408
0 0.3223958333333333 0.8429423459244533 0.007291666666666667 0.03180914512922465
0 0.5369791666666667 0.8424453280318092 0.016666666666666666 0.012922465208747515
0 0.41119791666666666 0.8588469184890656 0.009895833333333333 0.013916500994035786
0 0.5739583333333333 0.8648111332007953 0.010416666666666666 0.019880715705765408
0 0.6916666666666667 0.8692842942345924 0.017708333333333333 0.018886679920477135
0 0.521875 0.9199801192842942 0.016666666666666666 0.030815109343936383
0 0.4231770833333333 0.9532803180914513 0.0109375 0.033797216699801194
0 0.5106770833333333 0.9602385685884692 0.008854166666666666 0.02186878727634195
0 0.2708333333333333 0.9666998011928429 0.013541666666666667 0.02286282306163022