0 0.696875 0.018886679920477135 0.01875 0.03180914512922465
0 0.4328125 0.0437375745526839 0.004166666666666667 0.02982107355864811
0 0.7731770833333333 0.04622266401590457 0.0140625 0.018886679920477135
0 0.7145833333333333 0.05765407554671968 0.00625 0.03180914512922465
0 0.6877604166666667 0.08548707753479125 0.008854166666666666 0.02982107355864811
0 0.8328125 0.09840954274353876 0.008333333333333333 0.03180914512922465
0 0.8755208333333333 0.12077534791252485 0.022916666666666665 0.042743538767395624
0 0.7763020833333333 0.11580516898608349 0.0078125 0.0268389662027833
0 0.07109375 0.12475149105367793 0.015104166666666667 0.02286282306163022
0 0.021875 0.15457256461232605 0.011458333333333333 0.02485089463220676
0 0.73046875 0.18836978131212723 0.016145833333333335 0.04473161033797217
0 0.33177083333333335 0.19035785288270377 0.010416666666666666 0.016898608349900597
0 0.23177083333333334 0.20974155069582506 0.014583333333333334 0.039761431411530816
0 0.7916666666666666 0.20576540755467196 0.017708333333333333 0.017892644135188866
0 0.7473958333333334 0.2216699801192843 0.016666666666666666 0.017892644135188866
0 0.4315104166666667 0.24652087475149106 0.0171875 0.05964214711729622
0 0.103125 0.2301192842942346 0.013541666666666667 0.02882703777335984
0 0.06067708333333333 0.2415506958250497 0.015104166666666667 0.02385685884691849
0 0.6375 0.2624254473161034 0.017708333333333333 0.05964214711729622
0 0.5065104166666666 0.2504970178926441 0.0036458333333333334 0.02584493041749503
0 0.65703125 0.25497017892644136 0.008854166666666666 0.020874751491053677
0 0.83984375 0.2649105367793241 0.0067708333333333336 0.03479125248508946
0 0.8575520833333333 0.2698807157057654 0.0140625 0.02882703777335984
0 0.6854166666666667 0.27435387673956263 0.020833333333333332 0.03180914512922465
0 0.428125 0.28727634194831014 0.011458333333333333 0.017892644135188866
0 0.8447916666666667 0.3489065606361829 0.019791666666666666 0.02584493041749503
0 0.9268229166666667 0.3663021868787276 0.0078125 0.040755467196819085
0 0.5526041666666667 0.3682902584493042 0.007291666666666667 0.03479125248508946
0 0.5953125 0.37077534791252487 0.007291666666666667 0.015904572564612324
0 0.9111979166666667 0.3951292246520875 0.0109375 0.040755467196819085
0 0.46953125 0.3856858846918489 0.011979166666666667 0.017892644135188866
0 0.4234375 0.3866799204771372 0.007291666666666667 0.019880715705765408
0 0.7497395833333333 0.40407554671968193 0.009895833333333333 0.030815109343936383
0 0.559375 0.4165009940357853 0.016666666666666666 0.03180914512922465
0 0.44296875 0.43687872763419483 0.022395833333333334 0.036779324055666
0 0.98515625 0.44532803180914515 0.011979166666666667 0.02186878727634195
0 0.5942708333333333 0.4577534791252485 0.005208333333333333 0.02882703777335984
0 0.24427083333333333 0.4547713717693837 0.0125 0.018886679920477135
0 0.9372395833333333 0.48111332007952284 0.0109375 0.039761431411530816
0 0.7486979166666666 0.47514910536779326 0.018229166666666668 0.02385685884691849
0 0.10911458333333333 0.4696819085487077 0.008854166666666666 0.012922465208747515
0 0.44114583333333335 0.47564612326043737 0.010416666666666666 0.020874751491053677
0 0.13463541666666667 0.4945328031809145 0.0296875 0.03479125248508946
0 0.5825520833333333 0.4885685884691849 0.0140625 0.016898608349900597
0 0.70390625 0.5024850894632207 0.008854166666666666 0.036779324055666
0 0.6591145833333333 0.5114314115308151 0.0078125 0.032803180914512925
0 0.5583333333333333 0.5054671968190855 0.017708333333333333 0.016898608349900597
0 0.8875 0.5273359840954275 0.010416666666666666 0.040755467196819085
0 0.5505208333333333 0.5178926441351889 0.010416666666666666 0.02186878727634195
0 0.8239583333333333 0.5134194831013916 0.017708333333333333 0.010934393638170975
0 0.13255208333333332 0.5303180914512923 0.019270833333333334 0.030815109343936383
0 0.403125 0.5288270377733598 0.017708333333333333 0.019880715705765408
0 0.4984375 0.5333001988071571 0.0125 0.0268389662027833
0 0.54921875 0.555168986083499 0.0078125 0.04473161033797217
0 0.62265625 0.5531809145129225 0.005729166666666666 0.032803180914512925
0 0.4591145833333333 0.5531809145129225 0.0036458333333333334 0.0268389662027833
0 0.6895833333333333 0.5656063618290258 0.017708333333333333 0.039761431411530816
0 0.56484375 0.5566600397614314 0.009895833333333333 0.019880715705765408
0 0.8216145833333334 0.5571570576540755 0.015104166666666667 0.012922465208747515
0 0.14739583333333334 0.5725646123260437 0.016666666666666666 0.041749502982107355
0 0.6020833333333333 0.5666003976143141 0.017708333333333333 0.009940357852882704
0 0.484375 0.5904572564612326 0.00625 0.02982107355864811
0 0.5388020833333333 0.5984095427435387 0.0171875 0.033797216699801194
0 0.15859375 0.5994035785288271 0.024479166666666666 0.02385685884691849
0 0.37994791666666666 0.6118290258449304 0.0109375 0.018886679920477135
0 0.83359375 0.614314115308151 0.015104166666666667 0.019880715705765408
0 0.56875 0.6158051689860835 0.00625 0.02286282306163022
0 0.55390625 0.6192842942345924 0.0140625 0.02982107355864811
0 0.5916666666666667 0.6138170974155069 0.013541666666666667 0.014910536779324055
0 0.6161458333333333 0.6386679920477137 0.008333333333333333 0.02286282306163022
0 0.5643229166666667 0.6446322067594433 0.0140625 0.02485089463220676
0 0.5861979166666667 0.6505964214711729 0.0359375 0.02485089463220676
0 0.5432291666666667 0.647117296222664 0.009375 0.019880715705765408
0 0.3736979166666667 0.6565606361829026 0.0109375 0.02882703777335984
0 0.5880208333333333 0.6898608349900597 0.017708333333333333 0.04572564612326044
0 0.6747395833333333 0.6928429423459245 0.0265625 0.04771371769383698
0 0.8513020833333333 0.6843936381709742 0.0067708333333333336 0.02286282306163022
0 0.5239583333333333 0.6888667992047713 0.008333333333333333 0.013916500994035786
0 0.6182291666666667 0.687375745526839 0.013541666666666667 0.006958250497017893
0 0.8072916666666666 0.7092445328031809 0.007291666666666667 0.03479125248508946
0 0.7921875 0.7137176938369781 0.017708333333333333 0.0437375745526839
0 0.821875 0.7147117296222664 0.01875 0.02385685884691849
0 0.7515625 0.7400596421471173 0.023958333333333335 0.042743538767395624
0 0.5606770833333333 0.7415506958250497 0.0140625 0.041749502982107355
0 0.6869791666666667 0.7311133200795229 0.013541666666666667 0.016898608349900597
0 0.9088541666666666 0.7350894632206759 0.014583333333333334 0.012922465208747515
0 0.84140625 0.757455268389662 0.022395833333333334 0.041749502982107355
0 0.7455729166666667 0.7549701789264414 0.0046875 0.0268389662027833
0 0.70078125 0.7524850894632207 0.0078125 0.02385685884691849
0 0.6151041666666667 0.7529821073558648 0.020833333333333332 0.02286282306163022
0 0.71640625 0.7579522862823062 0.005729166666666666 0.030815109343936383
0 0.6526041666666667 0.7559642147117296 0.005208333333333333 0.02485089463220676
0 0.8919270833333334 0.7624254473161034 0.015104166666666667 0.03180914512922465
0 0.6848958333333334 0.7564612326043738 0.011458333333333333 0.019880715705765408
0 0.73359375 0.7803180914512923 0.009895833333333333 0.04771371769383698
0 0.5276041666666667 0.7624254473161034 0.007291666666666667 0.011928429423459244
0 0.8018229166666667 0.768389662027833 0.019270833333333334 0.015904572564612324
0 0.6083333333333333 0.7783300198807157 0.008333333333333333 0.015904572564612324
0 0.49114583333333334 0.7847912524850894 0.025 0.02882703777335984
0 0.5171875 0.7872763419483101 0.013541666666666667 0.019880715705765408
0 0.5411458333333333 0.7927435387673957 0.014583333333333334 0.010934393638170975
0 0.3463541666666667 0.80168986083499 0.0125 0.016898608349900597
0 0.5846354166666666 0.8210735586481114 0.011979166666666667 0.03578528827037773
0 0.3065104166666667 0.8240556660039762 0.0067708333333333336 0.03777335984095427
0 0.5416666666666666 0.8285288270377733 0.026041666666666668 0.020874751491053677
0 0.9942708333333333 0.8449304174950298 0.011458333333333333 0.02584493041749503
0 0.8515625 0.8533797216699801 0.015625 0.02286282306163022
0 0.43072916666666666 0.8548707753479126 0.013541666666666667 0.009940357852882704
0 0.5947916666666667 0.8871769383697813 0.016666666666666666 0.03479125248508946
0 0.20052083333333334 0.8916500994035785 0.016666666666666666 0.027833001988071572
0 0.9567708333333333 0.904572564612326 0.025 0.03777335984095427
0 0.6354166666666666 0.9015904572564613 0.011458333333333333 0.011928429423459244
0 0.09713541666666667 0.9169980119284294 0.0140625 0.02286282306163022
0 0.64765625 0.9244532803180915 0.008854166666666666 0.02584493041749503
0 0.9627604166666667 0.9363817097415507 0.022395833333333334 0.02982107355864811
0 0.6458333333333334 0.94831013916501 0.013541666666666667 0.017892644135188866
0 0.6598958333333333 0.9612326043737575 0.008333333333333333 0.027833001988071572
0 0.8125 0.981610337972167 0.015625 0.03479125248508946
0 0.70625 0.9845924453280318 0.008333333333333333 0.02882703777335984
0 0.7479166666666667 0.9850894632206759 0.028125 0.027833001988071572
0 0.8302083333333333 0.9865805168986084 0.009375 0.012922465208747515
0 0.05755208333333333 0.9910536779324056 0.0203125 0.015904572564612324