0 0.2640625 0.01341948310139165 0.0125 0.0268389662027833
0 0.8291666666666667 0.010934393638170975 0.007291666666666667 0.02186878727634195
0 0.4276041666666667 0.021371769383697812 0.019791666666666666 0.02286282306163022
0 0.5776041666666667 0.036779324055666 0.008333333333333333 0.019880715705765408
0 0.6947916666666667 0.0705765407554672 0.016666666666666666 0.013916500994035786
0 0.9619791666666667 0.07654075546719682 0.0125 0.02584493041749503
0 0.9458333333333333 0.08399602385685885 0.017708333333333333 0.02882703777335984
0 0.9072916666666667 0.08548707753479125 0.0125 0.015904572564612324
0 0.4825520833333333 0.09493041749502983 0.008854166666666666 0.02286282306163022
0 0.7583333333333333 0.11381709741550695 0.007291666666666667 0.020874751491053677
0 0.6013020833333333 0.11332007952286283 0.005729166666666666 0.015904572564612324
0 0.2953125 0.12524850894632206 0.007291666666666667 0.02186878727634195
0 0.5760416666666667 0.13369781312127235 0.00625 0.020874751491053677
0 0.5119791666666667 0.1411530815109344 0.021875 0.019880715705765408
0 0.6671875 0.1550695825049702 0.010416666666666666 0.013916500994035786
0 0.54921875 0.16848906560636182 0.009895833333333333 0.016898608349900597
0 0.48671875 0.17246520874751492 0.013020833333333334 0.008946322067594433
0 0.95 0.18290258449304175 0.007291666666666667 0.019880715705765408
0 0.5203125 0.1848906560636183 0.015625 0.011928429423459244
0 0.68359375 0.20228628230616302 0.011979166666666667 0.012922465208747515
0 0.4942708333333333 0.20576540755467196 0.014583333333333334 0.015904572564612324
0 0.6028645833333334 0.20725646123260438 0.018229166666666668 0.018886679920477135
0 0.8864583333333333 0.21520874751491054 0.011458333333333333 0.016898608349900597
0 0.27057291666666666 0.22465208747514911 0.013020833333333334 0.027833001988071572
0 0.7572916666666667 0.2216699801192843 0.010416666666666666 0.015904572564612324
0 0.9908854166666666 0.23210735586481113 0.008854166666666666 0.0268389662027833
0 0.4752604166666667 0.23111332007952287 0.005729166666666666 0.018886679920477135
0 0.809375 0.2644135188866799 0.0125 0.04771371769383698
0 0.40625 0.2539761431411531 0.009375 0.018886679920477135
0 0.5984375 0.25894632206759444 0.007291666666666667 0.020874751491053677
0 0.35442708333333334 0.2599403578528827 0.018229166666666668 0.018886679920477135
0 0.7458333333333333 0.2614314115308151 0.008333333333333333 0.009940357852882704
0 0.43854166666666666 0.27335984095427435 0.013541666666666667 0.02584493041749503
0 0.7002604166666667 0.268389662027833 0.018229166666666668 0.011928429423459244
0 0.7802083333333333 0.2738568588469185 0.009375 0.012922465208747515
0 0.76171875 0.2798210735586481 0.0109375 0.020874751491053677
0 0.22838541666666667 0.2947316103379722 0.0140625 0.032803180914512925
0 0.7161458333333334 0.28677932405566603 0.009375 0.008946322067594433
0 0.95546875 0.294234592445328 0.011979166666666667 0.02584493041749503
0 0.5739583333333333 0.3389662027833002 0.011458333333333333 0.007952286282306162
0 0.2484375 0.3548707753479125 0.008333333333333333 0.02982107355864811
0 0.3770833333333333 0.3513916500994036 0.021875 0.02286282306163022
0 0.23619791666666667 0.3543737574552684 0.009895833333333333 0.018886679920477135
0 0.46979166666666666 0.3538767395626243 0.009375 0.017892644135188866
0 0.9763020833333333 0.3538767395626243 0.022395833333333334 0.017892644135188866
0 0.81875 0.3727634194831014 0.007291666666666667 0.015904572564612324
0 0.4591145833333333 0.3832007952286282 0.005729166666666666 0.02882703777335984
0 0.7635416666666667 0.38220675944334 0.005208333333333333 0.018886679920477135
0 0.6403645833333333 0.39015904572564614 0.0046875 0.020874751491053677
0 0.5223958333333333 0.39015904572564614 0.016666666666666666 0.012922465208747515
0 0.8078125 0.39363817097415504 0.00625 0.02186878727634195
0 0.7010416666666667 0.40656063618290256 0.029166666666666667 0.02385685884691849
0 0.09296875 0.4194831013916501 0.0140625 0.02982107355864811
0 0.909375 0.4100397614314115 0.011458333333333333 0.010934393638170975
0 0.5161458333333333 0.4239562624254473 0.011458333333333333 0.03479125248508946
0 0.9544270833333334 0.43538767395626243 0.018229166666666668 0.041749502982107355
0 0.9213541666666667 0.4259443339960239 0.0125 0.016898608349900597
0 0.5916666666666667 0.4289264413518887 0.0125 0.012922465208747515
0 0.8854166666666666 0.4383697813121272 0.014583333333333334 0.02385685884691849
0 0.7341145833333333 0.43439363817097415 0.013020833333333334 0.011928429423459244
0 0.18489583333333334 0.46520874751491054 0.023958333333333335 0.05168986083499006
0 0.3528645833333333 0.4562624254473161 0.0046875 0.02584493041749503
0 0.21770833333333334 0.455765407554672 0.023958333333333335 0.020874751491053677
0 0.7609375 0.4532803180914513 0.014583333333333334 0.017892644135188866
0 0.8713541666666667 0.46570576540755465 0.010416666666666666 0.018886679920477135
0 0.8078125 0.47514910536779326 0.009375 0.02186878727634195
0 0.62578125 0.48956262425447317 0.0109375 0.02485089463220676
0 0.31796875 0.5009940357852882 0.011979166666666667 0.02982107355864811
0 0.60078125 0.49254473161033796 0.0078125 0.010934393638170975
0 0.2721354166666667 0.5019880715705766 0.025520833333333333 0.019880715705765408
0 0.5794270833333334 0.5119284294234593 0.011979166666666667 0.03578528827037773
0 0.23984375 0.5188866799204771 0.0078125 0.03180914512922465
0 0.728125 0.5178926441351889 0.009375 0.027833001988071572
0 0.3067708333333333 0.5193836978131213 0.011458333333333333 0.02286282306163022
0 0.9541666666666667 0.5159045725646123 0.014583333333333334 0.011928429423459244
0 0.5377604166666666 0.5303180914512923 0.009895833333333333 0.02485089463220676
0 0.19713541666666667 0.5273359840954275 0.011979166666666667 0.014910536779324055
0 0.971875 0.5293240556660039 0.016666666666666666 0.018886679920477135
0 0.8515625 0.5526838966202783 0.014583333333333334 0.019880715705765408
0 0.63984375 0.5656063618290258 0.011979166666666667 0.017892644135188866
0 0.61875 0.5720675944333996 0.005208333333333333 0.02882703777335984
0 0.9065104166666667 0.5765407554671969 0.0109375 0.033797216699801194
0 0.07161458333333333 0.5795228628230616 0.0234375 0.02584493041749503
0 0.27005208333333336 0.5790258449304175 0.0140625 0.020874751491053677
0 0.7091145833333333 0.5790258449304175 0.0296875 0.016898608349900597
0 0.9515625 0.5839960238568589 0.021875 0.0268389662027833
0 0.6036458333333333 0.5864811133200796 0.008333333333333333 0.027833001988071572
0 0.6528645833333333 0.5929423459244533 0.025520833333333333 0.03876739562624255
0 0.13489583333333333 0.5830019880715706 0.011458333333333333 0.012922465208747515
0 0.8421875 0.5854870775347912 0.016666666666666666 0.009940357852882704
0 0.8078125 0.6048707753479126 0.019791666666666666 0.040755467196819085
0 0.5765625 0.6083499005964215 0.0125 0.03777335984095427
0 0.9919270833333333 0.6088469184890656 0.015104166666666667 0.018886679920477135
0 0.5091145833333334 0.6267395626242545 0.013020833333333334 0.020874751491053677
0 0.6822916666666666 0.639662027833002 0.023958333333333335 0.048707753479125246
0 0.7713541666666667 0.6341948310139165 0.016666666666666666 0.03578528827037773
0 0.73671875 0.6292246520874751 0.008854166666666666 0.02385685884691849
0 0.8385416666666666 0.6292246520874751 0.00625 0.02385685884691849
0 0.5216145833333333 0.6302186878727635 0.0067708333333333336 0.02186878727634195
0 0.9546875 0.6267395626242545 0.008333333333333333 0.012922465208747515
0 0.48046875 0.6351888667992047 0.0171875 0.027833001988071572
0 0.6393229166666666 0.654572564612326 0.0265625 0.048707753479125246
0 0.7875 0.6456262425447317 0.015625 0.032803180914512925
0 0.54375 0.6510934393638171 0.017708333333333333 0.03578528827037773
0 0.6098958333333333 0.6739562624254473 0.028125 0.07157057654075547
0 0.8927083333333333 0.654572564612326 0.013541666666666667 0.010934393638170975
0 0.8572916666666667 0.6903578528827038 0.023958333333333335 0.05864811133200795
0 0.4234375 0.6769383697813122 0.008333333333333333 0.02584493041749503
0 0.9080729166666667 0.6804174950298211 0.0078125 0.0268389662027833
0 0.8971354166666666 0.6848906560636183 0.0140625 0.013916500994035786
0 0.9296875 0.6858846918489065 0.00625 0.013916500994035786
0 0.4981770833333333 0.694831013916501 0.0234375 0.027833001988071572
0 0.790625 0.6898608349900597 0.016666666666666666 0.013916500994035786
0 0.0359375 0.7027833001988072 0.014583333333333334 0.013916500994035786
0 0.7747395833333334 0.7112326043737575 0.0109375 0.018886679920477135
0 0.5153645833333333 0.7266401590457257 0.016145833333333335 0.03777335984095427
0 0.8494791666666667 0.7181908548707754 0.0125 0.012922465208747515
0 0.9216145833333333 0.739065606361829 0.022395833333333334 0.0268389662027833
0 0.5580729166666667 0.7435387673956262 0.021354166666666667 0.017892644135188866
0 0.17369791666666667 0.7509940357852882 0.0067708333333333336 0.016898608349900597
0 0.8981770833333333 0.7539761431411531 0.0171875 0.014910536779324055
0 0.5317708333333333 0.7629224652087475 0.010416666666666666 0.02286282306163022
0 0.803125 0.782803180914513 0.017708333333333333 0.042743538767395624
0 0.09166666666666666 0.775844930417495 0.009375 0.02286282306163022
0 0.5625 0.7763419483101391 0.003125 0.02385685884691849
0 0.7203125 0.7763419483101391 0.009375 0.011928429423459244
0 0.91328125 0.7813121272365805 0.011979166666666667 0.02186878727634195
0 0.5403645833333334 0.7803180914512923 0.005729166666666666 0.011928429423459244
0 0.7260416666666667 0.8056660039761432 0.008333333333333333 0.03479125248508946
0 0.88671875 0.8046719681908548 0.009895833333333333 0.032803180914512925
0 0.91328125 0.7997017892644135 0.013020833333333334 0.02286282306163022
0 0.6549479166666666 0.8190854870775348 0.0067708333333333336 0.03777335984095427
0 0.84375 0.8101391650099403 0.015625 0.017892644135188866
0 0.48385416666666664 0.8081510934393639 0.017708333333333333 0.009940357852882704
0 0.86640625 0.8146123260437376 0.0078125 0.02485089463220676
0 0.8018229166666667 0.8180914512922465 0.008854166666666666 0.02385685884691849
0 0.7572916666666667 0.8235586481113321 0.011458333333333333 0.014910536779324055
0 0.6971354166666667 0.8315109343936382 0.013020833333333334 0.0268389662027833
0 0.81875 0.8260437375745527 0.015625 0.009940357852882704
0 0.91875 0.8315109343936382 0.013541666666666667 0.020874751491053677
0 0.53828125 0.8459244532803181 0.0109375 0.04771371769383698
0 0.5833333333333334 0.852882703777336 0.008333333333333333 0.027833001988071572
0 0.7255208333333333 0.8543737574552683 0.01875 0.02882703777335984
0 0.8380208333333333 0.8494035785288271 0.007291666666666667 0.014910536779324055
0 0.6588541666666666 0.8648111332007953 0.017708333333333333 0.02186878727634195
0 0.7526041666666666 0.8692842942345924 0.016666666666666666 0.02485089463220676
0 0.62265625 0.8812127236580517 0.0067708333333333336 0.0268389662027833
0 0.6640625 0.8921471172962226 0.013541666666666667 0.0268389662027833
0 0.7177083333333333 0.8911530815109344 0.00625 0.0268389662027833
0 0.9182291666666667 0.8981113320079522 0.008333333333333333 0.036779324055666
0 0.6489583333333333 0.8976143141153081 0.007291666666666667 0.017892644135188866
0 0.040364583333333336 0.9179920477137177 0.0171875 0.048707753479125246
0 0.5888020833333333 0.9020874751491054 0.009895833333333333 0.010934393638170975
0 0.5109375 0.9105367793240556 0.014583333333333334 0.02385685884691849
0 0.7526041666666666 0.9135188866799204 0.0125 0.02584493041749503
0 0.67421875 0.9085487077534792 0.009895833333333333 0.011928429423459244
0 0.9450520833333333 0.9209741550695825 0.008854166666666666 0.02882703777335984
0 0.6390625 0.9224652087475149 0.0125 0.02982107355864811
0 0.72890625 0.9199801192842942 0.019270833333333334 0.014910536779324055
0 0.6002604166666666 0.9259443339960238 0.0078125 0.016898608349900597
0 0.5315104166666667 0.9458250497017893 0.03177083333333333 0.040755467196819085
0 0.6708333333333333 0.937375745526839 0.0125 0.02186878727634195
0 0.5549479166666667 0.9393638170974155 0.0078125 0.02186878727634195
0 0.7065104166666667 0.9423459244532804 0.0046875 0.02385685884691849
0 0.7908854166666667 0.9428429423459245 0.0109375 0.020874751491053677
0 0.740625 0.9498011928429424 0.01875 0.0268389662027833
0 0.6484375 0.9512922465208747 0.011458333333333333 0.02385685884691849
0 0.6856770833333333 0.9478131212723658 0.021354166666666667 0.016898608349900597
0 0.3859375 0.952286282306163 0.007291666666666667 0.02186878727634195
0 0.796875 0.9527833001988072 0.011458333333333333 0.016898608349900597
0 0.6330729166666667 0.9647117296222664 0.0078125 0.036779324055666
0 0.46484375 0.974155069582505 0.009895833333333333 0.02584493041749503
0 0.35833333333333334 0.9746520874751491 0.0125 0.016898608349900597
0 0.8057291666666667 0.9736580516898609 0.0125 0.014910536779324055
0 0.8388020833333333 0.9831013916500994 0.011979166666666667 0.03180914512922465
0 0.5072916666666667 0.9870775347912525 0.009375 0.02385685884691849
0 0.6776041666666667 0.9880715705765407 0.0125 0.02186878727634195
0 0.4479166666666667 0.989065606361829 0.023958333333333335 0.019880715705765408
0 0.31328125 0.9910536779324056 0.015104166666666667 0.015904572564612324
0 0.25416666666666665 0.9920477137176938 0.007291666666666667 0.013916500994035786
0 0.3658854166666667 0.9920477137176938 0.011979166666666667 0.013916500994035786
0 0.6505208333333333 0.9930417495029821 0.008333333333333333 0.011928429423459244
0 0.7760416666666666 0.9930417495029821 0.017708333333333333 0.011928429423459244
0 0.9950520833333333 0.9945328031809145 0.008854166666666666 0.008946322067594433