0 0.21380208333333334 0.005964214711729622 0.005729166666666666 0.011928429423459244
0 0.027864583333333335 0.01441351888667992 0.008854166666666666 0.02286282306163022
0 0.23802083333333332 0.01441351888667992 0.0125 0.018886679920477135
0 0.36744791666666665 0.016898608349900597 0.0140625 0.015904572564612324
0 0.7153645833333333 0.0352882703777336 0.013020833333333334 0.020874751491053677
0 0.9307291666666667 0.0352882703777336 0.010416666666666666 0.016898608349900597
0 0.28489583333333335 0.039761431411530816 0.00625 0.02584493041749503
0 0.08359375 0.04473161033797217 0.0109375 0.027833001988071572
0 0.70546875 0.06908548707753479 0.0078125 0.02485089463220676
0 0.8401041666666667 0.07604373757455268 0.009375 0.0268389662027833
0 0.9971354166666667 0.08200795228628231 0.005729166666666666 0.020874751491053677
0 0.019791666666666666 0.07952286282306163 0.014583333333333334 0.017892644135188866
0 0.65078125 0.08846918489065607 0.0140625 0.02186878727634195
0 0.16458333333333333 0.12127236580516898 0.017708333333333333 0.033797216699801194
0 0.68671875 0.12176938369781312 0.009895833333333333 0.02485089463220676
0 0.35390625 0.13817097415506957 0.005729166666666666 0.02385685884691849
0 0.4591145833333333 0.1426441351888668 0.008854166666666666 0.0268389662027833
0 0.5638020833333334 0.14512922465208747 0.013020833333333334 0.02584493041749503
0 0.42265625 0.14015904572564614 0.009895833333333333 0.007952286282306162
0 0.4861979166666667 0.16053677932405566 0.013020833333333334 0.02286282306163022
0 0.38307291666666665 0.16202783300198806 0.005729166666666666 0.02584493041749503
0 0.4393229166666667 0.16451292246520874 0.008854166666666666 0.016898608349900597
0 0.475 0.17445328031809146 0.007291666666666667 0.02485089463220676
0 0.5080729166666667 0.1848906560636183 0.0078125 0.02186878727634195
0 0.1546875 0.18836978131212723 0.015625 0.012922465208747515
0 0.35833333333333334 0.20924453280318092 0.008333333333333333 0.020874751491053677
0 0.15625 0.2271371769383698 0.0125 0.014910536779324055
0 0.7557291666666667 0.23757455268389663 0.007291666666666667 0.015904572564612324
0 0.5455729166666666 0.2400596421471173 0.0067708333333333336 0.020874751491053677
0 0.6408854166666667 0.24751491053677932 0.008854166666666666 0.02186878727634195
0 0.7067708333333333 0.24701789264413518 0.01875 0.016898608349900597
0 0.80234375 0.24751491053677932 0.016145833333333335 0.009940357852882704
0 0.20703125 0.2524850894632207 0.015104166666666667 0.015904572564612324
0 0.40338541666666666 0.28429423459244535 0.008854166666666666 0.017892644135188866
0 0.46484375 0.28330019880715707 0.011979166666666667 0.011928429423459244
0 0.6291666666666667 0.28876739562624254 0.014583333333333334 0.016898608349900597
0 0.3424479166666667 0.2897614314115308 0.0109375 0.018886679920477135
0 0.26328125 0.2852882703777336 0.021354166666666667 0.011928429423459244
0 0.37578125 0.2957256461232604 0.008854166666666666 0.0268389662027833
0 0.7645833333333333 0.30318091451292245 0.009375 0.02584493041749503
0 0.10494791666666667 0.31411530815109345 0.0140625 0.02584493041749503
0 0.809375 0.3225646123260437 0.020833333333333332 0.032803180914512925
0 0.2565104166666667 0.31709741550695825 0.005729166666666666 0.02385685884691849
0 0.6736979166666667 0.3210735586481113 0.011979166666666667 0.013916500994035786
0 0.4203125 0.341948310139165 0.010416666666666666 0.017892644135188866
0 0.76015625 0.341948310139165 0.0078125 0.013916500994035786
0 0.27395833333333336 0.34443339960238567 0.020833333333333332 0.018886679920477135
0 0.20729166666666668 0.34691848906560635 0.010416666666666666 0.011928429423459244
0 0.8111979166666666 0.36033797216699803 0.013020833333333334 0.02286282306163022
0 0.22239583333333332 0.371272365805169 0.0125 0.012922465208747515
0 0.5140625 0.38071570576540753 0.013541666666666667 0.02584493041749503
0 0.73203125 0.3797216699801193 0.005729166666666666 0.02186878727634195
0 0.8213541666666667 0.3812127236580517 0.008333333333333333 0.012922465208747515
0 0.559375 0.4010934393638171 0.004166666666666667 0.032803180914512925
0 0.48932291666666666 0.40357852882703776 0.0046875 0.02584493041749503
0 0.21822916666666667 0.40208747514910537 0.009375 0.016898608349900597
0 0.18177083333333333 0.41898608349900596 0.014583333333333334 0.012922465208747515
0 0.4322916666666667 0.4294234592445328 0.0125 0.02385685884691849
0 0.4 0.4289264413518887 0.011458333333333333 0.014910536779324055
0 0.17161458333333332 0.4393638170974155 0.011979166666666667 0.011928429423459244
0 0.89140625 0.4428429423459245 0.019270833333333334 0.016898608349900597
0 0.6484375 0.4403578528827038 0.01875 0.011928429423459244
0 0.32760416666666664 0.44582504970178927 0.005208333333333333 0.02286282306163022
0 0.24479166666666666 0.4517892644135189 0.013541666666666667 0.016898608349900597
0 0.9653645833333333 0.4731610337972167 0.011979166666666667 0.03578528827037773
0 0.21223958333333334 0.46272365805168986 0.011979166666666667 0.016898608349900597
0 0.9 0.46570576540755465 0.0125 0.012922465208747515
0 0.8065104166666667 0.49403578528827036 0.005729166666666666 0.02584493041749503
0 0.5596354166666667 0.49254473161033796 0.016145833333333335 0.02286282306163022
0 0.16979166666666667 0.4955268389662028 0.00625 0.0268389662027833
0 0.23046875 0.49204771371769385 0.0109375 0.013916500994035786
0 0.7033854166666667 0.4955268389662028 0.013020833333333334 0.010934393638170975
0 0.46119791666666665 0.5039761431411531 0.0203125 0.02186878727634195
0 0.4828125 0.5034791252485089 0.014583333333333334 0.016898608349900597
0 0.5546875 0.5173956262425448 0.010416666666666666 0.014910536779324055
0 0.18359375 0.5213717693836978 0.015104166666666667 0.012922465208747515
0 0.7333333333333333 0.5323061630218688 0.015625 0.02485089463220676
0 0.79765625 0.5298210735586482 0.0140625 0.011928429423459244
0 0.26614583333333336 0.5452286282306164 0.011458333333333333 0.02286282306163022
0 0.90625 0.5457256461232605 0.011458333333333333 0.017892644135188866
0 0.6859375 0.5526838966202783 0.007291666666666667 0.027833001988071572
0 0.5598958333333334 0.5452286282306164 0.011458333333333333 0.012922465208747515
0 0.17447916666666666 0.555168986083499 0.014583333333333334 0.032803180914512925
0 0.6197916666666666 0.5447316103379721 0.013541666666666667 0.009940357852882704
0 0.51796875 0.5531809145129225 0.016145833333333335 0.020874751491053677
0 0.20286458333333332 0.5606361829025845 0.015104166666666667 0.03180914512922465
0 0.32109375 0.5576540755467196 0.0109375 0.02186878727634195
0 0.5729166666666666 0.562624254473161 0.0125 0.011928429423459244
0 0.4166666666666667 0.5685884691848907 0.014583333333333334 0.013916500994035786
0 0.3809895833333333 0.5730616302186878 0.018229166666666668 0.014910536779324055
0 0.26796875 0.5815109343936382 0.008854166666666666 0.017892644135188866
0 0.34270833333333334 0.5839960238568589 0.022916666666666665 0.014910536779324055
0 0.66171875 0.5899602385685885 0.005729166666666666 0.018886679920477135
0 0.17213541666666668 0.5879721669980119 0.008854166666666666 0.016898608349900597
0 0.5065104166666666 0.5974155069582505 0.016145833333333335 0.02982107355864811
0 0.40546875 0.5959244532803181 0.011979166666666667 0.012922465208747515
0 0.8671875 0.6013916500994035 0.019791666666666666 0.017892644135188866
0 0.7044270833333334 0.5979125248508946 0.016145833333333335 0.012922465208747515
0 0.390625 0.606858846918489 0.007291666666666667 0.02485089463220676
0 0.28151041666666665 0.5989065606361829 0.0109375 0.010934393638170975
0 0.3684895833333333 0.610337972166998 0.015104166666666667 0.02385685884691849
0 0.32526041666666666 0.6108349900596421 0.011979166666666667 0.02286282306163022
0 0.4513020833333333 0.6222664015904572 0.0140625 0.041749502982107355
0 0.8122395833333333 0.6163021868787276 0.0067708333333333336 0.02584493041749503
0 0.21302083333333333 0.6153081510934394 0.004166666666666667 0.019880715705765408
0 0.60546875 0.6222664015904572 0.005729166666666666 0.02385685884691849
0 0.2825520833333333 0.6366799204771372 0.008854166666666666 0.012922465208747515
0 0.6197916666666666 0.6560636182902585 0.008333333333333333 0.017892644135188866
0 0.86875 0.6600397614314115 0.020833333333333332 0.02186878727634195
0 0.5356770833333333 0.6684890656063618 0.0067708333333333336 0.032803180914512925
0 0.44895833333333335 0.6665009940357853 0.010416666666666666 0.030815109343936383
0 0.38723958333333336 0.6665009940357853 0.0171875 0.02286282306163022
0 0.5528645833333333 0.6804174950298211 0.0046875 0.02882703777335984
0 0.7020833333333333 0.6863817097415507 0.013541666666666667 0.020874751491053677
0 0.19765625 0.68389662027833 0.005729166666666666 0.017892644135188866
0 0.3177083333333333 0.6883697813121272 0.008333333333333333 0.020874751491053677
0 0.42734375 0.6888667992047713 0.009895833333333333 0.019880715705765408
0 0.24114583333333334 0.6938369781312127 0.010416666666666666 0.02982107355864811
0 0.3966145833333333 0.691351888667992 0.008854166666666666 0.014910536779324055
0 0.5778645833333333 0.6968190854870775 0.0046875 0.02385685884691849
0 0.7221354166666667 0.6968190854870775 0.0078125 0.019880715705765408
0 0.34088541666666666 0.6998011928429424 0.015104166666666667 0.015904572564612324
0 0.8643229166666667 0.7072564612326043 0.016145833333333335 0.020874751491053677
0 0.446875 0.7191848906560636 0.021875 0.042743538767395624
0 0.7830729166666667 0.7246520874751491 0.0234375 0.02186878727634195
0 0.3302083333333333 0.7211729622266402 0.011458333333333333 0.014910536779324055
0 0.6515625 0.7296222664015904 0.011458333333333333 0.027833001988071572
0 0.20546875 0.7291252485089463 0.0078125 0.02485089463220676
0 0.26588541666666665 0.7331013916500994 0.0171875 0.018886679920477135
0 0.49635416666666665 0.7350894632206759 0.010416666666666666 0.020874751491053677
0 0.6177083333333333 0.7420477137176938 0.0125 0.02882703777335984
0 0.4552083333333333 0.7475149105367793 0.010416666666666666 0.027833001988071572
0 0.57109375 0.7504970178926441 0.0171875 0.02186878727634195
0 0.39947916666666666 0.7604373757455268 0.007291666666666667 0.033797216699801194
0 0.5463541666666667 0.7629224652087475 0.00625 0.03479125248508946
0 0.6255208333333333 0.7564612326043738 0.010416666666666666 0.017892644135188866
0 0.503125 0.7673956262425448 0.01875 0.027833001988071572
0 0.19557291666666668 0.7708747514910537 0.013020833333333334 0.020874751491053677
0 0.99765625 0.7813121272365805 0.0046875 0.02385685884691849
0 0.5684895833333333 0.7813121272365805 0.015104166666666667 0.019880715705765408
0 0.4734375 0.7882703777335984 0.008333333333333333 0.027833001988071572
0 0.6109375 0.7922465208747514 0.011458333333333333 0.017892644135188866
0 0.4953125 0.7987077534791253 0.00625 0.02882703777335984
0 0.46119791666666665 0.8006958250497018 0.005729166666666666 0.02882703777335984
0 0.43255208333333334 0.7947316103379721 0.008854166666666666 0.012922465208747515
0 0.007552083333333333 0.8106361829025845 0.0140625 0.0268389662027833
0 0.5984375 0.8066600397614314 0.009375 0.010934393638170975
0 0.5559895833333334 0.8156063618290258 0.019270833333333334 0.0268389662027833
0 0.5244791666666667 0.8315109343936382 0.013541666666666667 0.05268389662027833
0 0.2713541666666667 0.8285288270377733 0.009375 0.048707753479125246
0 0.62265625 0.8260437375745527 0.0109375 0.03777335984095427
0 0.0203125 0.8195825049701789 0.013541666666666667 0.016898608349900597
0 0.5799479166666667 0.8290258449304175 0.0067708333333333336 0.027833001988071572
0 0.30859375 0.8265407554671969 0.0140625 0.012922465208747515
0 0.10130208333333333 0.8359840954274353 0.0078125 0.013916500994035786
0 0.9216145833333333 0.8613320079522863 0.0203125 0.06063618290258449
0 0.6330729166666667 0.8449304174950298 0.011979166666666667 0.027833001988071572
0 0.42213541666666665 0.8439363817097415 0.016145833333333335 0.027833001988071572
0 0.5856770833333333 0.8538767395626242 0.016145833333333335 0.03777335984095427
0 0.4484375 0.8439363817097415 0.009375 0.017892644135188866
0 0.20807291666666666 0.8508946322067594 0.015104166666666667 0.033797216699801194
0 0.8778645833333333 0.8538767395626242 0.015104166666666667 0.033797216699801194
0 0.6010416666666667 0.8523856858846919 0.009375 0.010934393638170975
0 0.30182291666666666 0.8533797216699801 0.0171875 0.010934393638170975
0 0.34375 0.8658051689860835 0.011458333333333333 0.02982107355864811
0 0.14609375 0.867296222664016 0.008854166666666666 0.02485089463220676
0 0.6520833333333333 0.8717693836978131 0.010416666666666666 0.02584493041749503
0 0.5067708333333333 0.8707753479125249 0.010416666666666666 0.015904572564612324
0 0.47161458333333334 0.8717693836978131 0.009895833333333333 0.015904572564612324
0 0.31979166666666664 0.8812127236580517 0.025 0.030815109343936383
0 0.625 0.8752485089463221 0.008333333333333333 0.012922465208747515
0 0.44869791666666664 0.8841948310139165 0.0109375 0.020874751491053677
0 0.18828125 0.8841948310139165 0.0067708333333333336 0.020874751491053677
0 0.29713541666666665 0.893141153081511 0.008854166666666666 0.032803180914512925
0 0.41510416666666666 0.8861829025844931 0.013541666666666667 0.014910536779324055
0 0.796875 0.8941351888667992 0.013541666666666667 0.02485089463220676
0 0.5252604166666667 0.8916500994035785 0.008854166666666666 0.017892644135188866
0 0.33828125 0.8991053677932406 0.008854166666666666 0.03479125248508946
0 0.5971354166666667 0.8966202783300199 0.016145833333333335 0.015904572564612324
0 0.44114583333333335 0.9030815109343936 0.004166666666666667 0.02485089463220676
0 0.61796875 0.9035785288270378 0.0067708333333333336 0.009940357852882704
0 0.17421875 0.9085487077534792 0.016145833333333335 0.015904572564612324
0 0.5528645833333333 0.9214711729622267 0.0067708333333333336 0.02186878727634195
0 0.33255208333333336 0.9284294234592445 0.016145833333333335 0.015904572564612324
0 0.25234375 0.9309145129224652 0.015104166666666667 0.012922465208747515
0 0.3880208333333333 0.937375745526839 0.016666666666666666 0.02385685884691849
0 0.31302083333333336 0.9423459244532804 0.016666666666666666 0.02385685884691849
0 0.47161458333333334 0.9577534791252486 0.019270833333333334 0.04473161033797217
0 0.7744791666666667 0.9502982107355865 0.008333333333333333 0.017892644135188866
0 0.5466145833333333 0.9532803180914513 0.011979166666666667 0.015904572564612324
0 0.09036458333333333 0.959741550695825 0.008854166666666666 0.02286282306163022
0 0.6473958333333333 0.9662027833001988 0.010416666666666666 0.02186878727634195
0 0.18046875 0.9622266401590457 0.015104166666666667 0.009940357852882704
0 0.7138020833333333 0.9766401590457257 0.016145833333333335 0.02882703777335984
0 0.5661458333333333 0.9736580516898609 0.009375 0.02286282306163022
0 0.37473958333333335 0.9786282306163022 0.018229166666666668 0.032803180914512925
0 0.3203125 0.9761431411530815 0.005208333333333333 0.02584493041749503
0 0.5190104166666667 0.9761431411530815 0.009895833333333333 0.015904572564612324
0 0.25338541666666664 0.9831013916500994 0.0203125 0.03180914512922465
0 0.11588541666666667 0.9835984095427436 0.0109375 0.030815109343936383
0 0.6174479166666667 0.9826043737574552 0.0203125 0.02286282306163022
0 0.8830729166666667 0.9870775347912525 0.0109375 0.02385685884691849
0 0.5036458333333333 0.9945328031809145 0.010416666666666666 0.008946322067594433
0 0.7083333333333334 0.9950298210735586 0.0125 0.007952286282306162