0 0.06640625 0.01341948310139165 0.025520833333333333 0.0268389662027833
0 0.21458333333333332 0.007455268389662028 0.007291666666666667 0.014910536779324055
0 0.625 0.0034791252485089465 0.027083333333333334 0.006958250497017893
0 0.8755208333333333 0.008449304174950299 0.014583333333333334 0.016898608349900597
0 0.9005208333333333 0.0054671968190854875 0.010416666666666666 0.010934393638170975
0 0.9940104166666667 0.008946322067594433 0.0109375 0.017892644135188866
0 0.22734375 0.014910536779324055 0.009895833333333333 0.02584493041749503
0 0.3796875 0.015407554671968192 0.00625 0.014910536779324055
0 0.5260416666666666 0.020874751491053677 0.0125 0.02584493041749503
0 0.4234375 0.03479125248508946 0.008333333333333333 0.02385685884691849
0 0.596875 0.040755467196819085 0.00625 0.019880715705765408
0 0.6395833333333333 0.03926441351888668 0.010416666666666666 0.008946322067594433
0 0.9684895833333333 0.06809145129224652 0.021354166666666667 0.02882703777335984
0 0.8388020833333333 0.0874751491053678 0.019270833333333334 0.0536779324055666
0 0.678125 0.09990059642147117 0.03229166666666667 0.06063618290258449
0 0.8921875 0.0805168986083499 0.010416666666666666 0.017892644135188866
0 0.6255208333333333 0.0874751491053678 0.011458333333333333 0.019880715705765408
0 0.603125 0.09493041749502983 0.013541666666666667 0.02485089463220676
0 0.9127604166666666 0.09940357852882704 0.0109375 0.03180914512922465
0 0.9361979166666666 0.09642147117296222 0.0109375 0.019880715705765408
0 0.81171875 0.09840954274353876 0.009895833333333333 0.009940357852882704
0 0.7846354166666667 0.11928429423459244 0.0296875 0.04771371769383698
0 0.8875 0.11928429423459244 0.01875 0.02385685884691849
0 0.5203125 0.11381709741550695 0.008333333333333333 0.010934393638170975
0 0.8536458333333333 0.14214711729622267 0.008333333333333333 0.03180914512922465
0 0.19583333333333333 0.14512922465208747 0.017708333333333333 0.019880715705765408
0 0.37265625 0.15755467196819087 0.0078125 0.0268389662027833
0 0.6807291666666667 0.16451292246520874 0.0125 0.014910536779324055
0 0.8736979166666666 0.18439363817097415 0.018229166666666668 0.048707753479125246
0 0.5802083333333333 0.1754473161033797 0.011458333333333333 0.018886679920477135
0 0.5028645833333333 0.1963220675944334 0.0067708333333333336 0.014910536779324055
0 0.109375 0.20825049701789264 0.023958333333333335 0.036779324055666
0 0.48723958333333334 0.21222664015904572 0.016145833333333335 0.0268389662027833
0 0.95078125 0.21669980119284293 0.025520833333333333 0.015904572564612324
0 0.7484375 0.22415506958250497 0.005208333333333333 0.02485089463220676
0 0.7026041666666667 0.2753479125248509 0.011458333333333333 0.03180914512922465
0 0.6895833333333333 0.30168986083499005 0.00625 0.0268389662027833
0 0.7364583333333333 0.305168986083499 0.007291666666666667 0.027833001988071572
0 0.9348958333333334 0.31610337972166996 0.010416666666666666 0.02385685884691849
0 0.45416666666666666 0.3220675944333996 0.015625 0.02584493041749503
0 0.8822916666666667 0.334493041749503 0.009375 0.020874751491053677
0 0.7705729166666667 0.33399602385685884 0.0046875 0.017892644135188866
0 0.6502604166666667 0.34642147117296224 0.0067708333333333336 0.02485089463220676
0 0.49296875 0.34642147117296224 0.0109375 0.018886679920477135
0 0.2674479166666667 0.34940357852882703 0.011979166666666667 0.016898608349900597
0 0.37447916666666664 0.34840954274353875 0.00625 0.012922465208747515
0 0.6606770833333333 0.36182902584493043 0.0109375 0.02584493041749503
0 0.5390625 0.3832007952286282 0.04375 0.05666003976143141
0 0.7963541666666667 0.36381709741550694 0.0125 0.009940357852882704
0 0.6408854166666667 0.3682902584493042 0.013020833333333334 0.012922465208747515
0 0.3690104166666667 0.37077534791252487 0.0109375 0.013916500994035786
0 0.88515625 0.3851888667992048 0.0140625 0.018886679920477135
0 0.6309895833333333 0.3976143141153082 0.015104166666666667 0.027833001988071572
0 0.9356770833333333 0.40606361829025844 0.009895833333333333 0.02882703777335984
0 0.80546875 0.40357852882703776 0.005729166666666666 0.017892644135188866
0 0.59609375 0.408051689860835 0.0140625 0.014910536779324055
0 0.9940104166666667 0.452286282306163 0.0109375 0.03578528827037773
0 0.4671875 0.4428429423459245 0.010416666666666666 0.010934393638170975
0 0.5809895833333333 0.44532803180914515 0.009895833333333333 0.009940357852882704
0 0.7106770833333333 0.4592445328031809 0.0109375 0.027833001988071572
0 0.9640625 0.4801192842942346 0.013541666666666667 0.039761431411530816
0 0.8997395833333334 0.47713717693836977 0.0109375 0.015904572564612324
0 0.8380208333333333 0.4821073558648111 0.007291666666666667 0.02385685884691849
0 0.6158854166666666 0.4835984095427435 0.011979166666666667 0.012922465208747515
0 0.42109375 0.49304174950298213 0.005729166666666666 0.017892644135188866
0 0.88828125 0.4985089463220676 0.0067708333333333336 0.02485089463220676
0 0.6145833333333334 0.4995029821073559 0.016666666666666666 0.020874751491053677
0 0.67109375 0.4985089463220676 0.0140625 0.008946322067594433
0 0.86015625 0.518389662027833 0.016145833333333335 0.036779324055666
0 0.54609375 0.5238568588469185 0.0109375 0.033797216699801194
0 0.75546875 0.5357852882703777 0.009895833333333333 0.013916500994035786
0 0.965625 0.5377733598409543 0.0125 0.011928429423459244
0 0.8731770833333333 0.5487077534791253 0.0140625 0.017892644135188866
0 0.92890625 0.5621272365805169 0.008854166666666666 0.036779324055666
0 0.04739583333333333 0.5596421471172962 0.0125 0.02584493041749503
0 0.6455729166666667 0.5616302186878728 0.009895833333333333 0.02584493041749503
0 0.340625 0.5631212723658051 0.008333333333333333 0.02485089463220676
0 0.9130208333333333 0.5745526838966203 0.014583333333333334 0.015904572564612324
0 0.8541666666666666 0.5825049701789264 0.007291666666666667 0.02186878727634195
0 0.05703125 0.5909542743538767 0.018229166666666668 0.030815109343936383
0 0.9307291666666667 0.5964214711729622 0.019791666666666666 0.02186878727634195
0 0.8723958333333334 0.6043737574552683 0.010416666666666666 0.033797216699801194
0 0.8541666666666666 0.6118290258449304 0.009375 0.02485089463220676
0 0.7020833333333333 0.6153081510934394 0.020833333333333332 0.02584493041749503
0 0.062239583333333334 0.6237574552683897 0.0140625 0.030815109343936383
0 0.8197916666666667 0.6182902584493042 0.0125 0.017892644135188866
0 0.9416666666666667 0.6381709741550696 0.023958333333333335 0.04970178926441352
0 0.65 0.6322067594433399 0.009375 0.02584493041749503
0 0.63515625 0.635685884691849 0.009895833333333333 0.02286282306163022
0 0.7533854166666667 0.6381709741550696 0.0046875 0.02982107355864811
0 0.43515625 0.6500994035785288 0.011979166666666667 0.02385685884691849
0 0.67578125 0.6510934393638171 0.021354166666666667 0.02584493041749503
0 0.48046875 0.6590457256461233 0.013020833333333334 0.039761431411530816
0 0.3736979166666667 0.6679920477137177 0.005729166666666666 0.02982107355864811
0 0.7614583333333333 0.6600397614314115 0.015625 0.013916500994035786
0 0.853125 0.6669980119284294 0.007291666666666667 0.02186878727634195
0 0.7388020833333333 0.6883697813121272 0.0109375 0.04671968190854871
0 0.80078125 0.691351888667992 0.008854166666666666 0.042743538767395624
0 0.9544270833333334 0.6853876739562624 0.008854166666666666 0.030815109343936383
0 0.9755208333333333 0.6794234592445328 0.014583333333333334 0.020874751491053677
0 0.65234375 0.68389662027833 0.0109375 0.02584493041749503
0 0.07942708333333333 0.6789264413518886 0.009895833333333333 0.011928429423459244
0 0.35494791666666664 0.679920477137177 0.016145833333333335 0.013916500994035786
0 0.7018229166666666 0.694831013916501 0.011979166666666667 0.02584493041749503
0 0.43854166666666666 0.6968190854870775 0.014583333333333334 0.017892644135188866
0 0.6856770833333333 0.7027833001988072 0.0078125 0.015904572564612324
0 0.8638020833333333 0.7142147117296223 0.018229166666666668 0.036779324055666
0 0.7588541666666667 0.7147117296222664 0.013541666666666667 0.015904572564612324
0 0.6854166666666667 0.739065606361829 0.017708333333333333 0.05069582504970179
0 0.20963541666666666 0.731610337972167 0.013020833333333334 0.03180914512922465
0 0.9 0.7271371769383698 0.011458333333333333 0.02286282306163022
0 0.44192708333333336 0.7385685884691849 0.0265625 0.033797216699801194
0 0.46927083333333336 0.7340954274353877 0.008333333333333333 0.020874751491053677
0 0.5989583333333334 0.7360834990059643 0.015625 0.02485089463220676
0 0.765625 0.7465208747514911 0.008333333333333333 0.027833001988071572
0 0.71796875 0.7509940357852882 0.009895833333333333 0.0268389662027833
0 0.8166666666666667 0.7435387673956262 0.015625 0.011928429423459244
0 0.6450520833333333 0.7594433399602386 0.019270833333333334 0.019880715705765408
0 0.32057291666666665 0.7678926441351889 0.0109375 0.02882703777335984
0 0.7052083333333333 0.7703777335984096 0.005208333333333333 0.03578528827037773
0 0.7796875 0.7713717693836978 0.00625 0.03578528827037773
0 0.8369791666666667 0.7594433399602386 0.013541666666666667 0.011928429423459244
0 0.8640625 0.7673956262425448 0.0125 0.027833001988071572
0 0.6153645833333333 0.7624254473161034 0.015104166666666667 0.013916500994035786
0 0.7322916666666667 0.7728628230616302 0.007291666666666667 0.03479125248508946
0 0.9848958333333333 0.7862823061630219 0.014583333333333334 0.04970178926441352
0 0.42526041666666664 0.7693836978131213 0.011979166666666667 0.007952286282306162
0 0.93671875 0.7718687872763419 0.0078125 0.012922465208747515
0 0.678125 0.7962226640159046 0.014583333333333334 0.027833001988071572
0 0.8057291666666667 0.8146123260437376 0.016666666666666666 0.06262425447316103
0 0.33229166666666665 0.8006958250497018 0.010416666666666666 0.020874751491053677
0 0.9122395833333333 0.8081510934393639 0.0140625 0.019880715705765408
0 0.20598958333333334 0.8136182902584493 0.018229166666666668 0.02485089463220676
0 0.6489583333333333 0.8325049701789264 0.005208333333333333 0.0268389662027833
0 0.6864583333333333 0.8553677932405567 0.011458333333333333 0.05467196819085487
0 0.5815104166666667 0.8409542743538767 0.008854166666666666 0.02186878727634195
0 0.7049479166666667 0.8469184890656064 0.022395833333333334 0.03180914512922465
0 0.7549479166666667 0.8474155069582505 0.0046875 0.03479125248508946
0 0.5643229166666667 0.8379721669980119 0.015104166666666667 0.009940357852882704
0 0.9364583333333333 0.8434393638170974 0.008333333333333333 0.018886679920477135
0 0.87421875 0.8489065606361829 0.011979166666666667 0.02186878727634195
0 0.8541666666666666 0.8479125248508946 0.014583333333333334 0.015904572564612324
0 0.6265625 0.8623260437375746 0.013541666666666667 0.02882703777335984
0 0.9091145833333333 0.8752485089463221 0.016145833333333335 0.04473161033797217
0 0.6502604166666667 0.885685884691849 0.015104166666666667 0.061630218687872766
0 0.6364583333333333 0.871272365805169 0.004166666666666667 0.02882703777335984
0 0.31979166666666664 0.8841948310139165 0.013541666666666667 0.03876739562624255
0 0.8458333333333333 0.8881709741550696 0.010416666666666666 0.036779324055666
0 0.8682291666666667 0.8941351888667992 0.011458333333333333 0.03876739562624255
0 0.29583333333333334 0.8966202783300199 0.011458333333333333 0.039761431411530816
0 0.6796875 0.9075546719681908 0.015625 0.02982107355864811
0 0.6153645833333333 0.9070576540755467 0.015104166666666667 0.02485089463220676
0 0.4479166666666667 0.9100397614314115 0.008333333333333333 0.0268389662027833
0 0.77578125 0.9090457256461233 0.0067708333333333336 0.0268389662027833
0 0.890625 0.9209741550695825 0.013541666666666667 0.040755467196819085
0 0.05546875 0.9209741550695825 0.019270833333333334 0.032803180914512925
0 0.5919270833333333 0.929920477137177 0.009895833333333333 0.048707753479125246
0 0.7598958333333333 0.9209741550695825 0.005208333333333333 0.0268389662027833
0 0.73046875 0.9214711729622267 0.013020833333333334 0.02186878727634195
0 0.5533854166666666 0.9319085487077535 0.009895833333333333 0.036779324055666
0 0.5721354166666667 0.9284294234592445 0.005729166666666666 0.027833001988071572
0 0.6640625 0.9264413518886679 0.004166666666666667 0.02584493041749503
0 0.17630208333333333 0.9319085487077535 0.0109375 0.02286282306163022
0 0.6536458333333334 0.9333996023856859 0.011458333333333333 0.02584493041749503
0 0.6158854166666666 0.9443339960238568 0.008854166666666666 0.041749502982107355
0 0.4552083333333333 0.9428429423459245 0.0125 0.0268389662027833
0 0.47213541666666664 0.937375745526839 0.0109375 0.015904572564612324
0 0.7802083333333333 0.9398608349900597 0.013541666666666667 0.018886679920477135
0 0.9260416666666667 0.9403578528827038 0.015625 0.017892644135188866
0 0.5359375 0.9587475149105368 0.008333333333333333 0.036779324055666
0 0.7541666666666667 0.955765407554672 0.008333333333333333 0.020874751491053677
0 0.346875 0.9572564612326043 0.015625 0.015904572564612324
0 0.8395833333333333 0.9756461232604374 0.014583333333333334 0.04671968190854871
0 0.44505208333333335 0.9637176938369781 0.011979166666666667 0.014910536779324055
0 0.5557291666666667 0.9781312127236581 0.011458333333333333 0.041749502982107355
0 0.6302083333333334 0.9706759443339961 0.007291666666666667 0.0268389662027833
0 0.9700520833333334 0.9781312127236581 0.018229166666666668 0.041749502982107355
0 0.92265625 0.9796222664015904 0.0171875 0.03876739562624255
0 0.6635416666666667 0.9845924453280318 0.015625 0.02882703777335984
0 0.30052083333333335 0.9850894632206759 0.017708333333333333 0.02186878727634195
0 0.7604166666666666 0.9870775347912525 0.009375 0.02385685884691849
0 0.5846354166666666 0.9895626242544732 0.016145833333333335 0.018886679920477135
0 0.6184895833333334 0.989065606361829 0.016145833333333335 0.019880715705765408