0 0.6822916666666666 0.009443339960238568 0.015625 0.018886679920477135
0 0.159375 0.003976143141153081 0.019791666666666666 0.007952286282306162
0 0.14192708333333334 0.0064612326043737576 0.008854166666666666 0.012922465208747515
0 0.4791666666666667 0.02286282306163022 0.008333333333333333 0.015904572564612324
0 0.16458333333333333 0.025347912524850896 0.00625 0.016898608349900597
0 0.6635416666666667 0.04671968190854871 0.013541666666666667 0.013916500994035786
0 0.27838541666666666 0.05616302186878728 0.021354166666666667 0.02286282306163022
0 0.04635416666666667 0.07107355864811134 0.014583333333333334 0.020874751491053677
0 0.4859375 0.0720675944333996 0.011458333333333333 0.018886679920477135
0 0.21536458333333333 0.09840954274353876 0.011979166666666667 0.02186878727634195
0 0.28046875 0.10139165009940358 0.013020833333333334 0.013916500994035786
0 0.7221354166666667 0.1058648111332008 0.008854166666666666 0.014910536779324055
0 0.08307291666666666 0.11182902584493042 0.011979166666666667 0.0268389662027833
0 0.5046875 0.1257455268389662 0.008333333333333333 0.014910536779324055
0 0.7153645833333333 0.13518886679920478 0.0067708333333333336 0.02385685884691849
0 0.11015625 0.13071570576540756 0.009895833333333333 0.012922465208747515
0 0.428125 0.14612326043737575 0.009375 0.019880715705765408
0 0.25807291666666665 0.1610337972166998 0.015104166666666667 0.019880715705765408
0 0.00703125 0.17345924453280318 0.013020833333333334 0.0268389662027833
0 0.4322916666666667 0.18588469184890655 0.005208333333333333 0.02186878727634195
0 0.6802083333333333 0.18141153081510936 0.007291666666666667 0.010934393638170975
0 0.20052083333333334 0.20576540755467196 0.0125 0.019880715705765408
0 0.32708333333333334 0.213220675944334 0.015625 0.012922465208747515
0 0.08984375 0.2331013916500994 0.0078125 0.0268389662027833
0 0.053125 0.2400596421471173 0.009375 0.0268389662027833
0 0.8333333333333334 0.2524850894632207 0.009375 0.015904572564612324
0 0.6328125 0.25695825049701787 0.013541666666666667 0.012922465208747515
0 0.34765625 0.2768389662027833 0.009895833333333333 0.02485089463220676
0 0.85 0.28330019880715707 0.009375 0.015904572564612324
0 0.005989583333333334 0.2937375745526839 0.0109375 0.030815109343936383
0 0.5239583333333333 0.2937375745526839 0.009375 0.014910536779324055
0 0.3528645833333333 0.31510934393638174 0.018229166666666668 0.019880715705765408
0 0.07890625 0.3250497017892644 0.011979166666666667 0.017892644135188866
0 0.52890625 0.33250497017892644 0.0067708333333333336 0.012922465208747515
0 0.36223958333333334 0.3503976143141153 0.011979166666666667 0.014910536779324055
0 0.05390625 0.36232604373757454 0.0078125 0.020874751491053677
0 0.28177083333333336 0.35834990059642147 0.0125 0.010934393638170975
0 0.47942708333333334 0.3682902584493042 0.0078125 0.012922465208747515
0 0.30703125 0.37077534791252487 0.015104166666666667 0.015904572564612324
0 0.23385416666666667 0.3772365805168986 0.005208333333333333 0.0268389662027833
0 0.19635416666666666 0.38916500994035785 0.00625 0.02485089463220676
0 0.5466145833333333 0.39363817097415504 0.009895833333333333 0.02584493041749503
0 0.16067708333333333 0.39214711729622265 0.013020833333333334 0.008946322067594433
0 0.534375 0.40506958250497016 0.005208333333333333 0.016898608349900597
0 0.3776041666666667 0.41699801192842945 0.014583333333333334 0.008946322067594433
0 0.004166666666666667 0.4418489065606362 0.007291666666666667 0.012922465208747515
0 0.2203125 0.44880715705765406 0.014583333333333334 0.010934393638170975
0 0.023958333333333335 0.4602385685884692 0.014583333333333334 0.03578528827037773
0 0.14427083333333332 0.4691848906560636 0.007291666666666667 0.02385685884691849
0 0.061197916666666664 0.5014910536779325 0.009895833333333333 0.02485089463220676
0 0.57578125 0.5054671968190855 0.0140625 0.012922465208747515
0 0.121875 0.5233598409542743 0.017708333333333333 0.02286282306163022
0 0.33567708333333335 0.5278330019880716 0.0078125 0.02385685884691849
0 0.69609375 0.5407554671968191 0.016145833333333335 0.009940357852882704
0 0.3692708333333333 0.5427435387673957 0.009375 0.011928429423459244
0 0.6807291666666667 0.5541749502982107 0.014583333333333334 0.02286282306163022
0 0.1734375 0.5820079522862823 0.010416666666666666 0.02286282306163022
0 0.18958333333333333 0.5815109343936382 0.0125 0.017892644135188866
0 0.92421875 0.5944333996023857 0.019270833333333334 0.02584493041749503
0 0.6268229166666667 0.6063618290258449 0.009895833333333333 0.011928429423459244
0 0.28411458333333334 0.6197813121272365 0.009895833333333333 0.02485089463220676
0 0.21927083333333333 0.6277335984095428 0.015625 0.036779324055666
0 0.3375 0.6361829025844931 0.007291666666666667 0.03180914512922465
0 0.06822916666666666 0.6322067594433399 0.014583333333333334 0.019880715705765408
0 0.49114583333333334 0.6540755467196819 0.010416666666666666 0.02385685884691849
0 0.353125 0.6565606361829026 0.00625 0.0268389662027833
0 0.2994791666666667 0.68389662027833 0.023958333333333335 0.05964214711729622
0 0.4192708333333333 0.6804174950298211 0.010416666666666666 0.04671968190854871
0 0.1671875 0.6694831013916501 0.009375 0.020874751491053677
0 0.033854166666666664 0.6719681908548708 0.011458333333333333 0.02584493041749503
0 0.20130208333333333 0.6824055666003976 0.008854166666666666 0.02286282306163022
0 0.27734375 0.7166998011928429 0.013020833333333334 0.015904572564612324
0 0.15364583333333334 0.7266401590457257 0.020833333333333332 0.019880715705765408
0 0.7549479166666667 0.7321073558648111 0.019270833333333334 0.02485089463220676
0 0.0890625 0.7465208747514911 0.023958333333333335 0.0536779324055666
0 0.21197916666666666 0.7331013916500994 0.013541666666666667 0.016898608349900597
0 0.29348958333333336 0.7340954274353877 0.013020833333333334 0.012922465208747515
0 0.9015625 0.7673956262425448 0.017708333333333333 0.05765407554671968
0 0.3828125 0.7470178926441352 0.009375 0.016898608349900597
0 0.1625 0.7693836978131213 0.009375 0.03180914512922465
0 0.24296875 0.768389662027833 0.009895833333333333 0.019880715705765408
0 0.5908854166666667 0.7718687872763419 0.013020833333333334 0.012922465208747515
0 0.26015625 0.7733598409542743 0.008854166666666666 0.017892644135188866
0 0.21041666666666667 0.7982107355864811 0.00625 0.03180914512922465
0 0.5401041666666667 0.8071570576540755 0.005208333333333333 0.02982107355864811
0 0.3606770833333333 0.8116302186878728 0.0078125 0.03876739562624255
0 0.19427083333333334 0.8061630218687873 0.011458333333333333 0.019880715705765408
0 0.21666666666666667 0.8210735586481114 0.010416666666666666 0.011928429423459244
0 0.36666666666666664 0.8364811133200796 0.005208333333333333 0.016898608349900597
0 0.1875 0.8469184890656064 0.0125 0.02186878727634195
0 0.20963541666666666 0.8583499005964215 0.011979166666666667 0.0268389662027833
0 0.3453125 0.8588469184890656 0.00625 0.02584493041749503
0 0.31744791666666666 0.8697813121272365 0.0171875 0.039761431411530816
0 0.903125 0.8737574552683897 0.011458333333333333 0.039761431411530816
0 0.13984375 0.8752485089463221 0.008854166666666666 0.030815109343936383
0 0.0546875 0.8772365805168986 0.011458333333333333 0.02882703777335984
0 0.4552083333333333 0.8722664015904572 0.014583333333333334 0.010934393638170975
0 0.26458333333333334 0.8772365805168986 0.011458333333333333 0.020874751491053677
0 0.9817708333333334 0.8817097415506958 0.019791666666666666 0.02186878727634195
0 0.3880208333333333 0.8836978131212724 0.005208333333333333 0.02584493041749503
0 0.4041666666666667 0.8936381709741551 0.016666666666666666 0.03578528827037773
0 0.30494791666666665 0.897117296222664 0.009895833333333333 0.036779324055666
0 0.47552083333333334 0.8921471172962226 0.008333333333333333 0.02286282306163022
0 0.5666666666666667 0.8961232604373758 0.014583333333333334 0.010934393638170975
0 0.25104166666666666 0.9030815109343936 0.026041666666666668 0.02485089463220676
0 0.2903645833333333 0.9125248508946322 0.013020833333333334 0.033797216699801194
0 0.096875 0.9055666003976143 0.017708333333333333 0.017892644135188866
0 0.16041666666666668 0.9165009940357853 0.005208333333333333 0.02186878727634195
0 0.4546875 0.9463220675944334 0.00625 0.02982107355864811
0 0.29791666666666666 0.9662027833001988 0.013541666666666667 0.015904572564612324
0 0.39140625 0.9716699801192843 0.011979166666666667 0.02485089463220676
0 0.26171875 0.9801192842942346 0.0046875 0.02982107355864811
0 0.34713541666666664 0.9811133200795229 0.011979166666666667 0.02385685884691849
0 0.27578125 0.9895626242544732 0.008854166666666666 0.018886679920477135
0 0.09973958333333334 0.989065606361829 0.0109375 0.019880715705765408
0 0.221875 0.9930417495029821 0.013541666666666667 0.011928429423459244