0 0.50234375 0.006958250497017893 0.008854166666666666 0.013916500994035786
0 0.44895833333333335 0.006958250497017893 0.010416666666666666 0.013916500994035786
0 0.17421875 0.01143141153081511 0.009895833333333333 0.02286282306163022
0 0.3502604166666667 0.045228628230616304 0.009895833333333333 0.020874751491053677
0 0.5963541666666666 0.06262425447316103 0.013541666666666667 0.015904572564612324
0 0.8138020833333334 0.10039761431411531 0.0109375 0.0437375745526839
0 0.69453125 0.0889662027833002 0.016145833333333335 0.016898608349900597
0 0.60546875 0.09294234592445327 0.016145833333333335 0.016898608349900597
0 0.32421875 0.10188866799204771 0.0067708333333333336 0.018886679920477135
0 0.9625 0.10884691848906561 0.008333333333333333 0.012922465208747515
0 0.5869791666666667 0.11481113320079522 0.011458333333333333 0.020874751491053677
0 0.6158854166666666 0.1466202783300199 0.016145833333333335 0.03479125248508946
0 0.565625 0.14165009940357853 0.01875 0.02286282306163022
0 0.4390625 0.15805168986083498 0.009375 0.03180914512922465
0 0.921875 0.16153081510934394 0.019791666666666666 0.0268389662027833
0 0.371875 0.17693836978131214 0.008333333333333333 0.039761431411530816
0 0.7104166666666667 0.1779324055666004 0.020833333333333332 0.02385685884691849
0 0.97578125 0.1863817097415507 0.016145833333333335 0.032803180914512925
0 0.7901041666666667 0.1893638170974155 0.009375 0.02882703777335984
0 0.4317708333333333 0.1878727634194831 0.007291666666666667 0.027833001988071572
0 0.5854166666666667 0.1963220675944334 0.01875 0.016898608349900597
0 0.6479166666666667 0.1978131212723658 0.020833333333333332 0.015904572564612324
0 0.3580729166666667 0.2301192842942346 0.015104166666666667 0.02485089463220676
0 0.6572916666666667 0.2345924453280318 0.009375 0.02982107355864811
0 0.60234375 0.2524850894632207 0.025520833333333333 0.04572564612326044
0 0.6263020833333334 0.25347912524850896 0.016145833333333335 0.03180914512922465
0 0.6934895833333333 0.2634194831013916 0.015104166666666667 0.02385685884691849
0 0.5565104166666667 0.28180914512922467 0.0140625 0.016898608349900597
0 0.8317708333333333 0.28578528827037775 0.019791666666666666 0.014910536779324055
0 0.6940104166666666 0.2962226640159046 0.0203125 0.019880715705765408
0 0.53203125 0.31262425447316106 0.019270833333333334 0.040755467196819085
0 0.5932291666666667 0.33001988071570576 0.014583333333333334 0.041749502982107355
0 0.76796875 0.33250497017892644 0.0067708333333333336 0.02485089463220676
0 0.7330729166666666 0.3429423459244533 0.018229166666666668 0.02385685884691849
0 0.6098958333333333 0.3384691848906561 0.014583333333333334 0.014910536779324055
0 0.5565104166666667 0.3394632206759443 0.0171875 0.014910536779324055
0 0.6703125 0.3628230616302187 0.008333333333333333 0.04771371769383698
0 0.7125 0.36779324055666 0.010416666666666666 0.041749502982107355
0 0.7911458333333333 0.35685884691848907 0.008333333333333333 0.015904572564612324
0 0.5796875 0.37475149105367794 0.016666666666666666 0.04771371769383698
0 0.8015625 0.3697813121272366 0.008333333333333333 0.027833001988071572
0 0.44869791666666664 0.36182902584493043 0.018229166666666668 0.011928429423459244
0 0.509375 0.3663021868787276 0.01875 0.018886679920477135
0 0.67890625 0.3946322067594433 0.024479166666666666 0.05964214711729622
0 0.790625 0.3871769383697813 0.013541666666666667 0.0268389662027833
0 0.7572916666666667 0.397117296222664 0.016666666666666666 0.040755467196819085
0 0.8247395833333333 0.3956262425447316 0.009895833333333333 0.02982107355864811
0 0.8578125 0.40407554671968193 0.008333333333333333 0.016898608349900597
0 0.53203125 0.4120278330019881 0.022395833333333334 0.018886679920477135
0 0.2125 0.41600397614314116 0.016666666666666666 0.012922465208747515
0 0.6247395833333333 0.4388667992047714 0.0109375 0.03479125248508946
0 0.6424479166666667 0.44532803180914515 0.019270833333333334 0.041749502982107355
0 0.8510416666666667 0.4438369781312127 0.014583333333333334 0.010934393638170975
0 0.52421875 0.4537773359840954 0.028645833333333332 0.030815109343936383
0 0.17447916666666666 0.4552683896620278 0.008333333333333333 0.02385685884691849
0 0.55703125 0.46222664015904574 0.0109375 0.019880715705765408
0 0.62265625 0.4870775347912525 0.0265625 0.04572564612326044
0 0.6640625 0.4865805168986084 0.013541666666666667 0.03876739562624255
0 0.75078125 0.4746520874751491 0.018229166666666668 0.012922465208747515
0 0.8401041666666667 0.49055666003976145 0.016666666666666666 0.0268389662027833
0 0.9690104166666667 0.49353876739562624 0.0067708333333333336 0.012922465208747515
0 0.5169270833333334 0.4955268389662028 0.019270833333333334 0.016898608349900597
0 0.8171875 0.5253479125248509 0.019791666666666666 0.06262425447316103
0 0.5372395833333333 0.510934393638171 0.021354166666666667 0.02186878727634195
0 0.5986979166666667 0.5188866799204771 0.0203125 0.02982107355864811
0 0.36953125 0.5094433399602386 0.013020833333333334 0.008946322067594433
0 0.4479166666666667 0.5208747514910537 0.014583333333333334 0.007952286282306162
0 0.5263020833333333 0.5303180914512923 0.019270833333333334 0.012922465208747515
0 0.6653645833333334 0.5352882703777336 0.009895833333333333 0.016898608349900597
0 0.5838541666666667 0.5432405566600398 0.007291666666666667 0.030815109343936383
0 0.91953125 0.5497017892644135 0.018229166666666668 0.03777335984095427
0 0.6307291666666667 0.5521868787276342 0.014583333333333334 0.03876739562624255
0 0.775 0.5506958250497018 0.009375 0.027833001988071572
0 0.671875 0.5482107355864811 0.007291666666666667 0.012922465208747515
0 0.5346354166666667 0.5526838966202783 0.008854166666666666 0.011928429423459244
0 0.2859375 0.5621272365805169 0.014583333333333334 0.030815109343936383
0 0.5739583333333333 0.5675944333996024 0.014583333333333334 0.019880715705765408
0 0.8677083333333333 0.5745526838966203 0.0125 0.027833001988071572
0 0.5971354166666667 0.5795228628230616 0.021354166666666667 0.03578528827037773
0 0.3098958333333333 0.5929423459244533 0.016666666666666666 0.042743538767395624
0 0.8830729166666667 0.5934393638170974 0.013020833333333334 0.02385685884691849
0 0.8270833333333333 0.6078528827037774 0.015625 0.02485089463220676
0 0.7880208333333333 0.6133200795228628 0.015625 0.027833001988071572
0 0.7557291666666667 0.6197813121272365 0.0125 0.03479125248508946
0 0.6125 0.614314115308151 0.005208333333333333 0.02186878727634195
0 0.4830729166666667 0.6277335984095428 0.0078125 0.036779324055666
0 0.6971354166666667 0.628727634194831 0.022395833333333334 0.02286282306163022
0 0.5901041666666667 0.6555666003976143 0.025 0.05467196819085487
0 0.6395833333333333 0.639662027833002 0.00625 0.016898608349900597
0 0.5549479166666667 0.6630218687872763 0.0140625 0.015904572564612324
0 0.86640625 0.6679920477137177 0.013020833333333334 0.017892644135188866
0 0.6197916666666666 0.687375745526839 0.007291666666666667 0.0268389662027833
0 0.32083333333333336 0.6923459244532804 0.010416666666666666 0.012922465208747515
0 0.4388020833333333 0.6968190854870775 0.018229166666666668 0.019880715705765408
0 0.69765625 0.7032803180914513 0.016145833333333335 0.012922465208747515
0 0.2453125 0.7201789264413518 0.014583333333333334 0.03479125248508946
0 0.8359375 0.7380715705765407 0.008333333333333333 0.030815109343936383
0 0.8979166666666667 0.7420477137176938 0.0125 0.032803180914512925
0 0.9302083333333333 0.7470178926441352 0.0125 0.036779324055666
0 0.5604166666666667 0.76441351888668 0.004166666666666667 0.02982107355864811
0 0.8723958333333334 0.7688866799204771 0.01875 0.032803180914512925
0 0.7604166666666666 0.808648111332008 0.023958333333333335 0.020874751491053677
0 0.10677083333333333 0.8235586481113321 0.011458333333333333 0.03479125248508946
0 0.9924479166666667 0.8374751491053678 0.015104166666666667 0.040755467196819085
0 0.8653645833333333 0.8533797216699801 0.005729166666666666 0.03479125248508946
0 0.5434895833333333 0.8424453280318092 0.0171875 0.010934393638170975
0 0.040625 0.8553677932405567 0.014583333333333334 0.0268389662027833
0 0.8989583333333333 0.8707753479125249 0.015625 0.041749502982107355
0 0.9533854166666667 0.8722664015904572 0.025520833333333333 0.03479125248508946
0 0.109375 0.871272365805169 0.015625 0.0268389662027833
0 0.9161458333333333 0.8722664015904572 0.009375 0.02286282306163022
0 0.6911458333333333 0.8836978131212724 0.011458333333333333 0.013916500994035786
0 0.89140625 0.9075546719681908 0.0265625 0.03578528827037773
0 0.31171875 0.9160039761431411 0.0109375 0.05069582504970179
0 0.9393229166666667 0.9165009940357853 0.022395833333333334 0.03578528827037773
0 0.7734375 0.9135188866799204 0.008333333333333333 0.011928429423459244
0 0.9575520833333333 0.9393638170974155 0.018229166666666668 0.03180914512922465
0 0.7674479166666667 0.9314115308151093 0.0109375 0.015904572564612324
0 0.2872395833333333 0.9378727634194831 0.0171875 0.020874751491053677
0 0.3033854166666667 0.9438369781312127 0.008854166666666666 0.014910536779324055