0 0.821875 0.019383697813121274 0.016666666666666666 0.03876739562624255
0 0.6026041666666667 0.01143141153081511 0.017708333333333333 0.02286282306163022
0 0.05026041666666667 0.002982107355864811 0.019270833333333334 0.005964214711729622
0 0.5502604166666667 0.02286282306163022 0.008854166666666666 0.027833001988071572
0 0.4973958333333333 0.03876739562624255 0.00625 0.03578528827037773
0 0.7994791666666666 0.04821073558648111 0.015625 0.040755467196819085
0 0.08802083333333334 0.06709741550695825 0.015625 0.030815109343936383
0 0.5341145833333333 0.07952286282306163 0.0078125 0.02186878727634195
0 0.5098958333333333 0.09145129224652088 0.00625 0.03777335984095427
0 0.07395833333333333 0.08151093439363817 0.007291666666666667 0.017892644135188866
0 0.975 0.11530815109343936 0.015625 0.039761431411530816
0 0.5393229166666667 0.12375745526838966 0.0234375 0.030815109343936383
0 0.52578125 0.11630218687872763 0.0109375 0.011928429423459244
0 0.3458333333333333 0.13916500994035785 0.017708333333333333 0.02385685884691849
0 0.49947916666666664 0.1386679920477137 0.011458333333333333 0.014910536779324055
0 0.8432291666666667 0.147117296222664 0.027083333333333334 0.02186878727634195
0 0.5434895833333333 0.15109343936381708 0.0140625 0.019880715705765408
0 0.7434895833333334 0.15904572564612326 0.021354166666666667 0.027833001988071572
0 0.04869791666666667 0.17047713717693838 0.0140625 0.036779324055666
0 0.39791666666666664 0.16898608349900596 0.019791666666666666 0.02186878727634195
0 0.5515625 0.1779324055666004 0.013541666666666667 0.02385685884691849
0 0.7317708333333334 0.18389662027833 0.019791666666666666 0.03180914512922465
0 0.5135416666666667 0.19532803180914513 0.01875 0.032803180914512925
0 0.9098958333333333 0.2047713717693837 0.030208333333333334 0.03180914512922465
0 0.4518229166666667 0.21222664015904572 0.011979166666666667 0.02286282306163022
0 0.4278645833333333 0.21421471172962225 0.016145833333333335 0.02286282306163022
0 0.5013020833333334 0.2286282306163022 0.0296875 0.03180914512922465
0 0.5265625 0.22962226640159045 0.013541666666666667 0.02584493041749503
0 0.728125 0.2276341948310139 0.008333333333333333 0.017892644135188866
0 0.66171875 0.24502982107355864 0.011979166666666667 0.02882703777335984
0 0.6255208333333333 0.2698807157057654 0.013541666666666667 0.05467196819085487
0 0.99296875 0.2664015904572565 0.0140625 0.02385685884691849
0 0.14609375 0.27335984095427435 0.008854166666666666 0.03777335984095427
0 0.5458333333333333 0.29174950298210733 0.015625 0.0268389662027833
0 0.903125 0.31709741550695825 0.015625 0.06560636182902585
0 0.6296875 0.31312127236580517 0.019791666666666666 0.013916500994035786
0 0.5872395833333334 0.32703777335984097 0.0078125 0.041749502982107355
0 0.6713541666666667 0.3503976143141153 0.023958333333333335 0.018886679920477135
0 0.6401041666666667 0.36133200795228626 0.007291666666666667 0.040755467196819085
0 0.9421875 0.3643141153081511 0.0125 0.040755467196819085
0 0.5270833333333333 0.3518886679920477 0.010416666666666666 0.011928429423459244
0 0.9765625 0.36530815109343934 0.019791666666666666 0.02485089463220676
0 0.3880208333333333 0.3697813121272366 0.0125 0.027833001988071572
0 0.61015625 0.3687872763419483 0.008854166666666666 0.013916500994035786
0 0.31223958333333335 0.3817097415506958 0.0171875 0.017892644135188866
0 0.7205729166666667 0.38966202783300197 0.008854166666666666 0.02982107355864811
0 0.278125 0.3817097415506958 0.00625 0.013916500994035786
0 0.5611979166666666 0.38469184890656066 0.018229166666666668 0.013916500994035786
0 0.8205729166666667 0.39314115308151093 0.0171875 0.018886679920477135
0 0.990625 0.40457256461232605 0.01875 0.03180914512922465
0 0.6880208333333333 0.4135188866799205 0.015625 0.0437375745526839
0 0.65859375 0.4010934393638171 0.025520833333333333 0.018886679920477135
0 0.6278645833333333 0.4010934393638171 0.008854166666666666 0.018886679920477135
0 0.38776041666666666 0.40407554671968193 0.011979166666666667 0.02485089463220676
0 0.5953125 0.42196819085487075 0.009375 0.042743538767395624
0 0.8942708333333333 0.43240556660039764 0.0375 0.0437375745526839
0 0.6080729166666666 0.4254473161033797 0.008854166666666666 0.02584493041749503
0 0.5729166666666666 0.452286282306163 0.01875 0.0636182902584493
0 0.4908854166666667 0.4274353876739563 0.0067708333333333336 0.013916500994035786
0 0.6609375 0.43489065606361826 0.0125 0.020874751491053677
0 0.6322916666666667 0.44582504970178927 0.014583333333333334 0.03876739562624255
0 0.24427083333333333 0.4507952286282306 0.011458333333333333 0.048707753479125246
0 0.4674479166666667 0.45278330019880714 0.013020833333333334 0.03876739562624255
0 0.9778645833333334 0.4537773359840954 0.009895833333333333 0.02286282306163022
0 0.8635416666666667 0.46520874751491054 0.01875 0.03777335984095427
0 0.6885416666666667 0.4716699801192843 0.019791666666666666 0.02882703777335984
0 0.54140625 0.4831013916500994 0.0140625 0.039761431411530816
0 0.63515625 0.49403578528827036 0.008854166666666666 0.03180914512922465
0 0.6111979166666667 0.4985089463220676 0.027604166666666666 0.03876739562624255
0 0.50234375 0.4900596421471173 0.015104166666666667 0.015904572564612324
0 0.44765625 0.5104373757455268 0.0109375 0.05467196819085487
0 0.8557291666666667 0.5044731610337972 0.015625 0.014910536779324055
0 0.33697916666666666 0.5039761431411531 0.019791666666666666 0.013916500994035786
0 0.5838541666666667 0.5124254473161034 0.017708333333333333 0.02882703777335984
0 0.5723958333333333 0.5288270377733598 0.01875 0.0536779324055666
0 0.7411458333333333 0.5193836978131213 0.016666666666666666 0.02882703777335984
0 0.71796875 0.5154075546719682 0.0203125 0.014910536779324055
0 0.33229166666666665 0.5347912524850894 0.013541666666666667 0.03180914512922465
0 0.6208333333333333 0.532803180914513 0.008333333333333333 0.019880715705765408
0 0.846875 0.547713717693837 0.016666666666666666 0.03777335984095427
0 0.7166666666666667 0.5452286282306164 0.014583333333333334 0.0268389662027833
0 0.596875 0.5541749502982107 0.009375 0.042743538767395624
0 0.5229166666666667 0.5561630218687873 0.014583333333333334 0.04671968190854871
0 0.68515625 0.5566600397614314 0.018229166666666668 0.017892644135188866
0 0.9377604166666667 0.5740556660039762 0.015104166666666667 0.030815109343936383
0 0.6236979166666666 0.5740556660039762 0.0203125 0.030815109343936383
0 0.22838541666666667 0.5760437375745527 0.0203125 0.0268389662027833
0 0.5411458333333333 0.5904572564612326 0.00625 0.02385685884691849
0 0.9484375 0.6192842942345924 0.020833333333333332 0.03777335984095427
0 0.66171875 0.621272365805169 0.0140625 0.02584493041749503
0 0.8864583333333333 0.6346918489065606 0.040625 0.040755467196819085
0 0.5385416666666667 0.6336978131212724 0.016666666666666666 0.016898608349900597
0 0.9830729166666666 0.6550695825049702 0.021354166666666667 0.033797216699801194
0 0.8427083333333333 0.658051689860835 0.008333333333333333 0.019880715705765408
0 0.4549479166666667 0.6635188866799204 0.008854166666666666 0.032803180914512925
0 0.4752604166666667 0.6819085487077535 0.021354166666666667 0.055666003976143144
0 0.058333333333333334 0.6665009940357853 0.022916666666666665 0.0268389662027833
0 0.925 0.6784294234592445 0.022916666666666665 0.036779324055666
0 0.709375 0.6819085487077535 0.013541666666666667 0.03777335984095427
0 0.49635416666666665 0.6784294234592445 0.016666666666666666 0.02485089463220676
0 0.5809895833333333 0.679920477137177 0.025520833333333333 0.02584493041749503
0 0.75859375 0.687375745526839 0.0203125 0.036779324055666
0 0.6286458333333333 0.6888667992047713 0.0125 0.039761431411530816
0 0.5661458333333333 0.6988071570576541 0.008333333333333333 0.02186878727634195
0 0.8828125 0.7017892644135189 0.020833333333333332 0.019880715705765408
0 0.75 0.7047713717693836 0.0125 0.013916500994035786
0 0.4934895833333333 0.7102385685884692 0.013020833333333334 0.02485089463220676
0 0.6346354166666667 0.7256461232604374 0.005729166666666666 0.033797216699801194
0 0.553125 0.7331013916500994 0.007291666666666667 0.018886679920477135
0 0.6122395833333333 0.75 0.0078125 0.012922465208747515
0 0.5979166666666667 0.7599403578528827 0.011458333333333333 0.014910536779324055
0 0.8026041666666667 0.7847912524850894 0.01875 0.03876739562624255
0 0.9309895833333334 0.7783300198807157 0.008854166666666666 0.019880715705765408
0 0.4609375 0.7768389662027833 0.009375 0.014910536779324055
0 0.2908854166666667 0.7842942345924453 0.015104166666666667 0.011928429423459244
0 0.17291666666666666 0.7937375745526839 0.013541666666666667 0.02882703777335984
0 0.7354166666666667 0.8141153081510935 0.013541666666666667 0.019880715705765408
0 0.6721354166666667 0.8300198807157058 0.04114583333333333 0.03180914512922465
0 0.59140625 0.8260437375745527 0.0140625 0.017892644135188866
0 0.5247395833333334 0.8295228628230616 0.0171875 0.02485089463220676
0 0.9763020833333333 0.8290258449304175 0.008854166666666666 0.017892644135188866
0 0.7182291666666667 0.8389662027833003 0.00625 0.03578528827037773
0 0.7859375 0.8305168986083499 0.01875 0.012922465208747515
0 0.81484375 0.8484095427435387 0.016145833333333335 0.032803180914512925
0 0.9609375 0.8513916500994035 0.019791666666666666 0.032803180914512925
0 0.5481770833333334 0.845427435387674 0.015104166666666667 0.02286282306163022
0 0.63125 0.8638170974155069 0.007291666666666667 0.019880715705765408
0 0.5098958333333333 0.8757455268389662 0.005208333333333333 0.02584493041749503
0 0.8197916666666667 0.8802186878727635 0.011458333333333333 0.0268389662027833
0 0.6424479166666667 0.9000994035785288 0.015104166666666667 0.048707753479125246
0 0.7388020833333333 0.8921471172962226 0.009895833333333333 0.016898608349900597
0 0.5708333333333333 0.8976143141153081 0.014583333333333334 0.02186878727634195
0 0.80078125 0.9075546719681908 0.021354166666666667 0.019880715705765408
0 0.77265625 0.9120278330019881 0.008854166666666666 0.02882703777335984
0 0.9580729166666667 0.9319085487077535 0.013020833333333334 0.036779324055666
0 0.7325520833333333 0.9284294234592445 0.0203125 0.02385685884691849
0 0.5479166666666667 0.9527833001988072 0.014583333333333334 0.0268389662027833
0 0.4348958333333333 0.9607355864811133 0.027083333333333334 0.02485089463220676
0 0.9786458333333333 0.9756461232604374 0.026041666666666668 0.04671968190854871
0 0.7643229166666666 0.9850894632206759 0.0234375 0.027833001988071572
0 0.4901041666666667 0.9850894632206759 0.015625 0.027833001988071572
0 0.3619791666666667 0.9826043737574552 0.00625 0.02286282306163022
0 0.54453125 0.9850894632206759 0.008854166666666666 0.011928429423459244