0 0.9919270833333333 0.003976143141153081 0.016145833333333335 0.007952286282306162
0 0.30052083333333335 0.0064612326043737576 0.008333333333333333 0.012922465208747515
0 0.08802083333333334 0.009443339960238568 0.013541666666666667 0.018886679920477135
0 0.025260416666666667 0.0034791252485089465 0.019270833333333334 0.006958250497017893
0 0.3875 0.016898608349900597 0.008333333333333333 0.009940357852882704
0 0.07916666666666666 0.0437375745526839 0.011458333333333333 0.033797216699801194
0 0.09427083333333333 0.040755467196819085 0.013541666666666667 0.019880715705765408
0 0.0078125 0.07007952286282307 0.014583333333333334 0.05467196819085487
0 0.80703125 0.06610337972166998 0.013020833333333334 0.02882703777335984
0 0.128125 0.061630218687872766 0.015625 0.017892644135188866
0 0.065625 0.07107355864811134 0.01875 0.018886679920477135
0 0.16901041666666666 0.0989065606361829 0.0234375 0.030815109343936383
0 0.23776041666666667 0.09791252485089463 0.0109375 0.0268389662027833
0 0.8122395833333333 0.09791252485089463 0.0078125 0.020874751491053677
0 0.08697916666666666 0.12077534791252485 0.011458333333333333 0.016898608349900597
0 0.12161458333333333 0.12773359840954274 0.011979166666666667 0.02485089463220676
0 0.6713541666666667 0.12375745526838966 0.008333333333333333 0.008946322067594433
0 0.7216145833333333 0.14761431411530815 0.022395833333333334 0.03876739562624255
0 0.09375 0.1411530815109344 0.013541666666666667 0.02385685884691849
0 0.46458333333333335 0.1496023856858847 0.014583333333333334 0.0268389662027833
0 0.39166666666666666 0.15357852882703776 0.005208333333333333 0.014910536779324055
0 0.7002604166666667 0.21023856858846918 0.0140625 0.04671968190854871
0 0.52265625 0.20825049701789264 0.008854166666666666 0.02485089463220676
0 0.12708333333333333 0.21073558648111332 0.011458333333333333 0.013916500994035786
0 0.14817708333333332 0.22216699801192843 0.011979166666666667 0.014910536779324055
0 0.26953125 0.23956262425447317 0.0078125 0.02584493041749503
0 0.07578125 0.2544731610337972 0.0140625 0.009940357852882704
0 0.00390625 0.2634194831013916 0.0067708333333333336 0.015904572564612324
0 0.44869791666666664 0.28677932405566603 0.015104166666666667 0.016898608349900597
0 0.31692708333333336 0.3036779324055666 0.0109375 0.010934393638170975
0 0.03125 0.31809145129224653 0.011458333333333333 0.02584493041749503
0 0.20182291666666666 0.34791252485089463 0.005729166666666666 0.02385685884691849
0 0.10833333333333334 0.34592445328031807 0.010416666666666666 0.019880715705765408
0 0.23541666666666666 0.3518886679920477 0.027083333333333334 0.02982107355864811
0 0.02578125 0.35636182902584496 0.0109375 0.032803180914512925
0 0.14609375 0.35785288270377735 0.013020833333333334 0.027833001988071572
0 0.3815104166666667 0.35934393638170975 0.0046875 0.02286282306163022
0 0.4440104166666667 0.36033797216699803 0.005729166666666666 0.014910536779324055
0 0.0578125 0.3667992047713718 0.009375 0.02385685884691849
0 0.9932291666666667 0.3697813121272366 0.013541666666666667 0.017892644135188866
0 0.22890625 0.37673956262425445 0.0046875 0.02385685884691849
0 0.2755208333333333 0.37475149105367794 0.013541666666666667 0.007952286282306162
0 0.0828125 0.3911530815109344 0.011458333333333333 0.03479125248508946
0 0.20572916666666666 0.3986083499005964 0.01875 0.03777335984095427
0 0.2830729166666667 0.40407554671968193 0.011979166666666667 0.016898608349900597
0 0.24270833333333333 0.4304174950298211 0.01875 0.027833001988071572
0 0.11536458333333334 0.4731610337972167 0.019270833333333334 0.017892644135188866
0 0.2677083333333333 0.4900596421471173 0.017708333333333333 0.02982107355864811
0 0.16276041666666666 0.4821073558648111 0.0140625 0.009940357852882704
0 0.016666666666666666 0.5154075546719682 0.015625 0.05268389662027833
0 0.20442708333333334 0.5049701789264414 0.018229166666666668 0.02584493041749503
0 0.8341145833333333 0.5104373757455268 0.0078125 0.014910536779324055
0 0.12630208333333334 0.5397614314115308 0.009895833333333333 0.02982107355864811
0 0.23697916666666666 0.55168986083499 0.009375 0.03180914512922465
0 0.47630208333333335 0.5745526838966203 0.009895833333333333 0.04970178926441352
0 0.3919270833333333 0.584493041749503 0.0067708333333333336 0.03578528827037773
0 0.484375 0.5969184890656064 0.011458333333333333 0.02485089463220676
0 0.1859375 0.5944333996023857 0.011458333333333333 0.02186878727634195
0 0.046614583333333334 0.6292246520874751 0.008854166666666666 0.019880715705765408
0 0.34817708333333336 0.661530815109344 0.0140625 0.018886679920477135
0 0.11744791666666667 0.661530815109344 0.016145833333333335 0.016898608349900597
0 0.225 0.6764413518886679 0.008333333333333333 0.0268389662027833
0 0.13802083333333334 0.6764413518886679 0.009375 0.0268389662027833
0 0.1859375 0.679920477137177 0.0125 0.02385685884691849
0 0.2921875 0.6779324055666004 0.014583333333333334 0.015904572564612324
0 0.25234375 0.6824055666003976 0.005729166666666666 0.02485089463220676
0 0.27239583333333334 0.6858846918489065 0.016666666666666666 0.02584493041749503
0 0.9908854166666666 0.6878727634194831 0.009895833333333333 0.02584493041749503
0 0.20546875 0.7032803180914513 0.0109375 0.040755467196819085
0 0.07552083333333333 0.7117296222664016 0.016666666666666666 0.05765407554671968
0 0.15442708333333333 0.7092445328031809 0.030729166666666665 0.04671968190854871
0 0.9763020833333333 0.7276341948310139 0.027604166666666666 0.05964214711729622
0 0.33359375 0.7127236580516899 0.009895833333333333 0.02385685884691849
0 0.1875 0.7211729622266402 0.020833333333333332 0.03876739562624255
0 0.22864583333333333 0.713220675944334 0.007291666666666667 0.020874751491053677
0 0.278125 0.7236580516898609 0.014583333333333334 0.011928429423459244
0 0.0026041666666666665 0.731610337972167 0.004166666666666667 0.027833001988071572
0 0.946875 0.7370775347912525 0.015625 0.032803180914512925
0 0.15520833333333334 0.7460238568588469 0.007291666666666667 0.016898608349900597
0 0.23385416666666667 0.7509940357852882 0.011458333333333333 0.02286282306163022
0 0.21796875 0.7654075546719682 0.009895833333333333 0.011928429423459244
0 0.9020833333333333 0.7857852882703777 0.009375 0.030815109343936383
0 0.23463541666666668 0.7803180914512923 0.0067708333333333336 0.017892644135188866
0 0.17838541666666666 0.7892644135188867 0.009895833333333333 0.02584493041749503
0 0.45390625 0.7862823061630219 0.015104166666666667 0.007952286282306162
0 0.22760416666666666 0.7952286282306164 0.005208333333333333 0.017892644135188866
0 0.051041666666666666 0.8026838966202783 0.009375 0.030815109343936383
0 0.38385416666666666 0.7967196819085487 0.016666666666666666 0.012922465208747515
0 0.3651041666666667 0.8031809145129225 0.013541666666666667 0.011928429423459244
0 0.11328125 0.8146123260437376 0.008854166666666666 0.010934393638170975
0 0.39296875 0.8225646123260437 0.011979166666666667 0.02485089463220676
0 0.31015625 0.8215705765407555 0.0109375 0.008946322067594433
0 0.2864583333333333 0.8300198807157058 0.010416666666666666 0.013916500994035786
0 0.4140625 0.8389662027833003 0.009375 0.02186878727634195
0 0.340625 0.841948310139165 0.011458333333333333 0.02385685884691849
0 0.45338541666666665 0.8503976143141153 0.0109375 0.012922465208747515
0 0.39479166666666665 0.8543737574552683 0.008333333333333333 0.020874751491053677
0 0.9104166666666667 0.8633200795228628 0.017708333333333333 0.03479125248508946
0 0.36223958333333334 0.852882703777336 0.0171875 0.013916500994035786
0 0.43984375 0.8638170974155069 0.0067708333333333336 0.017892644135188866
0 0.3807291666666667 0.8667992047713717 0.011458333333333333 0.02584493041749503
0 0.9309895833333334 0.8866799204771372 0.018229166666666668 0.041749502982107355
0 0.3341145833333333 0.8807157057654076 0.011979166666666667 0.015904572564612324
0 0.30546875 0.9060636182902585 0.030729166666666665 0.042743538767395624
0 0.90625 0.8996023856858847 0.020833333333333332 0.027833001988071572
0 0.33255208333333336 0.9085487077534792 0.0078125 0.033797216699801194
0 0.21432291666666667 0.9169980119284294 0.008854166666666666 0.036779324055666
0 0.39088541666666665 0.9140159045725647 0.013020833333333334 0.02485089463220676
0 0.27005208333333336 0.9179920477137177 0.009895833333333333 0.02485089463220676
0 0.16458333333333333 0.9274353876739563 0.00625 0.02982107355864811
0 0.37395833333333334 0.9408548707753479 0.016666666666666666 0.040755467196819085
0 0.9557291666666666 0.9353876739562624 0.007291666666666667 0.019880715705765408
0 0.3190104166666667 0.9329025844930418 0.0140625 0.012922465208747515
0 0.3072916666666667 0.9383697813121272 0.010416666666666666 0.015904572564612324
0 0.29609375 0.9378727634194831 0.008854166666666666 0.010934393638170975
0 0.3919270833333333 0.9498011928429424 0.0078125 0.02882703777335984
0 0.24427083333333333 0.9478131212723658 0.010416666666666666 0.016898608349900597
0 0.18567708333333333 0.9562624254473161 0.0109375 0.019880715705765408
0 0.16692708333333334 0.9607355864811133 0.0203125 0.0268389662027833
0 0.2875 0.9657057654075547 0.010416666666666666 0.020874751491053677
0 0.053125 0.9666998011928429 0.013541666666666667 0.02286282306163022
0 0.30833333333333335 0.967196819085487 0.008333333333333333 0.019880715705765408
0 0.48541666666666666 0.9766401590457257 0.013541666666666667 0.014910536779324055
0 0.40651041666666665 0.9845924453280318 0.008854166666666666 0.02882703777335984
0 0.35078125 0.98558648111332 0.0046875 0.0268389662027833
0 0.22708333333333333 0.989065606361829 0.030208333333333334 0.019880715705765408