0 0.00078125 0.021371769383697812 0.0015625 0.042743538767395624
0 0.9778645833333334 0.003976143141153081 0.0296875 0.007952286282306162
0 0.9973958333333334 0.04622266401590457 0.004166666666666667 0.048707753479125246
0 0.8752604166666667 0.13320079522862824 0.0109375 0.0437375745526839
0 0.9953125 0.14065606361829025 0.008333333333333333 0.0268389662027833
0 0.6736979166666667 0.15705765407554673 0.009895833333333333 0.009940357852882704
0 0.68515625 0.2584493041749503 0.011979166666666667 0.011928429423459244
0 0.9130208333333333 0.275844930417495 0.015625 0.02882703777335984
0 0.4158854166666667 0.3066600397614314 0.0109375 0.020874751491053677
0 0.5848958333333333 0.32007952286282304 0.025 0.03777335984095427
0 0.38515625 0.35934393638170975 0.0046875 0.030815109343936383
0 0.9864583333333333 0.39214711729622265 0.026041666666666668 0.010934393638170975
0 0.9989583333333333 0.43290258449304175 0.0010416666666666667 0.06858846918489066
0 0.4239583333333333 0.4418489065606362 0.007291666666666667 0.0268389662027833
0 0.7328125 0.4547713717693837 0.008333333333333333 0.010934393638170975
0 0.14479166666666668 0.4835984095427435 0.015625 0.042743538767395624
0 0.46380208333333334 0.4721669980119284 0.009895833333333333 0.011928429423459244
0 0.5247395833333334 0.5129224652087475 0.008854166666666666 0.02385685884691849
0 0.49609375 0.518389662027833 0.009895833333333333 0.032803180914512925
0 0.38645833333333335 0.5208747514910537 0.013541666666666667 0.015904572564612324
0 0.5153645833333333 0.5571570576540755 0.022395833333333334 0.02485089463220676
0 0.5348958333333333 0.5571570576540755 0.00625 0.0268389662027833
0 0.46901041666666665 0.5576540755467196 0.0078125 0.015904572564612324
0 0.2557291666666667 0.562624254473161 0.015625 0.017892644135188866
0 0.44088541666666664 0.5621272365805169 0.008854166666666666 0.016898608349900597
0 0.41328125 0.5745526838966203 0.008854166666666666 0.033797216699801194
0 0.45625 0.5820079522862823 0.014583333333333334 0.04671968190854871
0 0.32005208333333335 0.5656063618290258 0.0109375 0.009940357852882704
0 0.653125 0.5849900596421471 0.015625 0.05069582504970179
0 0.37552083333333336 0.5765407554671969 0.00625 0.02584493041749503
0 0.3065104166666667 0.581013916500994 0.008854166666666666 0.02485089463220676
0 0.9786458333333333 0.5745526838966203 0.025 0.009940357852882704
0 0.4315104166666667 0.5820079522862823 0.0067708333333333336 0.014910536779324055
0 0.6200520833333333 0.5854870775347912 0.008854166666666666 0.02186878727634195
0 0.5049479166666667 0.6023856858846919 0.022395833333333334 0.033797216699801194
0 0.41067708333333336 0.6307157057654076 0.025520833333333333 0.06262425447316103
0 0.32786458333333335 0.6237574552683897 0.019270833333333334 0.030815109343936383
0 0.4515625 0.6282306163021869 0.015625 0.03180914512922465
0 0.5315104166666667 0.6461232604373758 0.011979166666666667 0.039761431411530816
0 0.23958333333333334 0.654572564612326 0.008333333333333333 0.02485089463220676
0 0.471875 0.6630218687872763 0.016666666666666666 0.02186878727634195
0 0.6190104166666667 0.6679920477137177 0.018229166666666668 0.03180914512922465
0 0.36692708333333335 0.6794234592445328 0.0203125 0.020874751491053677
0 0.49557291666666664 0.687375745526839 0.005729166666666666 0.02286282306163022
0 0.44635416666666666 0.6868787276341949 0.009375 0.019880715705765408
0 0.4309895833333333 0.6968190854870775 0.0078125 0.02385685884691849
0 0.37135416666666665 0.7152087475149106 0.016666666666666666 0.032803180914512925
0 0.2609375 0.709741550695825 0.016666666666666666 0.013916500994035786
0 0.46015625 0.7087475149105368 0.015104166666666667 0.009940357852882704
0 0.33619791666666665 0.7166998011928429 0.008854166666666666 0.02385685884691849
0 0.7515625 0.7321073558648111 0.016666666666666666 0.04671968190854871
0 0.3671875 0.7430417495029821 0.025 0.04671968190854871
0 0.4049479166666667 0.7306163021868787 0.0140625 0.017892644135188866
0 0.26640625 0.7480119284294234 0.018229166666666668 0.042743538767395624
0 0.43385416666666665 0.7465208747514911 0.0125 0.027833001988071572
0 0.63984375 0.7619284294234593 0.0140625 0.010934393638170975
0 0.459375 0.7962226640159046 0.009375 0.019880715705765408
0 0.3533854166666667 0.805168986083499 0.0078125 0.02385685884691849
0 0.5018229166666667 0.8444333996023857 0.0109375 0.020874751491053677
0 0.41510416666666666 0.8886679920477137 0.017708333333333333 0.017892644135188866
0 0.09010416666666667 0.9105367793240556 0.008333333333333333 0.019880715705765408
0 0.4375 0.9358846918489065 0.010416666666666666 0.030815109343936383
0 0.45625 0.9517892644135189 0.022916666666666665 0.0268389662027833
0 0.41901041666666666 0.9801192842942346 0.016145833333333335 0.03777335984095427
0 0.43255208333333334 0.9910536779324056 0.009895833333333333 0.015904572564612324
0 0.5216145833333333 0.9930417495029821 0.016145833333333335 0.011928429423459244