0 0.7690104166666667 0.009940357852882704 0.018229166666666668 0.019880715705765408
0 0.8841145833333334 0.01143141153081511 0.024479166666666666 0.02286282306163022
0 0.9828125 0.0004970178926441351 0.03333333333333333 0.0009940357852882703
0 0.9380208333333333 0.03180914512922465 0.0125 0.013916500994035786
0 0.16276041666666666 0.06809145129224652 0.018229166666666668 0.032803180914512925
0 0.99375 0.07852882703777336 0.011458333333333333 0.019880715705765408
0 0.25364583333333335 0.09343936381709742 0.010416666666666666 0.013916500994035786
0 0.5138020833333333 0.1058648111332008 0.008854166666666666 0.016898608349900597
0 0.5872395833333334 0.1441351888667992 0.0046875 0.015904572564612324
0 0.9520833333333333 0.1824055666003976 0.008333333333333333 0.02485089463220676
0 0.7830729166666667 0.18687872763419483 0.0067708333333333336 0.02385685884691849
0 0.9044270833333333 0.22216699801192843 0.011979166666666667 0.014910536779324055
0 0.8739583333333333 0.22962226640159045 0.009375 0.015904572564612324
0 0.60078125 0.2644135188866799 0.0078125 0.02584493041749503
0 0.3515625 0.2813121272365805 0.008333333333333333 0.019880715705765408
0 0.9020833333333333 0.28926441351888665 0.011458333333333333 0.02584493041749503
0 0.09583333333333334 0.3349900596421471 0.013541666666666667 0.02982107355864811
0 0.8927083333333333 0.3538767395626243 0.021875 0.041749502982107355
0 0.9854166666666667 0.3841948310139165 0.028125 0.05268389662027833
0 0.6588541666666666 0.3797216699801193 0.009375 0.019880715705765408
0 0.4901041666666667 0.4070576540755467 0.014583333333333334 0.05069582504970179
0 0.6546875 0.4110337972166998 0.007291666666666667 0.02286282306163022
0 0.9953125 0.42992047713717696 0.008333333333333333 0.032803180914512925
0 0.8059895833333334 0.4438369781312127 0.0078125 0.018886679920477135
0 0.7205729166666667 0.46669980119284293 0.018229166666666668 0.030815109343936383
0 0.6546875 0.4761431411530815 0.0125 0.02186878727634195
0 0.48984375 0.47564612326043737 0.009895833333333333 0.018886679920477135
0 0.9572916666666667 0.47713717693836977 0.010416666666666666 0.019880715705765408
0 0.78359375 0.47813121272365805 0.016145833333333335 0.017892644135188866
0 0.9208333333333333 0.5417495029821073 0.007291666666666667 0.02186878727634195
0 0.9447916666666667 0.5427435387673957 0.023958333333333335 0.02584493041749503
0 0.9002604166666667 0.544234592445328 0.0067708333333333336 0.02286282306163022
0 0.5291666666666667 0.5994035785288271 0.010416666666666666 0.02186878727634195
0 0.9934895833333334 0.6038767395626242 0.011979166666666667 0.030815109343936383
0 0.69921875 0.6033797216699801 0.0078125 0.02186878727634195
0 0.7135416666666666 0.602882703777336 0.014583333333333334 0.014910536779324055
0 0.93125 0.635685884691849 0.021875 0.02286282306163022
0 0.76015625 0.6530815109343936 0.024479166666666666 0.019880715705765408
0 0.61015625 0.6620278330019881 0.008854166666666666 0.02584493041749503
0 0.7919270833333333 0.6535785288270378 0.013020833333333334 0.008946322067594433
0 0.971875 0.6699801192842942 0.016666666666666666 0.02186878727634195
0 0.75234375 0.6918489065606361 0.0140625 0.013916500994035786
0 0.6466145833333333 0.6933399602385686 0.015104166666666667 0.008946322067594433
0 0.6260416666666667 0.7082504970178927 0.00625 0.02485089463220676
0 0.7239583333333334 0.7112326043737575 0.010416666666666666 0.02485089463220676
0 0.6377604166666667 0.7162027833001988 0.0046875 0.0268389662027833
0 0.5763020833333333 0.7206759443339961 0.013020833333333334 0.015904572564612324
0 0.7690104166666667 0.724155069582505 0.009895833333333333 0.016898608349900597
0 0.6799479166666667 0.7301192842942346 0.016145833333333335 0.016898608349900597
0 0.7513020833333334 0.7435387673956262 0.018229166666666668 0.033797216699801194
0 0.7864583333333334 0.7490059642147118 0.008333333333333333 0.032803180914512925
0 0.5520833333333334 0.7485089463220675 0.011458333333333333 0.02385685884691849
0 0.6940104166666666 0.7524850894632207 0.0109375 0.017892644135188866
0 0.8671875 0.768389662027833 0.025 0.03777335984095427
0 0.08151041666666667 0.7877733598409543 0.0078125 0.02882703777335984
0 0.8041666666666667 0.7877733598409543 0.008333333333333333 0.02485089463220676
0 0.7223958333333333 0.7922465208747514 0.0125 0.015904572564612324
0 0.7640625 0.7997017892644135 0.008333333333333333 0.02485089463220676
0 0.4466145833333333 0.8001988071570576 0.009895833333333333 0.017892644135188866
0 0.9377604166666667 0.8106361829025845 0.011979166666666667 0.016898608349900597
0 0.7104166666666667 0.8175944333996024 0.017708333333333333 0.014910536779324055
0 0.5528645833333333 0.8280318091451292 0.0109375 0.02982107355864811
0 0.6317708333333333 0.8320079522862823 0.019791666666666666 0.03578528827037773
0 0.8033854166666666 0.834493041749503 0.009895833333333333 0.0268389662027833
0 0.21302083333333333 0.8439363817097415 0.0125 0.03777335984095427
0 0.6111979166666667 0.8513916500994035 0.0078125 0.03479125248508946
0 0.578125 0.8523856858846919 0.005208333333333333 0.032803180914512925
0 0.7643229166666666 0.8479125248508946 0.011979166666666667 0.02186878727634195
0 0.7778645833333333 0.8518886679920478 0.0109375 0.02385685884691849
0 0.6552083333333333 0.8583499005964215 0.005208333333333333 0.0268389662027833
0 0.53046875 0.871272365805169 0.0036458333333333334 0.0268389662027833
0 0.596875 0.8742544731610338 0.005208333333333333 0.02485089463220676
0 0.7841145833333333 0.8782306163021869 0.005729166666666666 0.030815109343936383
0 0.06692708333333333 0.8762425447316103 0.013020833333333334 0.018886679920477135
0 0.26614583333333336 0.8841948310139165 0.021875 0.016898608349900597
0 0.5776041666666667 0.8822067594433399 0.013541666666666667 0.012922465208747515
0 0.35546875 0.9000994035785288 0.005729166666666666 0.02882703777335984
0 0.6684895833333333 0.8936381709741551 0.0067708333333333336 0.013916500994035786
0 0.8856770833333333 0.9025844930417495 0.018229166666666668 0.033797216699801194
0 0.6940104166666666 0.8981113320079522 0.0109375 0.012922465208747515
0 0.953125 0.9090457256461233 0.020833333333333332 0.03479125248508946
0 0.6684895833333333 0.922962226640159 0.015104166666666667 0.02485089463220676
0 0.925 0.9274353876739563 0.015625 0.02385685884691849
0 0.6934895833333333 0.9363817097415507 0.0171875 0.02982107355864811
0 0.7135416666666666 0.937375745526839 0.017708333333333333 0.02186878727634195
0 0.7651041666666667 0.9398608349900597 0.005208333333333333 0.02882703777335984
0 0.5440104166666667 0.9358846918489065 0.008854166666666666 0.014910536779324055
0 0.9869791666666666 0.9428429423459245 0.008333333333333333 0.030815109343936383
0 0.6901041666666666 0.94831013916501 0.011458333333333333 0.017892644135188866
0 0.7403645833333333 0.9488071570576541 0.0171875 0.016898608349900597
0 0.9096354166666667 0.9582504970178927 0.018229166666666668 0.02385685884691849
0 0.678125 0.9587475149105368 0.00625 0.018886679920477135
0 0.2515625 0.9582504970178927 0.013541666666666667 0.009940357852882704
0 0.8161458333333333 0.9791252485089463 0.014583333333333334 0.039761431411530816
0 0.4390625 0.974155069582505 0.014583333333333334 0.019880715705765408
0 0.6403645833333333 0.9831013916500994 0.013020833333333334 0.03180914512922465
0 0.6059895833333333 0.9895626242544732 0.0046875 0.018886679920477135
0 0.45989583333333334 0.9905566600397614 0.010416666666666666 0.016898608349900597
0 0.56953125 0.9910536779324056 0.0140625 0.015904572564612324