0 0.7390625 0.01242544731610338 0.010416666666666666 0.014910536779324055
0 0.1515625 0.018389662027833 0.013541666666666667 0.02286282306163022
0 0.41354166666666664 0.03827037773359841 0.008333333333333333 0.016898608349900597
0 0.31302083333333336 0.05069582504970179 0.017708333333333333 0.019880715705765408
0 0.0609375 0.073558648111332 0.022916666666666665 0.039761431411530816
0 0.08229166666666667 0.10487077534791253 0.010416666666666666 0.030815109343936383
0 0.6158854166666666 0.0989065606361829 0.008854166666666666 0.012922465208747515
0 0.0421875 0.11829025844930417 0.011458333333333333 0.017892644135188866
0 0.6377604166666667 0.12922465208747516 0.0140625 0.02385685884691849
0 0.071875 0.12773359840954274 0.009375 0.010934393638170975
0 0.25859375 0.13618290258449303 0.0078125 0.015904572564612324
0 0.22109375 0.147117296222664 0.0067708333333333336 0.02186878727634195
0 0.39505208333333336 0.1610337972166998 0.011979166666666667 0.015904572564612324
0 0.7528645833333333 0.16401590457256462 0.0140625 0.015904572564612324
0 0.6455729166666667 0.16998011928429424 0.005729166666666666 0.02584493041749503
0 0.7247395833333333 0.19831013916500995 0.008854166666666666 0.016898608349900597
0 0.05130208333333333 0.21272365805168986 0.013020833333333334 0.027833001988071572
0 0.57578125 0.22365805168986083 0.0078125 0.02385685884691849
0 0.425 0.2286282306163022 0.013541666666666667 0.019880715705765408
0 0.53203125 0.25497017892644136 0.013020833333333334 0.02286282306163022
0 0.5184895833333333 0.25745526838966204 0.008854166666666666 0.017892644135188866
0 0.4236979166666667 0.2554671968190855 0.009895833333333333 0.015904572564612324
0 0.1734375 0.25347912524850896 0.0125 0.011928429423459244
0 0.2713541666666667 0.25894632206759444 0.0125 0.010934393638170975
0 0.23984375 0.2788270377733598 0.015104166666666667 0.016898608349900597
0 0.3731770833333333 0.2952286282306163 0.022395833333333334 0.03578528827037773
0 0.215625 0.29721669980119286 0.0125 0.019880715705765408
0 0.46510416666666665 0.2992047713717694 0.014583333333333334 0.017892644135188866
0 0.33619791666666665 0.297713717693837 0.0140625 0.014910536779324055
0 0.06171875 0.2992047713717694 0.0109375 0.015904572564612324
0 0.6135416666666667 0.3260437375745527 0.008333333333333333 0.02982107355864811
0 0.63125 0.33001988071570576 0.017708333333333333 0.015904572564612324
0 0.15026041666666667 0.32703777335984097 0.011979166666666667 0.011928429423459244
0 0.41171875 0.3384691848906561 0.005729166666666666 0.0268389662027833
0 0.15989583333333332 0.36182902584493043 0.017708333333333333 0.011928429423459244
0 0.134375 0.3682902584493042 0.014583333333333334 0.012922465208747515
0 0.8606770833333334 0.3742544731610338 0.0078125 0.02286282306163022
0 0.22239583333333332 0.3727634194831014 0.020833333333333332 0.015904572564612324
0 0.4075520833333333 0.37624254473161034 0.009895833333333333 0.016898608349900597
0 0.7453125 0.39363817097415504 0.009375 0.019880715705765408
0 0.07421875 0.40556660039761433 0.015104166666666667 0.013916500994035786
0 0.68125 0.41848906560636184 0.011458333333333333 0.02584493041749503
0 0.06536458333333334 0.441351888667992 0.015104166666666667 0.02385685884691849
0 0.3455729166666667 0.4433399602385686 0.0078125 0.013916500994035786
0 0.734375 0.44980119284294234 0.00625 0.016898608349900597
0 0.4044270833333333 0.46222664015904574 0.013020833333333334 0.02385685884691849
0 0.04088541666666667 0.46222664015904574 0.0140625 0.019880715705765408
0 0.8283854166666667 0.4716699801192843 0.009895833333333333 0.032803180914512925
0 0.7416666666666667 0.4721669980119284 0.015625 0.02584493041749503
0 0.4296875 0.4676938369781312 0.010416666666666666 0.018886679920477135
0 0.25859375 0.4726640159045726 0.0109375 0.014910536779324055
0 0.45651041666666664 0.4865805168986084 0.0140625 0.0268389662027833
0 0.32890625 0.49204771371769385 0.013020833333333334 0.011928429423459244
0 0.77578125 0.49652087475149104 0.011979166666666667 0.012922465208747515
0 0.2265625 0.5009940357852882 0.01875 0.013916500994035786
0 0.66875 0.507455268389662 0.015625 0.016898608349900597
0 0.34739583333333335 0.510934393638171 0.015625 0.013916500994035786
0 0.35390625 0.547713717693837 0.008854166666666666 0.03180914512922465
0 0.8171875 0.5497017892644135 0.008333333333333333 0.02584493041749503
0 0.3770833333333333 0.5526838966202783 0.020833333333333332 0.02186878727634195
0 0.165625 0.5501988071570576 0.010416666666666666 0.008946322067594433
0 0.2752604166666667 0.5571570576540755 0.011979166666666667 0.006958250497017893
0 0.05416666666666667 0.5636182902584493 0.01875 0.015904572564612324
0 0.5268229166666667 0.5889662027833003 0.0171875 0.0268389662027833
0 0.6776041666666667 0.5899602385685885 0.016666666666666666 0.014910536779324055
0 0.4830729166666667 0.6063618290258449 0.0046875 0.027833001988071572
0 0.24583333333333332 0.6053677932405567 0.010416666666666666 0.02385685884691849
0 0.6609375 0.610337972166998 0.005208333333333333 0.02385685884691849
0 0.4015625 0.6158051689860835 0.014583333333333334 0.02882703777335984
0 0.3184895833333333 0.6148111332007953 0.0067708333333333336 0.0268389662027833
0 0.46171875 0.6123260437375746 0.016145833333333335 0.015904572564612324
0 0.0640625 0.6297216699801192 0.007291666666666667 0.0268389662027833
0 0.16536458333333334 0.6297216699801192 0.005729166666666666 0.02286282306163022
0 0.6736979166666667 0.6322067594433399 0.009895833333333333 0.02186878727634195
0 0.3768229166666667 0.6411530815109344 0.021354166666666667 0.027833001988071572
0 0.0890625 0.6386679920477137 0.009375 0.020874751491053677
0 0.42421875 0.6406560636182903 0.0067708333333333336 0.014910536779324055
0 0.2596354166666667 0.6451292246520874 0.011979166666666667 0.009940357852882704
0 0.39166666666666666 0.6570576540755467 0.017708333333333333 0.03180914512922465
0 0.07994791666666666 0.6665009940357853 0.0171875 0.04473161033797217
0 0.421875 0.6804174950298211 0.009375 0.020874751491053677
0 0.3658854166666667 0.6958250497017893 0.0078125 0.039761431411530816
0 0.19192708333333333 0.6848906560636183 0.013020833333333334 0.011928429423459244
0 0.0421875 0.6993041749502982 0.013541666666666667 0.0268389662027833
0 0.38776041666666666 0.7087475149105368 0.009895833333333333 0.019880715705765408
0 0.6015625 0.7072564612326043 0.015625 0.012922465208747515
0 0.43828125 0.7152087475149106 0.008854166666666666 0.0268389662027833
0 0.42682291666666666 0.7201789264413518 0.0171875 0.036779324055666
0 0.27369791666666665 0.7216699801192843 0.011979166666666667 0.019880715705765408
0 0.22760416666666666 0.7306163021868787 0.004166666666666667 0.017892644135188866
0 0.534375 0.7380715705765407 0.020833333333333332 0.02882703777335984
0 0.128125 0.7415506958250497 0.009375 0.03180914512922465
0 0.41796875 0.739065606361829 0.013020833333333334 0.02286282306163022
0 0.26015625 0.7599403578528827 0.009895833333333333 0.03876739562624255
0 0.3265625 0.7594433399602386 0.015625 0.033797216699801194
0 0.21848958333333332 0.7569582504970179 0.011979166666666667 0.020874751491053677
0 0.10182291666666667 0.7664015904572564 0.0078125 0.02385685884691849
0 0.36770833333333336 0.7857852882703777 0.008333333333333333 0.018886679920477135
0 0.44427083333333334 0.7877733598409543 0.014583333333333334 0.012922465208747515
0 0.46588541666666666 0.7922465208747514 0.009895833333333333 0.017892644135188866
0 0.22395833333333334 0.7972166998011928 0.014583333333333334 0.013916500994035786
0 0.3796875 0.8011928429423459 0.007291666666666667 0.017892644135188866
0 0.007552083333333333 0.8031809145129225 0.0140625 0.02186878727634195
0 0.7091145833333333 0.8066600397614314 0.0140625 0.02485089463220676
0 0.5796875 0.8046719681908548 0.005208333333333333 0.016898608349900597
0 0.684375 0.8131212723658051 0.015625 0.02982107355864811
0 0.27447916666666666 0.8081510934393639 0.016666666666666666 0.017892644135188866
0 0.51953125 0.8081510934393639 0.015104166666666667 0.015904572564612324
0 0.35442708333333334 0.8136182902584493 0.016145833333333335 0.02485089463220676
0 0.2955729166666667 0.808648111332008 0.0109375 0.010934393638170975
0 0.17786458333333333 0.8170974155069582 0.0046875 0.027833001988071572
0 0.32421875 0.8195825049701789 0.0036458333333333334 0.02485089463220676
0 0.5041666666666667 0.8305168986083499 0.019791666666666666 0.04473161033797217
0 0.049479166666666664 0.8245526838966203 0.009375 0.02882703777335984
0 0.28125 0.8399602385685885 0.022916666666666665 0.033797216699801194
0 0.7544270833333333 0.8499005964214712 0.005729166666666666 0.02186878727634195
0 0.5075520833333333 0.860337972166998 0.013020833333333334 0.012922465208747515
0 0.28125 0.8648111332007953 0.010416666666666666 0.02186878727634195
0 0.6731770833333334 0.8717693836978131 0.0140625 0.011928429423459244
0 0.41744791666666664 0.8906560636182903 0.0171875 0.04771371769383698
0 0.5315104166666667 0.8792246520874751 0.0140625 0.012922465208747515
0 0.3619791666666667 0.8832007952286283 0.008333333333333333 0.020874751491053677
0 0.31692708333333336 0.8797216699801192 0.011979166666666667 0.013916500994035786
0 0.46015625 0.8981113320079522 0.015104166666666667 0.03479125248508946
0 0.6911458333333333 0.8976143141153081 0.015625 0.03180914512922465
0 0.25338541666666664 0.8911530815109344 0.015104166666666667 0.010934393638170975
0 0.31692708333333336 0.8996023856858847 0.016145833333333335 0.02186878727634195
0 0.39140625 0.8991053677932406 0.005729166666666666 0.018886679920477135
0 0.14348958333333334 0.9010934393638171 0.018229166666666668 0.020874751491053677
0 0.35130208333333335 0.9095427435387674 0.0140625 0.033797216699801194
0 0.34036458333333336 0.8976143141153081 0.016145833333333335 0.011928429423459244
0 0.6565104166666667 0.9020874751491054 0.0109375 0.014910536779324055
0 0.7325520833333333 0.9055666003976143 0.0171875 0.013916500994035786
0 0.44192708333333336 0.9234592445328031 0.0109375 0.05168986083499006
0 0.36692708333333335 0.9125248508946322 0.0046875 0.027833001988071572
0 0.08645833333333333 0.9120278330019881 0.008333333333333333 0.0268389662027833
0 0.5229166666666667 0.911530815109344 0.010416666666666666 0.02186878727634195
0 0.20104166666666667 0.922962226640159 0.007291666666666667 0.040755467196819085
0 0.6419270833333334 0.9179920477137177 0.0203125 0.014910536779324055
0 0.6674479166666667 0.9214711729622267 0.015104166666666667 0.015904572564612324
0 0.4114583333333333 0.9244532803180915 0.008333333333333333 0.017892644135188866
0 0.315625 0.9284294234592445 0.010416666666666666 0.02385685884691849
0 0.15234375 0.9254473161033797 0.0171875 0.019880715705765408
0 0.3372395833333333 0.9289264413518886 0.009895833333333333 0.020874751491053677
0 0.39947916666666666 0.9343936381709742 0.014583333333333334 0.02584493041749503
0 0.21953125 0.9388667992047713 0.005729166666666666 0.02286282306163022
0 0.48802083333333335 0.9622266401590457 0.046875 0.05765407554671968
0 0.596875 0.9507952286282306 0.00625 0.02286282306163022
0 0.5213541666666667 0.9532803180914513 0.014583333333333334 0.02186878727634195
0 0.25729166666666664 0.9527833001988072 0.013541666666666667 0.02286282306163022
0 0.28229166666666666 0.9542743538767395 0.017708333333333333 0.017892644135188866
0 0.08880208333333334 0.9527833001988072 0.016145833333333335 0.014910536779324055
0 0.45026041666666666 0.974155069582505 0.021354166666666667 0.04970178926441352
0 0.228125 0.9622266401590457 0.021875 0.011928429423459244
0 0.5184895833333333 0.9806163021868787 0.022395833333333334 0.036779324055666
0 0.33255208333333336 0.9865805168986084 0.0140625 0.02485089463220676
0 0.31328125 0.9885685884691849 0.009895833333333333 0.020874751491053677
0 0.18567708333333333 0.9880715705765407 0.013020833333333334 0.02186878727634195
0 0.34322916666666664 0.992544731610338 0.013541666666666667 0.012922465208747515