0 0.771875 0.007455268389662028 0.013541666666666667 0.010934393638170975
0 0.25677083333333334 0.011928429423459244 0.01875 0.015904572564612324
0 0.2859375 0.019880715705765408 0.00625 0.03180914512922465
0 0.65546875 0.018886679920477135 0.0140625 0.02982107355864811
0 0.09505208333333333 0.021371769383697812 0.0046875 0.02286282306163022
0 0.023697916666666666 0.0352882703777336 0.0078125 0.02485089463220676
0 0.05182291666666667 0.03628230616302187 0.009895833333333333 0.016898608349900597
0 0.11067708333333333 0.040755467196819085 0.018229166666666668 0.02385685884691849
0 0.21484375 0.05069582504970179 0.0078125 0.02982107355864811
0 0.7216145833333333 0.05467196819085487 0.013020833333333334 0.03180914512922465
0 0.06927083333333334 0.06908548707753479 0.008333333333333333 0.016898608349900597
0 0.3765625 0.07504970178926441 0.010416666666666666 0.02485089463220676
0 0.05703125 0.07306163021868788 0.0109375 0.014910536779324055
0 0.7330729166666666 0.08697813121272366 0.015104166666666667 0.03479125248508946
0 0.44088541666666664 0.08996023856858847 0.005729166666666666 0.02882703777335984
0 0.84296875 0.08946322067594434 0.011979166666666667 0.02186878727634195
0 0.86171875 0.09791252485089463 0.0203125 0.02882703777335984
0 0.7643229166666666 0.12922465208747516 0.0109375 0.02385685884691849
0 0.45234375 0.12972166998011928 0.009895833333333333 0.020874751491053677
0 0.8442708333333333 0.14015904572564614 0.019791666666666666 0.041749502982107355
0 0.7341145833333333 0.13618290258449303 0.009895833333333333 0.017892644135188866
0 0.06015625 0.13916500994035785 0.008854166666666666 0.02186878727634195
0 0.46197916666666666 0.139662027833002 0.008333333333333333 0.02286282306163022
0 0.7440104166666667 0.14214711729622267 0.0067708333333333336 0.017892644135188866
0 0.8411458333333334 0.17445328031809146 0.013541666666666667 0.0268389662027833
0 0.7708333333333334 0.176441351888668 0.013541666666666667 0.020874751491053677
0 0.9315104166666667 0.1978131212723658 0.0171875 0.013916500994035786
0 0.8736979166666666 0.21669980119284293 0.0109375 0.02186878727634195
0 0.8614583333333333 0.22912524850894633 0.010416666666666666 0.014910536779324055
0 0.0036458333333333334 0.28479125248508946 0.007291666666666667 0.020874751491053677
0 0.88125 0.3111332007952286 0.026041666666666668 0.033797216699801194
0 0.8643229166666667 0.31411530815109345 0.011979166666666667 0.02385685884691849
0 0.19244791666666666 0.36083499005964215 0.0171875 0.02385685884691849
0 0.011979166666666667 0.36083499005964215 0.015625 0.019880715705765408
0 0.21197916666666666 0.3817097415506958 0.010416666666666666 0.019880715705765408
0 0.88359375 0.41998011928429424 0.008854166666666666 0.016898608349900597
0 0.9057291666666667 0.43290258449304175 0.010416666666666666 0.02485089463220676
0 0.9184895833333333 0.44582504970178927 0.013020833333333334 0.02286282306163022
0 0.10052083333333334 0.5690854870775348 0.010416666666666666 0.014910536779324055
0 0.13203125 0.6133200795228628 0.0109375 0.011928429423459244
0 0.9802083333333333 0.6481113320079522 0.013541666666666667 0.033797216699801194
0 0.29791666666666666 0.6953280318091452 0.011458333333333333 0.012922465208747515
0 0.8981770833333333 0.7559642147117296 0.008854166666666666 0.012922465208747515
0 0.2765625 0.7639165009940357 0.008333333333333333 0.018886679920477135
0 0.8166666666666667 0.7987077534791253 0.008333333333333333 0.016898608349900597
0 0.9153645833333334 0.8618290258449304 0.0109375 0.02584493041749503
0 0.6802083333333333 0.8618290258449304 0.00625 0.015904572564612324
0 0.7565104166666666 0.8901590457256461 0.009895833333333333 0.02286282306163022
0 0.9619791666666667 0.9120278330019881 0.013541666666666667 0.02882703777335984
0 0.8114583333333333 0.9542743538767395 0.007291666666666667 0.02385685884691849