0 0.18619791666666666 0.015904572564612324 0.009895833333333333 0.03180914512922465
0 0.2755208333333333 0.011928429423459244 0.015625 0.02385685884691849
0 0.8075520833333333 0.008449304174950299 0.0067708333333333336 0.016898608349900597
0 0.82421875 0.009940357852882704 0.018229166666666668 0.019880715705765408
0 0.90078125 0.010437375745526839 0.027604166666666666 0.020874751491053677
0 0.7036458333333333 0.04821073558648111 0.015625 0.012922465208747515
0 0.5861979166666667 0.06510934393638171 0.0171875 0.008946322067594433
0 0.425 0.08151093439363817 0.014583333333333334 0.015904572564612324
0 0.8763020833333334 0.08300198807157058 0.011979166666666667 0.014910536779324055
0 0.94609375 0.09045725646123261 0.015104166666666667 0.02982107355864811
0 0.12161458333333333 0.09343936381709742 0.021354166666666667 0.02385685884691849
0 0.48359375 0.11978131212723658 0.0140625 0.02485089463220676
0 0.9809895833333333 0.11679920477137178 0.011979166666666667 0.012922465208747515
0 0.54609375 0.1317097415506958 0.016145833333333335 0.02286282306163022
0 0.6411458333333333 0.14314115308151093 0.007291666666666667 0.03180914512922465
0 0.04765625 0.16650099403578528 0.016145833333333335 0.010934393638170975
0 0.6190104166666667 0.17842942345924453 0.008854166666666666 0.030815109343936383
0 0.74296875 0.20079522862823063 0.0203125 0.02584493041749503
0 0.015104166666666667 0.21520874751491054 0.016666666666666666 0.042743538767395624
0 0.31145833333333334 0.20228628230616302 0.017708333333333333 0.014910536779324055
0 0.6453125 0.21073558648111332 0.016666666666666666 0.013916500994035786
0 0.8033854166666666 0.2360834990059642 0.008854166666666666 0.032803180914512925
0 0.78671875 0.2504970178926441 0.033854166666666664 0.05168986083499006
0 0.4622395833333333 0.24204771371769385 0.0046875 0.02485089463220676
0 0.1703125 0.25198807157057657 0.016666666666666666 0.016898608349900597
0 0.709375 0.2927435387673956 0.008333333333333333 0.042743538767395624
0 0.7796875 0.3076540755467197 0.010416666666666666 0.032803180914512925
0 0.8416666666666667 0.31312127236580517 0.019791666666666666 0.03777335984095427
0 0.453125 0.3101391650099404 0.007291666666666667 0.027833001988071572
0 0.35052083333333334 0.3220675944333996 0.016666666666666666 0.04771371769383698
0 0.03958333333333333 0.3220675944333996 0.009375 0.03777335984095427
0 0.5791666666666667 0.3210735586481113 0.00625 0.02186878727634195
0 0.5544270833333333 0.32803180914512925 0.0067708333333333336 0.017892644135188866
0 0.9528645833333333 0.3305168986083499 0.013020833333333334 0.020874751491053677
0 0.012760416666666666 0.3305168986083499 0.009895833333333333 0.014910536779324055
0 0.93359375 0.3394632206759443 0.005729166666666666 0.016898608349900597
0 0.2755208333333333 0.3499005964214712 0.007291666666666667 0.02982107355864811
0 0.121875 0.35834990059642147 0.010416666666666666 0.030815109343936383
0 0.16015625 0.3802186878727634 0.016145833333333335 0.018886679920477135
0 0.7080729166666667 0.38817097415506957 0.0109375 0.02485089463220676
0 0.11901041666666666 0.38966202783300197 0.0067708333333333336 0.017892644135188866
0 0.031510416666666666 0.3926441351888668 0.0203125 0.019880715705765408
0 0.23645833333333333 0.40407554671968193 0.005208333333333333 0.032803180914512925
0 0.4666666666666667 0.4085487077534791 0.005208333333333333 0.03180914512922465
0 0.009375 0.40755467196819084 0.011458333333333333 0.02584493041749503
0 0.7651041666666667 0.40457256461232605 0.007291666666666667 0.019880715705765408
0 0.2734375 0.4259443339960239 0.010416666666666666 0.040755467196819085
0 0.30104166666666665 0.43290258449304175 0.00625 0.02882703777335984
0 0.009895833333333333 0.441351888667992 0.008333333333333333 0.027833001988071572
0 0.5333333333333333 0.44433399602385687 0.015625 0.011928429423459244
0 0.37786458333333334 0.45029821073558646 0.019270833333333334 0.019880715705765408
0 0.24609375 0.4592445328031809 0.008854166666666666 0.02186878727634195
0 0.15598958333333332 0.46520874751491054 0.013020833333333334 0.027833001988071572
0 0.41328125 0.4587475149105368 0.0109375 0.012922465208747515
0 0.5309895833333333 0.4726640159045726 0.0078125 0.030815109343936383
0 0.7416666666666667 0.4691848906560636 0.015625 0.02584493041749503
0 0.5098958333333333 0.47713717693836977 0.01875 0.033797216699801194
0 0.115625 0.47564612326043737 0.013541666666666667 0.02286282306163022
0 0.4197916666666667 0.4970178926441352 0.005208333333333333 0.027833001988071572
0 0.7630208333333334 0.49502982107355864 0.016666666666666666 0.017892644135188866
0 0.9427083333333334 0.5059642147117296 0.011458333333333333 0.02186878727634195
0 0.9817708333333334 0.5084493041749503 0.00625 0.020874751491053677
0 0.08645833333333333 0.5188866799204771 0.013541666666666667 0.033797216699801194
0 0.8182291666666667 0.510934393638171 0.013541666666666667 0.015904572564612324
0 0.7875 0.5218687872763419 0.009375 0.02982107355864811
0 0.5453125 0.5193836978131213 0.010416666666666666 0.020874751491053677
0 0.25234375 0.5283300198807157 0.0109375 0.02882703777335984
0 0.334375 0.5372763419483101 0.009375 0.02286282306163022
0 0.8880208333333334 0.5347912524850894 0.014583333333333334 0.017892644135188866
0 0.4239583333333333 0.5372763419483101 0.015625 0.014910536779324055
0 0.37109375 0.5482107355864811 0.0109375 0.020874751491053677
0 0.778125 0.5546719681908548 0.011458333333333333 0.02186878727634195
0 0.65234375 0.5536779324055666 0.013020833333333334 0.013916500994035786
0 0.4544270833333333 0.5606361829025845 0.0234375 0.017892644135188866
0 0.12135416666666667 0.5690854870775348 0.020833333333333332 0.02882703777335984
0 0.53828125 0.5690854870775348 0.0078125 0.012922465208747515
0 0.6979166666666666 0.5715705765407555 0.0125 0.009940357852882704
0 0.27578125 0.5765407554671969 0.015104166666666667 0.013916500994035786
0 0.6544270833333333 0.5869781312127237 0.022395833333333334 0.016898608349900597
0 0.075 0.5864811133200796 0.007291666666666667 0.011928429423459244
0 0.4505208333333333 0.5879721669980119 0.015625 0.016898608349900597
0 0.14817708333333332 0.5894632206759444 0.0140625 0.015904572564612324
0 0.05234375 0.5989065606361829 0.0078125 0.02485089463220676
0 0.85703125 0.5994035785288271 0.015104166666666667 0.017892644135188866
0 0.11067708333333333 0.6118290258449304 0.0171875 0.040755467196819085
0 0.24296875 0.6053677932405567 0.0234375 0.02186878727634195
0 0.28515625 0.6078528827037774 0.016145833333333335 0.012922465208747515
0 0.34739583333333335 0.6133200795228628 0.017708333333333333 0.011928429423459244
0 0.3609375 0.6222664015904572 0.013541666666666667 0.02186878727634195
0 0.6807291666666667 0.6237574552683897 0.020833333333333332 0.02485089463220676
0 0.032552083333333336 0.6262425447316103 0.016145833333333335 0.02385685884691849
0 0.29140625 0.6262425447316103 0.013020833333333334 0.013916500994035786
0 0.40598958333333335 0.6272365805168986 0.0078125 0.015904572564612324
0 0.41770833333333335 0.6441351888667992 0.0125 0.03578528827037773
0 0.6140625 0.6391650099403579 0.010416666666666666 0.017892644135188866
0 0.09453125 0.6486083499005965 0.011979166666666667 0.03479125248508946
0 0.43125 0.6461232604373758 0.005208333333333333 0.019880715705765408
0 0.4583333333333333 0.6456262425447317 0.009375 0.016898608349900597
0 0.853125 0.6515904572564613 0.016666666666666666 0.014910536779324055
0 0.6833333333333333 0.658051689860835 0.009375 0.02186878727634195
0 0.58515625 0.6804174950298211 0.011979166666666667 0.040755467196819085
0 0.38333333333333336 0.6819085487077535 0.013541666666666667 0.009940357852882704
0 0.39947916666666666 0.6843936381709742 0.009375 0.010934393638170975
0 0.09348958333333333 0.6978131212723658 0.019270833333333334 0.02982107355864811
0 0.35989583333333336 0.7002982107355865 0.007291666666666667 0.02286282306163022
0 0.19791666666666666 0.7052683896620279 0.010416666666666666 0.02485089463220676
0 0.45260416666666664 0.7017892644135189 0.004166666666666667 0.017892644135188866
0 0.3796875 0.7102385685884692 0.015625 0.018886679920477135
0 0.7989583333333333 0.7112326043737575 0.010416666666666666 0.014910536779324055
0 0.5479166666666667 0.7127236580516899 0.011458333333333333 0.011928429423459244
0 0.6067708333333334 0.7246520874751491 0.004166666666666667 0.027833001988071572
0 0.5669270833333333 0.7226640159045725 0.0140625 0.013916500994035786
0 0.2596354166666667 0.731610337972167 0.008854166666666666 0.027833001988071572
0 0.59375 0.7350894632206759 0.005208333333333333 0.030815109343936383
0 0.12135416666666667 0.7365805168986084 0.016666666666666666 0.017892644135188866
0 0.46328125 0.7380715705765407 0.008854166666666666 0.02286282306163022
0 0.7690104166666667 0.7340954274353877 0.019270833333333334 0.014910536779324055
0 0.9450520833333333 0.7440357852882704 0.011979166666666667 0.03479125248508946
0 0.31354166666666666 0.7370775347912525 0.015625 0.016898608349900597
0 0.48671875 0.742544731610338 0.0078125 0.02186878727634195
0 0.13515625 0.7524850894632207 0.0109375 0.033797216699801194
0 0.4125 0.7445328031809145 0.016666666666666666 0.017892644135188866
0 0.165625 0.7549701789264414 0.008333333333333333 0.036779324055666
0 0.28411458333333334 0.7514910536779325 0.0203125 0.011928429423459244
0 0.45807291666666666 0.7554671968190855 0.0171875 0.015904572564612324
0 0.4744791666666667 0.7629224652087475 0.004166666666666667 0.02286282306163022
0 0.5611979166666666 0.7723658051689861 0.013020833333333334 0.033797216699801194
0 0.11588541666666667 0.7862823061630219 0.008854166666666666 0.039761431411530816
0 0.35208333333333336 0.7768389662027833 0.009375 0.018886679920477135
0 0.4 0.7743538767395626 0.013541666666666667 0.013916500994035786
0 0.44479166666666664 0.7847912524850894 0.03125 0.036779324055666
0 0.6997395833333333 0.7932405566600398 0.009895833333333333 0.03180914512922465
0 0.48385416666666664 0.7952286282306164 0.00625 0.02584493041749503
0 0.61171875 0.8091451292246521 0.025520833333333333 0.05168986083499006
0 0.6497395833333334 0.7947316103379721 0.018229166666666668 0.016898608349900597
0 0.3453125 0.808648111332008 0.00625 0.0268389662027833
0 0.5111979166666667 0.8091451292246521 0.015104166666666667 0.007952286282306162
0 0.4479166666666667 0.8230616302186878 0.01875 0.03180914512922465
0 0.05234375 0.8185884691848907 0.0078125 0.014910536779324055
0 0.26927083333333335 0.8205765407554672 0.009375 0.014910536779324055
0 0.78671875 0.8230616302186878 0.0067708333333333336 0.02186878727634195
0 0.5908854166666667 0.8250497017892644 0.009895833333333333 0.015904572564612324
0 0.7765625 0.8349900596421471 0.0125 0.027833001988071572
0 0.43020833333333336 0.8379721669980119 0.009375 0.02186878727634195
0 0.6265625 0.841948310139165 0.0125 0.02982107355864811
0 0.33307291666666666 0.8598409542743539 0.019270833333333334 0.027833001988071572
0 0.5963541666666666 0.864314115308151 0.011458333333333333 0.03479125248508946
0 0.7653645833333333 0.8558648111332008 0.0067708333333333336 0.013916500994035786
0 0.4244791666666667 0.8687872763419483 0.010416666666666666 0.02186878727634195
0 0.11692708333333333 0.8861829025844931 0.009895833333333333 0.032803180914512925
0 0.821875 0.8822067594433399 0.01875 0.020874751491053677
0 0.43515625 0.882703777335984 0.009895833333333333 0.017892644135188866
0 0.6911458333333333 0.8876739562624254 0.008333333333333333 0.027833001988071572
0 0.54765625 0.893141153081511 0.008854166666666666 0.03479125248508946
0 0.27109375 0.8941351888667992 0.0078125 0.02882703777335984
0 0.33697916666666666 0.904572564612326 0.019791666666666666 0.04771371769383698
0 0.7518229166666667 0.9060636182902585 0.008854166666666666 0.03479125248508946
0 0.3919270833333333 0.9194831013916501 0.013020833333333334 0.041749502982107355
0 0.809375 0.9140159045725647 0.00625 0.02882703777335984
0 0.19088541666666667 0.9105367793240556 0.013020833333333334 0.017892644135188866
0 0.3184895833333333 0.9254473161033797 0.011979166666666667 0.033797216699801194
0 0.7859375 0.9234592445328031 0.008333333333333333 0.02584493041749503
0 0.6989583333333333 0.9269383697813122 0.015625 0.02882703777335984
0 0.7736979166666667 0.9184890656063618 0.015104166666666667 0.011928429423459244
0 0.13046875 0.9368787276341949 0.015104166666666667 0.008946322067594433
0 0.7486979166666666 0.952286282306163 0.0109375 0.03777335984095427
0 0.73359375 0.955765407554672 0.015104166666666667 0.03876739562624255
0 0.3763020833333333 0.9517892644135189 0.0078125 0.02882703777335984
0 0.3299479166666667 0.9602385685884692 0.0109375 0.02186878727634195
0 0.3177083333333333 0.9691848906560636 0.011458333333333333 0.02982107355864811
0 0.39765625 0.9826043737574552 0.0234375 0.032803180914512925
0 0.02109375 0.9771371769383698 0.015104166666666667 0.013916500994035786
0 0.44947916666666665 0.9875745526838966 0.011458333333333333 0.008946322067594433