0 0.9598958333333333 0.0009940357852882703 0.026041666666666668 0.0019880715705765406
0 0.33359375 0.010437375745526839 0.0078125 0.012922465208747515
0 0.71875 0.02286282306163022 0.005208333333333333 0.019880715705765408
0 0.14375 0.061630218687872766 0.005208333333333333 0.019880715705765408
0 0.9341145833333333 0.06660039761431412 0.0109375 0.02584493041749503
0 0.90625 0.07007952286282307 0.013541666666666667 0.020874751491053677
0 0.1046875 0.07455268389662027 0.014583333333333334 0.017892644135188866
0 0.2875 0.07554671968190854 0.016666666666666666 0.011928429423459244
0 0.83984375 0.08349900596421471 0.0078125 0.02584493041749503
0 0.52890625 0.09493041749502983 0.009895833333333333 0.018886679920477135
0 0.6828125 0.10884691848906561 0.008333333333333333 0.018886679920477135
0 0.7015625 0.11530815109343936 0.007291666666666667 0.02982107355864811
0 0.38255208333333335 0.12972166998011928 0.0078125 0.018886679920477135
0 0.5135416666666667 0.13469184890656064 0.009375 0.02286282306163022
0 0.9989583333333333 0.1754473161033797 0.0010416666666666667 0.09642147117296222
0 0.8192708333333333 0.17395626242544732 0.013541666666666667 0.015904572564612324
0 0.41302083333333334 0.1749502982107356 0.009375 0.013916500994035786
0 0.46171875 0.18588469184890655 0.008854166666666666 0.009940357852882704
0 0.6114583333333333 0.19532803180914513 0.010416666666666666 0.012922465208747515
0 0.8317708333333333 0.20178926441351888 0.008333333333333333 0.013916500994035786
0 0.3528645833333333 0.22415506958250497 0.0171875 0.014910536779324055
0 0.54296875 0.23210735586481113 0.009895833333333333 0.02882703777335984
0 0.9833333333333333 0.22912524850894633 0.010416666666666666 0.014910536779324055
0 0.278125 0.24751491053677932 0.014583333333333334 0.02186878727634195
0 0.6973958333333333 0.2644135188866799 0.009375 0.013916500994035786
0 0.88125 0.28926441351888665 0.010416666666666666 0.017892644135188866
0 0.03411458333333333 0.29721669980119286 0.019270833333333334 0.02982107355864811
0 0.9927083333333333 0.3036779324055666 0.013541666666666667 0.0268389662027833
0 0.4278645833333333 0.31510934393638174 0.0078125 0.017892644135188866
0 0.7578125 0.3404572564612326 0.011458333333333333 0.016898608349900597
0 0.8104166666666667 0.3702783300198807 0.009375 0.02882703777335984
0 0.8255208333333334 0.3827037773359841 0.00625 0.019880715705765408
0 0.5994791666666667 0.4259443339960239 0.008333333333333333 0.018886679920477135
0 0.5041666666666667 0.4716699801192843 0.0125 0.008946322067594433
0 0.03984375 0.49353876739562624 0.009895833333333333 0.02286282306163022
0 0.82421875 0.49403578528827036 0.013020833333333334 0.013916500994035786
0 0.5713541666666667 0.4955268389662028 0.009375 0.012922465208747515
0 0.31875 0.5119284294234593 0.005208333333333333 0.02584493041749503
0 0.20078125 0.5203777335984096 0.008854166666666666 0.032803180914512925
0 0.83984375 0.5168986083499006 0.0140625 0.02385685884691849
0 0.6177083333333333 0.5228628230616302 0.010416666666666666 0.017892644135188866
0 0.8018229166666667 0.5268389662027833 0.011979166666666667 0.02385685884691849
0 0.32421875 0.5318091451292246 0.011979166666666667 0.011928429423459244
0 0.07578125 0.5596421471172962 0.021354166666666667 0.03180914512922465
0 0.7893229166666667 0.5879721669980119 0.008854166666666666 0.018886679920477135
0 0.6674479166666667 0.5994035785288271 0.0078125 0.027833001988071572
0 0.2565104166666667 0.5944333996023857 0.008854166666666666 0.009940357852882704
0 0.30104166666666665 0.6038767395626242 0.00625 0.0268389662027833
0 0.7419270833333333 0.6053677932405567 0.0109375 0.019880715705765408
0 0.7955729166666666 0.6182902584493042 0.008854166666666666 0.017892644135188866
0 0.014583333333333334 0.6272365805168986 0.011458333333333333 0.03180914512922465
0 0.8067708333333333 0.6336978131212724 0.0125 0.008946322067594433
0 0.7057291666666666 0.6446322067594433 0.005208333333333333 0.016898608349900597
0 0.5276041666666667 0.6814115308151093 0.007291666666666667 0.032803180914512925
0 0.30859375 0.672962226640159 0.0109375 0.009940357852882704
0 0.375 0.7271371769383698 0.011458333333333333 0.02485089463220676
0 0.6682291666666667 0.7306163021868787 0.010416666666666666 0.009940357852882704
0 0.29401041666666666 0.7360834990059643 0.0078125 0.012922465208747515
0 0.503125 0.7340954274353877 0.013541666666666667 0.010934393638170975
0 0.5026041666666666 0.7594433399602386 0.010416666666666666 0.019880715705765408
0 0.5505208333333333 0.7823061630218688 0.015625 0.039761431411530816
0 0.9401041666666666 0.7872763419483101 0.017708333333333333 0.02584493041749503
0 0.8393229166666667 0.7967196819085487 0.018229166666666668 0.030815109343936383
0 0.8575520833333333 0.7957256461232605 0.008854166666666666 0.016898608349900597
0 0.56015625 0.8170974155069582 0.013020833333333334 0.02385685884691849
0 0.778125 0.8290258449304175 0.00625 0.02186878727634195
0 0.3143229166666667 0.8305168986083499 0.015104166666666667 0.016898608349900597
0 0.22604166666666667 0.8359840954274353 0.010416666666666666 0.019880715705765408
0 0.3575520833333333 0.838469184890656 0.0078125 0.018886679920477135
0 0.8122395833333333 0.8409542743538767 0.0140625 0.02584493041749503
0 0.4583333333333333 0.8538767395626242 0.00625 0.03180914512922465
0 0.75625 0.8563618290258449 0.013541666666666667 0.0268389662027833
0 0.4861979166666667 0.8588469184890656 0.008854166666666666 0.02385685884691849
0 0.5815104166666667 0.8558648111332008 0.016145833333333335 0.015904572564612324
0 0.35078125 0.8628230616302187 0.0109375 0.011928429423459244
0 0.3963541666666667 0.8687872763419483 0.017708333333333333 0.02385685884691849
0 0.4747395833333333 0.8667992047713717 0.0046875 0.02186878727634195
0 0.4309895833333333 0.8648111332007953 0.008854166666666666 0.011928429423459244
0 0.6559895833333333 0.871272365805169 0.005729166666666666 0.0268389662027833
0 0.47291666666666665 0.8966202783300199 0.007291666666666667 0.019880715705765408
0 0.5200520833333333 0.904572564612326 0.015104166666666667 0.02186878727634195
0 0.42578125 0.9110337972166997 0.0078125 0.018886679920477135
0 0.38958333333333334 0.9174950298210736 0.011458333333333333 0.027833001988071572
0 0.47682291666666665 0.9214711729622267 0.013020833333333334 0.03578528827037773
0 0.45364583333333336 0.9279324055666004 0.028125 0.04473161033797217
0 0.5518229166666667 0.9120278330019881 0.0109375 0.010934393638170975
0 0.484375 0.9294234592445328 0.017708333333333333 0.03777335984095427
0 0.8979166666666667 0.9254473161033797 0.007291666666666667 0.027833001988071572
0 0.41328125 0.9731610337972167 0.009895833333333333 0.015904572564612324
0 0.4981770833333333 0.9930417495029821 0.013020833333333334 0.011928429423459244