0 0.2015625 0.027335984095427434 0.04895833333333333 0.05467196819085487
0 0.6458333333333334 0.07306163021868788 0.020833333333333332 0.04671968190854871
0 0.3234375 0.073558648111332 0.014583333333333334 0.03180914512922465
0 0.8505208333333333 0.07405566600397614 0.0125 0.03479125248508946
0 0.63203125 0.10387673956262425 0.0109375 0.0268389662027833
0 0.26953125 0.14512922465208747 0.0067708333333333336 0.039761431411530816
0 0.3203125 0.1496023856858847 0.009375 0.030815109343936383
0 0.5697916666666667 0.1466202783300199 0.020833333333333332 0.020874751491053677
0 0.21458333333333332 0.1933399602385686 0.01875 0.020874751491053677
0 0.7028645833333333 0.19284294234592445 0.008854166666666666 0.017892644135188866
0 0.30963541666666666 0.1963220675944334 0.024479166666666666 0.020874751491053677
0 0.6171875 0.21123260437375746 0.01875 0.04473161033797217
0 0.28411458333333334 0.1993041749502982 0.0171875 0.018886679920477135
0 0.058854166666666666 0.21222664015904572 0.013541666666666667 0.02485089463220676
0 0.5122395833333333 0.21123260437375746 0.016145833333333335 0.012922465208747515
0 0.22161458333333334 0.2301192842942346 0.0109375 0.03876739562624255
0 0.49505208333333334 0.23359840954274355 0.015104166666666667 0.02982107355864811
0 0.20416666666666666 0.24204771371769385 0.016666666666666666 0.032803180914512925
0 0.1796875 0.25646123260437376 0.010416666666666666 0.039761431411530816
0 0.828125 0.25596421471172964 0.014583333333333334 0.03479125248508946
0 0.20078125 0.2624254473161034 0.0140625 0.02385685884691849
0 0.34322916666666664 0.2678926441351889 0.01875 0.020874751491053677
0 0.27057291666666666 0.29174950298210733 0.013020833333333334 0.05069582504970179
0 0.13802083333333334 0.28777335984095426 0.008333333333333333 0.032803180914512925
0 0.12057291666666667 0.29970178926441354 0.021354166666666667 0.04671968190854871
0 0.22604166666666667 0.2957256461232604 0.01875 0.0268389662027833
0 0.30520833333333336 0.31660039761431413 0.0125 0.032803180914512925
0 0.13776041666666666 0.31411530815109345 0.0109375 0.011928429423459244
0 0.08307291666666666 0.3364811133200795 0.022395833333333334 0.040755467196819085
0 0.14453125 0.3290258449304175 0.0067708333333333336 0.015904572564612324
0 0.12447916666666667 0.3349900596421471 0.015625 0.02186878727634195
0 0.39114583333333336 0.34493041749502984 0.007291666666666667 0.019880715705765408
0 0.43411458333333336 0.3548707753479125 0.0067708333333333336 0.027833001988071572
0 0.10677083333333333 0.3667992047713718 0.022916666666666665 0.03578528827037773
0 0.03411458333333333 0.3667992047713718 0.028645833333333332 0.027833001988071572
0 0.29765625 0.371272365805169 0.0078125 0.02286282306163022
0 0.26067708333333334 0.39015904572564614 0.0171875 0.030815109343936383
0 0.19661458333333334 0.4085487077534791 0.021354166666666667 0.03777335984095427
0 0.82890625 0.4194831013916501 0.018229166666666668 0.055666003976143144
0 0.4361979166666667 0.42992047713717696 0.013020833333333334 0.04473161033797217
0 0.2596354166666667 0.43290258449304175 0.0234375 0.03876739562624255
0 0.27786458333333336 0.42992047713717696 0.015104166666666667 0.032803180914512925
0 0.13854166666666667 0.44930417495029823 0.019791666666666666 0.02982107355864811
0 0.32890625 0.46123260437375746 0.016145833333333335 0.04970178926441352
0 0.375 0.44980119284294234 0.013541666666666667 0.014910536779324055
0 0.5408854166666667 0.47813121272365805 0.016145833333333335 0.009940357852882704
0 0.5518229166666667 0.5019880715705766 0.013020833333333334 0.027833001988071572
0 0.3338541666666667 0.5064612326043738 0.015625 0.02882703777335984
0 0.3182291666666667 0.5079522862823062 0.00625 0.02385685884691849
0 0.49505208333333334 0.5054671968190855 0.008854166666666666 0.010934393638170975
0 0.58046875 0.5134194831013916 0.011979166666666667 0.0268389662027833
0 0.28098958333333335 0.5308151093439364 0.009895833333333333 0.0437375745526839
0 0.22942708333333334 0.5313121272365805 0.009895833333333333 0.032803180914512925
0 0.4127604166666667 0.5342942345924453 0.016145833333333335 0.014910536779324055
0 0.5119791666666667 0.5437375745526839 0.008333333333333333 0.033797216699801194
0 0.57578125 0.5397614314115308 0.016145833333333335 0.015904572564612324
0 0.33359375 0.5581510934393639 0.0078125 0.018886679920477135
0 0.38307291666666665 0.5561630218687873 0.019270833333333334 0.014910536779324055
0 0.3489583333333333 0.5755467196819085 0.017708333333333333 0.039761431411530816
0 0.86484375 0.5785288270377733 0.0234375 0.039761431411530816
0 0.4276041666666667 0.6058648111332008 0.015625 0.03479125248508946
0 0.3807291666666667 0.6058648111332008 0.00625 0.02882703777335984
0 0.33541666666666664 0.6128230616302187 0.00625 0.032803180914512925
0 0.3528645833333333 0.6158051689860835 0.0203125 0.020874751491053677
0 0.37161458333333336 0.628727634194831 0.011979166666666667 0.016898608349900597
0 0.47890625 0.6262425447316103 0.015104166666666667 0.013916500994035786
0 0.4401041666666667 0.643141153081511 0.009375 0.019880715705765408
0 0.5630208333333333 0.6491053677932406 0.013541666666666667 0.02584493041749503
0 0.33697916666666666 0.6734592445328031 0.005208333333333333 0.018886679920477135
0 0.44557291666666665 0.6694831013916501 0.015104166666666667 0.010934393638170975
0 0.3815104166666667 0.6749502982107356 0.009895833333333333 0.011928429423459244
0 0.35911458333333335 0.6824055666003976 0.0078125 0.020874751491053677
0 0.11614583333333334 0.6858846918489065 0.017708333333333333 0.019880715705765408
0 0.6067708333333334 0.6968190854870775 0.01875 0.013916500994035786
0 0.3684895833333333 0.7067594433399602 0.0109375 0.015904572564612324
0 0.33177083333333335 0.7166998011928429 0.0125 0.02584493041749503
0 0.5802083333333333 0.7221669980119284 0.013541666666666667 0.02485089463220676
0 0.83125 0.757455268389662 0.022916666666666665 0.02186878727634195
0 0.12083333333333333 0.7813121272365805 0.017708333333333333 0.03578528827037773
0 0.07395833333333333 0.7872763419483101 0.0125 0.03180914512922465
0 0.6109375 0.8146123260437376 0.022916666666666665 0.02286282306163022
0 0.2942708333333333 0.8230616302186878 0.019791666666666666 0.03578528827037773
0 0.2859375 0.8513916500994035 0.010416666666666666 0.042743538767395624
0 0.46510416666666665 0.8667992047713717 0.0125 0.017892644135188866
0 0.37994791666666666 0.8886679920477137 0.0328125 0.04572564612326044
0 0.3 0.8981113320079522 0.01875 0.03876739562624255
0 0.00026041666666666666 0.9120278330019881 0.0005208333333333333 0.05467196819085487
0 0.24739583333333334 0.9348906560636183 0.016666666666666666 0.040755467196819085
0 0.34088541666666666 0.9343936381709742 0.0109375 0.03578528827037773
0 0.23984375 0.9850894632206759 0.011979166666666667 0.027833001988071572