0 0.09869791666666666 0.0004970178926441351 0.0328125 0.0009940357852882703
0 0.0375 0.0004970178926441351 0.051041666666666666 0.0009940357852882703
0 0.5729166666666666 0.023359840954274354 0.020833333333333332 0.018886679920477135
0 0.5890625 0.2276341948310139 0.011458333333333333 0.02584493041749503
0 0.46588541666666666 0.32703777335984097 0.018229166666666668 0.013916500994035786
0 0.3067708333333333 0.36779324055666 0.025 0.0437375745526839
0 0.4875 0.3663021868787276 0.016666666666666666 0.02485089463220676
0 0.32760416666666664 0.4224652087475149 0.015625 0.04572564612326044
0 0.4276041666666667 0.426441351888668 0.015625 0.041749502982107355
0 0.4734375 0.46669980119284293 0.028125 0.030815109343936383
0 0.60703125 0.47664015904572565 0.0109375 0.018886679920477135
0 0.41796875 0.49204771371769385 0.008854166666666666 0.027833001988071572
0 0.6380208333333334 0.4985089463220676 0.010416666666666666 0.014910536779324055
0 0.21484375 0.5178926441351889 0.0171875 0.0536779324055666
0 0.47578125 0.5069582504970179 0.025520833333333333 0.02584493041749503
0 0.23385416666666667 0.5233598409542743 0.015625 0.05069582504970179
0 0.42734375 0.606858846918489 0.0078125 0.04473161033797217
0 0.4234375 0.6550695825049702 0.015625 0.041749502982107355
0 0.47369791666666666 0.6978131212723658 0.009895833333333333 0.019880715705765408
0 0.4390625 0.7112326043737575 0.025 0.040755467196819085
0 0.22994791666666667 0.7042743538767395 0.0171875 0.020874751491053677
0 0.10963541666666667 0.7380715705765407 0.022395833333333334 0.032803180914512925
0 0.38984375 0.7405566600397614 0.025520833333333333 0.02584493041749503
0 0.29296875 0.7420477137176938 0.022395833333333334 0.0268389662027833
0 0.46171875 0.7519880715705766 0.0265625 0.036779324055666
0 0.4390625 0.7798210735586482 0.014583333333333334 0.0268389662027833
0 0.0578125 0.7857852882703777 0.008333333333333333 0.02286282306163022
0 0.08125 0.8474155069582505 0.008333333333333333 0.02286282306163022
0 0.2638020833333333 0.8623260437375746 0.013020833333333334 0.04473161033797217
0 0.16223958333333333 0.860337972166998 0.024479166666666666 0.02882703777335984
0 0.5216145833333333 0.8717693836978131 0.0203125 0.02186878727634195
0 0.44375 0.8851888667992047 0.017708333333333333 0.040755467196819085
0 0.46197916666666666 0.8871769383697813 0.013541666666666667 0.012922465208747515
0 0.1625 0.8966202783300199 0.014583333333333334 0.02982107355864811
0 0.4002604166666667 0.9125248508946322 0.0203125 0.041749502982107355
0 0.04921875 0.9294234592445328 0.016145833333333335 0.03578528827037773
0 0.5385416666666667 0.9343936381709742 0.017708333333333333 0.02385685884691849
0 0.41458333333333336 0.9324055666003976 0.011458333333333333 0.02186878727634195
0 0.2796875 0.9403578528827038 0.013541666666666667 0.03578528827037773
0 0.45026041666666666 0.9423459244532804 0.021354166666666667 0.017892644135188866
0 0.20911458333333333 0.9751491053677932 0.025520833333333333 0.04771371769383698
0 0.46067708333333335 0.974155069582505 0.005729166666666666 0.017892644135188866
0 0.18385416666666668 0.989065606361829 0.025 0.019880715705765408
0 0.5239583333333333 0.9900596421471173 0.01875 0.017892644135188866