0 0.07161458333333333 0.030318091451292245 0.009895833333333333 0.03876739562624255
0 0.3390625 0.02485089463220676 0.009375 0.02584493041749503
0 0.9260416666666667 0.041749502982107355 0.028125 0.03578528827037773
0 0.07916666666666666 0.05666003976143141 0.019791666666666666 0.013916500994035786
0 0.5614583333333333 0.07306163021868788 0.009375 0.036779324055666
0 0.37161458333333336 0.07803180914512922 0.011979166666666667 0.02882703777335984
0 0.0625 0.08846918489065607 0.01875 0.03578528827037773
0 0.4270833333333333 0.11580516898608349 0.026041666666666668 0.05666003976143141
0 0.6510416666666666 0.10487077534791253 0.023958333333333335 0.032803180914512925
0 0.2986979166666667 0.12872763419483102 0.011979166666666667 0.040755467196819085
0 0.31197916666666664 0.12375745526838966 0.007291666666666667 0.030815109343936383
0 0.33489583333333334 0.1172962226640159 0.017708333333333333 0.017892644135188866
0 0.2671875 0.14214711729622267 0.014583333333333334 0.033797216699801194
0 0.20390625 0.14761431411530815 0.016145833333333335 0.02882703777335984
0 0.23046875 0.1540755467196819 0.0234375 0.033797216699801194
0 0.68359375 0.15059642147117297 0.018229166666666668 0.014910536779324055
0 0.14739583333333334 0.16351888667992048 0.010416666666666666 0.02882703777335984
0 0.840625 0.16202783300198806 0.010416666666666666 0.027833001988071572
0 0.43359375 0.1749502982107356 0.0078125 0.041749502982107355
0 0.8283854166666667 0.18439363817097415 0.019270833333333334 0.048707753479125246
0 0.55703125 0.18836978131212723 0.0140625 0.05069582504970179
0 0.8716145833333333 0.19681908548707752 0.0140625 0.033797216699801194
0 0.70078125 0.1988071570576541 0.005729166666666666 0.027833001988071572
0 0.23697916666666666 0.2147117296222664 0.016666666666666666 0.02385685884691849
0 0.39166666666666666 0.21073558648111332 0.013541666666666667 0.013916500994035786
0 0.6859375 0.2216699801192843 0.008333333333333333 0.03180914512922465
0 0.40182291666666664 0.2286282306163022 0.005729166666666666 0.02385685884691849
0 0.9234375 0.2415506958250497 0.01875 0.03180914512922465
0 0.2734375 0.2509940357852883 0.027083333333333334 0.040755467196819085
0 0.21380208333333334 0.2514910536779324 0.011979166666666667 0.027833001988071572
0 0.3953125 0.27485089463220674 0.011458333333333333 0.03876739562624255
0 0.30442708333333335 0.27087475149105367 0.0171875 0.02485089463220676
0 0.1578125 0.2803180914512923 0.01875 0.033797216699801194
0 0.7158854166666667 0.2803180914512923 0.0140625 0.033797216699801194
0 0.2515625 0.27435387673956263 0.009375 0.011928429423459244
0 0.2421875 0.2912524850894632 0.011458333333333333 0.013916500994035786
0 0.9635416666666666 0.2912524850894632 0.011458333333333333 0.013916500994035786
0 0.9953125 0.3111332007952286 0.008333333333333333 0.02982107355864811
0 0.6703125 0.3404572564612326 0.020833333333333332 0.016898608349900597
0 0.490625 0.3474155069582505 0.0125 0.02882703777335984
0 0.91875 0.3533797216699801 0.007291666666666667 0.010934393638170975
0 0.7161458333333334 0.3682902584493042 0.007291666666666667 0.03479125248508946
0 0.05859375 0.38220675944334 0.034895833333333334 0.040755467196819085
0 0.13645833333333332 0.37673956262425445 0.0125 0.02186878727634195
0 0.6890625 0.3851888667992048 0.034375 0.0268389662027833
0 0.39765625 0.40457256461232605 0.0296875 0.0636182902584493
0 0.275 0.3961232604373757 0.017708333333333333 0.0268389662027833
0 0.004427083333333333 0.415506958250497 0.008854166666666666 0.03777335984095427
0 0.11432291666666666 0.4105367793240557 0.016145833333333335 0.027833001988071572
0 0.2125 0.42445328031809143 0.016666666666666666 0.013916500994035786
0 0.2838541666666667 0.44831013916500995 0.015625 0.033797216699801194
0 0.3770833333333333 0.44582504970178927 0.008333333333333333 0.02485089463220676
0 0.5598958333333334 0.4423459244532803 0.021875 0.017892644135188866
0 0.22161458333333334 0.4433399602385686 0.018229166666666668 0.015904572564612324
0 0.4427083333333333 0.44980119284294234 0.0125 0.02882703777335984
0 0.3927083333333333 0.4562624254473161 0.007291666666666667 0.033797216699801194
0 0.259375 0.455765407554672 0.017708333333333333 0.02882703777335984
0 0.4625 0.44731610337972166 0.008333333333333333 0.009940357852882704
0 0.3184895833333333 0.4547713717693837 0.008854166666666666 0.020874751491053677
0 0.22578125 0.4721669980119284 0.021354166666666667 0.027833001988071572
0 0.3807291666666667 0.4696819085487077 0.010416666666666666 0.014910536779324055
0 0.5229166666666667 0.4716699801192843 0.010416666666666666 0.016898608349900597
0 0.04375 0.47962226640159045 0.025 0.0268389662027833
0 0.3875 0.4955268389662028 0.015625 0.032803180914512925
0 0.37005208333333334 0.49254473161033796 0.005729166666666666 0.02286282306163022
0 0.3341145833333333 0.49304174950298213 0.0078125 0.017892644135188866
0 0.15598958333333332 0.5069582504970179 0.019270833333333334 0.041749502982107355
0 0.18229166666666666 0.5069582504970179 0.011458333333333333 0.041749502982107355
0 0.20078125 0.5034791252485089 0.0109375 0.030815109343936383
0 0.28098958333333335 0.5168986083499006 0.03177083333333333 0.03180914512922465
0 0.38125 0.5213717693836978 0.010416666666666666 0.016898608349900597
0 0.40963541666666664 0.5337972166998012 0.024479166666666666 0.03777335984095427
0 0.81796875 0.5576540755467196 0.013020833333333334 0.05168986083499006
0 0.11302083333333333 0.5541749502982107 0.016666666666666666 0.03479125248508946
0 0.37994791666666666 0.5511928429423459 0.0203125 0.02286282306163022
0 0.9317708333333333 0.5760437375745527 0.014583333333333334 0.048707753479125246
0 0.9505208333333334 0.5775347912524851 0.017708333333333333 0.041749502982107355
0 0.4875 0.5656063618290258 0.011458333333333333 0.013916500994035786
0 0.3653645833333333 0.5730616302186878 0.005729166666666666 0.0268389662027833
0 0.3984375 0.5775347912524851 0.023958333333333335 0.02186878727634195
0 0.5778645833333333 0.5959244532803181 0.013020833333333334 0.03876739562624255
0 0.7807291666666667 0.5899602385685885 0.016666666666666666 0.0268389662027833
0 0.4908854166666667 0.6088469184890656 0.008854166666666666 0.02286282306163022
0 0.39453125 0.6182902584493042 0.015104166666666667 0.02385685884691849
0 0.8119791666666667 0.6505964214711729 0.017708333333333333 0.02485089463220676
0 0.15208333333333332 0.6660039761431411 0.010416666666666666 0.04771371769383698
0 0.478125 0.6640159045725647 0.009375 0.033797216699801194
0 0.3645833333333333 0.6779324055666004 0.008333333333333333 0.0437375745526839
0 0.49635416666666665 0.6650099403578529 0.007291666666666667 0.019880715705765408
0 0.63984375 0.6749502982107356 0.015104166666666667 0.02584493041749503
0 0.4549479166666667 0.6789264413518886 0.019270833333333334 0.013916500994035786
0 0.31223958333333335 0.6938369781312127 0.0171875 0.015904572564612324
0 0.1046875 0.7072564612326043 0.020833333333333332 0.03876739562624255
0 0.23984375 0.7052683896620279 0.022395833333333334 0.030815109343936383
0 0.2864583333333333 0.7122266401590457 0.0125 0.040755467196819085
0 0.33203125 0.7142147117296223 0.0234375 0.032803180914512925
0 0.46927083333333336 0.7087475149105368 0.008333333333333333 0.02385685884691849
0 0.7908854166666667 0.713220675944334 0.016145833333333335 0.032803180914512925
0 0.5369791666666667 0.7196819085487077 0.013541666666666667 0.039761431411530816
0 0.62890625 0.724155069582505 0.0109375 0.030815109343936383
0 0.37838541666666664 0.7261431411530815 0.0078125 0.0268389662027833
0 0.07447916666666667 0.7276341948310139 0.016666666666666666 0.02385685884691849
0 0.9908854166666666 0.731610337972167 0.0171875 0.02385685884691849
0 0.61640625 0.7450298210735586 0.0109375 0.02882703777335984
0 0.5403645833333334 0.7678926441351889 0.011979166666666667 0.03479125248508946
0 0.30104166666666665 0.7778330019880716 0.009375 0.040755467196819085
0 0.5177083333333333 0.7837972166998012 0.011458333333333333 0.032803180914512925
0 0.8497395833333333 0.7837972166998012 0.027604166666666666 0.0268389662027833
0 0.79375 0.790258449304175 0.017708333333333333 0.02186878727634195
0 0.4903645833333333 0.790258449304175 0.021354166666666667 0.013916500994035786
0 0.5822916666666667 0.7967196819085487 0.017708333333333333 0.02485089463220676
0 0.98671875 0.8101391650099403 0.0067708333333333336 0.02186878727634195
0 0.5229166666666667 0.8255467196819085 0.008333333333333333 0.030815109343936383
0 0.696875 0.8290258449304175 0.017708333333333333 0.03578528827037773
0 0.2375 0.8499005964214712 0.015625 0.05765407554671968
0 0.5057291666666667 0.8285288270377733 0.01875 0.014910536779324055
0 0.40911458333333334 0.8429423459244533 0.018229166666666668 0.03578528827037773
0 0.7067708333333333 0.8484095427435387 0.016666666666666666 0.02485089463220676
0 0.7419270833333333 0.8727634194831014 0.0203125 0.033797216699801194
0 0.48333333333333334 0.878727634194831 0.023958333333333335 0.02385685884691849
0 0.20364583333333333 0.9090457256461233 0.01875 0.04473161033797217
0 0.05755208333333333 0.918986083499006 0.0140625 0.05467196819085487
0 0.46119791666666665 0.9060636182902585 0.019270833333333334 0.018886679920477135
0 0.409375 0.9473161033797217 0.009375 0.03180914512922465
0 0.15026041666666667 0.9517892644135189 0.019270833333333334 0.02882703777335984
0 0.028645833333333332 0.9801192842942346 0.01875 0.03777335984095427
0 0.78203125 0.9885685884691849 0.0203125 0.020874751491053677
0 0.9075520833333334 0.9905566600397614 0.021354166666666667 0.016898608349900597