0 0.9919270833333333 0.019383697813121274 0.016145833333333335 0.03876739562624255
0 0.02890625 0.003976143141153081 0.011979166666666667 0.007952286282306162
0 0.23411458333333332 0.02385685884691849 0.018229166666666668 0.02385685884691849
0 0.02890625 0.02385685884691849 0.022395833333333334 0.02584493041749503
0 0.93828125 0.04920477137176938 0.0203125 0.05864811133200795
0 0.99609375 0.08151093439363817 0.0078125 0.0775347912524851
0 0.05260416666666667 0.06709741550695825 0.008333333333333333 0.020874751491053677
0 0.9177083333333333 0.07902584493041749 0.019791666666666666 0.016898608349900597
0 0.8635416666666667 0.10636182902584493 0.025 0.039761431411530816
0 0.08723958333333333 0.11083499005964215 0.0171875 0.030815109343936383
0 0.59453125 0.12673956262425448 0.0109375 0.03876739562624255
0 0.8072916666666666 0.1327037773359841 0.011458333333333333 0.04473161033797217
0 0.35963541666666665 0.12673956262425448 0.0078125 0.012922465208747515
0 0.6643229166666667 0.13667992047713717 0.0046875 0.02286282306163022
0 0.5497395833333333 0.14463220675944333 0.009895833333333333 0.036779324055666
0 0.9135416666666667 0.15159045725646123 0.014583333333333334 0.04671968190854871
0 0.03177083333333333 0.15755467196819087 0.020833333333333332 0.036779324055666
0 0.1390625 0.17693836978131214 0.008333333333333333 0.0437375745526839
0 0.721875 0.1824055666003976 0.015625 0.02286282306163022
0 0.61484375 0.1878727634194831 0.021354166666666667 0.03578528827037773
0 0.9973958333333334 0.18141153081510936 0.005208333333333333 0.018886679920477135
0 0.5153645833333333 0.18439363817097415 0.013020833333333334 0.02286282306163022
0 0.054427083333333334 0.1933399602385686 0.0046875 0.02485089463220676
0 0.07890625 0.2231610337972167 0.016145833333333335 0.02286282306163022
0 0.20729166666666668 0.24652087475149106 0.008333333333333333 0.04572564612326044
0 0.6127604166666667 0.25646123260437376 0.022395833333333334 0.041749502982107355
0 0.57421875 0.2509940357852883 0.018229166666666668 0.02286282306163022
0 0.6752604166666667 0.25 0.022395833333333334 0.016898608349900597
0 0.0265625 0.27137176938369784 0.0125 0.011928429423459244
0 0.6078125 0.30069582504970177 0.009375 0.032803180914512925
0 0.5424479166666667 0.29870775347912526 0.0140625 0.0268389662027833
0 0.6848958333333334 0.31759443339960236 0.025 0.020874751491053677
0 0.03828125 0.32703777335984097 0.0265625 0.03578528827037773
0 0.9635416666666666 0.3384691848906561 0.013541666666666667 0.030815109343936383
0 0.6114583333333333 0.3518886679920477 0.020833333333333332 0.033797216699801194
0 0.16119791666666666 0.3489065606361829 0.0171875 0.02385685884691849
0 0.6721354166666667 0.3548707753479125 0.015104166666666667 0.017892644135188866
0 0.6283854166666667 0.36182902584493043 0.013020833333333334 0.007952286282306162
0 0.6403645833333333 0.37375745526838966 0.0203125 0.027833001988071572
0 0.23828125 0.3702783300198807 0.022395833333333334 0.014910536779324055
0 0.6940104166666666 0.39015904572564614 0.021354166666666667 0.040755467196819085
0 0.90078125 0.3836978131212724 0.005729166666666666 0.02584493041749503
0 0.6416666666666667 0.4165009940357853 0.013541666666666667 0.007952286282306162
0 0.9559895833333333 0.4304174950298211 0.022395833333333334 0.02584493041749503
0 0.5458333333333333 0.43290258449304175 0.008333333333333333 0.02286282306163022
0 0.82265625 0.4537773359840954 0.024479166666666666 0.030815109343936383
0 0.5309895833333333 0.4701789264413519 0.0109375 0.02584493041749503
0 0.9169270833333333 0.49304174950298213 0.019270833333333334 0.04771371769383698
0 0.37942708333333336 0.4885685884691849 0.0171875 0.02286282306163022
0 0.5036458333333333 0.4990059642147117 0.0125 0.02584493041749503
0 0.7502604166666667 0.5064612326043738 0.015104166666666667 0.03479125248508946
0 0.81171875 0.4985089463220676 0.022395833333333334 0.016898608349900597
0 0.53125 0.5054671968190855 0.008333333333333333 0.02485089463220676
0 0.7760416666666666 0.5009940357852882 0.014583333333333334 0.011928429423459244
0 0.540625 0.5333001988071571 0.019791666666666666 0.032803180914512925
0 0.70703125 0.5283300198807157 0.011979166666666667 0.020874751491053677
0 0.32734375 0.5437375745526839 0.024479166666666666 0.03777335984095427
0 0.5122395833333333 0.544234592445328 0.0067708333333333336 0.02882703777335984
0 0.13489583333333333 0.5472166998011928 0.01875 0.016898608349900597
0 0.5419270833333333 0.5705765407554672 0.008854166666666666 0.027833001988071572
0 0.6986979166666667 0.5715705765407555 0.008854166666666666 0.017892644135188866
0 0.47682291666666665 0.5705765407554672 0.015104166666666667 0.009940357852882704
0 0.5934895833333333 0.5879721669980119 0.0078125 0.020874751491053677
0 0.5614583333333333 0.5929423459244533 0.011458333333333333 0.014910536779324055
0 0.51640625 0.595427435387674 0.0203125 0.019880715705765408
0 0.46588541666666666 0.606858846918489 0.009895833333333333 0.042743538767395624
0 0.96328125 0.614314115308151 0.011979166666666667 0.03777335984095427
0 0.44427083333333334 0.6128230616302187 0.026041666666666668 0.030815109343936383
0 0.5098958333333333 0.6163021868787276 0.022916666666666665 0.02385685884691849
0 0.5447916666666667 0.621272365805169 0.014583333333333334 0.015904572564612324
0 0.5838541666666667 0.6297216699801192 0.019791666666666666 0.0268389662027833
0 0.7177083333333333 0.6466202783300199 0.015625 0.02485089463220676
0 0.5354166666666667 0.6486083499005965 0.00625 0.02286282306163022
0 0.6765625 0.6491053677932406 0.016666666666666666 0.017892644135188866
0 0.5700520833333333 0.6595427435387674 0.011979166666666667 0.012922465208747515
0 0.47265625 0.6590457256461233 0.008854166666666666 0.009940357852882704
0 0.4434895833333333 0.672962226640159 0.008854166666666666 0.015904572564612324
0 0.28880208333333335 0.6848906560636183 0.011979166666666667 0.02186878727634195
0 0.6328125 0.6923459244532804 0.016666666666666666 0.010934393638170975
0 0.4752604166666667 0.7077534791252486 0.0140625 0.03578528827037773
0 0.5359375 0.7047713717693836 0.010416666666666666 0.019880715705765408
0 0.12578125 0.7107355864811133 0.0140625 0.02385685884691849
0 0.46875 0.7380715705765407 0.013541666666666667 0.02882703777335984
0 0.9997395833333333 0.7524850894632207 0.0005208333333333333 0.0536779324055666
0 0.5260416666666666 0.7385685884691849 0.013541666666666667 0.015904572564612324
0 0.565625 0.7470178926441352 0.00625 0.020874751491053677
0 0.4786458333333333 0.7495029821073559 0.009375 0.019880715705765408
0 0.71171875 0.7490059642147118 0.016145833333333335 0.014910536779324055
0 0.6484375 0.7524850894632207 0.008333333333333333 0.02186878727634195
0 0.7002604166666667 0.7544731610337972 0.0067708333333333336 0.011928429423459244
0 0.9075520833333334 0.7629224652087475 0.011979166666666667 0.02286282306163022
0 0.11510416666666666 0.768389662027833 0.0125 0.027833001988071572
0 0.5934895833333333 0.7783300198807157 0.0140625 0.015904572564612324
0 0.7041666666666667 0.7997017892644135 0.009375 0.012922465208747515
0 0.6328125 0.8061630218687873 0.0125 0.02584493041749503
0 0.22213541666666667 0.8185884691848907 0.0078125 0.030815109343936383
0 0.9997395833333333 0.838469184890656 0.0005208333333333333 0.06063618290258449
0 0.11015625 0.8240556660039762 0.009895833333333333 0.015904572564612324
0 0.11484375 0.8459244532803181 0.0078125 0.017892644135188866
0 0.34427083333333336 0.8479125248508946 0.014583333333333334 0.019880715705765408
0 0.7390625 0.8841948310139165 0.016666666666666666 0.040755467196819085
0 0.3125 0.8866799204771372 0.013541666666666667 0.041749502982107355
0 0.3763020833333333 0.9055666003976143 0.0067708333333333336 0.03578528827037773
0 0.4934895833333333 0.9015904572564613 0.011979166666666667 0.017892644135188866
0 0.8200520833333333 0.9184890656063618 0.0234375 0.03777335984095427
0 0.571875 0.9329025844930418 0.00625 0.020874751491053677
0 0.9875 0.9423459244532804 0.025 0.03180914512922465
0 0.22317708333333333 0.944831013916501 0.0171875 0.02286282306163022
0 0.7044270833333334 0.9662027833001988 0.0265625 0.04771371769383698
0 0.65078125 0.9801192842942346 0.008854166666666666 0.03777335984095427
0 0.3885416666666667 0.9870775347912525 0.015625 0.02385685884691849