0 0.21510416666666668 0.006958250497017893 0.030208333333333334 0.013916500994035786
0 0.45677083333333335 0.022365805168986085 0.013541666666666667 0.04473161033797217
0 0.7783854166666667 0.01341948310139165 0.0078125 0.0268389662027833
0 0.175 0.013916500994035786 0.011458333333333333 0.02385685884691849
0 0.19244791666666666 0.009443339960238568 0.008854166666666666 0.014910536779324055
0 0.8450520833333334 0.007952286282306162 0.013020833333333334 0.011928429423459244
0 0.0013020833333333333 0.019880715705765408 0.0026041666666666665 0.033797216699801194
0 0.5190104166666667 0.03429423459244533 0.019270833333333334 0.04473161033797217
0 0.8994791666666667 0.023359840954274354 0.00625 0.018886679920477135
0 0.021614583333333333 0.03230616302186879 0.0109375 0.0268389662027833
0 0.1625 0.027335984095427434 0.009375 0.014910536779324055
0 0.7971354166666667 0.03429423459244533 0.018229166666666668 0.02882703777335984
0 0.8721354166666667 0.030318091451292245 0.009895833333333333 0.02286282306163022
0 0.0953125 0.03230616302186879 0.013541666666666667 0.018886679920477135
0 0.97734375 0.037276341948310136 0.011979166666666667 0.020874751491053677
0 0.765625 0.04671968190854871 0.007291666666666667 0.015904572564612324
0 0.3703125 0.06709741550695825 0.01875 0.02286282306163022
0 0.640625 0.0775347912524851 0.016666666666666666 0.027833001988071572
0 0.017447916666666667 0.08250497017892644 0.0140625 0.019880715705765408
0 0.15 0.0805168986083499 0.007291666666666667 0.015904572564612324
0 0.0640625 0.10685884691848907 0.008333333333333333 0.030815109343936383
0 0.10989583333333333 0.10834990059642147 0.013541666666666667 0.027833001988071572
0 0.33229166666666665 0.11630218687872763 0.015625 0.02982107355864811
0 0.8984375 0.11530815109343936 0.017708333333333333 0.027833001988071572
0 0.703125 0.12972166998011928 0.015625 0.020874751491053677
0 0.3846354166666667 0.14512922465208747 0.015104166666666667 0.027833001988071572
0 0.29348958333333336 0.1496023856858847 0.0140625 0.020874751491053677
0 0.3502604166666667 0.15904572564612326 0.0067708333333333336 0.033797216699801194
0 0.40703125 0.1555666003976143 0.018229166666666668 0.020874751491053677
0 0.6729166666666667 0.15705765407554673 0.017708333333333333 0.009940357852882704
0 0.83671875 0.18588469184890655 0.015104166666666667 0.05964214711729622
0 0.0015625 0.1794234592445328 0.003125 0.040755467196819085
0 0.340625 0.20129224652087474 0.020833333333333332 0.018886679920477135
0 0.75703125 0.21570576540755468 0.0171875 0.03578528827037773
0 0.7682291666666666 0.20725646123260438 0.011458333333333333 0.018886679920477135
0 0.31197916666666664 0.21123260437375746 0.008333333333333333 0.014910536779324055
0 0.49114583333333334 0.220675944333996 0.025 0.02584493041749503
0 0.5981770833333333 0.2147117296222664 0.016145833333333335 0.011928429423459244
0 0.28958333333333336 0.22514910536779323 0.015625 0.030815109343936383
0 0.37109375 0.23061630218687873 0.015104166666666667 0.02186878727634195
0 0.00026041666666666666 0.2644135188866799 0.0005208333333333333 0.05765407554671968
0 0.8986979166666667 0.25944333996023855 0.021354166666666667 0.03180914512922465
0 0.3151041666666667 0.3036779324055666 0.0125 0.018886679920477135
0 0.93125 0.3404572564612326 0.015625 0.042743538767395624
0 0.2955729166666667 0.33001988071570576 0.0140625 0.013916500994035786
0 0.11484375 0.34393638170974156 0.024479166666666666 0.02584493041749503
0 0.3143229166666667 0.352882703777336 0.009895833333333333 0.019880715705765408
0 0.62421875 0.3667992047713718 0.0109375 0.039761431411530816
0 0.3372395833333333 0.37375745526838966 0.0203125 0.041749502982107355
0 0.321875 0.37524850894632206 0.014583333333333334 0.018886679920477135
0 0.2716145833333333 0.3832007952286282 0.013020833333333334 0.02485089463220676
0 0.603125 0.3802186878727634 0.017708333333333333 0.014910536779324055
0 0.86015625 0.3956262425447316 0.0203125 0.027833001988071572
0 0.2921875 0.4125248508946322 0.029166666666666667 0.05765407554671968
0 0.4122395833333333 0.397117296222664 0.0109375 0.02286282306163022
0 0.93828125 0.415506958250497 0.0203125 0.04970178926441352
0 0.6385416666666667 0.4179920477137177 0.00625 0.03479125248508946
0 0.33645833333333336 0.4179920477137177 0.011458333333333333 0.006958250497017893
0 0.3828125 0.4309145129224652 0.0125 0.014910536779324055
0 0.34270833333333334 0.4438369781312127 0.009375 0.0268389662027833
0 0.3567708333333333 0.44532803180914515 0.015625 0.02584493041749503
0 0.81640625 0.44582504970178927 0.0171875 0.020874751491053677
0 0.39869791666666665 0.46322067594433397 0.0140625 0.039761431411530816
0 0.4393229166666667 0.4731610337972167 0.0109375 0.03777335984095427
0 0.6950520833333333 0.4711729622266402 0.0078125 0.02385685884691849
0 0.29609375 0.4691848906560636 0.009895833333333333 0.011928429423459244
0 0.35859375 0.47813121272365805 0.008854166666666666 0.017892644135188866
0 0.2752604166666667 0.49304174950298213 0.018229166666666668 0.03578528827037773
0 0.7205729166666667 0.5119284294234593 0.019270833333333334 0.04771371769383698
0 0.3216145833333333 0.5024850894632207 0.0067708333333333336 0.02485089463220676
0 0.43671875 0.5278330019880716 0.025520833333333333 0.03777335984095427
0 0.4890625 0.5218687872763419 0.022916666666666665 0.02385685884691849
0 0.19869791666666667 0.5387673956262425 0.009895833333333333 0.027833001988071572
0 0.33645833333333336 0.5576540755467196 0.00625 0.019880715705765408
0 0.4127604166666667 0.6033797216699801 0.0140625 0.02385685884691849
0 0.34270833333333334 0.6590457256461233 0.022916666666666665 0.0536779324055666
0 0.4015625 0.6565606361829026 0.011458333333333333 0.02286282306163022
0 0.3463541666666667 0.691351888667992 0.011458333333333333 0.032803180914512925
0 0.6309895833333333 0.6968190854870775 0.011979166666666667 0.039761431411530816
0 0.4161458333333333 0.7037773359840954 0.010416666666666666 0.04572564612326044
0 0.12760416666666666 0.739065606361829 0.022916666666666665 0.032803180914512925
0 0.33932291666666664 0.7564612326043738 0.016145833333333335 0.055666003976143144
0 0.29244791666666664 0.7559642147117296 0.0234375 0.02485089463220676
0 0.49609375 0.7589463220675944 0.0171875 0.0268389662027833
0 0.16041666666666668 0.760934393638171 0.023958333333333335 0.018886679920477135
0 0.4421875 0.7793240556660039 0.010416666666666666 0.033797216699801194
0 0.35442708333333334 0.7708747514910537 0.009895833333333333 0.010934393638170975
0 0.30390625 0.8021868787276342 0.011979166666666667 0.04572564612326044
0 0.38125 0.8061630218687873 0.017708333333333333 0.02584493041749503
0 0.3106770833333333 0.8330019880715706 0.009895833333333333 0.02982107355864811
0 0.9231770833333334 0.8389662027833003 0.019270833333333334 0.017892644135188866
0 0.3971354166666667 0.8593439363817097 0.019270833333333334 0.042743538767395624
0 0.37890625 0.8543737574552683 0.009895833333333333 0.020874751491053677
0 0.04921875 0.8687872763419483 0.013020833333333334 0.041749502982107355
0 0.12890625 0.8747514910536779 0.0234375 0.041749502982107355
0 0.55859375 0.8747514910536779 0.0109375 0.02982107355864811
0 0.19635416666666666 0.8757455268389662 0.019791666666666666 0.02385685884691849
0 0.32890625 0.929920477137177 0.0067708333333333336 0.030815109343936383
0 0.6182291666666667 0.944831013916501 0.011458333333333333 0.02882703777335984
0 0.4015625 0.9711729622266402 0.01875 0.055666003976143144
0 0.57890625 0.9612326043737575 0.009895833333333333 0.03180914512922465
0 0.5997395833333333 0.9771371769383698 0.025520833333333333 0.03578528827037773
0 0.74296875 0.9865805168986084 0.013020833333333334 0.02485089463220676
0 0.61875 0.9935387673956262 0.015625 0.010934393638170975