0 0.3338541666666667 0.023359840954274354 0.008333333333333333 0.02882703777335984
0 0.2703125 0.02286282306163022 0.020833333333333332 0.019880715705765408
0 0.5401041666666667 0.033797216699801194 0.0125 0.013916500994035786
0 0.22291666666666668 0.07107355864811134 0.019791666666666666 0.042743538767395624
0 0.18958333333333333 0.10337972166998012 0.015625 0.061630218687872766
0 0.32083333333333336 0.10039761431411531 0.013541666666666667 0.02982107355864811
0 0.06510416666666667 0.10536779324055666 0.023958333333333335 0.033797216699801194
0 0.25729166666666664 0.10238568588469185 0.007291666666666667 0.017892644135188866
0 0.2755208333333333 0.11481113320079522 0.0125 0.040755467196819085
0 0.11510416666666666 0.1073558648111332 0.008333333333333333 0.02186878727634195
0 0.25286458333333334 0.12872763419483102 0.015104166666666667 0.032803180914512925
0 0.6971354166666667 0.13320079522862824 0.011979166666666667 0.02186878727634195
0 0.20911458333333333 0.14512922465208747 0.008854166666666666 0.041749502982107355
0 0.10130208333333333 0.147117296222664 0.008854166666666666 0.017892644135188866
0 0.01015625 0.1540755467196819 0.0203125 0.027833001988071572
0 0.2986979166666667 0.16650099403578528 0.018229166666666668 0.030815109343936383
0 0.36328125 0.17047713717693838 0.018229166666666668 0.0268389662027833
0 0.7015625 0.1754473161033797 0.005208333333333333 0.018886679920477135
0 0.91484375 0.17345924453280318 0.009895833333333333 0.010934393638170975
0 0.9489583333333333 0.1988071570576541 0.021875 0.041749502982107355
0 0.73984375 0.1963220675944334 0.021354166666666667 0.016898608349900597
0 0.3111979166666667 0.20725646123260438 0.022395833333333334 0.02485089463220676
0 0.6171875 0.20974155069582506 0.023958333333333335 0.02982107355864811
0 0.165625 0.23161033797216699 0.015625 0.027833001988071572
0 0.4434895833333333 0.23757455268389663 0.008854166666666666 0.03777335984095427
0 0.3328125 0.23508946322067595 0.0125 0.02485089463220676
0 0.61328125 0.23856858846918488 0.021354166666666667 0.015904572564612324
0 0.07447916666666667 0.2509940357852883 0.016666666666666666 0.014910536779324055
0 0.3729166666666667 0.28479125248508946 0.017708333333333333 0.06063618290258449
0 0.16302083333333334 0.28429423459244535 0.021875 0.04771371769383698
0 0.203125 0.297713717693837 0.010416666666666666 0.03876739562624255
0 0.42994791666666665 0.334493041749503 0.019270833333333334 0.02286282306163022
0 0.7739583333333333 0.33548707753479123 0.022916666666666665 0.018886679920477135
0 0.6986979166666667 0.34443339960238567 0.015104166666666667 0.030815109343936383
0 0.16744791666666667 0.3533797216699801 0.0265625 0.036779324055666
0 0.39088541666666665 0.3548707753479125 0.008854166666666666 0.015904572564612324
0 0.2828125 0.36232604373757454 0.011458333333333333 0.02286282306163022
0 0.4322916666666667 0.37475149105367794 0.013541666666666667 0.027833001988071572
0 0.37395833333333334 0.3757455268389662 0.020833333333333332 0.019880715705765408
0 0.4630208333333333 0.3841948310139165 0.011458333333333333 0.030815109343936383
0 0.6583333333333333 0.3797216699801193 0.015625 0.019880715705765408
0 0.8984375 0.3817097415506958 0.019791666666666666 0.02584493041749503
0 0.79296875 0.3856858846918489 0.009895833333333333 0.009940357852882704
0 0.2265625 0.40159045725646125 0.008333333333333333 0.03180914512922465
0 0.4786458333333333 0.4000994035785288 0.013541666666666667 0.02286282306163022
0 0.3723958333333333 0.41302186878727637 0.016666666666666666 0.018886679920477135
0 0.4244791666666667 0.41749502982107356 0.010416666666666666 0.02982107355864811
0 0.7471354166666667 0.4209741550695825 0.0140625 0.03479125248508946
0 0.37942708333333336 0.441351888667992 0.0171875 0.02584493041749503
0 0.47604166666666664 0.444831013916501 0.011458333333333333 0.0268389662027833
0 0.3341145833333333 0.45129224652087474 0.015104166666666667 0.03180914512922465
0 0.5614583333333333 0.4572564612326044 0.011458333333333333 0.0437375745526839
0 0.06666666666666667 0.44831013916500995 0.021875 0.02186878727634195
0 0.35833333333333334 0.4542743538767396 0.015625 0.033797216699801194
0 0.4393229166666667 0.4726640159045726 0.013020833333333334 0.04473161033797217
0 0.6890625 0.4761431411530815 0.022916666666666665 0.039761431411530816
0 0.15911458333333334 0.47713717693836977 0.0234375 0.017892644135188866
0 0.34427083333333336 0.4865805168986084 0.016666666666666666 0.03479125248508946
0 0.296875 0.49105367793240556 0.016666666666666666 0.019880715705765408
0 0.6072916666666667 0.49502982107355864 0.016666666666666666 0.027833001988071572
0 0.32838541666666665 0.5044731610337972 0.0078125 0.014910536779324055
0 0.57890625 0.5248508946322068 0.0109375 0.05168986083499006
0 0.3455729166666667 0.5178926441351889 0.008854166666666666 0.033797216699801194
0 0.43463541666666666 0.5159045725646123 0.0140625 0.015904572564612324
0 0.0036458333333333334 0.5228628230616302 0.007291666666666667 0.017892644135188866
0 0.31588541666666664 0.5233598409542743 0.0078125 0.016898608349900597
0 0.37395833333333334 0.5377733598409543 0.0125 0.03777335984095427
0 0.10677083333333333 0.5303180914512923 0.017708333333333333 0.018886679920477135
0 0.48671875 0.547713717693837 0.005729166666666666 0.017892644135188866
0 0.46875 0.5581510934393639 0.013541666666666667 0.030815109343936383
0 0.5213541666666667 0.5675944333996024 0.005208333333333333 0.02385685884691849
0 0.39765625 0.5745526838966203 0.0171875 0.03180914512922465
0 0.5033854166666667 0.5720675944333996 0.015104166666666667 0.018886679920477135
0 0.2203125 0.5815109343936382 0.007291666666666667 0.02982107355864811
0 0.3299479166666667 0.5899602385685885 0.0109375 0.030815109343936383
0 0.7075520833333333 0.5974155069582505 0.009895833333333333 0.017892644135188866
0 0.165625 0.614314115308151 0.01875 0.015904572564612324
0 0.3416666666666667 0.6227634194831014 0.029166666666666667 0.020874751491053677
0 0.5200520833333333 0.639662027833002 0.015104166666666667 0.05069582504970179
0 0.41484375 0.6317097415506958 0.0234375 0.0268389662027833
0 0.8393229166666667 0.6500994035785288 0.008854166666666666 0.03578528827037773
0 0.89375 0.6550695825049702 0.014583333333333334 0.039761431411530816
0 0.37604166666666666 0.6640159045725647 0.011458333333333333 0.017892644135188866
0 0.4234375 0.6754473161033797 0.013541666666666667 0.010934393638170975
0 0.5755208333333334 0.6853876739562624 0.017708333333333333 0.010934393638170975
0 0.3450520833333333 0.7152087475149106 0.008854166666666666 0.020874751491053677
0 0.4278645833333333 0.7226640159045725 0.013020833333333334 0.02186878727634195
0 0.3611979166666667 0.7435387673956262 0.0171875 0.017892644135188866
0 0.58203125 0.7614314115308151 0.0203125 0.013916500994035786
0 0.16953125 0.7733598409542743 0.019270833333333334 0.02186878727634195
0 0.3546875 0.7768389662027833 0.0125 0.020874751491053677
0 0.40286458333333336 0.7763419483101391 0.011979166666666667 0.019880715705765408
0 0.37942708333333336 0.7768389662027833 0.018229166666666668 0.010934393638170975
0 0.14895833333333333 0.7907554671968191 0.0125 0.03479125248508946
0 0.54609375 0.7887673956262425 0.0067708333333333336 0.030815109343936383
0 0.6544270833333333 0.797713717693837 0.018229166666666668 0.03876739562624255
0 0.4276041666666667 0.7952286282306164 0.005208333333333333 0.02186878727634195
0 0.5822916666666667 0.8056660039761432 0.016666666666666666 0.02485089463220676
0 0.01875 0.8205765407554672 0.0125 0.016898608349900597
0 0.45338541666666665 0.820079522862823 0.0171875 0.013916500994035786
0 0.3294270833333333 0.8439363817097415 0.013020833333333334 0.055666003976143144
0 0.44817708333333334 0.8508946322067594 0.013020833333333334 0.03777335984095427
0 0.8091145833333333 0.8389662027833003 0.0171875 0.013916500994035786
0 0.6205729166666667 0.8618290258449304 0.024479166666666666 0.02385685884691849
0 0.4296875 0.8608349900596421 0.019791666666666666 0.013916500994035786
0 0.11458333333333333 0.8797216699801192 0.01875 0.02186878727634195
0 0.25494791666666666 0.9244532803180915 0.0171875 0.041749502982107355
0 0.01015625 0.9637176938369781 0.0203125 0.0705765407554672
0 0.28072916666666664 0.9766401590457257 0.009375 0.04473161033797217
0 0.14166666666666666 0.9850894632206759 0.015625 0.027833001988071572
0 0.39375 0.9905566600397614 0.013541666666666667 0.016898608349900597