0 0.9010416666666666 0.0064612326043737576 0.011458333333333333 0.012922465208747515
0 0.62421875 0.028330019880715707 0.0109375 0.040755467196819085
0 0.5005208333333333 0.02882703777335984 0.0125 0.03578528827037773
0 0.559375 0.037276341948310136 0.015625 0.020874751491053677
0 0.65078125 0.059145129224652086 0.0067708333333333336 0.016898608349900597
0 0.5104166666666666 0.07306163021868788 0.017708333333333333 0.02286282306163022
0 0.44921875 0.08648111332007952 0.011979166666666667 0.033797216699801194
0 0.66015625 0.0805168986083499 0.018229166666666668 0.02385685884691849
0 0.5229166666666667 0.09691848906560636 0.007291666666666667 0.0268389662027833
0 0.5520833333333334 0.12624254473161034 0.010416666666666666 0.04771371769383698
0 0.3893229166666667 0.11928429423459244 0.0067708333333333336 0.017892644135188866
0 0.5333333333333333 0.13667992047713717 0.010416666666666666 0.042743538767395624
0 0.38177083333333334 0.13369781312127235 0.005208333333333333 0.012922465208747515
0 0.5895833333333333 0.14463220675944333 0.020833333333333332 0.02485089463220676
0 0.61015625 0.1679920477137177 0.015104166666666667 0.055666003976143144
0 0.7533854166666667 0.19433399602385687 0.016145833333333335 0.018886679920477135
0 0.41822916666666665 0.2047713717693837 0.013541666666666667 0.02982107355864811
0 0.571875 0.20278330019880716 0.009375 0.011928429423459244
0 0.5075520833333333 0.20377733598409542 0.008854166666666666 0.011928429423459244
0 0.79296875 0.21769383697813122 0.0234375 0.033797216699801194
0 0.29192708333333334 0.2201789264413519 0.013020833333333334 0.02286282306163022
0 0.31354166666666666 0.2276341948310139 0.013541666666666667 0.02385685884691849
0 0.6151041666666667 0.23658051689860835 0.014583333333333334 0.033797216699801194
0 0.4518229166666667 0.23757455268389663 0.0109375 0.03180914512922465
0 0.5322916666666667 0.23210735586481113 0.010416666666666666 0.014910536779324055
0 0.04635416666666667 0.24652087475149106 0.009375 0.02584493041749503
0 0.9153645833333334 0.2962226640159046 0.018229166666666668 0.04970178926441352
0 0.5770833333333333 0.30119284294234594 0.013541666666666667 0.02982107355864811
0 0.21119791666666668 0.29970178926441354 0.008854166666666666 0.012922465208747515
0 0.14088541666666668 0.3225646123260437 0.011979166666666667 0.0268389662027833
0 0.7263020833333333 0.31759443339960236 0.0109375 0.016898608349900597
0 0.53203125 0.3265407554671968 0.008854166666666666 0.02882703777335984
0 0.5763020833333333 0.35685884691848907 0.015104166666666667 0.04970178926441352
0 0.5002604166666667 0.37524850894632206 0.025520833333333333 0.05268389662027833
0 0.6044270833333333 0.37773359840954274 0.016145833333333335 0.03180914512922465
0 0.178125 0.3841948310139165 0.013541666666666667 0.040755467196819085
0 0.13645833333333332 0.38071570576540753 0.014583333333333334 0.02982107355864811
0 0.7377604166666667 0.37773359840954274 0.016145833333333335 0.019880715705765408
0 0.5520833333333334 0.37524850894632206 0.010416666666666666 0.012922465208747515
0 0.825 0.3817097415506958 0.015625 0.02584493041749503
0 0.5484375 0.40606361829025844 0.016666666666666666 0.032803180914512925
0 0.5098958333333333 0.4284294234592445 0.0125 0.017892644135188866
0 0.49505208333333334 0.4408548707753479 0.009895833333333333 0.018886679920477135
0 0.5455729166666666 0.4418489065606362 0.0067708333333333336 0.016898608349900597
0 0.7283854166666667 0.4562624254473161 0.018229166666666668 0.027833001988071572
0 0.57109375 0.47763419483101394 0.0067708333333333336 0.018886679920477135
0 0.6361979166666667 0.518389662027833 0.018229166666666668 0.020874751491053677
0 0.5166666666666667 0.5377733598409543 0.004166666666666667 0.027833001988071572
0 0.5208333333333334 0.5576540755467196 0.007291666666666667 0.015904572564612324
0 0.5828125 0.5780318091451292 0.014583333333333334 0.030815109343936383
0 0.33359375 0.6247514910536779 0.019270833333333334 0.05069582504970179
0 0.54296875 0.6222664015904572 0.009895833333333333 0.041749502982107355
0 0.5208333333333334 0.621272365805169 0.007291666666666667 0.027833001988071572
0 0.3690104166666667 0.6575546719681908 0.0078125 0.03479125248508946
0 0.5109375 0.6630218687872763 0.014583333333333334 0.011928429423459244
0 0.38958333333333334 0.7311133200795229 0.007291666666666667 0.02882703777335984
0 0.5330729166666667 0.7400596421471173 0.009895833333333333 0.04473161033797217
0 0.5138020833333333 0.7475149105367793 0.0078125 0.017892644135188866
0 0.7408854166666666 0.7649105367793241 0.008854166666666666 0.032803180914512925
0 0.484375 0.7962226640159046 0.007291666666666667 0.013916500994035786
0 0.5989583333333334 0.7972166998011928 0.014583333333333334 0.015904572564612324
0 0.6888020833333334 0.812624254473161 0.019270833333333334 0.02286282306163022
0 0.6364583333333333 0.8116302186878728 0.016666666666666666 0.016898608349900597
0 0.4244791666666667 0.8215705765407555 0.005208333333333333 0.032803180914512925
0 0.31614583333333335 0.8225646123260437 0.025 0.02286282306163022
0 0.884375 0.8300198807157058 0.027083333333333334 0.02385685884691849
0 0.37604166666666666 0.8389662027833003 0.014583333333333334 0.027833001988071572
0 0.5151041666666667 0.8464214711729622 0.017708333333333333 0.030815109343936383
0 0.49947916666666664 0.852882703777336 0.013541666666666667 0.041749502982107355
0 0.43828125 0.8533797216699801 0.0067708333333333336 0.032803180914512925
0 0.32447916666666665 0.8548707753479126 0.025 0.02385685884691849
0 0.7140625 0.8553677932405567 0.011458333333333333 0.0268389662027833
0 0.39036458333333335 0.8717693836978131 0.013020833333333334 0.03777335984095427
0 0.4549479166666667 0.8682902584493042 0.0078125 0.02485089463220676
0 0.5278645833333333 0.8891650099403579 0.0109375 0.02485089463220676
0 0.4234375 0.8991053677932406 0.013541666666666667 0.040755467196819085
0 0.14791666666666667 0.9025844930417495 0.010416666666666666 0.03180914512922465
0 0.4630208333333333 0.9100397614314115 0.011458333333333333 0.040755467196819085
0 0.3223958333333333 0.9160039761431411 0.008333333333333333 0.036779324055666
0 0.01171875 0.9209741550695825 0.0234375 0.030815109343936383
0 0.359375 0.9314115308151093 0.025 0.03578528827037773
0 0.3997395833333333 0.9294234592445328 0.0203125 0.03180914512922465
0 0.33125 0.9527833001988072 0.013541666666666667 0.04671968190854871
0 0.4440104166666667 0.9642147117296223 0.019270833333333334 0.033797216699801194
0 0.025260416666666667 0.981610337972167 0.018229166666666668 0.03479125248508946
0 0.5028645833333333 0.9840954274353877 0.024479166666666666 0.02982107355864811