0 0.34765625 0.0352882703777336 0.013020833333333334 0.02882703777335984
0 0.5135416666666667 0.0437375745526839 0.009375 0.02584493041749503
0 0.4744791666666667 0.052186878727634195 0.008333333333333333 0.014910536779324055
0 0.23802083333333332 0.12326043737574553 0.0125 0.02584493041749503
0 0.18463541666666666 0.1679920477137177 0.009895833333333333 0.013916500994035786
0 0.3770833333333333 0.176441351888668 0.013541666666666667 0.020874751491053677
0 0.2171875 0.2191848906560636 0.008333333333333333 0.02882703777335984
0 0.23072916666666668 0.23161033797216699 0.0125 0.019880715705765408
0 0.3614583333333333 0.2778330019880716 0.011458333333333333 0.02485089463220676
0 0.34375 0.2823061630218688 0.010416666666666666 0.02982107355864811
0 0.01328125 0.3802186878727634 0.0109375 0.018886679920477135
0 0.7393229166666667 0.5208747514910537 0.011979166666666667 0.019880715705765408
0 0.7677083333333333 0.5238568588469185 0.008333333333333333 0.02186878727634195
0 0.16197916666666667 0.5248508946322068 0.014583333333333334 0.013916500994035786
0 0.84609375 0.724155069582505 0.015104166666666667 0.018886679920477135
0 0.9213541666666667 0.724155069582505 0.007291666666666667 0.014910536779324055
0 0.35598958333333336 0.7340954274353877 0.011979166666666667 0.016898608349900597
0 0.29192708333333334 0.7534791252485089 0.0067708333333333336 0.02186878727634195
0 0.7861979166666667 0.808648111332008 0.021354166666666667 0.03479125248508946
0 0.3578125 0.7997017892644135 0.00625 0.016898608349900597
0 0.32473958333333336 0.8081510934393639 0.0036458333333333334 0.019880715705765408
0 0.26848958333333334 0.8146123260437376 0.011979166666666667 0.020874751491053677
0 0.37864583333333335 0.8290258449304175 0.011458333333333333 0.02186878727634195
0 0.5255208333333333 0.8802186878727635 0.0125 0.016898608349900597
0 0.3106770833333333 0.9100397614314115 0.0140625 0.02286282306163022
0 0.36770833333333336 0.9199801192842942 0.011458333333333333 0.02882703777335984
0 0.33151041666666664 0.9244532803180915 0.015104166666666667 0.02186878727634195
0 0.41875 0.9353876739562624 0.016666666666666666 0.027833001988071572
0 0.5927083333333333 0.9507952286282306 0.020833333333333332 0.0268389662027833
0 0.7130208333333333 0.9562624254473161 0.0125 0.02186878727634195
0 0.6997395833333333 0.9627236580516899 0.0171875 0.030815109343936383
0 0.5729166666666666 0.9681908548707754 0.009375 0.02584493041749503
0 0.64375 0.9870775347912525 0.009375 0.02385685884691849