0 0.9955729166666667 0.018389662027833 0.008854166666666666 0.036779324055666
0 0.9776041666666667 0.016401590457256462 0.015625 0.032803180914512925
0 0.92890625 0.004970178926441352 0.0140625 0.009940357852882704
0 0.6229166666666667 0.009443339960238568 0.010416666666666666 0.018886679920477135
0 0.27291666666666664 0.011928429423459244 0.0125 0.02385685884691849
0 0.16927083333333334 0.01441351888667992 0.027083333333333334 0.02882703777335984
0 0.8502604166666666 0.016898608349900597 0.0203125 0.02584493041749503
0 0.7427083333333333 0.024353876739562623 0.015625 0.02485089463220676
0 0.05546875 0.04125248508946322 0.018229166666666668 0.020874751491053677
0 0.13020833333333334 0.040755467196819085 0.008333333333333333 0.015904572564612324
0 0.8979166666666667 0.052186878727634195 0.007291666666666667 0.030815109343936383
0 0.209375 0.06262425447316103 0.022916666666666665 0.041749502982107355
0 0.9231770833333334 0.07157057654075547 0.013020833333333334 0.04771371769383698
0 0.8875 0.0636182902584493 0.010416666666666666 0.033797216699801194
0 0.23072916666666668 0.07405566600397614 0.0125 0.04473161033797217
0 0.971875 0.07007952286282307 0.017708333333333333 0.032803180914512925
0 0.70625 0.07952286282306163 0.014583333333333334 0.033797216699801194
0 0.7341145833333333 0.08250497017892644 0.021354166666666667 0.03578528827037773
0 0.76875 0.08349900596421471 0.014583333333333334 0.03180914512922465
0 0.9854166666666667 0.0959244532803181 0.029166666666666667 0.05069582504970179
0 0.9557291666666666 0.08200795228628231 0.010416666666666666 0.020874751491053677
0 0.07395833333333333 0.08648111332007952 0.007291666666666667 0.017892644135188866
0 0.9447916666666667 0.10337972166998012 0.019791666666666666 0.02584493041749503
0 0.4153645833333333 0.11779324055666004 0.0078125 0.032803180914512925
0 0.89453125 0.11978131212723658 0.0109375 0.02286282306163022
0 0.6505208333333333 0.13071570576540756 0.015625 0.040755467196819085
0 0.021614583333333333 0.12972166998011928 0.022395833333333334 0.030815109343936383
0 0.05651041666666667 0.1272365805168986 0.009895833333333333 0.013916500994035786
0 0.71796875 0.1525844930417495 0.0171875 0.0268389662027833
0 0.8963541666666667 0.15308151093439365 0.008333333333333333 0.013916500994035786
0 0.8684895833333334 0.16401590457256462 0.011979166666666667 0.03180914512922465
0 0.9940104166666667 0.17047713717693838 0.011979166666666667 0.02485089463220676
0 0.88828125 0.1794234592445328 0.0067708333333333336 0.0268389662027833
0 0.5424479166666667 0.19135188866799205 0.0203125 0.02882703777335984
0 0.29635416666666664 0.19831013916500995 0.015625 0.02286282306163022
0 0.99609375 0.21719681908548708 0.0078125 0.05467196819085487
0 0.6830729166666667 0.21023856858846918 0.030729166666666665 0.036779324055666
0 0.215625 0.2191848906560636 0.0125 0.036779324055666
0 0.4359375 0.23061630218687873 0.020833333333333332 0.033797216699801194
0 0.6205729166666667 0.24552683896620278 0.011979166666666667 0.05168986083499006
0 0.7096354166666666 0.2331013916500994 0.009895833333333333 0.014910536779324055
0 0.12057291666666667 0.24353876739562624 0.0078125 0.015904572564612324
0 0.22057291666666667 0.2808151093439364 0.0078125 0.010934393638170975
0 0.7151041666666667 0.2952286282306163 0.013541666666666667 0.02982107355864811
0 0.7375 0.297713717693837 0.019791666666666666 0.032803180914512925
0 0.7528645833333333 0.3533797216699801 0.027604166666666666 0.040755467196819085
0 0.6934895833333333 0.34691848906560635 0.0140625 0.02584493041749503
0 0.6098958333333333 0.3489065606361829 0.011458333333333333 0.017892644135188866
0 0.696875 0.37624254473161034 0.017708333333333333 0.030815109343936383
0 0.7609375 0.3827037773359841 0.0125 0.013916500994035786
0 0.8364583333333333 0.3966202783300199 0.015625 0.033797216699801194
0 0.696875 0.40656063618290256 0.007291666666666667 0.02186878727634195
0 0.5794270833333334 0.42047713717693835 0.011979166666666667 0.027833001988071572
0 0.6453125 0.4403578528827038 0.0125 0.017892644135188866
0 0.5401041666666667 0.45129224652087474 0.010416666666666666 0.041749502982107355
0 0.725 0.4577534791252485 0.013541666666666667 0.018886679920477135
0 0.7010416666666667 0.47365805168986086 0.020833333333333332 0.040755467196819085
0 0.5578125 0.48111332007952284 0.011458333333333333 0.041749502982107355
0 0.20963541666666666 0.4831013916500994 0.022395833333333334 0.033797216699801194
0 0.38515625 0.48906560636182905 0.019270833333333334 0.027833001988071572
0 0.6671875 0.4855864811133201 0.007291666666666667 0.014910536779324055
0 0.5005208333333333 0.4985089463220676 0.008333333333333333 0.02882703777335984
0 0.6888020833333334 0.5228628230616302 0.009895833333333333 0.041749502982107355
0 0.6729166666666667 0.5188866799204771 0.009375 0.027833001988071572
0 0.6419270833333334 0.5377733598409543 0.021354166666666667 0.0536779324055666
0 0.030208333333333334 0.518389662027833 0.00625 0.012922465208747515
0 0.18880208333333334 0.5268389662027833 0.022395833333333334 0.015904572564612324
0 0.48359375 0.5467196819085487 0.0109375 0.015904572564612324
0 0.6432291666666666 0.5651093439363817 0.009375 0.02882703777335984
0 0.6747395833333333 0.5745526838966203 0.0078125 0.033797216699801194
0 0.22526041666666666 0.5775347912524851 0.0078125 0.02186878727634195
0 0.65625 0.5839960238568589 0.014583333333333334 0.030815109343936383
0 0.6135416666666667 0.5959244532803181 0.010416666666666666 0.042743538767395624
0 0.7463541666666667 0.595427435387674 0.01875 0.013916500994035786
0 0.62265625 0.6366799204771372 0.0109375 0.018886679920477135
0 0.6356770833333333 0.6491053677932406 0.011979166666666667 0.03777335984095427
0 0.6640625 0.6630218687872763 0.005208333333333333 0.03180914512922465
0 0.5380208333333333 0.6570576540755467 0.016666666666666666 0.009940357852882704
0 0.23671875 0.665506958250497 0.013020833333333334 0.0268389662027833
0 0.653125 0.6958250497017893 0.016666666666666666 0.06759443339960239
0 0.5393229166666667 0.694831013916501 0.015104166666666667 0.03578528827037773
0 0.8783854166666667 0.6968190854870775 0.019270833333333334 0.02982107355864811
0 0.6067708333333334 0.7206759443339961 0.00625 0.017892644135188866
0 0.7213541666666666 0.7370775347912525 0.016666666666666666 0.03479125248508946
0 0.6984375 0.7897614314115308 0.029166666666666667 0.04473161033797217
0 0.5619791666666667 0.7987077534791253 0.034375 0.048707753479125246
0 0.15104166666666666 0.7957256461232605 0.008333333333333333 0.020874751491053677
0 0.89375 0.8041749502982107 0.011458333333333333 0.017892644135188866
0 0.44140625 0.8156063618290258 0.011979166666666667 0.018886679920477135
0 0.82109375 0.827037773359841 0.0140625 0.02385685884691849
0 0.8598958333333333 0.841948310139165 0.014583333333333334 0.04572564612326044
0 0.44921875 0.838469184890656 0.0067708333333333336 0.036779324055666
0 0.47682291666666665 0.8474155069582505 0.016145833333333335 0.016898608349900597
0 0.18255208333333334 0.8936381709741551 0.021354166666666667 0.039761431411530816
0 0.5966145833333333 0.8956262425447317 0.016145833333333335 0.02982107355864811
0 0.99609375 0.937375745526839 0.0078125 0.10337972166998012
0 0.013802083333333333 0.8951292246520874 0.0067708333333333336 0.014910536779324055
0 0.5744791666666667 0.9174950298210736 0.008333333333333333 0.03180914512922465
0 0.005208333333333333 0.929920477137177 0.009375 0.02286282306163022
0 0.9627604166666667 0.952286282306163 0.015104166666666667 0.027833001988071572
0 0.5489583333333333 0.9547713717693836 0.016666666666666666 0.03479125248508946
0 0.8674479166666667 0.963220675944334 0.027604166666666666 0.041749502982107355
0 0.6526041666666667 0.9602385685884692 0.009375 0.027833001988071572