0 0.171875 0.0009940357852882703 0.030208333333333334 0.0019880715705765406
0 0.8815104166666666 0.0004970178926441351 0.030729166666666665 0.0009940357852882703
0 0.9309895833333334 0.02186878727634195 0.0109375 0.02982107355864811
0 0.91015625 0.027335984095427434 0.0109375 0.016898608349900597
0 0.9953125 0.04771371769383698 0.008333333333333333 0.03578528827037773
0 0.6744791666666666 0.04671968190854871 0.009375 0.013916500994035786
0 0.6864583333333333 0.06858846918489066 0.014583333333333334 0.013916500994035786
0 0.9052083333333333 0.08200795228628231 0.016666666666666666 0.020874751491053677
0 0.8752604166666667 0.09840954274353876 0.009895833333333333 0.015904572564612324
0 0.73203125 0.10139165009940358 0.0067708333333333336 0.011928429423459244
0 0.68046875 0.10934393638170974 0.008854166666666666 0.013916500994035786
0 0.8002604166666667 0.11133200795228629 0.0067708333333333336 0.015904572564612324
0 0.95 0.12276341948310139 0.007291666666666667 0.02286282306163022
0 0.67265625 0.1257455268389662 0.0078125 0.0268389662027833
0 0.8536458333333333 0.13071570576540756 0.008333333333333333 0.020874751491053677
0 0.8682291666666667 0.1317097415506958 0.0125 0.02286282306163022
0 0.7114583333333333 0.13717693836978131 0.0125 0.009940357852882704
0 0.5856770833333333 0.1481113320079523 0.005729166666666666 0.019880715705765408
0 0.99140625 0.17693836978131214 0.016145833333333335 0.027833001988071572
0 0.9604166666666667 0.1749502982107356 0.011458333333333333 0.019880715705765408
0 0.26458333333333334 0.23508946322067595 0.011458333333333333 0.0268389662027833
0 0.8802083333333334 0.23508946322067595 0.016666666666666666 0.0268389662027833
0 0.6450520833333333 0.24353876739562624 0.008854166666666666 0.02186878727634195
0 0.34921875 0.25497017892644136 0.0067708333333333336 0.016898608349900597
0 0.87734375 0.2808151093439364 0.0140625 0.030815109343936383
0 0.759375 0.27485089463220674 0.010416666666666666 0.012922465208747515
0 0.041666666666666664 0.2912524850894632 0.00625 0.019880715705765408
0 0.7158854166666667 0.2962226640159046 0.0067708333333333336 0.02982107355864811
0 0.21223958333333334 0.2957256461232604 0.0067708333333333336 0.020874751491053677
0 0.73984375 0.29721669980119286 0.0109375 0.015904572564612324
0 0.05546875 0.30566600397614313 0.005729166666666666 0.018886679920477135
0 0.4203125 0.3195825049701789 0.007291666666666667 0.016898608349900597
0 0.35130208333333335 0.3210735586481113 0.0140625 0.015904572564612324
0 0.85546875 0.32852882703777336 0.009895833333333333 0.018886679920477135
0 0.7041666666666667 0.34393638170974156 0.011458333333333333 0.015904572564612324
0 0.2265625 0.36133200795228626 0.00625 0.012922465208747515
0 0.92265625 0.3812127236580517 0.008854166666666666 0.032803180914512925
0 0.9552083333333333 0.4165009940357853 0.009375 0.015904572564612324
0 0.2950520833333333 0.4249502982107356 0.015104166666666667 0.008946322067594433
0 0.2903645833333333 0.4671968190854871 0.009895833333333333 0.017892644135188866
0 0.6778645833333333 0.4691848906560636 0.019270833333333334 0.013916500994035786
0 0.565625 0.47763419483101394 0.007291666666666667 0.014910536779324055
0 0.6046875 0.47862823061630216 0.016666666666666666 0.012922465208747515
0 0.7776041666666667 0.4870775347912525 0.004166666666666667 0.02186878727634195
0 0.0640625 0.4855864811133201 0.00625 0.014910536779324055
0 0.40338541666666666 0.49304174950298213 0.008854166666666666 0.017892644135188866
0 0.06171875 0.5044731610337972 0.0078125 0.020874751491053677
0 0.6080729166666666 0.5089463220675944 0.0109375 0.009940357852882704
0 0.11927083333333334 0.5337972166998012 0.014583333333333334 0.039761431411530816
0 0.98125 0.540258449304175 0.007291666666666667 0.02286282306163022
0 0.93125 0.5467196819085487 0.011458333333333333 0.03180914512922465
0 0.6848958333333334 0.5437375745526839 0.008333333333333333 0.02385685884691849
0 0.8625 0.547713717693837 0.010416666666666666 0.015904572564612324
0 0.759375 0.558648111332008 0.009375 0.02385685884691849
0 0.5184895833333333 0.5546719681908548 0.0078125 0.013916500994035786
0 0.8177083333333334 0.5830019880715706 0.011458333333333333 0.012922465208747515
0 0.6158854166666666 0.6336978131212724 0.016145833333333335 0.014910536779324055
0 0.7869791666666667 0.6446322067594433 0.010416666666666666 0.03479125248508946
0 0.5776041666666667 0.6411530815109344 0.0125 0.007952286282306162
0 0.39947916666666666 0.654572564612326 0.009375 0.020874751491053677
0 0.66640625 0.6550695825049702 0.0067708333333333336 0.011928429423459244
0 0.44583333333333336 0.672962226640159 0.007291666666666667 0.017892644135188866
0 0.5760416666666667 0.6898608349900597 0.014583333333333334 0.033797216699801194
0 0.5934895833333333 0.6804174950298211 0.015104166666666667 0.010934393638170975
0 0.9697916666666667 0.68389662027833 0.0125 0.013916500994035786
0 0.42630208333333336 0.6858846918489065 0.008854166666666666 0.009940357852882704
0 0.64375 0.6973161033797217 0.015625 0.030815109343936383
0 0.37578125 0.6958250497017893 0.008854166666666666 0.02186878727634195
0 0.68671875 0.7107355864811133 0.016145833333333335 0.02584493041749503
0 0.8315104166666667 0.7196819085487077 0.0067708333333333336 0.027833001988071572
0 0.8533854166666667 0.7176938369781312 0.0078125 0.011928429423459244
0 0.6052083333333333 0.7331013916500994 0.00625 0.020874751491053677
0 0.7869791666666667 0.7490059642147118 0.010416666666666666 0.0268389662027833
0 0.7403645833333333 0.7415506958250497 0.0140625 0.009940357852882704
0 0.7984375 0.7579522862823062 0.007291666666666667 0.02286282306163022
0 0.9690104166666667 0.7654075546719682 0.009895833333333333 0.02186878727634195
0 0.8078125 0.7768389662027833 0.007291666666666667 0.014910536779324055
0 0.715625 0.7862823061630219 0.005208333333333333 0.03180914512922465
0 0.7708333333333334 0.782803180914513 0.013541666666666667 0.008946322067594433
0 0.7924479166666667 0.8036779324055666 0.0109375 0.02882703777335984
0 0.70546875 0.81610337972167 0.0078125 0.015904572564612324
0 0.6744791666666666 0.8235586481113321 0.004166666666666667 0.0268389662027833
0 0.6932291666666667 0.8320079522862823 0.008333333333333333 0.019880715705765408
0 0.5330729166666667 0.8513916500994035 0.009895833333333333 0.018886679920477135
0 0.18567708333333333 0.8573558648111332 0.009895833333333333 0.014910536779324055
0 0.6671875 0.8832007952286283 0.009375 0.0268389662027833
0 0.6919270833333333 0.8881709741550696 0.0109375 0.02485089463220676
0 0.58984375 0.9165009940357853 0.0140625 0.02982107355864811
0 0.42083333333333334 0.9239562624254473 0.009375 0.010934393638170975
0 0.13880208333333333 0.9309145129224652 0.015104166666666667 0.018886679920477135
0 0.67734375 0.9333996023856859 0.0067708333333333336 0.015904572564612324
0 0.5294270833333333 0.9473161033797217 0.0171875 0.02584493041749503
0 0.8802083333333334 0.9502982107355865 0.004166666666666667 0.02186878727634195
0 0.6236979166666666 0.9875745526838966 0.009895833333333333 0.012922465208747515