0 0.46145833333333336 0.04125248508946322 0.017708333333333333 0.032803180914512925
0 0.45078125 0.10089463220675944 0.008854166666666666 0.032803180914512925
0 0.8609375 0.2813121272365805 0.010416666666666666 0.017892644135188866
0 0.5979166666666667 0.30168986083499005 0.015625 0.014910536779324055
0 0.5747395833333333 0.5606361829025845 0.009895833333333333 0.02584493041749503
0 0.9 0.5994035785288271 0.014583333333333334 0.007952286282306162
0 0.48489583333333336 0.6058648111332008 0.014583333333333334 0.012922465208747515
0 0.571875 0.6083499005964215 0.014583333333333334 0.013916500994035786
0 0.5296875 0.8141153081510935 0.011458333333333333 0.02385685884691849
0 0.74921875 0.8359840954274353 0.018229166666666668 0.009940357852882704
0 0.7151041666666667 0.8558648111332008 0.004166666666666667 0.027833001988071572
0 0.7088541666666667 0.9791252485089463 0.007291666666666667 0.011928429423459244