0 0.221875 0.010437375745526839 0.009375 0.020874751491053677
0 0.19270833333333334 0.01441351888667992 0.008333333333333333 0.02882703777335984
0 0.023958333333333335 0.032803180914512925 0.013541666666666667 0.02385685884691849
0 0.34765625 0.05864811133200795 0.0046875 0.019880715705765408
0 0.13125 0.0621272365805169 0.009375 0.018886679920477135
0 0.23880208333333333 0.08001988071570576 0.0067708333333333336 0.02286282306163022
0 0.0828125 0.10487077534791253 0.014583333333333334 0.010934393638170975
0 0.20052083333333334 0.1242544731610338 0.007291666666666667 0.013916500994035786
0 0.005989583333333334 0.13767395626242546 0.0109375 0.032803180914512925
0 0.04791666666666667 0.18439363817097415 0.010416666666666666 0.020874751491053677
0 0.32864583333333336 0.19135188866799205 0.0125 0.014910536779324055
0 0.18072916666666666 0.23409542743538767 0.009375 0.02286282306163022
0 0.690625 0.29025844930417494 0.007291666666666667 0.02186878727634195
0 0.032552083333333336 0.36133200795228626 0.0078125 0.018886679920477135
0 0.3255208333333333 0.4388667992047714 0.010416666666666666 0.030815109343936383
0 0.009375 0.43687872763419483 0.017708333333333333 0.010934393638170975
0 0.31354166666666666 0.44532803180914515 0.005208333333333333 0.02584493041749503
0 0.08177083333333333 0.44681908548707755 0.019791666666666666 0.02286282306163022
0 0.7859375 0.47813121272365805 0.009375 0.02186878727634195
0 0.14765625 0.5382703777335984 0.016145833333333335 0.020874751491053677
0 0.00859375 0.5437375745526839 0.016145833333333335 0.013916500994035786
0 0.6661458333333333 0.5994035785288271 0.0125 0.02186878727634195
0 0.3768229166666667 0.6008946322067594 0.0109375 0.018886679920477135
0 0.05963541666666667 0.6973161033797217 0.0140625 0.010934393638170975
0 0.37057291666666664 0.7082504970178927 0.011979166666666667 0.02485089463220676
0 0.29244791666666664 0.7251491053677932 0.0140625 0.042743538767395624
0 0.39166666666666666 0.7246520874751491 0.017708333333333333 0.027833001988071572
0 0.36354166666666665 0.7296222664015904 0.004166666666666667 0.027833001988071572
0 0.24765625 0.7455268389662028 0.011979166666666667 0.027833001988071572
0 0.28515625 0.7619284294234593 0.011979166666666667 0.02882703777335984
0 0.35052083333333334 0.7768389662027833 0.00625 0.018886679920477135
0 0.08463541666666667 0.7793240556660039 0.015104166666666667 0.02186878727634195
0 0.546875 0.8036779324055666 0.008333333333333333 0.03876739562624255
0 0.3111979166666667 0.7992047713717694 0.0109375 0.013916500994035786
0 0.5880208333333333 0.8061630218687873 0.007291666666666667 0.02385685884691849
0 0.28567708333333336 0.8026838966202783 0.011979166666666667 0.014910536779324055
0 0.3502604166666667 0.805168986083499 0.009895833333333333 0.015904572564612324
0 0.4080729166666667 0.8101391650099403 0.0078125 0.017892644135188866
0 0.011197916666666667 0.8195825049701789 0.016145833333333335 0.020874751491053677
0 0.2950520833333333 0.8190854870775348 0.0067708333333333336 0.015904572564612324
0 0.7166666666666667 0.8300198807157058 0.021875 0.02385685884691849
0 0.48125 0.8369781312127237 0.00625 0.02385685884691849
0 0.2786458333333333 0.8295228628230616 0.010416666666666666 0.010934393638170975
0 0.22421875 0.8349900596421471 0.0171875 0.011928429423459244
0 0.6140625 0.8449304174950298 0.010416666666666666 0.02584493041749503
0 0.29791666666666666 0.8523856858846919 0.008333333333333333 0.016898608349900597
0 0.4895833333333333 0.867296222664016 0.007291666666666667 0.02286282306163022
0 0.30390625 0.8702783300198808 0.009895833333333333 0.008946322067594433
0 0.07604166666666666 0.8802186878727635 0.009375 0.016898608349900597
0 0.5549479166666667 0.8841948310139165 0.011979166666666667 0.014910536779324055
0 0.41328125 0.9005964214711729 0.0171875 0.041749502982107355
0 0.4703125 0.8966202783300199 0.010416666666666666 0.02584493041749503
0 0.2942708333333333 0.8946322067594433 0.011458333333333333 0.011928429423459244
0 0.004166666666666667 0.8946322067594433 0.007291666666666667 0.011928429423459244
0 0.44427083333333334 0.9015904572564613 0.015625 0.019880715705765408
0 0.45651041666666664 0.9284294234592445 0.016145833333333335 0.02982107355864811
0 0.471875 0.9463220675944334 0.021875 0.04970178926441352
0 0.32083333333333336 0.9309145129224652 0.015625 0.008946322067594433
0 0.34791666666666665 0.959741550695825 0.016666666666666666 0.03479125248508946
0 0.4395833333333333 0.9657057654075547 0.007291666666666667 0.014910536779324055
0 0.4627604166666667 0.981610337972167 0.0109375 0.03479125248508946
0 0.38723958333333336 0.9781312127236581 0.009895833333333333 0.02186878727634195
0 0.35598958333333336 0.9885685884691849 0.0140625 0.020874751491053677
0 0.3125 0.9840954274353877 0.01875 0.013916500994035786