0 0.6536458333333334 0.02584493041749503 0.0125 0.02186878727634195
0 0.14817708333333332 0.11580516898608349 0.018229166666666668 0.018886679920477135
0 0.7861979166666667 0.2077534791252485 0.0171875 0.02186878727634195
0 0.3104166666666667 0.31262425447316106 0.023958333333333335 0.06858846918489066
0 0.78828125 0.3558648111332008 0.011979166666666667 0.03578528827037773
0 0.3380208333333333 0.3672962226640159 0.014583333333333334 0.03479125248508946
0 0.6966145833333334 0.37673956262425445 0.0109375 0.0437375745526839
0 0.27734375 0.37077534791252487 0.008854166666666666 0.02385685884691849
0 0.8135416666666667 0.37922465208747513 0.01875 0.02286282306163022
0 0.9786458333333333 0.3832007952286282 0.00625 0.0268389662027833
0 0.31640625 0.4135188866799205 0.0171875 0.041749502982107355
0 0.24322916666666666 0.40506958250497016 0.01875 0.014910536779324055
0 0.09088541666666666 0.45129224652087474 0.015104166666666667 0.02982107355864811
0 0.48072916666666665 0.4885685884691849 0.01875 0.014910536779324055
0 0.34270833333333334 0.5164015904572564 0.011458333333333333 0.02882703777335984
0 0.5815104166666667 0.5223658051689861 0.0171875 0.018886679920477135
0 0.3614583333333333 0.5323061630218688 0.013541666666666667 0.02485089463220676
0 0.41067708333333336 0.562624254473161 0.03177083333333333 0.033797216699801194
0 0.6052083333333333 0.5760437375745527 0.0125 0.020874751491053677
0 0.325 0.5830019880715706 0.008333333333333333 0.02286282306163022
0 0.28463541666666664 0.6332007952286283 0.016145833333333335 0.0437375745526839
0 0.34791666666666665 0.6277335984095428 0.00625 0.012922465208747515
0 0.365625 0.6346918489065606 0.011458333333333333 0.020874751491053677
0 0.34270833333333334 0.7042743538767395 0.008333333333333333 0.016898608349900597
0 0.3536458333333333 0.742544731610338 0.020833333333333332 0.05168986083499006
0 0.403125 0.7504970178926441 0.023958333333333335 0.04970178926441352
0 0.15026041666666667 0.7480119284294234 0.0140625 0.0268389662027833
0 0.5236979166666667 0.7544731610337972 0.015104166666666667 0.03180914512922465
0 0.25442708333333336 0.7778330019880716 0.016145833333333335 0.05069582504970179
0 0.46848958333333335 0.8836978131212724 0.013020833333333334 0.03578528827037773
0 0.35182291666666665 0.9423459244532804 0.016145833333333335 0.03180914512922465
0 0.5765625 0.963220675944334 0.016666666666666666 0.017892644135188866