0 0.9859375 0.03230616302186879 0.027083333333333334 0.05666003976143141
0 0.5619791666666667 0.01143141153081511 0.011458333333333333 0.008946322067594433
0 0.9403645833333333 0.030318091451292245 0.0171875 0.016898608349900597
0 0.7190104166666667 0.055168986083499 0.0140625 0.0268389662027833
0 0.7033854166666667 0.09045725646123261 0.0078125 0.02186878727634195
0 0.9809895833333333 0.10039761431411531 0.0109375 0.027833001988071572
0 0.5643229166666667 0.09691848906560636 0.008854166666666666 0.008946322067594433
0 0.8653645833333333 0.10288270377733598 0.011979166666666667 0.014910536779324055
0 0.7591145833333334 0.11630218687872763 0.0140625 0.02186878727634195
0 0.44296875 0.11282306163021869 0.008854166666666666 0.010934393638170975
0 0.47708333333333336 0.11282306163021869 0.009375 0.008946322067594433
0 0.9052083333333333 0.1242544731610338 0.011458333333333333 0.02982107355864811
0 0.7434895833333334 0.15755467196819087 0.0067708333333333336 0.020874751491053677
0 0.3380208333333333 0.1709741550695825 0.009375 0.017892644135188866
0 0.7528645833333333 0.21868787276341947 0.011979166666666667 0.02186878727634195
0 0.7911458333333333 0.2231610337972167 0.0125 0.02882703777335984
0 0.5783854166666667 0.22514910536779323 0.0140625 0.008946322067594433
0 0.77890625 0.24204771371769385 0.005729166666666666 0.018886679920477135
0 0.5627604166666667 0.2509940357852883 0.0046875 0.020874751491053677
0 0.80234375 0.2509940357852883 0.0171875 0.020874751491053677
0 0.3497395833333333 0.2639165009940358 0.009895833333333333 0.020874751491053677
0 0.7736979166666667 0.2768389662027833 0.015104166666666667 0.02485089463220676
0 0.9885416666666667 0.3071570576540755 0.021875 0.03180914512922465
0 0.9692708333333333 0.31759443339960236 0.010416666666666666 0.020874751491053677
0 0.8010416666666667 0.32007952286282304 0.016666666666666666 0.013916500994035786
0 0.9963541666666667 0.3265407554671968 0.00625 0.020874751491053677
0 0.72890625 0.33101391650099404 0.0140625 0.027833001988071572
0 0.5684895833333333 0.3394632206759443 0.011979166666666667 0.018886679920477135
0 0.6283854166666667 0.3513916500994036 0.005729166666666666 0.02485089463220676
0 0.6809895833333334 0.3518886679920477 0.005729166666666666 0.019880715705765408
0 0.7778645833333333 0.371272365805169 0.015104166666666667 0.018886679920477135
0 0.8497395833333333 0.3697813121272366 0.008854166666666666 0.011928429423459244
0 0.99453125 0.37375745526838966 0.009895833333333333 0.015904572564612324
0 0.64296875 0.38767395626242546 0.005729166666666666 0.019880715705765408
0 0.73515625 0.3986083499005964 0.013020833333333334 0.03578528827037773
0 0.6010416666666667 0.3941351888667992 0.005208333333333333 0.018886679920477135
0 0.86484375 0.4025844930417495 0.015104166666666667 0.017892644135188866
0 0.8885416666666667 0.41848906560636184 0.015625 0.019880715705765408
0 0.92890625 0.4209741550695825 0.005729166666666666 0.02485089463220676
0 0.94296875 0.42047713717693835 0.011979166666666667 0.015904572564612324
0 0.51328125 0.43389662027833004 0.0046875 0.02286282306163022
0 0.7455729166666667 0.4428429423459245 0.0203125 0.02286282306163022
0 0.6033854166666667 0.44731610337972166 0.0140625 0.019880715705765408
0 0.6796875 0.4617296222664016 0.013541666666666667 0.03479125248508946
0 0.9557291666666666 0.4617296222664016 0.014583333333333334 0.0268389662027833
0 0.7315104166666667 0.4691848906560636 0.0140625 0.03578528827037773
0 0.9830729166666666 0.4900596421471173 0.008854166666666666 0.02186878727634195
0 0.65078125 0.4960238568588469 0.0140625 0.02584493041749503
0 0.7283854166666667 0.5004970178926441 0.013020833333333334 0.014910536779324055
0 0.9221354166666667 0.5034791252485089 0.0046875 0.02286282306163022
0 0.6713541666666667 0.5124254473161034 0.0125 0.014910536779324055
0 0.37786458333333334 0.51441351888668 0.0140625 0.016898608349900597
0 0.95 0.5218687872763419 0.019791666666666666 0.027833001988071572
0 0.6471354166666666 0.5303180914512923 0.0171875 0.0268389662027833
0 0.6190104166666667 0.5253479125248509 0.009895833333333333 0.010934393638170975
0 0.73359375 0.5263419483101391 0.015104166666666667 0.012922465208747515
0 0.4557291666666667 0.5333001988071571 0.013541666666666667 0.016898608349900597
0 0.3729166666666667 0.5407554671968191 0.009375 0.02584493041749503
0 0.7833333333333333 0.536779324055666 0.015625 0.011928429423459244
0 0.9966145833333333 0.5457256461232605 0.005729166666666666 0.03180914512922465
0 0.8981770833333333 0.5452286282306164 0.019270833333333334 0.018886679920477135
0 0.86953125 0.544234592445328 0.011979166666666667 0.012922465208747515
0 0.6221354166666667 0.5511928429423459 0.0109375 0.018886679920477135
0 0.5286458333333334 0.5666003976143141 0.007291666666666667 0.02982107355864811
0 0.5020833333333333 0.5765407554671969 0.005208333333333333 0.02186878727634195
0 0.5450520833333333 0.5959244532803181 0.009895833333333333 0.03479125248508946
0 0.6151041666666667 0.5849900596421471 0.015625 0.008946322067594433
0 0.85546875 0.5949304174950298 0.009895833333333333 0.030815109343936383
0 0.44244791666666666 0.5964214711729622 0.005729166666666666 0.017892644135188866
0 0.77734375 0.5994035785288271 0.0046875 0.019880715705765408
0 0.73046875 0.6078528827037774 0.0078125 0.02485089463220676
0 0.42083333333333334 0.6093439363817097 0.013541666666666667 0.007952286282306162
0 0.9927083333333333 0.6381709741550696 0.013541666666666667 0.04970178926441352
0 0.3859375 0.6322067594433399 0.013541666666666667 0.027833001988071572
0 0.58046875 0.6540755467196819 0.0203125 0.05964214711729622
0 0.86796875 0.6411530815109344 0.0171875 0.027833001988071572
0 0.9309895833333334 0.643141153081511 0.009895833333333333 0.027833001988071572
0 0.5546875 0.6520874751491054 0.0125 0.02584493041749503
0 0.5208333333333334 0.6540755467196819 0.016666666666666666 0.013916500994035786
0 0.6690104166666667 0.6645129224652088 0.0078125 0.0268389662027833
0 0.5950520833333334 0.6665009940357853 0.0067708333333333336 0.02485089463220676
0 0.61640625 0.6769383697813122 0.0171875 0.017892644135188866
0 0.6848958333333334 0.6829025844930418 0.015625 0.027833001988071572
0 0.8153645833333333 0.6779324055666004 0.009895833333333333 0.017892644135188866
0 0.6338541666666667 0.6868787276341949 0.007291666666666667 0.02186878727634195
0 0.5328125 0.7027833001988072 0.027083333333333334 0.04572564612326044
0 0.7091145833333333 0.6958250497017893 0.011979166666666667 0.027833001988071572
0 0.565625 0.702286282306163 0.014583333333333334 0.020874751491053677
0 0.47994791666666664 0.7147117296222664 0.0109375 0.027833001988071572
0 0.9359375 0.7137176938369781 0.013541666666666667 0.019880715705765408
0 0.9638020833333333 0.7142147117296223 0.009895833333333333 0.020874751491053677
0 0.6369791666666667 0.7261431411530815 0.014583333333333334 0.036779324055666
0 0.6973958333333333 0.7176938369781312 0.013541666666666667 0.017892644135188866
0 0.5942708333333333 0.7345924453280318 0.008333333333333333 0.03777335984095427
0 0.42734375 0.724155069582505 0.013020833333333334 0.012922465208747515
0 0.7653645833333333 0.7271371769383698 0.011979166666666667 0.018886679920477135
0 0.9783854166666667 0.7331013916500994 0.011979166666666667 0.030815109343936383
0 0.675 0.7385685884691849 0.010416666666666666 0.02186878727634195
0 0.7072916666666667 0.7375745526838966 0.009375 0.007952286282306162
0 0.5255208333333333 0.7470178926441352 0.010416666666666666 0.018886679920477135
0 0.8440104166666667 0.7524850894632207 0.0067708333333333336 0.02584493041749503
0 0.7169270833333333 0.7519880715705766 0.005729166666666666 0.018886679920477135
0 0.41380208333333335 0.7594433399602386 0.0171875 0.017892644135188866
0 0.4940104166666667 0.760934393638171 0.0109375 0.008946322067594433
0 0.7234375 0.7728628230616302 0.007291666666666667 0.020874751491053677
0 0.49973958333333335 0.7857852882703777 0.0203125 0.02882703777335984
0 0.5276041666666667 0.8026838966202783 0.027083333333333334 0.06262425447316103
0 0.7127604166666667 0.7892644135188867 0.0078125 0.013916500994035786
0 0.7875 0.8031809145129225 0.00625 0.027833001988071572
0 0.8385416666666666 0.8026838966202783 0.005208333333333333 0.0268389662027833
0 0.746875 0.8096421471172962 0.008333333333333333 0.0268389662027833
0 0.41354166666666664 0.8036779324055666 0.011458333333333333 0.010934393638170975
0 0.6263020833333334 0.8101391650099403 0.013020833333333334 0.02186878727634195
0 0.6734375 0.8096421471172962 0.0125 0.020874751491053677
0 0.4778645833333333 0.812624254473161 0.016145833333333335 0.014910536779324055
0 0.57734375 0.8290258449304175 0.008854166666666666 0.033797216699801194
0 0.66796875 0.8330019880715706 0.008854166666666666 0.02982107355864811
0 0.6036458333333333 0.8394632206759444 0.0125 0.036779324055666
0 0.49140625 0.8359840954274353 0.0171875 0.02385685884691849
0 0.6877604166666667 0.8349900596421471 0.0078125 0.019880715705765408
0 0.7239583333333334 0.8369781312127237 0.0125 0.019880715705765408
0 0.26927083333333335 0.8409542743538767 0.005208333333333333 0.02186878727634195
0 0.6513020833333333 0.8449304174950298 0.0109375 0.02385685884691849
0 0.61953125 0.8658051689860835 0.011979166666666667 0.04771371769383698
0 0.25807291666666665 0.8598409542743539 0.005729166666666666 0.02385685884691849
0 0.8138020833333334 0.8633200795228628 0.008854166666666666 0.02882703777335984
0 0.5177083333333333 0.8727634194831014 0.007291666666666667 0.03777335984095427
0 0.56953125 0.8667992047713717 0.016145833333333335 0.019880715705765408
0 0.6755208333333333 0.8871769383697813 0.019791666666666666 0.06262425447316103
0 0.6463541666666667 0.8991053677932406 0.01875 0.07852882703777336
0 0.47708333333333336 0.8732604373757455 0.011458333333333333 0.016898608349900597
0 0.27369791666666665 0.8762425447316103 0.018229166666666668 0.016898608349900597
0 0.5018229166666667 0.8807157057654076 0.0109375 0.02385685884691849
0 0.8229166666666666 0.8836978131212724 0.009375 0.02584493041749503
0 0.7950520833333333 0.8921471172962226 0.0046875 0.018886679920477135
0 0.5518229166666667 0.897117296222664 0.0109375 0.02485089463220676
0 0.9346354166666667 0.9010934393638171 0.009895833333333333 0.030815109343936383
0 0.6557291666666667 0.8991053677932406 0.009375 0.018886679920477135
0 0.8341145833333333 0.9070576540755467 0.0067708333333333336 0.02882703777335984
0 0.86015625 0.9015904572564613 0.0171875 0.019880715705765408
0 0.5716145833333334 0.9174950298210736 0.0109375 0.03777335984095427
0 0.7638020833333333 0.9135188866799204 0.0067708333333333336 0.02584493041749503
0 0.7307291666666667 0.9179920477137177 0.010416666666666666 0.02485089463220676
0 0.4153645833333333 0.9239562624254473 0.009895833333333333 0.020874751491053677
0 0.6033854166666667 0.9423459244532804 0.0109375 0.03180914512922465
0 0.6846354166666667 0.9343936381709742 0.030729166666666665 0.017892644135188866
0 0.5895833333333333 0.9348906560636183 0.011458333333333333 0.014910536779324055
0 0.3515625 0.9388667992047713 0.008333333333333333 0.018886679920477135
0 0.43359375 0.9378727634194831 0.0140625 0.008946322067594433
0 0.7208333333333333 0.9542743538767395 0.008333333333333333 0.027833001988071572
0 0.4158854166666667 0.9547713717693836 0.015104166666666667 0.02485089463220676
0 0.6299479166666667 0.9627236580516899 0.011979166666666667 0.03479125248508946
0 0.6520833333333333 0.9587475149105368 0.013541666666666667 0.012922465208747515
0 0.9091145833333333 0.9666998011928429 0.013020833333333334 0.012922465208747515
0 0.74921875 0.9721669980119284 0.0234375 0.02186878727634195
0 0.5552083333333333 0.9791252485089463 0.008333333333333333 0.03180914512922465
0 0.5294270833333333 0.9840954274353877 0.0359375 0.02982107355864811
0 0.9489583333333333 0.9880715705765407 0.019791666666666666 0.02186878727634195
0 0.9174479166666667 0.9895626242544732 0.019270833333333334 0.018886679920477135
0 0.60859375 0.9900596421471173 0.024479166666666666 0.017892644135188866
0 0.5083333333333333 0.9920477137176938 0.009375 0.013916500994035786
0 0.6627604166666666 0.992544731610338 0.011979166666666667 0.012922465208747515