0 0.7140625 0.055666003976143144 0.017708333333333333 0.013916500994035786
0 0.04635416666666667 0.3697813121272366 0.010416666666666666 0.02982107355864811
0 0.20260416666666667 0.4234592445328032 0.00625 0.02982107355864811
0 0.43723958333333335 0.44433399602385687 0.011979166666666667 0.007952286282306162
0 0.35546875 0.5372763419483101 0.015104166666666667 0.030815109343936383
0 0.4192708333333333 0.536779324055666 0.010416666666666666 0.017892644135188866
0 0.45338541666666665 0.5526838966202783 0.005729166666666666 0.02584493041749503
0 0.46484375 0.5556660039761432 0.009895833333333333 0.027833001988071572
0 0.39869791666666665 0.6307157057654076 0.013020833333333334 0.02882703777335984
0 0.44375 0.6595427435387674 0.019791666666666666 0.030815109343936383
0 0.6166666666666667 0.6819085487077535 0.013541666666666667 0.041749502982107355
0 0.42864583333333334 0.6789264413518886 0.009375 0.007952286282306162
0 0.44114583333333335 0.6908548707753479 0.010416666666666666 0.015904572564612324
0 0.39921875 0.7504970178926441 0.011979166666666667 0.019880715705765408
0 0.47265625 0.8111332007952287 0.0078125 0.03180914512922465
0 0.5380208333333333 0.8091451292246521 0.013541666666666667 0.015904572564612324
0 0.9911458333333333 0.8305168986083499 0.010416666666666666 0.018886679920477135
0 0.3703125 0.9005964214711729 0.016666666666666666 0.03578528827037773
0 0.5075520833333333 0.8891650099403579 0.0140625 0.008946322067594433
0 0.3736979166666667 0.9418489065606361 0.015104166666666667 0.03479125248508946
0 0.45416666666666666 0.94831013916501 0.019791666666666666 0.015904572564612324