0 0.10364583333333334 0.07306163021868788 0.011458333333333333 0.014910536779324055
0 0.2591145833333333 0.08001988071570576 0.0140625 0.0268389662027833
0 0.47213541666666664 0.11779324055666004 0.016145833333333335 0.04473161033797217
0 0.22161458333333334 0.16451292246520874 0.016145833333333335 0.030815109343936383
0 0.3302083333333333 0.18836978131212723 0.011458333333333333 0.018886679920477135
0 0.3690104166666667 0.19284294234592445 0.0067708333333333336 0.013916500994035786
0 0.40078125 0.20278330019880716 0.0109375 0.019880715705765408
0 0.47708333333333336 0.2544731610337972 0.01875 0.02186878727634195
0 0.40338541666666666 0.275844930417495 0.011979166666666667 0.02882703777335984
0 0.22213541666666667 0.3230616302186879 0.013020833333333334 0.027833001988071572
0 0.4197916666666667 0.33151093439363816 0.013541666666666667 0.020874751491053677
0 0.42734375 0.3553677932405567 0.0171875 0.010934393638170975
0 0.3575520833333333 0.37524850894632206 0.0140625 0.018886679920477135
0 0.3828125 0.3832007952286282 0.014583333333333334 0.032803180914512925
0 0.4453125 0.3856858846918489 0.00625 0.015904572564612324
0 0.33984375 0.38966202783300197 0.011979166666666667 0.02186878727634195
0 0.26614583333333336 0.3961232604373757 0.010416666666666666 0.02485089463220676
0 0.20546875 0.4120278330019881 0.018229166666666668 0.05069582504970179
0 0.4244791666666667 0.4085487077534791 0.022916666666666665 0.015904572564612324
0 0.2713541666666667 0.41699801192842945 0.0125 0.0268389662027833
0 0.37916666666666665 0.4249502982107356 0.019791666666666666 0.0268389662027833
0 0.38984375 0.4686878727634195 0.016145833333333335 0.04671968190854871
0 0.8783854166666667 0.4691848906560636 0.016145833333333335 0.04970178926441352
0 0.35182291666666665 0.46570576540755465 0.008854166666666666 0.018886679920477135
0 0.9033854166666667 0.48111332007952284 0.013020833333333334 0.033797216699801194
0 0.4276041666666667 0.47713717693836977 0.010416666666666666 0.015904572564612324
0 0.29401041666666666 0.4960238568588469 0.0067708333333333336 0.03180914512922465
0 0.4596354166666667 0.5164015904572564 0.0078125 0.032803180914512925
0 0.06770833333333333 0.51441351888668 0.020833333333333332 0.02485089463220676
0 0.4015625 0.5323061630218688 0.021875 0.030815109343936383
0 0.5098958333333333 0.5357852882703777 0.011458333333333333 0.02385685884691849
0 0.36302083333333335 0.5571570576540755 0.008333333333333333 0.010934393638170975
0 0.4786458333333333 0.5646123260437376 0.008333333333333333 0.015904572564612324
0 0.38203125 0.5874751491053678 0.015104166666666667 0.017892644135188866
0 0.31979166666666664 0.6133200795228628 0.011458333333333333 0.02584493041749503
0 0.4934895833333333 0.6093439363817097 0.011979166666666667 0.017892644135188866
0 0.22161458333333334 0.6322067594433399 0.008854166666666666 0.02584493041749503
0 0.26223958333333336 0.6267395626242545 0.019270833333333334 0.014910536779324055
0 0.43385416666666665 0.643141153081511 0.010416666666666666 0.027833001988071572
0 0.9182291666666667 0.6411530815109344 0.028125 0.019880715705765408
0 0.6752604166666667 0.6684890656063618 0.018229166666666668 0.02485089463220676
0 0.41041666666666665 0.6645129224652088 0.016666666666666666 0.010934393638170975
0 0.39296875 0.6789264413518886 0.005729166666666666 0.027833001988071572
0 0.46536458333333336 0.6754473161033797 0.0078125 0.020874751491053677
0 0.25546875 0.6903578528827038 0.019270833333333334 0.02286282306163022
0 0.40859375 0.7251491053677932 0.009895833333333333 0.03479125248508946
0 0.63515625 0.768389662027833 0.016145833333333335 0.02584493041749503
0 0.5869791666666667 0.7763419483101391 0.016666666666666666 0.03180914512922465
0 0.34427083333333336 0.7788270377733598 0.017708333333333333 0.030815109343936383
0 0.4236979166666667 0.7778330019880716 0.011979166666666667 0.030815109343936383
0 0.4940104166666667 0.7813121272365805 0.019270833333333334 0.011928429423459244
0 0.3221354166666667 0.7927435387673957 0.021354166666666667 0.02882703777335984
0 0.596875 0.8021868787276342 0.009375 0.041749502982107355
0 0.23541666666666666 0.8235586481113321 0.0125 0.0268389662027833
0 0.22578125 0.8613320079522863 0.016145833333333335 0.03479125248508946
0 0.409375 0.9537773359840954 0.025 0.04671968190854871
0 0.7854166666666667 0.9498011928429424 0.011458333333333333 0.032803180914512925