0 0.05677083333333333 0.014910536779324055 0.026041666666666668 0.02982107355864811
0 0.22057291666666667 0.015407554671968192 0.0078125 0.030815109343936383
0 0.10416666666666667 0.041749502982107355 0.009375 0.041749502982107355
0 0.5502604166666667 0.04473161033797217 0.0109375 0.04771371769383698
0 0.26328125 0.039761431411530816 0.0140625 0.011928429423459244
0 0.20572916666666666 0.06809145129224652 0.00625 0.030815109343936383
0 0.2721354166666667 0.07952286282306163 0.022395833333333334 0.0536779324055666
0 0.96328125 0.0989065606361829 0.0109375 0.0268389662027833
0 0.04635416666666667 0.09343936381709742 0.015625 0.013916500994035786
0 0.28203125 0.0959244532803181 0.0203125 0.012922465208747515
0 0.8046875 0.10636182902584493 0.025 0.02584493041749503
0 0.7083333333333334 0.1143141153081511 0.019791666666666666 0.03180914512922465
0 0.78671875 0.12176938369781312 0.0078125 0.040755467196819085
0 0.33645833333333336 0.12475149105367793 0.019791666666666666 0.04473161033797217
0 0.16276041666666666 0.1242544731610338 0.005729166666666666 0.03777335984095427
0 0.26145833333333335 0.12673956262425448 0.00625 0.010934393638170975
0 0.075 0.13369781312127235 0.015625 0.012922465208747515
0 0.24348958333333334 0.139662027833002 0.0140625 0.0268389662027833
0 0.042708333333333334 0.1595427435387674 0.019791666666666666 0.04671968190854871
0 0.8666666666666667 0.15656063618290258 0.005208333333333333 0.02882703777335984
0 0.08723958333333333 0.15805168986083498 0.015104166666666667 0.027833001988071572
0 0.7046875 0.1610337972166998 0.010416666666666666 0.03180914512922465
0 0.38645833333333335 0.17296222664015903 0.005208333333333333 0.02385685884691849
0 0.4625 0.176441351888668 0.017708333333333333 0.0268389662027833
0 0.20598958333333334 0.18141153081510936 0.0171875 0.02286282306163022
0 0.809375 0.20129224652087474 0.016666666666666666 0.032803180914512925
0 0.6830729166666667 0.2047713717693837 0.0078125 0.033797216699801194
0 0.32760416666666664 0.20974155069582506 0.014583333333333334 0.03180914512922465
0 0.7830729166666667 0.22564612326043737 0.0109375 0.02982107355864811
0 0.19609375 0.22664015904572565 0.015104166666666667 0.013916500994035786
0 0.15859375 0.23061630218687873 0.0171875 0.015904572564612324
0 0.9739583333333334 0.2355864811133201 0.010416666666666666 0.011928429423459244
0 0.6388020833333333 0.25944333996023855 0.011979166666666667 0.03578528827037773
0 0.39557291666666666 0.25646123260437376 0.0140625 0.02186878727634195
0 0.6848958333333334 0.2614314115308151 0.011458333333333333 0.02982107355864811
0 0.0265625 0.2654075546719682 0.016666666666666666 0.02385685884691849
0 0.28671875 0.27137176938369784 0.008854166666666666 0.019880715705765408
0 0.2359375 0.27137176938369784 0.010416666666666666 0.011928429423459244
0 0.5059895833333333 0.2957256461232604 0.0067708333333333336 0.03876739562624255
0 0.9229166666666667 0.31709741550695825 0.009375 0.02982107355864811
0 0.06145833333333333 0.3275347912524851 0.008333333333333333 0.02882703777335984
0 0.49375 0.32007952286282304 0.011458333333333333 0.011928429423459244
0 0.6565104166666667 0.33548707753479123 0.008854166666666666 0.042743538767395624
0 0.9473958333333333 0.33151093439363816 0.01875 0.02882703777335984
0 0.34765625 0.3364811133200795 0.0109375 0.018886679920477135
0 0.8572916666666667 0.34095427435387676 0.0125 0.02385685884691849
0 0.27890625 0.34791252485089463 0.0171875 0.02385685884691849
0 0.4583333333333333 0.34542743538767395 0.011458333333333333 0.008946322067594433
0 0.20364583333333333 0.36779324055666 0.014583333333333334 0.03578528827037773
0 0.23854166666666668 0.37673956262425445 0.013541666666666667 0.017892644135188866
0 0.7044270833333334 0.38469184890656066 0.016145833333333335 0.02385685884691849
0 0.16744791666666667 0.3911530815109344 0.0109375 0.030815109343936383
0 0.4075520833333333 0.39314115308151093 0.009895833333333333 0.02485089463220676
0 0.2833333333333333 0.3946322067594433 0.010416666666666666 0.017892644135188866
0 0.14713541666666666 0.4010934393638171 0.024479166666666666 0.02286282306163022
0 0.43697916666666664 0.40556660039761433 0.004166666666666667 0.02584493041749503
0 0.29635416666666664 0.4125248508946322 0.016666666666666666 0.027833001988071572
0 0.3268229166666667 0.43141153081510936 0.0046875 0.02385685884691849
0 0.4546875 0.4363817097415507 0.008333333333333333 0.02982107355864811
0 0.4705729166666667 0.4438369781312127 0.011979166666666667 0.032803180914512925
0 0.6325520833333333 0.44880715705765406 0.027604166666666666 0.02286282306163022
0 0.5106770833333333 0.44681908548707755 0.019270833333333334 0.014910536779324055
0 0.5395833333333333 0.455765407554672 0.017708333333333333 0.032803180914512925
0 0.15364583333333334 0.4691848906560636 0.026041666666666668 0.05168986083499006
0 0.18307291666666667 0.4572564612326044 0.013020833333333334 0.019880715705765408
0 0.03723958333333333 0.4671968190854871 0.0109375 0.03578528827037773
0 0.07109375 0.46371769383697814 0.013020833333333334 0.02882703777335984
0 0.31588541666666664 0.4726640159045726 0.018229166666666668 0.030815109343936383
0 0.7369791666666666 0.46123260437375746 0.010416666666666666 0.009940357852882704
0 0.4783854166666667 0.4701789264413519 0.021354166666666667 0.02385685884691849
0 0.23072916666666668 0.49204771371769385 0.007291666666666667 0.04572564612326044
0 0.578125 0.48807157057654077 0.011458333333333333 0.03777335984095427
0 0.39010416666666664 0.47962226640159045 0.0125 0.018886679920477135
0 0.04791666666666667 0.49204771371769385 0.011458333333333333 0.039761431411530816
0 0.6104166666666667 0.4860834990059642 0.020833333333333332 0.027833001988071572
0 0.37395833333333334 0.5024850894632207 0.021875 0.0268389662027833
0 0.49114583333333334 0.5223658051689861 0.014583333333333334 0.04671968190854871
0 0.014583333333333334 0.5397614314115308 0.019791666666666666 0.0775347912524851
0 0.1171875 0.5178926441351889 0.013541666666666667 0.03578528827037773
0 0.5302083333333333 0.5064612326043738 0.010416666666666666 0.012922465208747515
0 0.17005208333333333 0.5268389662027833 0.016145833333333335 0.04970178926441352
0 0.5390625 0.5213717693836978 0.007291666666666667 0.02485089463220676
0 0.09270833333333334 0.5362823061630219 0.013541666666666667 0.04671968190854871
0 0.36041666666666666 0.5268389662027833 0.013541666666666667 0.02982107355864811
0 0.41875 0.5248508946322068 0.004166666666666667 0.02584493041749503
0 0.4549479166666667 0.5303180914512923 0.0359375 0.03479125248508946
0 0.2596354166666667 0.5352882703777336 0.008854166666666666 0.03479125248508946
0 0.3140625 0.5298210735586482 0.0125 0.009940357852882704
0 0.8953125 0.5347912524850894 0.014583333333333334 0.02186878727634195
0 0.9158854166666667 0.5606361829025845 0.015104166666666667 0.03180914512922465
0 0.42161458333333335 0.5556660039761432 0.0140625 0.017892644135188866
0 0.5049479166666667 0.5656063618290258 0.013020833333333334 0.03578528827037773
0 0.328125 0.5651093439363817 0.017708333333333333 0.016898608349900597
0 0.44921875 0.5690854870775348 0.008854166666666666 0.02286282306163022
0 0.62421875 0.56610337972167 0.0078125 0.012922465208747515
0 0.21484375 0.5830019880715706 0.0078125 0.03876739562624255
0 0.42083333333333334 0.5760437375745527 0.016666666666666666 0.018886679920477135
0 0.43645833333333334 0.5899602385685885 0.008333333333333333 0.040755467196819085
0 0.9184895833333333 0.5849900596421471 0.015104166666666667 0.020874751491053677
0 0.3377604166666667 0.5894632206759444 0.016145833333333335 0.017892644135188866
0 0.09947916666666666 0.6093439363817097 0.014583333333333334 0.0536779324055666
0 0.55234375 0.5989065606361829 0.0046875 0.02882703777335984
0 0.19973958333333333 0.6098409542743539 0.008854166666666666 0.040755467196819085
0 0.409375 0.6177932405566601 0.005208333333333333 0.018886679920477135
0 0.32838541666666665 0.6247514910536779 0.0140625 0.0268389662027833
0 0.46822916666666664 0.6247514910536779 0.016666666666666666 0.02485089463220676
0 0.24453125 0.6371769383697813 0.015104166666666667 0.0437375745526839
0 0.08229166666666667 0.632703777335984 0.013541666666666667 0.0268389662027833
0 0.4484375 0.6292246520874751 0.008333333333333333 0.013916500994035786
0 0.39296875 0.6381709741550696 0.0078125 0.02584493041749503
0 0.4361979166666667 0.658051689860835 0.015104166666666667 0.04572564612326044
0 0.46848958333333335 0.6496023856858847 0.0203125 0.018886679920477135
0 0.084375 0.658051689860835 0.010416666666666666 0.017892644135188866
0 0.37421875 0.6585487077534792 0.019270833333333334 0.016898608349900597
0 0.4901041666666667 0.6610337972166997 0.007291666666666667 0.017892644135188866
0 0.31197916666666664 0.6595427435387674 0.010416666666666666 0.008946322067594433
0 0.9778645833333334 0.6669980119284294 0.016145833333333335 0.02385685884691849
0 0.3346354166666667 0.6665009940357853 0.005729166666666666 0.018886679920477135
0 0.34479166666666666 0.6724652087475149 0.005208333333333333 0.02485089463220676
0 0.6114583333333333 0.6724652087475149 0.009375 0.010934393638170975
0 0.08645833333333333 0.6963220675944334 0.011458333333333333 0.04671968190854871
0 0.10807291666666667 0.7037773359840954 0.021354166666666667 0.027833001988071572
0 0.35885416666666664 0.6998011928429424 0.0125 0.02186878727634195
0 0.05911458333333333 0.7276341948310139 0.027604166666666666 0.03777335984095427
0 0.5940104166666667 0.7147117296222664 0.009895833333333333 0.007952286282306162
0 0.31796875 0.7370775347912525 0.019270833333333334 0.04671968190854871
0 0.28359375 0.7321073558648111 0.0067708333333333336 0.02882703777335984
0 0.6424479166666667 0.7326043737574552 0.0109375 0.019880715705765408
0 0.23958333333333334 0.73558648111332 0.01875 0.011928429423459244
0 0.121875 0.7519880715705766 0.009375 0.036779324055666
0 0.36015625 0.7539761431411531 0.0067708333333333336 0.0268389662027833
0 0.4630208333333333 0.7514910536779325 0.005208333333333333 0.019880715705765408
0 0.39505208333333336 0.7594433399602386 0.019270833333333334 0.019880715705765408
0 0.22083333333333333 0.76441351888668 0.01875 0.015904572564612324
0 0.5723958333333333 0.7693836978131213 0.013541666666666667 0.007952286282306162
0 0.38984375 0.7783300198807157 0.0140625 0.011928429423459244
0 0.21536458333333333 0.7957256461232605 0.008854166666666666 0.03876739562624255
0 0.09322916666666667 0.7862823061630219 0.016666666666666666 0.015904572564612324
0 0.06796875 0.7982107355864811 0.0109375 0.015904572564612324
0 0.33255208333333336 0.8046719681908548 0.0046875 0.02882703777335984
0 0.3796875 0.8041749502982107 0.014583333333333334 0.009940357852882704
0 0.22421875 0.8349900596421471 0.0109375 0.041749502982107355
0 0.89921875 0.8285288270377733 0.018229166666666668 0.0268389662027833
0 0.49635416666666665 0.8399602385685885 0.013541666666666667 0.013916500994035786
0 0.24479166666666666 0.8479125248508946 0.011458333333333333 0.027833001988071572
0 0.3372395833333333 0.8484095427435387 0.015104166666666667 0.018886679920477135
0 0.35963541666666665 0.8692842942345924 0.0078125 0.0268389662027833
0 0.09739583333333333 0.8667992047713717 0.016666666666666666 0.015904572564612324
0 0.93203125 0.8638170974155069 0.013020833333333334 0.011928429423459244
0 0.39921875 0.8717693836978131 0.011979166666666667 0.02186878727634195
0 0.48854166666666665 0.8702783300198808 0.00625 0.020874751491053677
0 0.9567708333333333 0.8757455268389662 0.014583333333333334 0.02584493041749503
0 0.225 0.8797216699801192 0.01875 0.02584493041749503
0 0.61875 0.889662027833002 0.014583333333333334 0.04771371769383698
0 0.5614583333333333 0.9030815109343936 0.007291666666666667 0.040755467196819085
0 0.9328125 0.8941351888667992 0.011458333333333333 0.018886679920477135
0 0.25104166666666666 0.904572564612326 0.011458333333333333 0.02186878727634195
0 0.41875 0.911530815109344 0.005208333333333333 0.02385685884691849
0 0.5283854166666667 0.9194831013916501 0.0078125 0.03777335984095427
0 0.009114583333333334 0.9602385685884692 0.018229166666666668 0.0775347912524851
0 0.23046875 0.9423459244532804 0.016145833333333335 0.03180914512922465
0 0.16223958333333333 0.9617296222664016 0.0078125 0.02286282306163022
0 0.11067708333333333 0.9602385685884692 0.0140625 0.013916500994035786
0 0.57109375 0.9696819085487077 0.008854166666666666 0.02485089463220676
0 0.28880208333333335 0.9796222664015904 0.0109375 0.0268389662027833
0 0.051041666666666666 0.9865805168986084 0.007291666666666667 0.02485089463220676
0 0.08619791666666667 0.9900596421471173 0.018229166666666668 0.017892644135188866
0 0.4828125 0.9920477137176938 0.017708333333333333 0.013916500994035786
0 0.303125 0.9950298210735586 0.014583333333333334 0.007952286282306162