0 0.08697916666666666 0.01143141153081511 0.014583333333333334 0.02286282306163022
0 0.48723958333333334 0.007952286282306162 0.0067708333333333336 0.015904572564612324
0 0.6552083333333333 0.0044731610337972166 0.00625 0.008946322067594433
0 0.72421875 0.09940357852882704 0.011979166666666667 0.013916500994035786
0 0.878125 0.11133200795228629 0.008333333333333333 0.017892644135188866
0 0.8026041666666667 0.13021868787276342 0.00625 0.017892644135188866
0 0.8903645833333333 0.12972166998011928 0.0171875 0.016898608349900597
0 0.13255208333333332 0.14463220675944333 0.009895833333333333 0.02286282306163022
0 0.28411458333333334 0.15656063618290258 0.0046875 0.02286282306163022
0 0.4390625 0.15457256461232605 0.005208333333333333 0.020874751491053677
0 0.17161458333333332 0.18190854870775347 0.0203125 0.019880715705765408
0 0.9065104166666667 0.20328031809145128 0.013020833333333334 0.018886679920477135
0 0.8307291666666666 0.21620278330019882 0.011458333333333333 0.012922465208747515
0 0.36692708333333335 0.22216699801192843 0.015104166666666667 0.016898608349900597
0 0.1984375 0.25347912524850896 0.007291666666666667 0.02385685884691849
0 0.5934895833333333 0.2644135188866799 0.018229166666666668 0.039761431411530816
0 0.08307291666666666 0.2659045725646123 0.0171875 0.018886679920477135
0 0.85703125 0.27137176938369784 0.022395833333333334 0.03180914512922465
0 0.2484375 0.27037773359840955 0.008333333333333333 0.02186878727634195
0 0.9234375 0.275844930417495 0.013541666666666667 0.02286282306163022
0 0.7013020833333333 0.2837972166998012 0.013020833333333334 0.018886679920477135
0 0.9666666666666667 0.294234592445328 0.009375 0.03180914512922465
0 0.6434895833333333 0.2937375745526839 0.0067708333333333336 0.02485089463220676
0 0.7583333333333333 0.29174950298210733 0.011458333333333333 0.020874751491053677
0 0.6575520833333334 0.29970178926441354 0.013020833333333334 0.018886679920477135
0 0.6778645833333333 0.29870775347912526 0.0109375 0.016898608349900597
0 0.5893229166666667 0.30218687872763417 0.005729166666666666 0.02186878727634195
0 0.79765625 0.30467196819085485 0.013020833333333334 0.020874751491053677
0 0.8158854166666667 0.31809145129224653 0.0067708333333333336 0.013916500994035786
0 0.70234375 0.3245526838966203 0.0109375 0.016898608349900597
0 0.6020833333333333 0.33001988071570576 0.009375 0.02385685884691849
0 0.80234375 0.33399602385685884 0.013020833333333334 0.009940357852882704
0 0.49453125 0.34691848906560635 0.0171875 0.03180914512922465
0 0.9526041666666667 0.34393638170974156 0.014583333333333334 0.02584493041749503
0 0.934375 0.3548707753479125 0.015625 0.017892644135188866
0 0.5966145833333333 0.37326043737574555 0.008854166666666666 0.020874751491053677
0 0.80703125 0.3832007952286282 0.005729166666666666 0.020874751491053677
0 0.7078125 0.38618290258449306 0.005208333333333333 0.02286282306163022
0 0.8309895833333333 0.4120278330019881 0.009895833333333333 0.02485089463220676
0 0.3221354166666667 0.40755467196819084 0.0109375 0.013916500994035786
0 0.9075520833333334 0.4110337972166998 0.011979166666666667 0.020874751491053677
0 0.8723958333333334 0.4105367793240557 0.013541666666666667 0.013916500994035786
0 0.9723958333333333 0.4140159045725646 0.0125 0.02286282306163022
0 0.5875 0.415506958250497 0.015625 0.015904572564612324
0 0.5278645833333333 0.43240556660039764 0.0078125 0.03180914512922465
0 0.6716145833333333 0.4363817097415507 0.013020833333333334 0.027833001988071572
0 0.71171875 0.43389662027833004 0.011979166666666667 0.016898608349900597
0 0.8005208333333333 0.43588469184890655 0.00625 0.020874751491053677
0 0.35260416666666666 0.4691848906560636 0.007291666666666667 0.03180914512922465
0 0.48151041666666666 0.4726640159045726 0.0046875 0.030815109343936383
0 0.6294270833333333 0.4716699801192843 0.005729166666666666 0.014910536779324055
0 0.6565104166666667 0.4845924453280318 0.008854166666666666 0.020874751491053677
0 0.6893229166666667 0.4945328031809145 0.005729166666666666 0.030815109343936383
0 0.8424479166666666 0.5004970178926441 0.0234375 0.03479125248508946
0 0.6158854166666666 0.5049701789264414 0.008854166666666666 0.03777335984095427
0 0.04453125 0.5054671968190855 0.0140625 0.016898608349900597
0 0.7255208333333333 0.5034791252485089 0.008333333333333333 0.012922465208747515
0 0.74765625 0.5039761431411531 0.015104166666666667 0.013916500994035786
0 0.9244791666666666 0.507455268389662 0.0125 0.016898608349900597
0 0.9611979166666667 0.5248508946322068 0.0171875 0.02584493041749503
0 0.07265625 0.5238568588469185 0.0171875 0.013916500994035786
0 0.54453125 0.5283300198807157 0.0140625 0.02286282306163022
0 0.7526041666666666 0.5233598409542743 0.011458333333333333 0.012922465208747515
0 0.8169270833333333 0.5238568588469185 0.015104166666666667 0.015904572564612324
0 0.6515625 0.5313121272365805 0.016666666666666666 0.014910536779324055
0 0.8877604166666667 0.5333001988071571 0.011979166666666667 0.016898608349900597
0 0.09322916666666667 0.5407554671968191 0.014583333333333334 0.02982107355864811
0 0.012760416666666666 0.5447316103379721 0.011979166666666667 0.027833001988071572
0 0.25677083333333334 0.5457256461232605 0.010416666666666666 0.015904572564612324
0 0.12942708333333333 0.5611332007952287 0.009895833333333333 0.040755467196819085
0 0.8427083333333333 0.5556660039761432 0.014583333333333334 0.007952286282306162
0 0.15052083333333333 0.5690854870775348 0.009375 0.0268389662027833
0 0.55078125 0.5869781312127237 0.0078125 0.02485089463220676
0 0.6791666666666667 0.5874751491053678 0.005208333333333333 0.027833001988071572
0 0.12682291666666667 0.6048707753479126 0.0265625 0.040755467196819085
0 0.5658854166666667 0.5969184890656064 0.0036458333333333334 0.02485089463220676
0 0.60390625 0.6048707753479126 0.005729166666666666 0.02882703777335984
0 0.46901041666666665 0.595427435387674 0.011979166666666667 0.007952286282306162
0 0.022916666666666665 0.6113320079522863 0.023958333333333335 0.02584493041749503
0 0.690625 0.6158051689860835 0.0125 0.030815109343936383
0 0.8859375 0.6128230616302187 0.021875 0.0268389662027833
0 0.9674479166666666 0.6187872763419483 0.011979166666666667 0.02485089463220676
0 0.7552083333333334 0.6158051689860835 0.013541666666666667 0.008946322067594433
0 0.7973958333333333 0.6257455268389662 0.017708333333333333 0.02882703777335984
0 0.5846354166666666 0.6297216699801192 0.011979166666666667 0.018886679920477135
0 0.7018229166666666 0.6297216699801192 0.0109375 0.018886679920477135
0 0.85625 0.632703777335984 0.017708333333333333 0.016898608349900597
0 0.6505208333333333 0.6456262425447317 0.016666666666666666 0.032803180914512925
0 0.39088541666666665 0.6515904572564613 0.008854166666666666 0.030815109343936383
0 0.6059895833333333 0.6505964214711729 0.013020833333333334 0.012922465208747515
0 0.69609375 0.6585487077534792 0.0078125 0.02882703777335984
0 0.1078125 0.6620278330019881 0.008333333333333333 0.02982107355864811
0 0.54765625 0.6605367793240556 0.0109375 0.02485089463220676
0 0.9627604166666667 0.6714711729622267 0.015104166666666667 0.036779324055666
0 0.92421875 0.6669980119284294 0.016145833333333335 0.019880715705765408
0 0.6260416666666667 0.6784294234592445 0.010416666666666666 0.02882703777335984
0 0.58984375 0.6829025844930418 0.0140625 0.03578528827037773
0 0.7125 0.6804174950298211 0.013541666666666667 0.02882703777335984
0 0.8052083333333333 0.6868787276341949 0.009375 0.02584493041749503
0 0.7260416666666667 0.6903578528827038 0.004166666666666667 0.016898608349900597
0 0.45807291666666666 0.6958250497017893 0.008854166666666666 0.019880715705765408
0 0.7494791666666667 0.7117296222664016 0.007291666666666667 0.027833001988071572
0 0.70625 0.7271371769383698 0.009375 0.042743538767395624
0 0.6216145833333333 0.7176938369781312 0.018229166666666668 0.015904572564612324
0 0.90078125 0.7470178926441352 0.0109375 0.042743538767395624
0 0.11276041666666667 0.7380715705765407 0.009895833333333333 0.014910536779324055
0 0.48489583333333336 0.7490059642147118 0.003125 0.02286282306163022
0 0.63125 0.7594433399602386 0.007291666666666667 0.027833001988071572
0 0.96328125 0.7589463220675944 0.009895833333333333 0.0268389662027833
0 0.6744791666666666 0.7619284294234593 0.01875 0.018886679920477135
0 0.7213541666666666 0.7728628230616302 0.00625 0.036779324055666
0 0.6059895833333333 0.7768389662027833 0.008854166666666666 0.02882703777335984
0 0.6505208333333333 0.7738568588469185 0.008333333333333333 0.018886679920477135
0 0.9557291666666666 0.7837972166998012 0.008333333333333333 0.032803180914512925
0 0.5916666666666667 0.782803180914513 0.011458333333333333 0.020874751491053677
0 0.978125 0.7912524850894632 0.017708333333333333 0.03180914512922465
0 0.63203125 0.7997017892644135 0.03177083333333333 0.04671968190854871
0 0.5020833333333333 0.8041749502982107 0.005208333333333333 0.03180914512922465
0 0.7963541666666667 0.7997017892644135 0.014583333333333334 0.012922465208747515
0 0.45026041666666666 0.8111332007952287 0.0078125 0.027833001988071572
0 0.88515625 0.8131212723658051 0.0078125 0.02186878727634195
0 0.6893229166666667 0.8121272365805169 0.0109375 0.015904572564612324
0 0.7033854166666667 0.8205765407554672 0.011979166666666667 0.018886679920477135
0 0.6541666666666667 0.8180914512922465 0.015625 0.007952286282306162
0 0.6380208333333334 0.831013916500994 0.010416666666666666 0.015904572564612324
0 0.44375 0.8414512922465208 0.015625 0.012922465208747515
0 0.52890625 0.8469184890656064 0.013020833333333334 0.011928429423459244
0 0.80390625 0.8538767395626242 0.018229166666666668 0.02186878727634195
0 0.5786458333333333 0.8618290258449304 0.010416666666666666 0.03180914512922465
0 0.8513020833333333 0.8697813121272365 0.0109375 0.041749502982107355
0 0.6888020833333334 0.8628230616302187 0.013020833333333334 0.02186878727634195
0 0.7375 0.8762425447316103 0.036458333333333336 0.04473161033797217
0 0.37473958333333335 0.8777335984095428 0.0036458333333333334 0.02385685884691849
0 0.5916666666666667 0.8901590457256461 0.011458333333333333 0.042743538767395624
0 0.4471354166666667 0.8851888667992047 0.011979166666666667 0.02485089463220676
0 0.57265625 0.8901590457256461 0.0109375 0.02286282306163022
0 0.64140625 0.9150099403578529 0.018229166666666668 0.06461232604373758
0 0.2872395833333333 0.8961232604373758 0.016145833333333335 0.014910536779324055
0 0.5213541666666667 0.9194831013916501 0.011458333333333333 0.04572564612326044
0 0.7510416666666667 0.9035785288270378 0.008333333333333333 0.009940357852882704
0 0.8765625 0.9125248508946322 0.009375 0.02982107355864811
0 0.27578125 0.9145129224652088 0.013020833333333334 0.027833001988071572
0 0.7947916666666667 0.9075546719681908 0.014583333333333334 0.015904572564612324
0 0.5541666666666667 0.9160039761431411 0.011458333333333333 0.010934393638170975
0 0.5854166666666667 0.9264413518886679 0.013541666666666667 0.013916500994035786
0 0.6776041666666667 0.937375745526839 0.016666666666666666 0.02186878727634195
0 0.6033854166666667 0.9473161033797217 0.024479166666666666 0.03578528827037773
0 0.9861979166666667 0.9458250497017893 0.0265625 0.032803180914512925
0 0.653125 0.94831013916501 0.022916666666666665 0.03180914512922465
0 0.69140625 0.9418489065606361 0.009895833333333333 0.020874751491053677
0 0.7541666666666667 0.9527833001988072 0.023958333333333335 0.042743538767395624
0 0.709375 0.9488071570576541 0.014583333333333334 0.018886679920477135
0 0.5299479166666666 0.9711729622266402 0.027604166666666666 0.055666003976143144
0 0.7270833333333333 0.9701789264413518 0.011458333333333333 0.039761431411530816
0 0.6239583333333333 0.9612326043737575 0.011458333333333333 0.013916500994035786
0 0.6796875 0.9711729622266402 0.015625 0.027833001988071572
0 0.5830729166666667 0.9806163021868787 0.0140625 0.036779324055666
0 0.8114583333333333 0.974155069582505 0.00625 0.02385685884691849
0 0.35911458333333335 0.9726640159045725 0.013020833333333334 0.010934393638170975
0 0.6572916666666667 0.9845924453280318 0.014583333333333334 0.02882703777335984
0 0.71171875 0.98558648111332 0.009895833333333333 0.0268389662027833
0 0.6 0.9915506958250497 0.009375 0.014910536779324055
0 0.8200520833333333 0.9915506958250497 0.0046875 0.014910536779324055
0 0.6177083333333333 0.9940357852882704 0.019791666666666666 0.009940357852882704