0 0.21901041666666668 0.10934393638170974 0.0078125 0.02186878727634195
0 0.20755208333333333 0.20924453280318092 0.0109375 0.018886679920477135
0 0.37786458333333334 0.25497017892644136 0.0140625 0.018886679920477135
0 0.025520833333333333 0.4279324055666004 0.015625 0.012922465208747515
0 0.17421875 0.51441351888668 0.005729166666666666 0.0268389662027833
0 0.72421875 0.5800198807157058 0.0140625 0.02286282306163022
0 0.019270833333333334 0.6346918489065606 0.0125 0.0268389662027833
0 0.5463541666666667 0.6535785288270378 0.013541666666666667 0.014910536779324055
0 0.41484375 0.6759443339960238 0.015104166666666667 0.009940357852882704
0 0.26640625 0.6888667992047713 0.008854166666666666 0.027833001988071572
0 0.10286458333333333 0.7042743538767395 0.0109375 0.02882703777335984
0 0.24192708333333332 0.7127236580516899 0.0067708333333333336 0.02982107355864811
0 0.11796875 0.7256461232604374 0.009895833333333333 0.015904572564612324
0 0.6033854166666667 0.7519880715705766 0.0109375 0.018886679920477135
0 0.09140625 0.7654075546719682 0.015104166666666667 0.02982107355864811
0 0.2638020833333333 0.7753479125248509 0.005729166666666666 0.02584493041749503
0 0.58046875 0.8001988071570576 0.0046875 0.027833001988071572
0 0.46588541666666666 0.7967196819085487 0.011979166666666667 0.016898608349900597
0 0.5283854166666667 0.8300198807157058 0.009895833333333333 0.039761431411530816
0 0.2703125 0.8235586481113321 0.009375 0.02286282306163022
0 0.4197916666666667 0.8240556660039762 0.013541666666666667 0.011928429423459244
0 0.6765625 0.8349900596421471 0.015625 0.015904572564612324
0 0.5028645833333333 0.8414512922465208 0.016145833333333335 0.016898608349900597
0 0.18567708333333333 0.8558648111332008 0.0140625 0.015904572564612324
0 0.6200520833333333 0.8722664015904572 0.0067708333333333336 0.018886679920477135
0 0.4700520833333333 0.9095427435387674 0.0078125 0.02584493041749503
0 0.35078125 0.9100397614314115 0.0078125 0.014910536779324055
0 0.29010416666666666 0.918986083499006 0.013541666666666667 0.008946322067594433
0 0.5770833333333333 0.9314115308151093 0.00625 0.02584493041749503
0 0.340625 0.9304174950298211 0.013541666666666667 0.011928429423459244
0 0.37864583333333335 0.94831013916501 0.009375 0.019880715705765408
0 0.34609375 0.9458250497017893 0.015104166666666667 0.014910536779324055
0 0.49166666666666664 0.9681908548707754 0.008333333333333333 0.019880715705765408
0 0.42265625 0.9821073558648111 0.0171875 0.013916500994035786
0 0.7302083333333333 0.9900596421471173 0.009375 0.017892644135188866
0 0.5174479166666667 0.9930417495029821 0.0140625 0.011928429423459244