0 0.85546875 0.010437375745526839 0.0078125 0.020874751491053677
0 0.575 0.02186878727634195 0.015625 0.0437375745526839
0 0.10052083333333334 0.0004970178926441351 0.04479166666666667 0.0009940357852882703
0 0.03177083333333333 0.0004970178926441351 0.0625 0.0009940357852882703
0 0.14036458333333332 0.020874751491053677 0.0078125 0.03578528827037773
0 0.6221354166666667 0.030318091451292245 0.008854166666666666 0.040755467196819085
0 0.40182291666666664 0.03230616302186879 0.0078125 0.02882703777335984
0 0.5052083333333334 0.027833001988071572 0.007291666666666667 0.017892644135188866
0 0.12708333333333333 0.059145129224652086 0.017708333333333333 0.04671968190854871
0 0.7552083333333334 0.04572564612326044 0.007291666666666667 0.009940357852882704
0 0.25703125 0.060139165009940355 0.011979166666666667 0.02882703777335984
0 0.41875 0.1143141153081511 0.007291666666666667 0.03180914512922465
0 0.7658854166666667 0.12027833001988071 0.015104166666666667 0.03578528827037773
0 0.7510416666666667 0.13767395626242546 0.008333333333333333 0.03479125248508946
0 0.17083333333333334 0.16202783300198806 0.010416666666666666 0.02385685884691849
0 0.5927083333333333 0.16749502982107356 0.016666666666666666 0.016898608349900597
0 0.73203125 0.17594433399602386 0.013020833333333334 0.02982107355864811
0 0.1109375 0.1963220675944334 0.0125 0.0268389662027833
0 0.5815104166666667 0.20576540755467196 0.015104166666666667 0.02982107355864811
0 0.005989583333333334 0.22117296222664015 0.0109375 0.02882703777335984
0 0.721875 0.22912524850894633 0.007291666666666667 0.030815109343936383
0 0.5518229166666667 0.28479125248508946 0.009895833333333333 0.0268389662027833
0 0.04635416666666667 0.2927435387673956 0.011458333333333333 0.030815109343936383
0 0.3653645833333333 0.29025844930417494 0.016145833333333335 0.02186878727634195
0 0.13932291666666666 0.3384691848906561 0.019270833333333334 0.040755467196819085
0 0.11588541666666667 0.3374751491053678 0.015104166666666667 0.036779324055666
0 0.5986979166666667 0.3414512922465209 0.013020833333333334 0.02286282306163022
0 0.721875 0.3628230616302187 0.019791666666666666 0.027833001988071572
0 0.4828125 0.37524850894632206 0.01875 0.048707753479125246
0 0.41171875 0.36232604373757454 0.019270833333333334 0.02286282306163022
0 0.3177083333333333 0.3702783300198807 0.017708333333333333 0.016898608349900597
0 0.6830729166666667 0.42196819085487075 0.0046875 0.030815109343936383
0 0.7140625 0.452286282306163 0.010416666666666666 0.05168986083499006
0 0.22552083333333334 0.45278330019880714 0.019791666666666666 0.02882703777335984
0 0.4390625 0.4696819085487077 0.00625 0.036779324055666
0 0.6716145833333333 0.4831013916500994 0.0067708333333333336 0.03578528827037773
0 0.4046875 0.49204771371769385 0.00625 0.03180914512922465
0 0.11510416666666666 0.5014910536779325 0.019791666666666666 0.02485089463220676
0 0.35833333333333334 0.5173956262425448 0.013541666666666667 0.05467196819085487
0 0.48151041666666666 0.5079522862823062 0.021354166666666667 0.019880715705765408
0 0.321875 0.5139165009940357 0.0125 0.02186878727634195
0 0.4236979166666667 0.5263419483101391 0.0046875 0.03479125248508946
0 0.52890625 0.5337972166998012 0.0203125 0.02584493041749503
0 0.59765625 0.5387673956262425 0.011979166666666667 0.009940357852882704
0 0.06276041666666667 0.581013916500994 0.0171875 0.042743538767395624
0 0.5546875 0.5839960238568589 0.015625 0.016898608349900597
0 0.31328125 0.5959244532803181 0.015104166666666667 0.03479125248508946
0 0.28958333333333336 0.591948310139165 0.00625 0.016898608349900597
0 0.27578125 0.5994035785288271 0.018229166666666668 0.03180914512922465
0 0.49557291666666664 0.6038767395626242 0.0067708333333333336 0.03479125248508946
0 0.23255208333333333 0.6073558648111332 0.0203125 0.033797216699801194
0 0.3533854166666667 0.6123260437375746 0.015104166666666667 0.02584493041749503
0 0.6989583333333333 0.6496023856858847 0.009375 0.06858846918489066
0 0.5098958333333333 0.635685884691849 0.005208333333333333 0.014910536779324055
0 0.83046875 0.6605367793240556 0.011979166666666667 0.040755467196819085
0 0.4734375 0.6525844930417495 0.010416666666666666 0.018886679920477135
0 0.090625 0.6719681908548708 0.01875 0.02982107355864811
0 0.38671875 0.672962226640159 0.013020833333333334 0.027833001988071572
0 0.22421875 0.6789264413518886 0.011979166666666667 0.039761431411530816
0 0.58671875 0.6694831013916501 0.0109375 0.016898608349900597
0 0.28098958333333335 0.6764413518886679 0.015104166666666667 0.018886679920477135
0 0.4901041666666667 0.6878727634194831 0.015625 0.02385685884691849
0 0.4591145833333333 0.6804174950298211 0.0171875 0.010934393638170975
0 0.6875 0.6978131212723658 0.010416666666666666 0.033797216699801194
0 0.6486979166666667 0.7047713717693836 0.0203125 0.033797216699801194
0 0.07421875 0.7082504970178927 0.0328125 0.042743538767395624
0 0.5260416666666666 0.6963220675944334 0.00625 0.012922465208747515
0 0.6182291666666667 0.7032803180914513 0.020833333333333332 0.02286282306163022
0 0.24088541666666666 0.7142147117296223 0.005729166666666666 0.02882703777335984
0 0.4078125 0.742544731610338 0.017708333333333333 0.07554671968190854
0 0.11666666666666667 0.7191848906560636 0.009375 0.0268389662027833
0 0.69609375 0.717196819085487 0.0067708333333333336 0.012922465208747515
0 0.346875 0.7201789264413518 0.013541666666666667 0.016898608349900597
0 0.153125 0.7445328031809145 0.011458333333333333 0.027833001988071572
0 0.6955729166666667 0.7529821073558648 0.015104166666666667 0.020874751491053677
0 0.5932291666666667 0.7549701789264414 0.011458333333333333 0.018886679920477135
0 0.20208333333333334 0.7579522862823062 0.010416666666666666 0.020874751491053677
0 0.05130208333333333 0.7639165009940357 0.011979166666666667 0.016898608349900597
0 0.5291666666666667 0.7693836978131213 0.019791666666666666 0.015904572564612324
0 0.15572916666666667 0.7708747514910537 0.0125 0.020874751491053677
0 0.48828125 0.7818091451292246 0.0328125 0.032803180914512925
0 0.36302083333333335 0.7887673956262425 0.015625 0.030815109343936383
0 0.6932291666666667 0.790258449304175 0.020833333333333332 0.019880715705765408
0 0.33697916666666666 0.8146123260437376 0.016666666666666666 0.040755467196819085
0 0.20520833333333333 0.8091451292246521 0.009375 0.02584493041749503
0 0.30833333333333335 0.8235586481113321 0.007291666666666667 0.012922465208747515
0 0.9197916666666667 0.8290258449304175 0.025 0.015904572564612324
0 0.8421875 0.8414512922465208 0.021875 0.02485089463220676
0 0.5419270833333333 0.8369781312127237 0.0078125 0.009940357852882704
0 0.4473958333333333 0.8658051689860835 0.027083333333333334 0.05964214711729622
0 0.3026041666666667 0.8503976143141153 0.008333333333333333 0.018886679920477135
0 0.20651041666666667 0.8469184890656064 0.008854166666666666 0.011928429423459244
0 0.3171875 0.8677932405566601 0.01875 0.027833001988071572
0 0.6135416666666667 0.8737574552683897 0.017708333333333333 0.02385685884691849
0 0.12734375 0.8767395626242545 0.013020833333333334 0.02186878727634195
0 0.5463541666666667 0.8871769383697813 0.015625 0.036779324055666
0 0.25078125 0.8841948310139165 0.021354166666666667 0.0268389662027833
0 0.39895833333333336 0.8951292246520874 0.0125 0.03479125248508946
0 0.96875 0.8981113320079522 0.020833333333333332 0.03479125248508946
0 0.48828125 0.9040755467196819 0.009895833333333333 0.03479125248508946
0 0.4140625 0.9060636182902585 0.010416666666666666 0.03479125248508946
0 0.1953125 0.8961232604373758 0.010416666666666666 0.016898608349900597
0 0.18229166666666666 0.9040755467196819 0.009375 0.02485089463220676
0 0.5770833333333333 0.9140159045725647 0.019791666666666666 0.018886679920477135
0 0.42890625 0.9150099403578529 0.018229166666666668 0.02286282306163022
0 0.465625 0.9443339960238568 0.00625 0.011928429423459244
0 0.0328125 0.9453280318091452 0.008333333333333333 0.011928429423459244
0 0.18125 0.9537773359840954 0.0125 0.012922465208747515
0 0.6005208333333333 0.9756461232604374 0.014583333333333334 0.04671968190854871
0 0.47682291666666665 0.9701789264413518 0.0078125 0.03777335984095427
0 0.40572916666666664 0.9627236580516899 0.014583333333333334 0.016898608349900597
0 0.44166666666666665 0.9771371769383698 0.021875 0.0437375745526839
0 0.5338541666666666 0.9686878727634195 0.016666666666666666 0.02286282306163022
0 0.5106770833333333 0.9691848906560636 0.018229166666666668 0.02186878727634195
0 0.06067708333333333 0.9811133200795229 0.018229166666666668 0.03578528827037773
0 0.3958333333333333 0.9771371769383698 0.008333333333333333 0.011928429423459244
0 0.14973958333333334 0.9771371769383698 0.013020833333333334 0.011928429423459244
0 0.45286458333333335 0.9870775347912525 0.008854166666666666 0.02385685884691849
0 0.12630208333333334 0.9875745526838966 0.008854166666666666 0.016898608349900597