0 0.9140625 0.0064612326043737576 0.009375 0.012922465208747515
0 0.6380208333333334 0.012922465208747515 0.019791666666666666 0.02584493041749503
0 0.9932291666666667 0.0352882703777336 0.013541666666666667 0.05467196819085487
0 0.5221354166666666 0.03479125248508946 0.021354166666666667 0.015904572564612324
0 0.7036458333333333 0.05019880715705766 0.023958333333333335 0.040755467196819085
0 0.6666666666666666 0.04821073558648111 0.017708333333333333 0.032803180914512925
0 0.4875 0.04821073558648111 0.007291666666666667 0.02485089463220676
0 0.7291666666666666 0.06312127236580517 0.023958333333333335 0.04671968190854871
0 0.5203125 0.061630218687872766 0.014583333333333334 0.02982107355864811
0 0.5635416666666667 0.07504970178926441 0.0125 0.04473161033797217
0 0.3140625 0.07107355864811134 0.014583333333333334 0.02882703777335984
0 0.6466145833333333 0.091948310139165 0.015104166666666667 0.036779324055666
0 0.8268229166666666 0.08648111332007952 0.0140625 0.017892644135188866
0 0.5377604166666666 0.08946322067594434 0.013020833333333334 0.02186878727634195
0 0.8846354166666667 0.0959244532803181 0.0203125 0.030815109343936383
0 0.37473958333333335 0.09343936381709742 0.0109375 0.02186878727634195
0 0.38984375 0.1272365805168986 0.0140625 0.019880715705765408
0 0.9505208333333334 0.1441351888667992 0.019791666666666666 0.03180914512922465
0 0.6669270833333333 0.15606361829025844 0.011979166666666667 0.03578528827037773
0 0.8388020833333333 0.16500994035785288 0.0203125 0.02982107355864811
0 0.6895833333333333 0.17395626242544732 0.013541666666666667 0.019880715705765408
0 0.8192708333333333 0.1908548707753479 0.020833333333333332 0.04970178926441352
0 0.85234375 0.19234592445328033 0.0078125 0.036779324055666
0 0.86484375 0.19234592445328033 0.016145833333333335 0.0268389662027833
0 0.6356770833333333 0.19831013916500995 0.0296875 0.030815109343936383
0 0.4315104166666667 0.19582504970178927 0.0109375 0.015904572564612324
0 0.5455729166666666 0.2231610337972167 0.0067708333333333336 0.0268389662027833
0 0.6161458333333333 0.23856858846918488 0.0125 0.0437375745526839
0 0.5880208333333333 0.22664015904572565 0.009375 0.017892644135188866
0 0.7848958333333333 0.2430417495029821 0.015625 0.03479125248508946
0 0.6611979166666667 0.23508946322067595 0.021354166666666667 0.012922465208747515
0 0.43125 0.24403578528827038 0.022916666666666665 0.020874751491053677
0 0.5515625 0.25695825049701787 0.016666666666666666 0.032803180914512925
0 0.6526041666666667 0.25646123260437376 0.010416666666666666 0.015904572564612324
0 0.6361979166666667 0.2659045725646123 0.009895833333333333 0.032803180914512925
0 0.7302083333333333 0.2664015904572565 0.016666666666666666 0.02584493041749503
0 0.5841145833333333 0.27335984095427435 0.008854166666666666 0.03180914512922465
0 0.5296875 0.27236580516898606 0.011458333333333333 0.027833001988071572
0 0.9419270833333333 0.2778330019880716 0.019270833333333334 0.0268389662027833
0 0.109375 0.2778330019880716 0.007291666666666667 0.02882703777335984
0 0.37161458333333336 0.2852882703777336 0.009895833333333333 0.033797216699801194
0 0.68984375 0.28330019880715707 0.008854166666666666 0.02584493041749503
0 0.6567708333333333 0.2897614314115308 0.022916666666666665 0.018886679920477135
0 0.975 0.29174950298210733 0.014583333333333334 0.020874751491053677
0 0.6255208333333333 0.28876739562624254 0.016666666666666666 0.014910536779324055
0 0.8971354166666666 0.2962226640159046 0.015104166666666667 0.02385685884691849
0 0.84765625 0.30218687872763417 0.008854166666666666 0.015904572564612324
0 0.7458333333333333 0.305168986083499 0.017708333333333333 0.02385685884691849
0 0.5106770833333333 0.31510934393638174 0.015104166666666667 0.011928429423459244
0 0.6447916666666667 0.3275347912524851 0.013541666666666667 0.02485089463220676
0 0.48411458333333335 0.3320079522862823 0.0171875 0.02584493041749503
0 0.9536458333333333 0.33250497017892644 0.009375 0.02286282306163022
0 0.43203125 0.3553677932405567 0.015104166666666667 0.03479125248508946
0 0.5234375 0.35685884691848907 0.025 0.03180914512922465
0 0.8848958333333333 0.371272365805169 0.030208333333333334 0.040755467196819085
0 0.4549479166666667 0.3648111332007952 0.0067708333333333336 0.02584493041749503
0 0.7544270833333333 0.3782306163021869 0.0078125 0.020874751491053677
0 0.6317708333333333 0.38866799204771374 0.011458333333333333 0.02982107355864811
0 0.4666666666666667 0.4070576540755467 0.0125 0.0268389662027833
0 0.39036458333333335 0.41451292246520877 0.009895833333333333 0.041749502982107355
0 0.6880208333333333 0.4140159045725646 0.019791666666666666 0.02882703777335984
0 0.5658854166666667 0.4304174950298211 0.019270833333333334 0.04771371769383698
0 0.9028645833333333 0.4259443339960239 0.0203125 0.03479125248508946
0 0.26536458333333335 0.4179920477137177 0.015104166666666667 0.014910536779324055
0 0.4375 0.44582504970178927 0.007291666666666667 0.030815109343936383
0 0.93984375 0.44731610337972166 0.024479166666666666 0.02982107355864811
0 0.52109375 0.45029821073558646 0.008854166666666666 0.03180914512922465
0 0.4158854166666667 0.45129224652087474 0.016145833333333335 0.027833001988071572
0 0.5411458333333333 0.4542743538767396 0.005208333333333333 0.02982107355864811
0 0.7981770833333334 0.4532803180914513 0.008854166666666666 0.017892644135188866
0 0.8432291666666667 0.47813121272365805 0.011458333333333333 0.03180914512922465
0 0.9083333333333333 0.4831013916500994 0.019791666666666666 0.02982107355864811
0 0.7942708333333334 0.4975149105367793 0.03229166666666667 0.05864811133200795
0 0.4434895833333333 0.48956262425447317 0.018229166666666668 0.0268389662027833
0 0.6247395833333333 0.49403578528827036 0.0067708333333333336 0.027833001988071572
0 0.5559895833333334 0.49502982107355864 0.008854166666666666 0.019880715705765408
0 0.27109375 0.4960238568588469 0.011979166666666667 0.02385685884691849
0 0.9783854166666667 0.5019880715705766 0.018229166666666668 0.03180914512922465
0 0.6692708333333334 0.4975149105367793 0.019791666666666666 0.018886679920477135
0 0.609375 0.510934393638171 0.009375 0.03777335984095427
0 0.41432291666666665 0.5054671968190855 0.018229166666666668 0.016898608349900597
0 0.84375 0.5079522862823062 0.019791666666666666 0.017892644135188866
0 0.58984375 0.5422465208747514 0.024479166666666666 0.05864811133200795
0 0.7630208333333334 0.5253479125248509 0.016666666666666666 0.020874751491053677
0 0.5322916666666667 0.5462226640159046 0.015625 0.06262425447316103
0 0.5111979166666667 0.5308151093439364 0.0109375 0.027833001988071572
0 0.6393229166666666 0.5268389662027833 0.018229166666666668 0.017892644135188866
0 0.6192708333333333 0.5273359840954275 0.008333333333333333 0.010934393638170975
0 0.5026041666666666 0.5357852882703777 0.008333333333333333 0.027833001988071572
0 0.9526041666666667 0.570079522862823 0.025 0.03479125248508946
0 0.8934895833333333 0.5666003976143141 0.027604166666666666 0.02584493041749503
0 0.8416666666666667 0.5656063618290258 0.019791666666666666 0.019880715705765408
0 0.609375 0.5720675944333996 0.007291666666666667 0.014910536779324055
0 0.40546875 0.5800198807157058 0.009895833333333333 0.0268389662027833
0 0.3572916666666667 0.5854870775347912 0.007291666666666667 0.03578528827037773
0 0.6716145833333333 0.5805168986083499 0.016145833333333335 0.015904572564612324
0 0.7135416666666666 0.5889662027833003 0.017708333333333333 0.030815109343936383
0 0.76640625 0.6018886679920478 0.0078125 0.03479125248508946
0 0.5005208333333333 0.6018886679920478 0.022916666666666665 0.0268389662027833
0 0.58046875 0.602882703777336 0.0171875 0.02286282306163022
0 0.534375 0.6133200795228628 0.015625 0.027833001988071572
0 0.80234375 0.6197813121272365 0.0171875 0.030815109343936383
0 0.896875 0.6322067594433399 0.0375 0.027833001988071572
0 0.5059895833333333 0.628727634194831 0.021354166666666667 0.02286282306163022
0 0.97734375 0.6341948310139165 0.0140625 0.02982107355864811
0 0.8591145833333333 0.6411530815109344 0.013020833333333334 0.017892644135188866
0 0.8768229166666667 0.647117296222664 0.008854166666666666 0.011928429423459244
0 0.49296875 0.654572564612326 0.018229166666666668 0.0268389662027833
0 0.76796875 0.658051689860835 0.015104166666666667 0.02982107355864811
0 0.540625 0.6684890656063618 0.026041666666666668 0.05069582504970179
0 0.7377604166666667 0.665506958250497 0.024479166666666666 0.03479125248508946
0 0.6166666666666667 0.6520874751491054 0.011458333333333333 0.009940357852882704
0 0.8833333333333333 0.6719681908548708 0.023958333333333335 0.033797216699801194
0 0.5901041666666667 0.6829025844930418 0.013541666666666667 0.03777335984095427
0 0.46927083333333336 0.6893638170974155 0.0125 0.048707753479125246
0 0.78984375 0.6848906560636183 0.025520833333333333 0.03180914512922465
0 0.36744791666666665 0.6853876739562624 0.0171875 0.018886679920477135
0 0.6984375 0.6858846918489065 0.01875 0.017892644135188866
0 0.5122395833333333 0.6853876739562624 0.013020833333333334 0.014910536779324055
0 0.7625 0.7042743538767395 0.010416666666666666 0.042743538767395624
0 0.596875 0.7236580516898609 0.014583333333333334 0.019880715705765408
0 0.43697916666666664 0.7490059642147118 0.00625 0.030815109343936383
0 0.5705729166666667 0.7504970178926441 0.022395833333333334 0.015904572564612324
0 0.69375 0.7534791252485089 0.007291666666666667 0.017892644135188866
0 0.7815104166666667 0.7743538767395626 0.016145833333333335 0.04572564612326044
0 0.4479166666666667 0.7668986083499006 0.00625 0.032803180914512925
0 0.20260416666666667 0.7693836978131213 0.014583333333333334 0.03777335984095427
0 0.7434895833333334 0.782803180914513 0.015104166666666667 0.03876739562624255
0 0.8013020833333333 0.7773359840954275 0.0109375 0.02385685884691849
0 0.65078125 0.7852882703777336 0.011979166666666667 0.041749502982107355
0 0.33307291666666666 0.7718687872763419 0.019270833333333334 0.012922465208747515
0 0.8807291666666667 0.8001988071570576 0.011458333333333333 0.02982107355864811
0 0.5252604166666667 0.808648111332008 0.0078125 0.012922465208747515
0 0.909375 0.8195825049701789 0.010416666666666666 0.02882703777335984
0 0.5315104166666667 0.8315109343936382 0.009895833333333333 0.02286282306163022
0 0.8783854166666667 0.8434393638170974 0.0140625 0.020874751491053677
0 0.84375 0.8434393638170974 0.01875 0.018886679920477135
0 0.91171875 0.8871769383697813 0.0171875 0.042743538767395624
0 0.52265625 0.8861829025844931 0.0109375 0.03876739562624255
0 0.71875 0.8961232604373758 0.021875 0.05069582504970179
0 0.6104166666666667 0.9174950298210736 0.01875 0.02584493041749503
0 0.3796875 0.918986083499006 0.00625 0.020874751491053677
0 0.9171875 0.9279324055666004 0.020833333333333332 0.02286282306163022
0 0.43671875 0.9552683896620279 0.009895833333333333 0.015904572564612324
0 0.81953125 0.9736580516898609 0.0109375 0.016898608349900597
0 0.39401041666666664 0.9860834990059643 0.0171875 0.02584493041749503
0 0.971875 0.9915506958250497 0.015625 0.014910536779324055
0 0.8205729166666667 0.9920477137176938 0.005729166666666666 0.013916500994035786