0 0.22552083333333334 0.009443339960238568 0.009375 0.018886679920477135
0 0.06041666666666667 0.032803180914512925 0.01875 0.027833001988071572
0 0.8947916666666667 0.05616302186878728 0.011458333333333333 0.0268389662027833
0 0.17890625 0.0621272365805169 0.0067708333333333336 0.02882703777335984
0 0.17135416666666667 0.07902584493041749 0.008333333333333333 0.02485089463220676
0 0.5869791666666667 0.11878727634194831 0.015625 0.03876739562624255
0 0.81171875 0.1272365805168986 0.0109375 0.02584493041749503
0 0.253125 0.13916500994035785 0.005208333333333333 0.015904572564612324
0 0.09661458333333334 0.1466202783300199 0.013020833333333334 0.018886679920477135
0 0.37109375 0.14910536779324055 0.005729166666666666 0.02186878727634195
0 0.2903645833333333 0.17047713717693838 0.0234375 0.036779324055666
0 0.7653645833333333 0.17395626242544732 0.015104166666666667 0.02186878727634195
0 0.6958333333333333 0.1779324055666004 0.019791666666666666 0.03180914512922465
0 0.70625 0.18986083499005965 0.009375 0.009940357852882704
0 0.12838541666666667 0.20029821073558648 0.018229166666666668 0.030815109343936383
0 0.7955729166666666 0.20129224652087474 0.0109375 0.02286282306163022
0 0.5408854166666667 0.21669980119284293 0.0036458333333333334 0.02982107355864811
0 0.27682291666666664 0.22813121272365805 0.0067708333333333336 0.016898608349900597
0 0.24036458333333333 0.24453280318091453 0.016145833333333335 0.02982107355864811
0 0.69375 0.2544731610337972 0.011458333333333333 0.017892644135188866
0 0.49166666666666664 0.2554671968190855 0.017708333333333333 0.011928429423459244
0 0.21666666666666667 0.2678926441351889 0.009375 0.0268389662027833
0 0.24921875 0.27485089463220674 0.011979166666666667 0.03479125248508946
0 0.7583333333333333 0.2778330019880716 0.011458333333333333 0.016898608349900597
0 0.4127604166666667 0.28727634194831014 0.011979166666666667 0.007952286282306162
0 0.44088541666666664 0.3061630218687873 0.018229166666666668 0.03180914512922465
0 0.06510416666666667 0.3101391650099404 0.022916666666666665 0.03777335984095427
0 0.4231770833333333 0.30566600397614313 0.0067708333333333336 0.02485089463220676
0 0.6515625 0.3305168986083499 0.008333333333333333 0.036779324055666
0 0.66875 0.32554671968190857 0.0125 0.018886679920477135
0 0.9471354166666667 0.35636182902584496 0.022395833333333334 0.04671968190854871
0 0.5614583333333333 0.3558648111332008 0.008333333333333333 0.033797216699801194
0 0.5184895833333333 0.37475149105367794 0.0046875 0.02186878727634195
0 0.30416666666666664 0.38767395626242546 0.009375 0.011928429423459244
0 0.50625 0.3981113320079523 0.005208333333333333 0.020874751491053677
0 0.6229166666666667 0.40407554671968193 0.015625 0.010934393638170975
0 0.5408854166666667 0.42445328031809143 0.009895833333333333 0.04970178926441352
0 0.17395833333333333 0.4254473161033797 0.01875 0.013916500994035786
0 0.6263020833333334 0.4363817097415507 0.0109375 0.017892644135188866
0 0.58828125 0.4547713717693837 0.0078125 0.036779324055666
0 0.44140625 0.44781312127236583 0.0171875 0.02286282306163022
0 0.16875 0.45129224652087474 0.025 0.02385685884691849
0 0.24192708333333332 0.4587475149105368 0.0234375 0.02286282306163022
0 0.020572916666666666 0.46272365805168986 0.013020833333333334 0.0268389662027833
0 0.5638020833333334 0.45825049701789267 0.0067708333333333336 0.013916500994035786
0 0.4627604166666667 0.4602385685884692 0.013020833333333334 0.013916500994035786
0 0.4270833333333333 0.4691848906560636 0.010416666666666666 0.02982107355864811
0 0.6171875 0.46819085487077533 0.0125 0.02385685884691849
0 0.7114583333333333 0.47664015904572565 0.0125 0.032803180914512925
0 0.4388020833333333 0.4676938369781312 0.013020833333333334 0.008946322067594433
0 0.0036458333333333334 0.49304174950298213 0.00625 0.03180914512922465
0 0.6856770833333333 0.4915506958250497 0.008854166666666666 0.02485089463220676
0 0.12473958333333333 0.4865805168986084 0.013020833333333334 0.016898608349900597
0 0.5942708333333333 0.510934393638171 0.010416666666666666 0.017892644135188866
0 0.5372395833333333 0.5159045725646123 0.005729166666666666 0.02385685884691849
0 0.2825520833333333 0.51441351888668 0.008854166666666666 0.016898608349900597
0 0.62265625 0.5253479125248509 0.009895833333333333 0.02485089463220676
0 0.81171875 0.5467196819085487 0.021354166666666667 0.041749502982107355
0 0.7833333333333333 0.5467196819085487 0.017708333333333333 0.039761431411530816
0 0.6015625 0.5372763419483101 0.009375 0.018886679920477135
0 0.34791666666666665 0.5472166998011928 0.013541666666666667 0.03479125248508946
0 0.33177083333333335 0.5472166998011928 0.01875 0.030815109343936383
0 0.5533854166666666 0.5591451292246521 0.0078125 0.042743538767395624
0 0.5377604166666666 0.5427435387673957 0.0109375 0.007952286282306162
0 0.9864583333333333 0.5571570576540755 0.014583333333333334 0.03479125248508946
0 0.5791666666666667 0.5680914512922465 0.013541666666666667 0.04473161033797217
0 0.6268229166666667 0.5685884691848907 0.018229166666666668 0.011928429423459244
0 0.7122395833333334 0.5745526838966203 0.0109375 0.013916500994035786
0 0.5177083333333333 0.5800198807157058 0.013541666666666667 0.02286282306163022
0 0.04192708333333333 0.5780318091451292 0.009895833333333333 0.016898608349900597
0 0.5963541666666666 0.5869781312127237 0.009375 0.0268389662027833
0 0.5390625 0.5859840954274353 0.017708333333333333 0.02286282306163022
0 0.61875 0.5984095427435387 0.008333333333333333 0.03180914512922465
0 0.6075520833333333 0.6008946322067594 0.005729166666666666 0.02286282306163022
0 0.51953125 0.6083499005964215 0.0140625 0.02385685884691849
0 0.6421875 0.6202783300198808 0.0125 0.02982107355864811
0 0.3346354166666667 0.6177932405566601 0.0109375 0.02286282306163022
0 0.59765625 0.6227634194831014 0.0078125 0.014910536779324055
0 0.659375 0.6366799204771372 0.0125 0.03479125248508946
0 0.51640625 0.6491053677932406 0.019270833333333334 0.03578528827037773
0 0.5932291666666667 0.6421471172962226 0.011458333333333333 0.011928429423459244
0 0.8338541666666667 0.6476143141153081 0.016666666666666666 0.014910536779324055
0 0.4518229166666667 0.6451292246520874 0.0140625 0.007952286282306162
0 0.7674479166666667 0.6515904572564613 0.016145833333333335 0.010934393638170975
0 0.2794270833333333 0.6585487077534792 0.008854166666666666 0.014910536779324055
0 0.55 0.6605367793240556 0.008333333333333333 0.014910536779324055
0 0.9171875 0.6824055666003976 0.027083333333333334 0.04473161033797217
0 0.8927083333333333 0.6824055666003976 0.007291666666666667 0.032803180914512925
0 0.378125 0.6774353876739563 0.016666666666666666 0.02286282306163022
0 0.9778645833333334 0.691351888667992 0.027604166666666666 0.042743538767395624
0 0.7169270833333333 0.6833996023856859 0.0140625 0.02882703777335984
0 0.5216145833333333 0.679920477137177 0.0046875 0.019880715705765408
0 0.4635416666666667 0.679920477137177 0.007291666666666667 0.02186878727634195
0 0.007291666666666667 0.6814115308151093 0.013541666666666667 0.018886679920477135
0 0.8044270833333333 0.6858846918489065 0.013020833333333334 0.02584493041749503
0 0.15572916666666667 0.6888667992047713 0.017708333333333333 0.02982107355864811
0 0.5484375 0.6893638170974155 0.005208333333333333 0.02882703777335984
0 0.40182291666666664 0.7067594433399602 0.0203125 0.05964214711729622
0 0.3104166666666667 0.7027833001988072 0.008333333333333333 0.041749502982107355
0 0.6299479166666667 0.702286282306163 0.015104166666666667 0.03479125248508946
0 0.4578125 0.7007952286282306 0.007291666666666667 0.019880715705765408
0 0.4283854166666667 0.6988071570576541 0.0109375 0.009940357852882704
0 0.58828125 0.7122266401590457 0.013020833333333334 0.032803180914512925
0 0.76328125 0.7087475149105368 0.009895833333333333 0.02186878727634195
0 0.7104166666666667 0.7152087475149106 0.009375 0.030815109343936383
0 0.5677083333333334 0.709741550695825 0.005208333333333333 0.017892644135188866
0 0.37786458333333334 0.7206759443339961 0.015104166666666667 0.013916500994035786
0 0.9671875 0.7301192842942346 0.008333333333333333 0.02882703777335984
0 0.18020833333333333 0.7266401590457257 0.009375 0.02385685884691849
0 0.53203125 0.724155069582505 0.0140625 0.012922465208747515
0 0.46458333333333335 0.7301192842942346 0.008333333333333333 0.02485089463220676
0 0.10572916666666667 0.7365805168986084 0.01875 0.02385685884691849
0 0.8786458333333333 0.7350894632206759 0.019791666666666666 0.012922465208747515
0 0.6989583333333333 0.7450298210735586 0.011458333333333333 0.02286282306163022
0 0.5776041666666667 0.7430417495029821 0.017708333333333333 0.012922465208747515
0 0.5611979166666666 0.7529821073558648 0.011979166666666667 0.030815109343936383
0 0.08802083333333334 0.76441351888668 0.01875 0.05168986083499006
0 0.6411458333333333 0.760934393638171 0.014583333333333334 0.032803180914512925
0 0.46822916666666664 0.7619284294234593 0.008333333333333333 0.0268389662027833
0 0.8380208333333333 0.76441351888668 0.009375 0.02385685884691849
0 0.5541666666666667 0.7703777335984096 0.011458333333333333 0.03578528827037773
0 0.57109375 0.7708747514910537 0.005729166666666666 0.02882703777335984
0 0.4864583333333333 0.7718687872763419 0.008333333333333333 0.02485089463220676
0 0.35833333333333334 0.7738568588469185 0.014583333333333334 0.030815109343936383
0 0.6885416666666667 0.7698807157057654 0.017708333333333333 0.016898608349900597
0 0.23020833333333332 0.7693836978131213 0.015625 0.017892644135188866
0 0.51796875 0.7703777335984096 0.015104166666666667 0.013916500994035786
0 0.01328125 0.7818091451292246 0.0109375 0.03479125248508946
0 0.5015625 0.782803180914513 0.010416666666666666 0.02485089463220676
0 0.7752604166666667 0.7922465208747514 0.0109375 0.03180914512922465
0 0.6044270833333333 0.7862823061630219 0.0140625 0.019880715705765408
0 0.5455729166666666 0.7907554671968191 0.0067708333333333336 0.02286282306163022
0 0.8125 0.8001988071570576 0.007291666666666667 0.02584493041749503
0 0.19270833333333334 0.8061630218687873 0.015625 0.039761431411530816
0 0.5776041666666667 0.8001988071570576 0.010416666666666666 0.02385685884691849
0 0.42994791666666665 0.8175944333996024 0.016145833333333335 0.05069582504970179
0 0.6458333333333334 0.8071570576540755 0.026041666666666668 0.019880715705765408
0 0.5330729166666667 0.8106361829025845 0.009895833333333333 0.0268389662027833
0 0.8020833333333334 0.8116302186878728 0.011458333333333333 0.0268389662027833
0 0.59765625 0.820079522862823 0.013020833333333334 0.03180914512922465
0 0.9395833333333333 0.8210735586481114 0.0125 0.02982107355864811
0 0.8708333333333333 0.8320079522862823 0.010416666666666666 0.0437375745526839
0 0.47630208333333335 0.8170974155069582 0.013020833333333334 0.009940357852882704
0 0.8388020833333333 0.8245526838966203 0.016145833333333335 0.014910536779324055
0 0.765625 0.8260437375745527 0.011458333333333333 0.015904572564612324
0 0.4921875 0.8334990059642147 0.011458333333333333 0.012922465208747515
0 0.5791666666666667 0.8424453280318092 0.014583333333333334 0.018886679920477135
0 0.3260416666666667 0.8444333996023857 0.017708333333333333 0.018886679920477135
0 0.7010416666666667 0.8484095427435387 0.0125 0.016898608349900597
0 0.6140625 0.856858846918489 0.008333333333333333 0.02584493041749503
0 0.44505208333333335 0.8573558648111332 0.013020833333333334 0.016898608349900597
0 0.17473958333333334 0.8578528827037774 0.011979166666666667 0.019880715705765408
0 0.6432291666666666 0.8563618290258449 0.014583333333333334 0.008946322067594433
0 0.35442708333333334 0.8707753479125249 0.0109375 0.019880715705765408
0 0.4234375 0.8732604373757455 0.0125 0.020874751491053677
0 0.5375 0.878727634194831 0.014583333333333334 0.017892644135188866
0 0.6354166666666666 0.8772365805168986 0.0125 0.010934393638170975
0 0.14973958333333334 0.8996023856858847 0.0078125 0.02186878727634195
0 0.40286458333333336 0.9065606361829026 0.005729166666666666 0.03180914512922465
0 0.8130208333333333 0.9065606361829026 0.022916666666666665 0.027833001988071572
0 0.19479166666666667 0.9025844930417495 0.014583333333333334 0.013916500994035786
0 0.6734375 0.9050695825049702 0.016666666666666666 0.012922465208747515
0 0.64921875 0.9169980119284294 0.0046875 0.030815109343936383
0 0.5216145833333333 0.9145129224652088 0.0109375 0.02584493041749503
0 0.10442708333333334 0.9125248508946322 0.0109375 0.011928429423459244
0 0.0036458333333333334 0.9304174950298211 0.00625 0.03180914512922465
0 0.32864583333333336 0.9304174950298211 0.013541666666666667 0.02385685884691849
0 0.43046875 0.9333996023856859 0.013020833333333334 0.015904572564612324
0 0.6763020833333333 0.9403578528827038 0.005729166666666666 0.02584493041749503
0 0.4171875 0.9363817097415507 0.005208333333333333 0.011928429423459244
0 0.96171875 0.9433399602385686 0.019270833333333334 0.02385685884691849
0 0.3625 0.937375745526839 0.013541666666666667 0.011928429423459244
0 0.20677083333333332 0.9502982107355865 0.009375 0.02584493041749503
0 0.08541666666666667 0.955765407554672 0.014583333333333334 0.02485089463220676
0 0.7546875 0.9592445328031809 0.014583333333333334 0.027833001988071572
0 0.6416666666666667 0.9587475149105368 0.019791666666666666 0.02286282306163022
0 0.2791666666666667 0.9582504970178927 0.010416666666666666 0.02186878727634195
0 0.7125 0.9716699801192843 0.007291666666666667 0.02485089463220676
0 0.6986979166666667 0.9691848906560636 0.018229166666666668 0.013916500994035786
0 0.44505208333333335 0.9746520874751491 0.005729166666666666 0.02286282306163022
0 0.57578125 0.9806163021868787 0.0078125 0.030815109343936383
0 0.5619791666666667 0.9826043737574552 0.008333333333333333 0.0268389662027833
0 0.5119791666666667 0.9791252485089463 0.014583333333333334 0.019880715705765408
0 0.7322916666666667 0.9850894632206759 0.0125 0.02186878727634195
0 0.07552083333333333 0.9835984095427436 0.011458333333333333 0.016898608349900597