0 0.17317708333333334 0.0044731610337972166 0.016145833333333335 0.008946322067594433
0 0.13802083333333334 0.01341948310139165 0.014583333333333334 0.0268389662027833
0 0.051041666666666666 0.002982107355864811 0.04375 0.005964214711729622
0 0.3255208333333333 0.016898608349900597 0.014583333333333334 0.02584493041749503
0 0.5919270833333333 0.026341948310139165 0.008854166666666666 0.014910536779324055
0 0.084375 0.04473161033797217 0.0125 0.02385685884691849
0 0.6411458333333333 0.055168986083499 0.008333333333333333 0.014910536779324055
0 0.35572916666666665 0.08151093439363817 0.011458333333333333 0.015904572564612324
0 0.26666666666666666 0.11978131212723658 0.010416666666666666 0.02882703777335984
0 0.13229166666666667 0.11481113320079522 0.011458333333333333 0.018886679920477135
0 0.8328125 0.12624254473161034 0.010416666666666666 0.015904572564612324
0 0.6229166666666667 0.14165009940357853 0.00625 0.02882703777335984
0 0.175 0.147117296222664 0.015625 0.02385685884691849
0 0.8229166666666666 0.24801192842942346 0.017708333333333333 0.02882703777335984
0 0.25546875 0.2485089463220676 0.009895833333333333 0.02385685884691849
0 0.11015625 0.25795228628230615 0.015104166666666667 0.020874751491053677
0 0.30234375 0.2599403578528827 0.005729166666666666 0.020874751491053677
0 0.5020833333333333 0.2614314115308151 0.009375 0.015904572564612324
0 0.49114583333333334 0.28479125248508946 0.014583333333333334 0.012922465208747515
0 0.25078125 0.31809145129224653 0.015104166666666667 0.04771371769383698
0 0.1953125 0.3096421471172962 0.013541666666666667 0.016898608349900597
0 0.2674479166666667 0.3121272365805169 0.0109375 0.011928429423459244
0 0.09947916666666666 0.3230616302186879 0.0125 0.019880715705765408
0 0.09114583333333333 0.3503976143141153 0.017708333333333333 0.02882703777335984
0 0.3453125 0.34592445328031807 0.017708333333333333 0.017892644135188866
0 0.1140625 0.3543737574552684 0.008333333333333333 0.0268389662027833
0 0.009375 0.35685884691848907 0.017708333333333333 0.019880715705765408
0 0.5713541666666667 0.38071570576540753 0.007291666666666667 0.019880715705765408
0 0.18958333333333333 0.3856858846918489 0.010416666666666666 0.019880715705765408
0 0.28359375 0.4294234592445328 0.015104166666666667 0.015904572564612324
0 0.44583333333333336 0.4274353876739563 0.009375 0.009940357852882704
0 0.24557291666666667 0.4855864811133201 0.0046875 0.02882703777335984
0 0.026041666666666668 0.5064612326043738 0.008333333333333333 0.02485089463220676
0 0.478125 0.5213717693836978 0.007291666666666667 0.02485089463220676
0 0.25442708333333336 0.5288270377733598 0.0078125 0.027833001988071572
0 0.2609375 0.5427435387673957 0.004166666666666667 0.02385685884691849
0 0.20885416666666667 0.5487077534791253 0.009375 0.02385685884691849
0 0.59375 0.56610337972167 0.005208333333333333 0.0268389662027833
0 0.053125 0.5656063618290258 0.028125 0.027833001988071572
0 0.11588541666666667 0.5745526838966203 0.009895833333333333 0.027833001988071572
0 0.48333333333333334 0.5755467196819085 0.009375 0.011928429423459244
0 0.23697916666666666 0.591948310139165 0.005208333333333333 0.02485089463220676
0 0.14921875 0.6023856858846919 0.008854166666666666 0.027833001988071572
0 0.24895833333333334 0.6078528827037774 0.011458333333333333 0.02485089463220676
0 0.18255208333333334 0.6098409542743539 0.0140625 0.012922465208747515
0 0.45078125 0.6222664015904572 0.009895833333333333 0.02584493041749503
0 0.32708333333333334 0.6376739562624254 0.015625 0.012922465208747515
0 0.5807291666666666 0.6441351888667992 0.011458333333333333 0.011928429423459244
0 0.20677083333333332 0.6515904572564613 0.00625 0.02882703777335984
0 0.4153645833333333 0.6500994035785288 0.005729166666666666 0.013916500994035786
0 0.12057291666666667 0.6774353876739563 0.015104166666666667 0.04473161033797217
0 0.7466145833333333 0.668986083499006 0.008854166666666666 0.02186878727634195
0 0.340625 0.6660039761431411 0.023958333333333335 0.013916500994035786
0 0.19661458333333334 0.6665009940357853 0.0109375 0.014910536779324055
0 0.19375 0.6858846918489065 0.019791666666666666 0.019880715705765408
0 0.2765625 0.6868787276341949 0.00625 0.015904572564612324
0 0.21614583333333334 0.694831013916501 0.00625 0.02186878727634195
0 0.0953125 0.7012922465208747 0.015625 0.020874751491053677
0 0.04791666666666667 0.7037773359840954 0.016666666666666666 0.02584493041749503
0 0.24296875 0.705765407554672 0.0067708333333333336 0.02186878727634195
0 0.35260416666666666 0.7181908548707754 0.023958333333333335 0.042743538767395624
0 0.13359375 0.7256461232604374 0.016145833333333335 0.04572564612326044
0 0.4934895833333333 0.7266401590457257 0.025520833333333333 0.02385685884691849
0 0.03359375 0.7350894632206759 0.013020833333333334 0.040755467196819085
0 0.08125 0.7335984095427436 0.011458333333333333 0.03180914512922465
0 0.22421875 0.7405566600397614 0.0046875 0.027833001988071572
0 0.20859375 0.7350894632206759 0.0140625 0.014910536779324055
0 0.18046875 0.7480119284294234 0.0140625 0.036779324055666
0 0.2825520833333333 0.7490059642147118 0.0046875 0.02882703777335984
0 0.35859375 0.757455268389662 0.008854166666666666 0.027833001988071572
0 0.25625 0.7460238568588469 0.011458333333333333 0.006958250497017893
0 0.525 0.7504970178926441 0.008333333333333333 0.011928429423459244
0 0.14973958333333334 0.7564612326043738 0.018229166666666668 0.019880715705765408
0 0.12083333333333333 0.7728628230616302 0.026041666666666668 0.05069582504970179
0 0.1953125 0.7634194831013916 0.010416666666666666 0.019880715705765408
0 0.4127604166666667 0.7678926441351889 0.005729166666666666 0.0268389662027833
0 0.34479166666666666 0.7649105367793241 0.011458333333333333 0.012922465208747515
0 0.6052083333333333 0.7718687872763419 0.023958333333333335 0.02286282306163022
0 0.2747395833333333 0.7793240556660039 0.013020833333333334 0.02186878727634195
0 0.07994791666666666 0.7788270377733598 0.015104166666666667 0.020874751491053677
0 0.39791666666666664 0.7823061630218688 0.003125 0.02385685884691849
0 0.043229166666666666 0.7922465208747514 0.008333333333333333 0.027833001988071572
0 0.46015625 0.7897614314115308 0.013020833333333334 0.008946322067594433
0 0.340625 0.7922465208747514 0.016666666666666666 0.011928429423459244
0 0.08489583333333334 0.7982107355864811 0.0125 0.015904572564612324
0 0.27708333333333335 0.8101391650099403 0.007291666666666667 0.013916500994035786
0 0.4513020833333333 0.8146123260437376 0.0203125 0.020874751491053677
0 0.38984375 0.8245526838966203 0.022395833333333334 0.018886679920477135
0 0.15338541666666666 0.8275347912524851 0.0140625 0.02485089463220676
0 0.31796875 0.8325049701789264 0.005729166666666666 0.030815109343936383
0 0.10052083333333334 0.8339960238568589 0.005208333333333333 0.013916500994035786
0 0.0109375 0.8389662027833003 0.0125 0.02584493041749503
0 0.40260416666666665 0.8499005964214712 0.007291666666666667 0.03777335984095427
0 0.43046875 0.8503976143141153 0.009895833333333333 0.032803180914512925
0 0.3580729166666667 0.8658051689860835 0.027604166666666666 0.0636182902584493
0 0.30494791666666665 0.8484095427435387 0.0109375 0.0268389662027833
0 0.25885416666666666 0.8484095427435387 0.016666666666666666 0.02882703777335984
0 0.4510416666666667 0.8563618290258449 0.016666666666666666 0.0268389662027833
0 0.215625 0.852882703777336 0.011458333333333333 0.011928429423459244
0 0.20052083333333334 0.8722664015904572 0.028125 0.04473161033797217
0 0.6453125 0.8653081510934394 0.027083333333333334 0.02485089463220676
0 0.5151041666666667 0.8871769383697813 0.007291666666666667 0.048707753479125246
0 0.33515625 0.8906560636182903 0.008854166666666666 0.027833001988071572
0 0.22890625 0.8921471172962226 0.009895833333333333 0.0268389662027833
0 0.47682291666666665 0.8941351888667992 0.013020833333333334 0.020874751491053677
0 0.43411458333333336 0.9030815109343936 0.0067708333333333336 0.032803180914512925
0 0.18229166666666666 0.9020874751491054 0.008333333333333333 0.030815109343936383
0 0.2830729166666667 0.9120278330019881 0.011979166666666667 0.03876739562624255
0 0.34713541666666664 0.9085487077534792 0.005729166666666666 0.02584493041749503
0 0.20911458333333333 0.9264413518886679 0.0203125 0.0437375745526839
0 0.46822916666666664 0.915506958250497 0.013541666666666667 0.007952286282306162
0 0.10494791666666667 0.9378727634194831 0.0140625 0.040755467196819085
0 0.9033854166666667 0.9423459244532804 0.018229166666666668 0.033797216699801194
0 0.14791666666666667 0.9527833001988072 0.015625 0.03876739562624255
0 0.5955729166666667 0.9537773359840954 0.009895833333333333 0.0268389662027833
0 0.4713541666666667 0.9428429423459245 0.0125 0.006958250497017893
0 0.3776041666666667 0.9493041749502982 0.013541666666666667 0.017892644135188866
0 0.45208333333333334 0.9547713717693836 0.016666666666666666 0.0268389662027833
0 0.1734375 0.94831013916501 0.0125 0.009940357852882704
0 0.050520833333333334 0.9676938369781312 0.028125 0.036779324055666
0 0.25494791666666666 0.9761431411530815 0.025520833333333333 0.04572564612326044
0 0.21666666666666667 0.967196819085487 0.026041666666666668 0.02584493041749503
0 0.3072916666666667 0.9781312127236581 0.03125 0.041749502982107355
0 0.3736979166666667 0.9796222664015904 0.0078125 0.032803180914512925
0 0.7026041666666667 0.989065606361829 0.01875 0.019880715705765408
0 0.3377604166666667 0.9895626242544732 0.0109375 0.018886679920477135
0 0.42916666666666664 0.9895626242544732 0.0125 0.008946322067594433