0 0.7984375 0.006958250497017893 0.007291666666666667 0.013916500994035786
0 0.37916666666666665 0.0034791252485089465 0.010416666666666666 0.006958250497017893
0 0.3497395833333333 0.012922465208747515 0.008854166666666666 0.02186878727634195
0 0.16588541666666667 0.015904572564612324 0.019270833333333334 0.017892644135188866
0 0.0734375 0.04324055666003976 0.021875 0.0268389662027833
0 0.34791666666666665 0.04324055666003976 0.007291666666666667 0.020874751491053677
0 0.353125 0.10238568588469185 0.011458333333333333 0.019880715705765408
0 0.5192708333333333 0.09990059642147117 0.014583333333333334 0.010934393638170975
0 0.4434895833333333 0.1341948310139165 0.011979166666666667 0.027833001988071572
0 0.35 0.1540755467196819 0.010416666666666666 0.02385685884691849
0 0.029427083333333333 0.1525844930417495 0.016145833333333335 0.016898608349900597
0 0.05807291666666667 0.15656063618290258 0.0109375 0.012922465208747515
0 0.22005208333333334 0.1679920477137177 0.0067708333333333336 0.013916500994035786
0 0.16770833333333332 0.17246520874751492 0.009375 0.014910536779324055
0 0.5455729166666666 0.1754473161033797 0.011979166666666667 0.012922465208747515
0 0.03046875 0.20029821073558648 0.013020833333333334 0.0268389662027833
0 0.36770833333333336 0.20675944333996024 0.010416666666666666 0.02186878727634195
0 0.17473958333333334 0.20874751491053678 0.016145833333333335 0.015904572564612324
0 0.6020833333333333 0.2271371769383698 0.008333333333333333 0.016898608349900597
0 0.503125 0.23111332007952287 0.009375 0.016898608349900597
0 0.19947916666666668 0.23210735586481113 0.008333333333333333 0.014910536779324055
0 0.44427083333333334 0.24602385685884692 0.010416666666666666 0.02882703777335984
0 0.6528645833333333 0.24254473161033796 0.015104166666666667 0.013916500994035786
0 0.32734375 0.25894632206759444 0.013020833333333334 0.008946322067594433
0 0.215625 0.2634194831013916 0.011458333333333333 0.011928429423459244
0 0.67578125 0.27236580516898606 0.0067708333333333336 0.019880715705765408
0 0.44635416666666666 0.28429423459244535 0.010416666666666666 0.019880715705765408
0 0.04791666666666667 0.2922465208747515 0.010416666666666666 0.027833001988071572
0 0.52578125 0.31709741550695825 0.005729166666666666 0.02385685884691849
0 0.7622395833333333 0.33101391650099404 0.0067708333333333336 0.02186878727634195
0 0.05 0.3260437375745527 0.015625 0.011928429423459244
0 0.22786458333333334 0.34244532803180916 0.015104166666666667 0.02286282306163022
0 0.6104166666666667 0.34840954274353875 0.013541666666666667 0.018886679920477135
0 0.7153645833333333 0.36232604373757454 0.009895833333333333 0.010934393638170975
0 0.87421875 0.38618290258449306 0.009895833333333333 0.030815109343936383
0 0.5880208333333333 0.38220675944334 0.011458333333333333 0.02286282306163022
0 0.21276041666666667 0.38916500994035785 0.009895833333333333 0.012922465208747515
0 0.4317708333333333 0.4095427435387674 0.017708333333333333 0.02385685884691849
0 0.6158854166666666 0.4120278330019881 0.011979166666666667 0.02485089463220676
0 0.08619791666666667 0.4120278330019881 0.011979166666666667 0.0268389662027833
0 0.46380208333333334 0.42445328031809143 0.0067708333333333336 0.02584493041749503
0 0.5268229166666667 0.4224652087475149 0.013020833333333334 0.007952286282306162
0 0.7138020833333333 0.4507952286282306 0.009895833333333333 0.030815109343936383
0 0.84296875 0.4562624254473161 0.0109375 0.02385685884691849
0 0.09114583333333333 0.47813121272365805 0.0125 0.017892644135188866
0 0.32916666666666666 0.47862823061630216 0.007291666666666667 0.016898608349900597
0 0.5940104166666667 0.49204771371769385 0.0203125 0.015904572564612324
0 0.43385416666666665 0.49204771371769385 0.011458333333333333 0.011928429423459244
0 0.5596354166666667 0.5134194831013916 0.0067708333333333336 0.02485089463220676
0 0.46484375 0.5119284294234593 0.0171875 0.015904572564612324
0 0.41744791666666664 0.5278330019880716 0.0140625 0.013916500994035786
0 0.4390625 0.5382703777335984 0.0125 0.02485089463220676
0 0.45260416666666664 0.540258449304175 0.020833333333333332 0.02485089463220676
0 0.69296875 0.5497017892644135 0.011979166666666667 0.007952286282306162
0 0.5255208333333333 0.562624254473161 0.00625 0.027833001988071572
0 0.4796875 0.5621272365805169 0.01875 0.02286282306163022
0 0.003125 0.5606361829025845 0.005208333333333333 0.017892644135188866
0 0.4270833333333333 0.5815109343936382 0.0125 0.039761431411530816
0 0.4674479166666667 0.5934393638170974 0.0140625 0.03578528827037773
0 0.44375 0.5825049701789264 0.013541666666666667 0.009940357852882704
0 0.14166666666666666 0.5874751491053678 0.015625 0.017892644135188866
0 0.28203125 0.5874751491053678 0.018229166666666668 0.013916500994035786
0 0.525 0.5949304174950298 0.014583333333333334 0.020874751491053677
0 0.30572916666666666 0.5959244532803181 0.017708333333333333 0.008946322067594433
0 0.3927083333333333 0.6108349900596421 0.017708333333333333 0.02286282306163022
0 0.14713541666666666 0.6202783300198808 0.009895833333333333 0.033797216699801194
0 0.47161458333333334 0.6187872763419483 0.0171875 0.014910536779324055
0 0.2799479166666667 0.6232604373757455 0.011979166666666667 0.019880715705765408
0 0.32708333333333334 0.6341948310139165 0.015625 0.02982107355864811
0 0.1890625 0.6391650099403579 0.0125 0.02186878727634195
0 0.5322916666666667 0.6446322067594433 0.017708333333333333 0.02882703777335984
0 0.20416666666666666 0.6386679920477137 0.011458333333333333 0.016898608349900597
0 0.30364583333333334 0.6590457256461233 0.015625 0.04970178926441352
0 0.3984375 0.6565606361829026 0.00625 0.0268389662027833
0 0.09427083333333333 0.6520874751491054 0.014583333333333334 0.017892644135188866
0 0.65078125 0.6784294234592445 0.0078125 0.030815109343936383
0 0.62265625 0.6814115308151093 0.0046875 0.030815109343936383
0 0.3416666666666667 0.6833996023856859 0.027083333333333334 0.03479125248508946
0 0.4859375 0.6824055666003976 0.009375 0.02485089463220676
0 0.37135416666666665 0.6784294234592445 0.011458333333333333 0.010934393638170975
0 0.58046875 0.6953280318091452 0.016145833333333335 0.03479125248508946
0 0.42682291666666666 0.6878727634194831 0.0067708333333333336 0.02186878727634195
0 0.24791666666666667 0.6863817097415507 0.010416666666666666 0.018886679920477135
0 0.02109375 0.6883697813121272 0.0140625 0.014910536779324055
0 0.5263020833333333 0.709741550695825 0.0046875 0.03180914512922465
0 0.28177083333333336 0.713220675944334 0.013541666666666667 0.02485089463220676
0 0.3684895833333333 0.7326043737574552 0.0109375 0.039761431411530816
0 0.6671875 0.7519880715705766 0.015625 0.06660039761431412
0 0.2674479166666667 0.7340954274353877 0.005729166666666666 0.02286282306163022
0 0.5458333333333333 0.739065606361829 0.020833333333333332 0.0268389662027833
0 0.3216145833333333 0.7485089463220675 0.0078125 0.02186878727634195
0 0.6127604166666667 0.7485089463220675 0.0078125 0.015904572564612324
0 0.5643229166666667 0.7659045725646123 0.019270833333333334 0.036779324055666
0 0.43828125 0.7664015904572564 0.0140625 0.02186878727634195
0 0.28359375 0.7624254473161034 0.015104166666666667 0.011928429423459244
0 0.3020833333333333 0.775844930417495 0.007291666666666667 0.03479125248508946
0 0.3880208333333333 0.7743538767395626 0.0125 0.013916500994035786
0 0.3578125 0.7932405566600398 0.010416666666666666 0.027833001988071572
0 0.4859375 0.7937375745526839 0.008333333333333333 0.0268389662027833
0 0.7065104166666667 0.7912524850894632 0.008854166666666666 0.015904572564612324
0 0.1421875 0.8091451292246521 0.007291666666666667 0.03180914512922465
0 0.15729166666666666 0.8091451292246521 0.0125 0.02186878727634195
0 0.39739583333333334 0.8166003976143141 0.008333333333333333 0.02882703777335984
0 0.12369791666666667 0.8285288270377733 0.022395833333333334 0.040755467196819085
0 0.7692708333333333 0.8245526838966203 0.005208333333333333 0.02882703777335984
0 0.18020833333333333 0.8275347912524851 0.016666666666666666 0.03479125248508946
0 0.6864583333333333 0.8245526838966203 0.0125 0.02485089463220676
0 0.22760416666666666 0.8220675944333996 0.014583333333333334 0.017892644135188866
0 0.4739583333333333 0.8300198807157058 0.007291666666666667 0.03180914512922465
0 0.103125 0.831013916500994 0.00625 0.03180914512922465
0 0.4432291666666667 0.8414512922465208 0.009375 0.04473161033797217
0 0.3453125 0.8409542743538767 0.013541666666666667 0.02186878727634195
0 0.5026041666666666 0.8518886679920478 0.010416666666666666 0.039761431411530816
0 0.03411458333333333 0.8439363817097415 0.019270833333333334 0.019880715705765408
0 0.37395833333333334 0.8434393638170974 0.013541666666666667 0.012922465208747515
0 0.5700520833333333 0.8638170974155069 0.008854166666666666 0.039761431411530816
0 0.2989583333333333 0.8578528827037774 0.016666666666666666 0.015904572564612324
0 0.5174479166666667 0.8707753479125249 0.009895833333333333 0.02584493041749503
0 0.3182291666666667 0.8638170974155069 0.010416666666666666 0.011928429423459244
0 0.18098958333333334 0.8737574552683897 0.009895833333333333 0.019880715705765408
0 0.5296875 0.8921471172962226 0.00625 0.03479125248508946
0 0.4046875 0.8886679920477137 0.015625 0.019880715705765408
0 0.3567708333333333 0.8941351888667992 0.027083333333333334 0.0268389662027833
0 0.425 0.9005964214711729 0.020833333333333332 0.03578528827037773
0 0.63125 0.897117296222664 0.007291666666666667 0.012922465208747515
0 0.10104166666666667 0.9075546719681908 0.016666666666666666 0.02385685884691849
0 0.24921875 0.9075546719681908 0.013020833333333334 0.013916500994035786
0 0.32864583333333336 0.9160039761431411 0.020833333333333332 0.02882703777335984
0 0.30390625 0.9264413518886679 0.0109375 0.039761431411530816
0 0.3846354166666667 0.9249502982107356 0.0109375 0.032803180914512925
0 0.5473958333333333 0.9284294234592445 0.016666666666666666 0.03578528827037773
0 0.37005208333333334 0.9279324055666004 0.009895833333333333 0.02882703777335984
0 0.5145833333333333 0.9279324055666004 0.014583333333333334 0.018886679920477135
0 0.48072916666666665 0.9274353876739563 0.009375 0.019880715705765408
0 0.403125 0.9398608349900597 0.025 0.03479125248508946
0 0.0046875 0.929920477137177 0.008333333333333333 0.014910536779324055
0 0.6861979166666666 0.9304174950298211 0.0067708333333333336 0.011928429423459244
0 0.28177083333333336 0.9393638170974155 0.0125 0.009940357852882704
0 0.6481770833333333 0.94831013916501 0.016145833333333335 0.019880715705765408
0 0.34401041666666665 0.9592445328031809 0.025520833333333333 0.0437375745526839
0 0.24088541666666666 0.9488071570576541 0.013020833333333334 0.010934393638170975
0 0.5546875 0.959741550695825 0.014583333333333334 0.02286282306163022
0 0.16354166666666667 0.9572564612326043 0.0125 0.011928429423459244
0 0.07734375 0.9681908548707754 0.018229166666666668 0.02584493041749503
0 0.4578125 0.9662027833001988 0.009375 0.015904572564612324
0 0.2677083333333333 0.974155069582505 0.01875 0.033797216699801194
0 0.03229166666666667 0.9771371769383698 0.0125 0.03180914512922465
0 0.3328125 0.974155069582505 0.010416666666666666 0.019880715705765408
0 0.32057291666666665 0.9801192842942346 0.008854166666666666 0.02385685884691849
0 0.05130208333333333 0.9786282306163022 0.008854166666666666 0.018886679920477135
0 0.6322916666666667 0.9826043737574552 0.015625 0.014910536779324055
0 0.49635416666666665 0.9801192842942346 0.0125 0.007952286282306162
0 0.36223958333333334 0.9821073558648111 0.0109375 0.007952286282306162
0 0.7020833333333333 0.9895626242544732 0.0125 0.018886679920477135
0 0.43515625 0.989065606361829 0.016145833333333335 0.019880715705765408
0 0.23046875 0.9870775347912525 0.015104166666666667 0.015904572564612324
0 0.4109375 0.9900596421471173 0.014583333333333334 0.017892644135188866
0 0.10234375 0.9910536779324056 0.016145833333333335 0.015904572564612324
0 0.24973958333333332 0.9935387673956262 0.018229166666666668 0.010934393638170975