0 0.3296875 0.040755467196819085 0.01875 0.04771371769383698
0 0.11822916666666666 0.04324055666003976 0.01875 0.036779324055666
0 0.540625 0.04473161033797217 0.010416666666666666 0.03777335984095427
0 0.36171875 0.06063618290258449 0.024479166666666666 0.039761431411530816
0 0.33958333333333335 0.08449304174950298 0.019791666666666666 0.027833001988071572
0 0.37994791666666666 0.09990059642147117 0.019270833333333334 0.04671968190854871
0 0.22447916666666667 0.08797216699801193 0.017708333333333333 0.018886679920477135
0 0.09088541666666666 0.1073558648111332 0.018229166666666668 0.019880715705765408
0 0.7671875 0.12823061630218688 0.016666666666666666 0.039761431411530816
0 0.43359375 0.13021868787276342 0.022395833333333334 0.03180914512922465
0 0.16796875 0.13369781312127235 0.0109375 0.02286282306163022
0 0.2630208333333333 0.13817097415506957 0.011458333333333333 0.02982107355864811
0 0.40625 0.15308151093439365 0.01875 0.02186878727634195
0 0.4466145833333333 0.16898608349900596 0.018229166666666668 0.027833001988071572
0 0.09296875 0.20377733598409542 0.019270833333333334 0.04771371769383698
0 0.44453125 0.20328031809145128 0.0109375 0.014910536779324055
0 0.6536458333333334 0.21371769383697814 0.010416666666666666 0.02584493041749503
0 0.4 0.21222664015904572 0.008333333333333333 0.018886679920477135
0 0.15494791666666666 0.23856858846918488 0.018229166666666668 0.05168986083499006
0 0.40963541666666664 0.2370775347912525 0.013020833333333334 0.03479125248508946
0 0.5682291666666667 0.23210735586481113 0.020833333333333332 0.016898608349900597
0 0.9927083333333333 0.27335984095427435 0.013541666666666667 0.08946322067594434
0 0.11223958333333334 0.2485089463220676 0.022395833333333334 0.02584493041749503
0 0.3140625 0.2664015904572565 0.009375 0.019880715705765408
0 0.92109375 0.28479125248508946 0.0171875 0.040755467196819085
0 0.21510416666666668 0.2882703777335984 0.014583333333333334 0.03180914512922465
0 0.2734375 0.28429423459244535 0.013541666666666667 0.02186878727634195
0 0.6197916666666666 0.29970178926441354 0.019791666666666666 0.05069582504970179
0 0.9609375 0.3230616302186879 0.029166666666666667 0.03777335984095427
0 0.0046875 0.3275347912524851 0.009375 0.014910536779324055
0 0.021614583333333333 0.33548707753479123 0.0140625 0.018886679920477135
0 0.28854166666666664 0.3379721669980119 0.019791666666666666 0.02385685884691849
0 0.19661458333333334 0.33697813121272363 0.009895833333333333 0.013916500994035786
0 0.010416666666666666 0.3697813121272366 0.020833333333333332 0.0536779324055666
0 0.5059895833333333 0.36083499005964215 0.008854166666666666 0.033797216699801194
0 0.9369791666666667 0.36232604373757454 0.008333333333333333 0.020874751491053677
0 0.7026041666666667 0.36779324055666 0.008333333333333333 0.02982107355864811
0 0.9239583333333333 0.40407554671968193 0.03125 0.06461232604373758
0 0.5700520833333333 0.40308151093439365 0.0067708333333333336 0.032803180914512925
0 0.2591145833333333 0.4000994035785288 0.015104166666666667 0.02286282306163022
0 0.48385416666666664 0.4085487077534791 0.007291666666666667 0.017892644135188866
0 0.7205729166666667 0.40606361829025844 0.015104166666666667 0.014910536779324055
0 0.3703125 0.4115308151093439 0.0125 0.019880715705765408
0 0.38177083333333334 0.4567594433399602 0.004166666666666667 0.018886679920477135
0 0.41432291666666665 0.46669980119284293 0.0203125 0.02286282306163022
0 0.25 0.47962226640159045 0.009375 0.03479125248508946
0 0.6013020833333333 0.47514910536779326 0.0078125 0.02584493041749503
0 0.46927083333333336 0.48061630218687873 0.014583333333333334 0.016898608349900597
0 0.23177083333333334 0.48807157057654077 0.00625 0.02584493041749503
0 0.08697916666666666 0.4865805168986084 0.016666666666666666 0.020874751491053677
0 0.33880208333333334 0.4870775347912525 0.0078125 0.017892644135188866
0 0.5393229166666667 0.5044731610337972 0.0109375 0.03876739562624255
0 0.12109375 0.5039761431411531 0.0109375 0.02584493041749503
0 0.21979166666666666 0.5208747514910537 0.00625 0.03777335984095427
0 0.9953125 0.5173956262425448 0.008333333333333333 0.030815109343936383
0 0.4671875 0.5168986083499006 0.007291666666666667 0.02186878727634195
0 0.24869791666666666 0.5159045725646123 0.016145833333333335 0.015904572564612324
0 0.2609375 0.5198807157057654 0.00625 0.013916500994035786
0 0.45625 0.5541749502982107 0.0125 0.032803180914512925
0 0.6703125 0.5641153081510935 0.022916666666666665 0.02485089463220676
0 0.85625 0.5805168986083499 0.021875 0.02982107355864811
0 0.3546875 0.5849900596421471 0.014583333333333334 0.030815109343936383
0 0.5091145833333334 0.581013916500994 0.008854166666666666 0.018886679920477135
0 0.4296875 0.5874751491053678 0.013541666666666667 0.027833001988071572
0 0.12734375 0.6043737574552683 0.024479166666666666 0.02385685884691849
0 0.8619791666666666 0.6133200795228628 0.016666666666666666 0.017892644135188866
0 0.88125 0.6247514910536779 0.015625 0.02485089463220676
0 0.36744791666666665 0.6341948310139165 0.019270833333333334 0.019880715705765408
0 0.07994791666666666 0.6451292246520874 0.022395833333333334 0.027833001988071572
0 0.9286458333333333 0.6605367793240556 0.03125 0.018886679920477135
0 0.78125 0.6749502982107356 0.025 0.02385685884691849
0 0.125 0.6958250497017893 0.016666666666666666 0.04771371769383698
0 0.4979166666666667 0.6883697813121272 0.010416666666666666 0.0268389662027833
0 0.29765625 0.6933399602385686 0.025520833333333333 0.020874751491053677
0 0.41875 0.7037773359840954 0.015625 0.02186878727634195
0 0.315625 0.7286282306163022 0.019791666666666666 0.02584493041749503
0 0.48932291666666666 0.7599403578528827 0.009895833333333333 0.02286282306163022
0 0.46979166666666666 0.8041749502982107 0.011458333333333333 0.03777335984095427
0 0.67578125 0.8031809145129225 0.018229166666666668 0.03578528827037773
0 0.2859375 0.8151093439363817 0.015625 0.03777335984095427
0 0.3625 0.8484095427435387 0.011458333333333333 0.048707753479125246
0 0.4317708333333333 0.8394632206759444 0.011458333333333333 0.020874751491053677
0 0.1890625 0.867296222664016 0.007291666666666667 0.020874751491053677
0 0.22526041666666666 0.9055666003976143 0.008854166666666666 0.0437375745526839
0 0.32864583333333336 0.9150099403578529 0.015625 0.020874751491053677
0 0.4625 0.9194831013916501 0.011458333333333333 0.02982107355864811
0 0.5138020833333333 0.9130218687872763 0.0140625 0.016898608349900597
0 0.06432291666666666 0.9219681908548708 0.024479166666666666 0.030815109343936383
0 0.84765625 0.9269383697813122 0.019270833333333334 0.018886679920477135
0 0.26510416666666664 0.9289264413518886 0.015625 0.016898608349900597
0 0.35546875 0.9363817097415507 0.0078125 0.02584493041749503
0 0.7244791666666667 0.9428429423459245 0.013541666666666667 0.0268389662027833
0 0.51953125 0.9527833001988072 0.0171875 0.018886679920477135
0 0.73046875 0.9761431411530815 0.016145833333333335 0.02584493041749503
0 0.14583333333333334 0.9915506958250497 0.016666666666666666 0.014910536779324055