0 0.11927083333333334 0.0064612326043737576 0.009375 0.012922465208747515
0 0.14973958333333334 0.015904572564612324 0.018229166666666668 0.017892644135188866
0 0.05130208333333333 0.012922465208747515 0.0078125 0.011928429423459244
0 0.3138020833333333 0.033797216699801194 0.009895833333333333 0.017892644135188866
0 0.3927083333333333 0.04125248508946322 0.009375 0.014910536779324055
0 0.23515625 0.04771371769383698 0.008854166666666666 0.02584493041749503
0 0.21536458333333333 0.048707753479125246 0.013020833333333334 0.017892644135188866
0 0.4856770833333333 0.0621272365805169 0.011979166666666667 0.020874751491053677
0 0.008072916666666667 0.08001988071570576 0.015104166666666667 0.0268389662027833
0 0.2859375 0.08648111332007952 0.005208333333333333 0.02385685884691849
0 0.16197916666666667 0.10685884691848907 0.007291666666666667 0.018886679920477135
0 0.81875 0.12127236580516898 0.010416666666666666 0.0437375745526839
0 0.2953125 0.12475149105367793 0.007291666666666667 0.020874751491053677
0 0.3294270833333333 0.1257455268389662 0.008854166666666666 0.010934393638170975
0 0.09479166666666666 0.14165009940357853 0.017708333333333333 0.040755467196819085
0 0.203125 0.12823061630218688 0.009375 0.011928429423459244
0 0.23776041666666667 0.1411530815109344 0.011979166666666667 0.02584493041749503
0 0.8088541666666667 0.1466202783300199 0.009375 0.02882703777335984
0 0.2752604166666667 0.14860834990059643 0.0109375 0.008946322067594433
0 0.15494791666666666 0.1610337972166998 0.0078125 0.017892644135188866
0 0.6044270833333333 0.16998011928429424 0.0078125 0.02385685884691849
0 0.1375 0.1709741550695825 0.010416666666666666 0.017892644135188866
0 0.06848958333333334 0.20427435387673956 0.0109375 0.018886679920477135
0 0.2955729166666667 0.2047713717693837 0.013020833333333334 0.017892644135188866
0 0.0453125 0.2062624254473161 0.014583333333333334 0.016898608349900597
0 0.24427083333333333 0.20825049701789264 0.010416666666666666 0.016898608349900597
0 0.2908854166666667 0.2370775347912525 0.008854166666666666 0.02882703777335984
0 0.11119791666666666 0.26043737574552683 0.009895833333333333 0.02982107355864811
0 0.15755208333333334 0.2584493041749503 0.013020833333333334 0.02186878727634195
0 0.021614583333333333 0.27236580516898606 0.013020833333333334 0.02584493041749503
0 0.46953125 0.2778330019880716 0.008854166666666666 0.014910536779324055
0 0.18697916666666667 0.2773359840954274 0.009375 0.013916500994035786
0 0.23541666666666666 0.2967196819085487 0.0125 0.012922465208747515
0 0.1328125 0.3489065606361829 0.010416666666666666 0.03777335984095427
0 0.7078125 0.3503976143141153 0.013541666666666667 0.018886679920477135
0 0.10442708333333334 0.3658051689860835 0.0140625 0.02186878727634195
0 0.027604166666666666 0.3667992047713718 0.011458333333333333 0.015904572564612324
0 0.08645833333333333 0.3986083499005964 0.019791666666666666 0.019880715705765408
0 0.4739583333333333 0.44930417495029823 0.005208333333333333 0.02982107355864811
0 0.353125 0.44781312127236583 0.009375 0.020874751491053677
0 0.3190104166666667 0.44781312127236583 0.013020833333333334 0.008946322067594433
0 0.05911458333333333 0.4716699801192843 0.008854166666666666 0.0268389662027833
0 0.27578125 0.4761431411530815 0.008854166666666666 0.013916500994035786
0 0.3653645833333333 0.4900596421471173 0.0109375 0.015904572564612324
0 0.11744791666666667 0.49254473161033796 0.008854166666666666 0.018886679920477135
0 0.28854166666666664 0.5014910536779325 0.020833333333333332 0.02286282306163022
0 0.4046875 0.5084493041749503 0.011458333333333333 0.014910536779324055
0 0.013020833333333334 0.5094433399602386 0.0125 0.014910536779324055
0 0.20260416666666667 0.518389662027833 0.019791666666666666 0.020874751491053677
0 0.6083333333333333 0.5203777335984096 0.015625 0.018886679920477135
0 0.04348958333333333 0.5278330019880716 0.0109375 0.027833001988071572
0 0.2565104166666667 0.5576540755467196 0.011979166666666667 0.03180914512922465
0 0.28463541666666664 0.5546719681908548 0.0078125 0.02186878727634195
0 0.24375 0.5924453280318092 0.010416666666666666 0.02186878727634195
0 0.05260416666666667 0.5974155069582505 0.0125 0.027833001988071572
0 0.18098958333333334 0.5994035785288271 0.013020833333333334 0.027833001988071572
0 0.2747395833333333 0.6187872763419483 0.0046875 0.0268389662027833
0 0.8356770833333333 0.6351888667992047 0.016145833333333335 0.015904572564612324
0 0.6427083333333333 0.6530815109343936 0.009375 0.027833001988071572
0 0.34010416666666665 0.6734592445328031 0.004166666666666667 0.0268389662027833
0 0.19869791666666667 0.6749502982107356 0.011979166666666667 0.015904572564612324
0 0.21119791666666668 0.7007952286282306 0.0078125 0.02982107355864811
0 0.19557291666666668 0.6963220675944334 0.013020833333333334 0.020874751491053677
0 0.24557291666666667 0.6958250497017893 0.011979166666666667 0.009940357852882704
0 0.35911458333333335 0.7191848906560636 0.015104166666666667 0.014910536779324055
0 0.32890625 0.7251491053677932 0.013020833333333334 0.0268389662027833
0 0.2708333333333333 0.7291252485089463 0.009375 0.02882703777335984
0 0.22317708333333333 0.7340954274353877 0.008854166666666666 0.030815109343936383
0 0.24427083333333333 0.7415506958250497 0.010416666666666666 0.02385685884691849
0 0.36614583333333334 0.7480119284294234 0.013541666666666667 0.016898608349900597
0 0.41171875 0.768389662027833 0.009895833333333333 0.019880715705765408
0 0.29973958333333334 0.7718687872763419 0.008854166666666666 0.02286282306163022
0 0.50234375 0.7892644135188867 0.009895833333333333 0.05168986083499006
0 0.08020833333333334 0.7808151093439364 0.0125 0.030815109343936383
0 0.2890625 0.7962226640159046 0.005208333333333333 0.02584493041749503
0 0.2552083333333333 0.7987077534791253 0.003125 0.020874751491053677
0 0.2677083333333333 0.8151093439363817 0.009375 0.03180914512922465
0 0.28072916666666664 0.8136182902584493 0.007291666666666667 0.02286282306163022
0 0.30390625 0.8141153081510935 0.009895833333333333 0.015904572564612324
0 0.19739583333333333 0.8141153081510935 0.016666666666666666 0.015904572564612324
0 0.8059895833333334 0.8166003976143141 0.011979166666666667 0.016898608349900597
0 0.77265625 0.841948310139165 0.011979166666666667 0.03180914512922465
0 0.59140625 0.8404572564612326 0.009895833333333333 0.02882703777335984
0 0.41432291666666665 0.8359840954274353 0.0171875 0.009940357852882704
0 0.44088541666666664 0.8588469184890656 0.0046875 0.02584493041749503
0 0.07395833333333333 0.8682902584493042 0.009375 0.030815109343936383
0 0.33880208333333334 0.8583499005964215 0.015104166666666667 0.008946322067594433
0 0.32578125 0.8722664015904572 0.008854166666666666 0.02882703777335984
0 0.047135416666666666 0.8697813121272365 0.0171875 0.02186878727634195
0 0.30494791666666665 0.893141153081511 0.009895833333333333 0.020874751491053677
0 0.13203125 0.8991053677932406 0.04010416666666667 0.03479125248508946
0 0.42994791666666665 0.9000994035785288 0.0036458333333333334 0.02485089463220676
0 0.15911458333333334 0.9125248508946322 0.018229166666666668 0.039761431411530816
0 0.27890625 0.9000994035785288 0.0140625 0.012922465208747515
0 0.5283854166666667 0.9070576540755467 0.0234375 0.020874751491053677
0 0.07447916666666667 0.9140159045725647 0.010416666666666666 0.016898608349900597
0 0.409375 0.9294234592445328 0.005208333333333333 0.041749502982107355
0 0.17369791666666667 0.9204771371769384 0.0140625 0.02385685884691849
0 0.23958333333333334 0.9512922465208747 0.023958333333333335 0.08151093439363817
0 0.19921875 0.929920477137177 0.018229166666666668 0.008946322067594433
0 0.3221354166666667 0.937375745526839 0.025520833333333333 0.017892644135188866
0 0.38177083333333334 0.9418489065606361 0.016666666666666666 0.020874751491053677
0 0.36354166666666665 0.9403578528827038 0.013541666666666667 0.013916500994035786
0 0.58828125 0.9512922465208747 0.018229166666666668 0.02982107355864811
0 0.434375 0.9612326043737575 0.00625 0.03180914512922465
0 0.34609375 0.9587475149105368 0.0036458333333333334 0.0268389662027833
0 0.41901041666666666 0.9676938369781312 0.0109375 0.040755467196819085
0 0.12604166666666666 0.9662027833001988 0.0125 0.02385685884691849
0 0.6052083333333333 0.9706759443339961 0.017708333333333333 0.02882703777335984
0 0.51796875 0.9751491053677932 0.013020833333333334 0.015904572564612324
0 0.39088541666666665 0.9831013916500994 0.0203125 0.03180914512922465
0 0.29739583333333336 0.9761431411530815 0.011458333333333333 0.015904572564612324
0 0.16770833333333332 0.974155069582505 0.015625 0.013916500994035786
0 0.65703125 0.9781312127236581 0.013020833333333334 0.017892644135188866
0 0.9234375 0.9885685884691849 0.016666666666666666 0.020874751491053677
0 0.32708333333333334 0.9880715705765407 0.014583333333333334 0.02186878727634195
0 0.13854166666666667 0.9835984095427436 0.013541666666666667 0.012922465208747515
0 0.29270833333333335 0.9920477137176938 0.017708333333333333 0.013916500994035786
0 0.2677083333333333 0.9950298210735586 0.011458333333333333 0.007952286282306162