0 0.61484375 0.7693836978131213 0.005729166666666666 0.02584493041749503
0 0.6421875 0.812624254473161 0.004166666666666667 0.02882703777335984
0 0.49322916666666666 0.8444333996023857 0.00625 0.036779324055666
0 0.7911458333333333 0.8325049701789264 0.020833333333333332 0.010934393638170975
0 0.7268229166666667 0.834493041749503 0.0140625 0.010934393638170975
0 0.5778645833333333 0.8961232604373758 0.009895833333333333 0.016898608349900597
0 0.7536458333333333 0.9040755467196819 0.009375 0.030815109343936383
0 0.51640625 0.9160039761431411 0.005729166666666666 0.020874751491053677
0 0.5557291666666667 0.9234592445328031 0.00625 0.033797216699801194
0 0.57890625 0.9348906560636183 0.0171875 0.03479125248508946
0 0.5276041666666667 0.9393638170974155 0.005208333333333333 0.027833001988071572
0 0.54140625 0.9473161033797217 0.0140625 0.015904572564612324
0 0.49947916666666664 0.9721669980119284 0.010416666666666666 0.015904572564612324
0 0.5638020833333334 0.9746520874751491 0.015104166666666667 0.018886679920477135