0 0.054947916666666666 0.01441351888667992 0.024479166666666666 0.02882703777335984
0 0.19375 0.011928429423459244 0.0125 0.019880715705765408
0 0.34270833333333334 0.05069582504970179 0.022916666666666665 0.05964214711729622
0 0.3229166666666667 0.05666003976143141 0.00625 0.041749502982107355
0 0.14453125 0.05715705765407555 0.015104166666666667 0.032803180914512925
0 0.062239583333333334 0.04821073558648111 0.011979166666666667 0.012922465208747515
0 0.22057291666666667 0.08200795228628231 0.0171875 0.016898608349900597
0 0.38567708333333334 0.10984095427435388 0.0078125 0.040755467196819085
0 0.6208333333333333 0.10785288270377734 0.019791666666666666 0.0268389662027833
0 0.25026041666666665 0.11878727634194831 0.0171875 0.0268389662027833
0 0.32473958333333336 0.12922465208747516 0.019270833333333334 0.027833001988071572
0 0.41328125 0.1456262425447316 0.015104166666666667 0.016898608349900597
0 0.5096354166666667 0.15208747514910537 0.015104166666666667 0.02584493041749503
0 0.24140625 0.1625248508946322 0.0171875 0.02882703777335984
0 0.5716145833333334 0.19731610337972166 0.03177083333333333 0.05268389662027833
0 0.4661458333333333 0.1878727634194831 0.010416666666666666 0.011928429423459244
0 0.8153645833333333 0.20427435387673956 0.028645833333333332 0.036779324055666
0 0.4315104166666667 0.2077534791252485 0.024479166666666666 0.015904572564612324
0 0.45208333333333334 0.22465208747514911 0.010416666666666666 0.02186878727634195
0 0.46822916666666664 0.2415506958250497 0.027083333333333334 0.03578528827037773
0 0.41328125 0.25198807157057657 0.0171875 0.016898608349900597
0 0.5098958333333333 0.2967196819085487 0.010416666666666666 0.014910536779324055
0 0.4552083333333333 0.3066600397614314 0.021875 0.02485089463220676
0 0.5192708333333333 0.31858846918489064 0.005208333333333333 0.014910536779324055
0 0.3971354166666667 0.3648111332007952 0.015104166666666667 0.03777335984095427
0 0.5575520833333333 0.3648111332007952 0.011979166666666667 0.015904572564612324
0 0.453125 0.3757455268389662 0.00625 0.027833001988071572
0 0.5963541666666666 0.39065606361829025 0.021875 0.02982107355864811
0 0.5338541666666666 0.3981113320079523 0.008333333333333333 0.032803180914512925
0 0.5768229166666666 0.40308151093439365 0.011979166666666667 0.0268389662027833
0 0.48854166666666665 0.4010934393638171 0.008333333333333333 0.014910536779324055
0 0.27239583333333334 0.41600397614314116 0.013541666666666667 0.02286282306163022
0 0.37916666666666665 0.42445328031809143 0.009375 0.013916500994035786
0 0.32057291666666665 0.4269383697813121 0.016145833333333335 0.018886679920477135
0 0.60625 0.43588469184890655 0.007291666666666667 0.02286282306163022
0 0.3890625 0.46819085487077533 0.009375 0.03578528827037773
0 0.02890625 0.4686878727634195 0.015104166666666667 0.032803180914512925
0 0.4786458333333333 0.4746520874751491 0.013541666666666667 0.02485089463220676
0 0.5885416666666666 0.4900596421471173 0.009375 0.039761431411530816
0 0.4609375 0.49652087475149104 0.0125 0.04671968190854871
0 0.10833333333333334 0.48906560636182905 0.011458333333333333 0.027833001988071572
0 0.35885416666666664 0.4915506958250497 0.00625 0.016898608349900597
0 0.6106770833333334 0.5079522862823062 0.005729166666666666 0.03180914512922465
0 0.5294270833333333 0.5059642147117296 0.016145833333333335 0.027833001988071572
0 0.39348958333333334 0.5064612326043738 0.009895833333333333 0.02882703777335984
0 0.2625 0.5134194831013916 0.009375 0.042743538767395624
0 0.9625 0.507455268389662 0.021875 0.018886679920477135
0 0.41953125 0.5119284294234593 0.011979166666666667 0.019880715705765408
0 0.5692708333333333 0.5233598409542743 0.005208333333333333 0.032803180914512925
0 0.6143229166666667 0.5576540755467196 0.0078125 0.027833001988071572
0 0.49375 0.5755467196819085 0.005208333333333333 0.02186878727634195
0 0.4200520833333333 0.5949304174950298 0.0296875 0.05268389662027833
0 0.39166666666666666 0.588469184890656 0.008333333333333333 0.02385685884691849
0 0.45598958333333334 0.6058648111332008 0.015104166666666667 0.0268389662027833
0 0.16588541666666667 0.6078528827037774 0.025520833333333333 0.032803180914512925
0 0.46822916666666664 0.6416500994035785 0.027083333333333334 0.09642147117296222
0 0.2713541666666667 0.6088469184890656 0.0125 0.0268389662027833
0 0.6559895833333333 0.6341948310139165 0.015104166666666667 0.039761431411530816
0 0.534375 0.6555666003976143 0.017708333333333333 0.02882703777335984
0 0.2171875 0.6565606361829026 0.008333333333333333 0.014910536779324055
0 0.7041666666666667 0.6809145129224652 0.013541666666666667 0.041749502982107355
0 0.63515625 0.6918489065606361 0.0067708333333333336 0.039761431411530816
0 0.42213541666666665 0.6958250497017893 0.0078125 0.02385685884691849
0 0.5567708333333333 0.7102385685884692 0.01875 0.030815109343936383
0 0.3341145833333333 0.7152087475149106 0.0067708333333333336 0.02286282306163022
0 0.48411458333333335 0.7251491053677932 0.0171875 0.030815109343936383
0 0.46953125 0.7266401590457257 0.0067708333333333336 0.017892644135188866
0 0.4752604166666667 0.75 0.005729166666666666 0.030815109343936383
0 0.8372395833333334 0.7649105367793241 0.019270833333333334 0.014910536779324055
0 0.6825520833333333 0.7733598409542743 0.0109375 0.03180914512922465
0 0.5130208333333334 0.7833001988071571 0.01875 0.02385685884691849
0 0.6669270833333333 0.7927435387673957 0.018229166666666668 0.02882703777335984
0 0.6447916666666667 0.8076540755467196 0.013541666666666667 0.02485089463220676
0 0.5020833333333333 0.8091451292246521 0.00625 0.019880715705765408
0 0.5294270833333333 0.820079522862823 0.005729166666666666 0.027833001988071572
0 0.6408854166666667 0.834493041749503 0.0078125 0.03479125248508946
0 0.56875 0.8593439363817097 0.009375 0.030815109343936383
0 0.08463541666666667 0.8553677932405567 0.019270833333333334 0.020874751491053677
0 0.6247395833333333 0.8653081510934394 0.0067708333333333336 0.03479125248508946
0 0.5841145833333333 0.8762425447316103 0.0078125 0.04671968190854871
0 0.6643229166666667 0.8727634194831014 0.0171875 0.02982107355864811
0 0.5479166666666667 0.8976143141153081 0.007291666666666667 0.041749502982107355
0 0.7697916666666667 0.9070576540755467 0.015625 0.032803180914512925
0 0.5442708333333334 0.9562624254473161 0.017708333333333333 0.03777335984095427
0 0.67265625 0.9706759443339961 0.0067708333333333336 0.032803180914512925
0 0.7223958333333333 0.9870775347912525 0.014583333333333334 0.02385685884691849