0 0.9841145833333333 0.029324055666003976 0.03177083333333333 0.05864811133200795
0 0.9653645833333333 0.002982107355864811 0.015104166666666667 0.005964214711729622
0 0.94921875 0.007952286282306162 0.0109375 0.015904572564612324
0 0.90703125 0.004970178926441352 0.027604166666666666 0.009940357852882704
0 0.80859375 0.008449304174950299 0.0296875 0.016898608349900597
0 0.403125 0.002485089463220676 0.022916666666666665 0.004970178926441352
0 0.28046875 0.0004970178926441351 0.0265625 0.0009940357852882703
0 0.03229166666666667 0.010934393638170975 0.021875 0.02186878727634195
0 0.14192708333333334 0.015904572564612324 0.0109375 0.013916500994035786
0 0.09427083333333333 0.021371769383697812 0.010416666666666666 0.02286282306163022
0 0.052083333333333336 0.02485089463220676 0.011458333333333333 0.02385685884691849
0 0.9893229166666667 0.032803180914512925 0.0140625 0.015904572564612324
0 0.05963541666666667 0.05715705765407555 0.013020833333333334 0.014910536779324055
0 0.015625 0.0705765407554672 0.0125 0.011928429423459244
0 0.37005208333333334 0.0805168986083499 0.011979166666666667 0.015904572564612324
0 0.07005208333333333 0.08001988071570576 0.0078125 0.010934393638170975
0 0.26484375 0.08499005964214712 0.0078125 0.012922465208747515
0 0.12838541666666667 0.0889662027833002 0.0078125 0.018886679920477135
0 0.9984375 0.1610337972166998 0.003125 0.0437375745526839
0 0.9994791666666667 0.21620278330019882 0.0010416666666666667 0.05268389662027833