0 0.0078125 0.03876739562624255 0.015625 0.0775347912524851
0 0.0546875 0.007952286282306162 0.007291666666666667 0.015904572564612324
0 0.7283854166666667 0.009940357852882704 0.008854166666666666 0.019880715705765408
0 0.91875 0.02882703777335984 0.01875 0.05765407554671968
0 0.15338541666666666 0.023359840954274354 0.0078125 0.032803180914512925
0 0.175 0.03876739562624255 0.010416666666666666 0.033797216699801194
0 0.05911458333333333 0.04025844930417495 0.013020833333333334 0.030815109343936383
0 0.3372395833333333 0.05019880715705766 0.018229166666666668 0.036779324055666
0 0.6526041666666667 0.039761431411530816 0.007291666666666667 0.015904572564612324
0 0.025520833333333333 0.05616302186878728 0.015625 0.0268389662027833
0 0.09609375 0.0536779324055666 0.011979166666666667 0.02186878727634195
0 0.9924479166666667 0.06262425447316103 0.0140625 0.03180914512922465
0 0.9296875 0.06660039761431412 0.014583333333333334 0.02186878727634195
0 0.8145833333333333 0.10387673956262425 0.023958333333333335 0.07256461232604373
0 0.9502604166666667 0.08697813121272366 0.0203125 0.03876739562624255
0 0.40208333333333335 0.09542743538767395 0.010416666666666666 0.03777335984095427
0 0.00703125 0.10785288270377734 0.0140625 0.04473161033797217
0 0.47734375 0.10536779324055666 0.0067708333333333336 0.02982107355864811
0 0.26458333333333334 0.12276341948310139 0.014583333333333334 0.030815109343936383
0 0.9580729166666667 0.12922465208747516 0.0140625 0.04572564612326044
0 0.7153645833333333 0.1481113320079523 0.022395833333333334 0.017892644135188866
0 0.028645833333333332 0.15308151093439365 0.027083333333333334 0.02186878727634195
0 0.048177083333333336 0.16153081510934394 0.011979166666666667 0.02882703777335984
0 0.5067708333333333 0.17047713717693838 0.007291666666666667 0.04473161033797217
0 0.00546875 0.19035785288270377 0.0109375 0.042743538767395624
0 0.31223958333333335 0.220675944333996 0.015104166666666667 0.03777335984095427
0 0.5940104166666667 0.21669980119284293 0.009895833333333333 0.02385685884691849
0 0.4544270833333333 0.22266401590457258 0.0078125 0.02982107355864811
0 0.5611979166666666 0.23260437375745527 0.009895833333333333 0.02385685884691849
0 0.0109375 0.24403578528827038 0.007291666666666667 0.02882703777335984
0 0.5057291666666667 0.24552683896620278 0.007291666666666667 0.03180914512922465
0 0.7221354166666667 0.25497017892644136 0.0109375 0.036779324055666
0 0.5869791666666667 0.275844930417495 0.007291666666666667 0.020874751491053677
0 0.16927083333333334 0.28180914512922467 0.014583333333333334 0.014910536779324055
0 0.39895833333333336 0.2967196819085487 0.020833333333333332 0.03876739562624255
0 0.43828125 0.2967196819085487 0.0109375 0.02485089463220676
0 0.09869791666666666 0.29870775347912526 0.016145833333333335 0.018886679920477135
0 0.9338541666666667 0.31709741550695825 0.023958333333333335 0.04572564612326044
0 0.90390625 0.31262425447316106 0.011979166666666667 0.0268389662027833
0 0.42890625 0.3111332007952286 0.013020833333333334 0.019880715705765408
0 0.35911458333333335 0.31759443339960236 0.0203125 0.016898608349900597
0 0.19296875 0.3225646123260437 0.0078125 0.020874751491053677
0 0.6463541666666667 0.3290258449304175 0.005208333333333333 0.027833001988071572
0 0.8434895833333333 0.3429423459244533 0.0171875 0.0437375745526839
0 0.27265625 0.3663021868787276 0.0109375 0.03479125248508946
0 0.49166666666666664 0.37624254473161034 0.015625 0.020874751491053677
0 0.75390625 0.3851888667992048 0.0203125 0.020874751491053677
0 0.21979166666666666 0.3836978131212724 0.015625 0.013916500994035786
0 0.47317708333333336 0.415506958250497 0.0078125 0.027833001988071572
0 0.15911458333333334 0.44781312127236583 0.0171875 0.04671968190854871
0 0.2794270833333333 0.43439363817097415 0.0140625 0.015904572564612324
0 0.8375 0.4398608349900596 0.0125 0.02286282306163022
0 0.42578125 0.4547713717693837 0.005729166666666666 0.032803180914512925
0 0.6575520833333334 0.44930417495029823 0.016145833333333335 0.019880715705765408
0 0.4669270833333333 0.46123260437375746 0.021354166666666667 0.02982107355864811
0 0.57265625 0.46222664015904574 0.019270833333333334 0.02982107355864811
0 0.14947916666666666 0.48111332007952284 0.010416666666666666 0.033797216699801194
0 0.44479166666666664 0.4731610337972167 0.014583333333333334 0.017892644135188866
0 0.3697916666666667 0.4955268389662028 0.017708333333333333 0.012922465208747515
0 0.5651041666666666 0.5104373757455268 0.01875 0.04473161033797217
0 0.25078125 0.507455268389662 0.025520833333333333 0.02882703777335984
0 0.12682291666666667 0.5064612326043738 0.021354166666666667 0.018886679920477135
0 0.43255208333333334 0.507455268389662 0.03177083333333333 0.020874751491053677
0 0.39036458333333335 0.5178926441351889 0.013020833333333334 0.033797216699801194
0 0.34921875 0.518389662027833 0.009895833333333333 0.02286282306163022
0 0.41041666666666665 0.5203777335984096 0.005208333333333333 0.02485089463220676
0 0.18697916666666667 0.5318091451292246 0.008333333333333333 0.02982107355864811
0 0.47239583333333335 0.5283300198807157 0.01875 0.018886679920477135
0 0.88125 0.5342942345924453 0.013541666666666667 0.030815109343936383
0 0.3736979166666667 0.5412524850894632 0.015104166666666667 0.0268389662027833
0 0.8 0.5467196819085487 0.016666666666666666 0.033797216699801194
0 0.49921875 0.5427435387673957 0.022395833333333334 0.02186878727634195
0 0.26796875 0.540258449304175 0.0140625 0.012922465208747515
0 0.8377604166666667 0.5601391650099403 0.022395833333333334 0.048707753479125246
0 0.23567708333333334 0.5621272365805169 0.011979166666666667 0.048707753479125246
0 0.4234375 0.5492047713717694 0.015625 0.018886679920477135
0 0.85390625 0.5531809145129225 0.0067708333333333336 0.016898608349900597
0 0.41458333333333336 0.5675944333996024 0.01875 0.03180914512922465
0 0.39921875 0.5839960238568589 0.018229166666666668 0.06063618290258449
0 0.45026041666666666 0.5745526838966203 0.0078125 0.027833001988071572
0 0.27421875 0.5874751491053678 0.0359375 0.03578528827037773
0 0.43671875 0.591948310139165 0.0140625 0.042743538767395624
0 0.46432291666666664 0.584493041749503 0.013020833333333334 0.013916500994035786
0 0.93515625 0.5869781312127237 0.013020833333333334 0.018886679920477135
0 0.34713541666666664 0.6053677932405567 0.0140625 0.02186878727634195
0 0.5536458333333333 0.6038767395626242 0.010416666666666666 0.014910536779324055
0 0.9838541666666667 0.614314115308151 0.015625 0.03777335984095427
0 0.16848958333333333 0.6148111332007953 0.0078125 0.03479125248508946
0 0.42161458333333335 0.6093439363817097 0.0109375 0.019880715705765408
0 0.6078125 0.610337972166998 0.015625 0.019880715705765408
0 0.31927083333333334 0.614314115308151 0.013541666666666667 0.015904572564612324
0 0.47630208333333335 0.6202783300198808 0.019270833333333334 0.017892644135188866
0 0.30182291666666666 0.6192842942345924 0.013020833333333334 0.011928429423459244
0 0.4080729166666667 0.6361829025844931 0.0171875 0.02982107355864811
0 0.1015625 0.6411530815109344 0.017708333333333333 0.02584493041749503
0 0.4317708333333333 0.6426441351888668 0.008333333333333333 0.0268389662027833
0 0.4513020833333333 0.6346918489065606 0.013020833333333334 0.008946322067594433
0 0.06953125 0.6491053677932406 0.0109375 0.02982107355864811
0 0.48515625 0.6421471172962226 0.0140625 0.017892644135188866
0 0.39427083333333335 0.6510934393638171 0.019791666666666666 0.02385685884691849
0 0.46458333333333335 0.6540755467196819 0.014583333333333334 0.013916500994035786
0 0.21328125 0.6590457256461233 0.025520833333333333 0.019880715705765408
0 0.3143229166666667 0.6679920477137177 0.0078125 0.02584493041749503
0 0.41171875 0.6739562624254473 0.0078125 0.02982107355864811
0 0.42526041666666664 0.6719681908548708 0.008854166666666666 0.019880715705765408
0 0.5338541666666666 0.6779324055666004 0.010416666666666666 0.03180914512922465
0 0.475 0.6759443339960238 0.020833333333333332 0.02186878727634195
0 0.7869791666666667 0.6764413518886679 0.011458333333333333 0.010934393638170975
0 0.171875 0.6918489065606361 0.01875 0.03180914512922465
0 0.4354166666666667 0.6824055666003976 0.008333333333333333 0.014910536779324055
0 0.125 0.6968190854870775 0.016666666666666666 0.027833001988071572
0 0.4903645833333333 0.6953280318091452 0.008854166666666666 0.02485089463220676
0 0.29791666666666666 0.6978131212723658 0.011458333333333333 0.02584493041749503
0 0.4783854166666667 0.6988071570576541 0.009895833333333333 0.015904572564612324
0 0.43463541666666666 0.7137176938369781 0.0078125 0.019880715705765408
0 0.3859375 0.7142147117296223 0.0125 0.014910536779324055
0 0.6140625 0.7127236580516899 0.011458333333333333 0.011928429423459244
0 0.35520833333333335 0.7360834990059643 0.015625 0.016898608349900597
0 0.5072916666666667 0.7395626242544732 0.016666666666666666 0.02584493041749503
0 0.5203125 0.7385685884691849 0.008333333333333333 0.019880715705765408
0 0.31328125 0.7385685884691849 0.018229166666666668 0.015904572564612324
0 0.5302083333333333 0.7430417495029821 0.010416666666666666 0.018886679920477135
0 0.00026041666666666666 0.7604373757455268 0.0005208333333333333 0.04970178926441352
0 0.7018229166666666 0.7485089463220675 0.016145833333333335 0.02186878727634195
0 0.396875 0.760934393638171 0.011458333333333333 0.02286282306163022
0 0.5856770833333333 0.7649105367793241 0.0067708333333333336 0.02882703777335984
0 0.3770833333333333 0.760934393638171 0.009375 0.016898608349900597
0 0.8088541666666667 0.76441351888668 0.007291666666666667 0.02385685884691849
0 0.8192708333333333 0.7698807157057654 0.009375 0.02882703777335984
0 0.3450520833333333 0.7847912524850894 0.0203125 0.04671968190854871
0 0.5002604166666667 0.7823061630218688 0.0109375 0.017892644135188866
0 0.184375 0.7872763419483101 0.026041666666666668 0.02385685884691849
0 0.35833333333333334 0.8096421471172962 0.015625 0.0705765407554672
0 0.5489583333333333 0.7892644135188867 0.016666666666666666 0.02982107355864811
0 0.1640625 0.7922465208747514 0.009375 0.027833001988071572
0 0.4171875 0.7862823061630219 0.008333333333333333 0.011928429423459244
0 0.91796875 0.80168986083499 0.011979166666666667 0.02286282306163022
0 0.2828125 0.8215705765407555 0.011458333333333333 0.02882703777335984
0 0.46953125 0.8275347912524851 0.011979166666666667 0.036779324055666
0 0.4265625 0.8285288270377733 0.007291666666666667 0.032803180914512925
0 0.9692708333333333 0.8235586481113321 0.010416666666666666 0.016898608349900597
0 0.6325520833333333 0.8374751491053678 0.0171875 0.02882703777335984
0 0.3763020833333333 0.8429423459244533 0.008854166666666666 0.03180914512922465
0 0.8752604166666667 0.8543737574552683 0.016145833333333335 0.02882703777335984
0 0.8260416666666667 0.8578528827037774 0.011458333333333333 0.02982107355864811
0 0.33619791666666665 0.8548707753479126 0.018229166666666668 0.02186878727634195
0 0.6716145833333333 0.8588469184890656 0.019270833333333334 0.02385685884691849
0 0.8088541666666667 0.8677932405566601 0.021875 0.03777335984095427
0 0.5380208333333333 0.8702783300198808 0.008333333333333333 0.030815109343936383
0 0.5033854166666667 0.8772365805168986 0.013020833333333334 0.020874751491053677
0 0.7627604166666667 0.8797216699801192 0.019270833333333334 0.017892644135188866
0 0.8489583333333334 0.8807157057654076 0.011458333333333333 0.017892644135188866
0 0.19453125 0.9010934393638171 0.0109375 0.032803180914512925
0 0.2526041666666667 0.8921471172962226 0.014583333333333334 0.014910536779324055
0 0.4265625 0.9254473161033797 0.009375 0.04572564612326044
0 0.07109375 0.9279324055666004 0.024479166666666666 0.04671968190854871
0 0.3390625 0.9254473161033797 0.017708333333333333 0.02982107355864811
0 0.40729166666666666 0.9388667992047713 0.010416666666666666 0.02485089463220676
0 0.5208333333333334 0.9453280318091452 0.013541666666666667 0.03777335984095427
0 0.0049479166666666664 0.9642147117296223 0.009895833333333333 0.06958250497017893
0 0.9088541666666666 0.9746520874751491 0.017708333333333333 0.036779324055666
0 0.40208333333333335 0.9756461232604374 0.011458333333333333 0.030815109343936383
0 0.03984375 0.9835984095427436 0.016145833333333335 0.020874751491053677