0 0.9125 0.0064612326043737576 0.023958333333333335 0.012922465208747515
0 0.8908854166666667 0.0034791252485089465 0.011979166666666667 0.006958250497017893
0 0.49609375 0.0034791252485089465 0.025520833333333333 0.006958250497017893
0 0.44453125 0.0014910536779324055 0.044270833333333336 0.002982107355864811
0 0.38984375 0.0064612326043737576 0.011979166666666667 0.012922465208747515
0 0.3653645833333333 0.0034791252485089465 0.0171875 0.006958250497017893
0 0.3489583333333333 0.01242544731610338 0.013541666666666667 0.02485089463220676
0 0.28541666666666665 0.004970178926441352 0.016666666666666666 0.009940357852882704
0 0.26901041666666664 0.0034791252485089465 0.015104166666666667 0.006958250497017893
0 0.07161458333333333 0.0019880715705765406 0.0234375 0.003976143141153081
0 0.04895833333333333 0.0014910536779324055 0.016666666666666666 0.002982107355864811
0 0.017708333333333333 0.0014910536779324055 0.030208333333333334 0.002982107355864811
0 0.5143229166666666 0.014910536779324055 0.016145833333333335 0.015904572564612324
0 0.9953125 0.05467196819085487 0.009375 0.05964214711729622
0 0.30390625 0.03876739562624255 0.009895833333333333 0.015904572564612324
0 0.10625 0.053180914512922464 0.021875 0.020874751491053677
0 0.27395833333333336 0.055168986083499 0.017708333333333333 0.020874751491053677
0 0.7223958333333333 0.08797216699801193 0.0125 0.012922465208747515
0 0.5109375 0.09393638170974156 0.016666666666666666 0.020874751491053677
0 0.5450520833333333 0.12027833001988071 0.0046875 0.02385685884691849
0 0.9984375 0.15656063618290258 0.003125 0.07654075546719682