0 0.22994791666666667 0.010437375745526839 0.011979166666666667 0.020874751491053677
0 0.7747395833333334 0.01143141153081511 0.009895833333333333 0.018886679920477135
0 0.8223958333333333 0.02186878727634195 0.009375 0.02186878727634195
0 0.6809895833333334 0.03330019880715706 0.0067708333333333336 0.03876739562624255
0 0.6513020833333333 0.03876739562624255 0.0067708333333333336 0.02385685884691849
0 0.9294270833333333 0.055168986083499 0.022395833333333334 0.05268389662027833
0 0.9596354166666666 0.04025844930417495 0.0067708333333333336 0.014910536779324055
0 0.7013020833333333 0.052186878727634195 0.005729166666666666 0.02882703777335984
0 0.051041666666666666 0.055168986083499 0.023958333333333335 0.0268389662027833
0 0.6361979166666667 0.05666003976143141 0.005729166666666666 0.027833001988071572
0 0.5080729166666667 0.05765407554671968 0.008854166666666666 0.015904572564612324
0 0.9411458333333333 0.06063618290258449 0.011458333333333333 0.011928429423459244
0 0.90625 0.06461232604373758 0.013541666666666667 0.019880715705765408
0 0.22526041666666666 0.07703777335984095 0.0140625 0.036779324055666
0 0.13020833333333334 0.0805168986083499 0.009375 0.019880715705765408
0 0.10963541666666667 0.08648111332007952 0.0067708333333333336 0.017892644135188866
0 0.9072916666666667 0.10536779324055666 0.013541666666666667 0.02385685884691849
0 0.38697916666666665 0.10536779324055666 0.007291666666666667 0.017892644135188866
0 0.4830729166666667 0.11232604373757456 0.0109375 0.019880715705765408
0 0.17864583333333334 0.1143141153081511 0.010416666666666666 0.02385685884691849
0 0.21328125 0.11679920477137178 0.009895833333333333 0.018886679920477135
0 0.07421875 0.11779324055666004 0.021354166666666667 0.020874751491053677
0 0.6875 0.11779324055666004 0.014583333333333334 0.012922465208747515
0 0.35859375 0.1172962226640159 0.015104166666666667 0.013916500994035786
0 0.43046875 0.12077534791252485 0.0140625 0.010934393638170975
0 0.05807291666666667 0.1272365805168986 0.0109375 0.02385685884691849
0 0.46953125 0.12624254473161034 0.0067708333333333336 0.013916500994035786
0 0.28619791666666666 0.1257455268389662 0.0140625 0.014910536779324055
0 0.14817708333333332 0.13767395626242546 0.009895833333333333 0.02286282306163022
0 0.42890625 0.1441351888667992 0.0067708333333333336 0.017892644135188866
0 0.23385416666666667 0.14165009940357853 0.013541666666666667 0.010934393638170975
0 0.8510416666666667 0.15705765407554673 0.011458333333333333 0.03777335984095427
0 0.009635416666666667 0.1625248508946322 0.018229166666666668 0.0268389662027833
0 0.36171875 0.17892644135188868 0.0067708333333333336 0.02584493041749503
0 0.0765625 0.18588469184890655 0.009375 0.015904572564612324
0 0.2799479166666667 0.1933399602385686 0.005729166666666666 0.020874751491053677
0 0.23645833333333333 0.19035785288270377 0.011458333333333333 0.008946322067594433
0 0.31171875 0.20427435387673956 0.016145833333333335 0.018886679920477135
0 0.5557291666666667 0.20328031809145128 0.010416666666666666 0.010934393638170975
0 0.7111979166666667 0.21222664015904572 0.005729166666666666 0.020874751491053677
0 0.4296875 0.21719681908548708 0.014583333333333334 0.008946322067594433
0 0.21015625 0.21719681908548708 0.009895833333333333 0.008946322067594433
0 0.08020833333333334 0.22564612326043737 0.00625 0.02584493041749503
0 0.8583333333333333 0.24552683896620278 0.009375 0.02584493041749503
0 0.6125 0.23856858846918488 0.010416666666666666 0.013916500994035786
0 0.04453125 0.24204771371769385 0.0078125 0.020874751491053677
0 0.1265625 0.24652087475149106 0.011458333333333333 0.015904572564612324
0 0.5182291666666666 0.2504970178926441 0.016666666666666666 0.02186878727634195
0 0.26145833333333335 0.2624254473161034 0.00625 0.02385685884691849
0 0.40078125 0.2649105367793241 0.015104166666666667 0.008946322067594433
0 0.55703125 0.2738568588469185 0.015104166666666667 0.02485089463220676
0 0.27395833333333336 0.27087475149105367 0.005208333333333333 0.018886679920477135
0 0.24479166666666666 0.2698807157057654 0.00625 0.016898608349900597
0 0.9401041666666666 0.2803180914512923 0.021875 0.027833001988071572
0 0.846875 0.2738568588469185 0.007291666666666667 0.014910536779324055
0 0.2869791666666667 0.294234592445328 0.015625 0.03777335984095427
0 0.18359375 0.2922465208747515 0.015104166666666667 0.013916500994035786
0 0.44453125 0.30168986083499005 0.009895833333333333 0.02485089463220676
0 0.4609375 0.30069582504970177 0.017708333333333333 0.014910536779324055
0 0.5697916666666667 0.31510934393638174 0.007291666666666667 0.02982107355864811
0 0.13255208333333332 0.31858846918489064 0.0234375 0.02286282306163022
0 0.22604166666666667 0.3275347912524851 0.007291666666666667 0.020874751491053677
0 0.10494791666666667 0.3349900596421471 0.0109375 0.03180914512922465
0 0.86328125 0.3404572564612326 0.0234375 0.032803180914512925
0 0.66640625 0.3379721669980119 0.0067708333333333336 0.02584493041749503
0 0.12708333333333333 0.33548707753479123 0.009375 0.014910536779324055
0 0.81953125 0.3364811133200795 0.016145833333333335 0.012922465208747515
0 0.4361979166666667 0.3399602385685885 0.011979166666666667 0.007952286282306162
0 0.9356770833333333 0.3518886679920477 0.0109375 0.02584493041749503
0 0.47552083333333334 0.3523856858846918 0.014583333333333334 0.008946322067594433
0 0.26171875 0.36083499005964215 0.005729166666666666 0.02186878727634195
0 0.3260416666666667 0.3772365805168986 0.01875 0.02286282306163022
0 0.1328125 0.3772365805168986 0.009375 0.02286282306163022
0 0.005208333333333333 0.3911530815109344 0.009375 0.012922465208747515
0 0.234375 0.4070576540755467 0.007291666666666667 0.020874751491053677
0 0.26640625 0.4105367793240557 0.009895833333333333 0.019880715705765408
0 0.024739583333333332 0.415506958250497 0.019270833333333334 0.02186878727634195
0 0.8802083333333334 0.426441351888668 0.009375 0.02584493041749503
0 0.41901041666666666 0.4274353876739563 0.0171875 0.02186878727634195
0 0.008854166666666666 0.4388667992047714 0.016666666666666666 0.030815109343936383
0 0.8067708333333333 0.44880715705765406 0.015625 0.02286282306163022
0 0.25104166666666666 0.44582504970178927 0.013541666666666667 0.016898608349900597
0 0.8197916666666667 0.45825049701789267 0.008333333333333333 0.02385685884691849
0 0.28151041666666665 0.4671968190854871 0.0078125 0.02385685884691849
0 0.39375 0.47365805168986086 0.011458333333333333 0.032803180914512925
0 0.19921875 0.46669980119284293 0.0140625 0.010934393638170975
0 0.0828125 0.4835984095427435 0.030208333333333334 0.03876739562624255
0 0.005989583333333334 0.47962226640159045 0.0109375 0.020874751491053677
0 0.4080729166666667 0.4831013916500994 0.0078125 0.013916500994035786
0 0.35546875 0.4915506958250497 0.0067708333333333336 0.020874751491053677
0 0.4401041666666667 0.4995029821073559 0.010416666666666666 0.012922465208747515
0 0.6591145833333333 0.5099403578528827 0.008854166666666666 0.03180914512922465
0 0.06588541666666667 0.5059642147117296 0.009895833333333333 0.011928429423459244
0 0.19817708333333334 0.5149105367793241 0.0109375 0.02385685884691849
0 0.34401041666666665 0.5129224652087475 0.0140625 0.011928429423459244
0 0.14869791666666668 0.5154075546719682 0.0171875 0.016898608349900597
0 0.02265625 0.5308151093439364 0.033854166666666664 0.04970178926441352
0 0.6791666666666667 0.5308151093439364 0.009375 0.039761431411530816
0 0.3033854166666667 0.5228628230616302 0.009895833333333333 0.017892644135188866
0 0.0484375 0.5228628230616302 0.013541666666666667 0.015904572564612324
0 0.3658854166666667 0.5253479125248509 0.0078125 0.016898608349900597
0 0.79921875 0.5288270377733598 0.0171875 0.015904572564612324
0 0.5356770833333333 0.5427435387673957 0.018229166666666668 0.03777335984095427
0 0.55859375 0.5397614314115308 0.0140625 0.02584493041749503
0 0.22395833333333334 0.5417495029821073 0.013541666666666667 0.009940357852882704
0 0.07447916666666667 0.5506958250497018 0.007291666666666667 0.019880715705765408
0 0.209375 0.5576540755467196 0.014583333333333334 0.009940357852882704
0 0.14114583333333333 0.5666003976143141 0.011458333333333333 0.02584493041749503
0 0.221875 0.5755467196819085 0.017708333333333333 0.03777335984095427
0 0.9268229166666667 0.5710735586481114 0.008854166666666666 0.02286282306163022
0 0.8104166666666667 0.5790258449304175 0.0125 0.032803180914512925
0 0.39348958333333334 0.5715705765407555 0.016145833333333335 0.011928429423459244
0 0.42890625 0.5830019880715706 0.009895833333333333 0.016898608349900597
0 0.465625 0.5964214711729622 0.010416666666666666 0.03578528827037773
0 0.865625 0.5899602385685885 0.010416666666666666 0.018886679920477135
0 0.29609375 0.5864811133200796 0.0171875 0.011928429423459244
0 0.04296875 0.5959244532803181 0.016145833333333335 0.030815109343936383
0 0.94609375 0.591948310139165 0.0140625 0.016898608349900597
0 0.4861979166666667 0.6033797216699801 0.015104166666666667 0.009940357852882704
0 0.62890625 0.6217693836978131 0.005729166666666666 0.03479125248508946
0 0.14140625 0.6098409542743539 0.0140625 0.012922465208747515
0 0.9598958333333333 0.6202783300198808 0.007291666666666667 0.019880715705765408
0 0.05625 0.6207753479125249 0.008333333333333333 0.020874751491053677
0 0.5578125 0.6267395626242545 0.008333333333333333 0.02286282306163022
0 0.25390625 0.6401590457256461 0.016145833333333335 0.033797216699801194
0 0.39401041666666664 0.6336978131212724 0.021354166666666667 0.012922465208747515
0 0.10078125 0.6416500994035785 0.0078125 0.02286282306163022
0 0.7096354166666666 0.6505964214711729 0.016145833333333335 0.02286282306163022
0 0.20364583333333333 0.6585487077534792 0.0125 0.02485089463220676
0 0.4705729166666667 0.6699801192842942 0.0109375 0.03578528827037773
0 0.3890625 0.6605367793240556 0.017708333333333333 0.010934393638170975
0 0.33567708333333335 0.6769383697813122 0.005729166666666666 0.02385685884691849
0 0.07578125 0.6719681908548708 0.0109375 0.013916500994035786
0 0.13984375 0.6928429423459245 0.028645833333333332 0.039761431411530816
0 0.34453125 0.6933399602385686 0.0140625 0.03479125248508946
0 0.48880208333333336 0.6878727634194831 0.015104166666666667 0.017892644135188866
0 0.9356770833333333 0.6918489065606361 0.0171875 0.017892644135188866
0 0.36171875 0.7007952286282306 0.0109375 0.03578528827037773
0 0.28411458333333334 0.6928429423459245 0.0109375 0.019880715705765408
0 0.45625 0.7002982107355865 0.009375 0.02485089463220676
0 0.40338541666666666 0.694831013916501 0.0078125 0.009940357852882704
0 0.47578125 0.7102385685884692 0.013020833333333334 0.008946322067594433
0 0.1578125 0.717196819085487 0.013541666666666667 0.02286282306163022
0 0.8955729166666667 0.7271371769383698 0.0234375 0.03479125248508946
0 0.5026041666666666 0.7301192842942346 0.020833333333333332 0.030815109343936383
0 0.8552083333333333 0.7301192842942346 0.022916666666666665 0.016898608349900597
0 0.3841145833333333 0.742544731610338 0.011979166666666667 0.041749502982107355
0 0.10885416666666667 0.73558648111332 0.013541666666666667 0.019880715705765408
0 0.3346354166666667 0.7470178926441352 0.005729166666666666 0.03479125248508946
0 0.17135416666666667 0.7460238568588469 0.008333333333333333 0.008946322067594433
0 0.9059895833333333 0.7544731610337972 0.011979166666666667 0.017892644135188866
0 0.25104166666666666 0.7579522862823062 0.0125 0.0268389662027833
0 0.2799479166666667 0.7554671968190855 0.0109375 0.015904572564612324
0 0.69921875 0.7773359840954275 0.0203125 0.03578528827037773
0 0.022135416666666668 0.7673956262425448 0.015104166666666667 0.011928429423459244
0 0.94296875 0.7693836978131213 0.013020833333333334 0.011928429423459244
0 0.9317708333333333 0.7962226640159046 0.010416666666666666 0.02982107355864811
0 0.5080729166666667 0.7937375745526839 0.015104166666666667 0.008946322067594433
0 0.39739583333333334 0.8046719681908548 0.014583333333333334 0.032803180914512925
0 0.37213541666666666 0.7997017892644135 0.0078125 0.020874751491053677
0 0.26927083333333335 0.8076540755467196 0.010416666666666666 0.032803180914512925
0 0.31927083333333334 0.8081510934393639 0.005208333333333333 0.03180914512922465
0 0.3421875 0.8076540755467196 0.014583333333333334 0.020874751491053677
0 0.575 0.8180914512922465 0.0125 0.013916500994035786
0 0.3033854166666667 0.8325049701789264 0.015104166666666667 0.04473161033797217
0 0.3578125 0.8255467196819085 0.010416666666666666 0.02485089463220676
0 0.21302083333333333 0.8305168986083499 0.009375 0.02286282306163022
0 0.2872395833333333 0.834493041749503 0.011979166666666667 0.02882703777335984
0 0.42942708333333335 0.8300198807157058 0.013020833333333334 0.007952286282306162
0 0.38307291666666665 0.834493041749503 0.005729166666666666 0.014910536779324055
0 0.7752604166666667 0.8349900596421471 0.013020833333333334 0.013916500994035786
0 0.5703125 0.8404572564612326 0.010416666666666666 0.016898608349900597
0 0.7408854166666666 0.8533797216699801 0.018229166666666668 0.020874751491053677
0 0.32708333333333334 0.8484095427435387 0.008333333333333333 0.010934393638170975
0 0.37161458333333336 0.8533797216699801 0.013020833333333334 0.016898608349900597
0 0.27421875 0.8543737574552683 0.008854166666666666 0.018886679920477135
0 0.9234375 0.8558648111332008 0.008333333333333333 0.019880715705765408
0 0.33098958333333334 0.8658051689860835 0.022395833333333334 0.039761431411530816
0 0.7205729166666667 0.867296222664016 0.0078125 0.032803180914512925
0 0.4046875 0.8956262425447317 0.022916666666666665 0.073558648111332
0 0.5046875 0.8687872763419483 0.009375 0.017892644135188866
0 0.30703125 0.8762425447316103 0.0078125 0.032803180914512925
0 0.19453125 0.867296222664016 0.013020833333333334 0.012922465208747515
0 0.5466145833333333 0.8697813121272365 0.009895833333333333 0.015904572564612324
0 0.4895833333333333 0.8762425447316103 0.009375 0.02485089463220676
0 0.11484375 0.8757455268389662 0.021354166666666667 0.02385685884691849
0 0.4395833333333333 0.8802186878727635 0.011458333333333333 0.02485089463220676
0 0.29348958333333336 0.8836978131212724 0.016145833333333335 0.02385685884691849
0 0.0734375 0.8916500994035785 0.019791666666666666 0.02982107355864811
0 0.3614583333333333 0.9095427435387674 0.022916666666666665 0.05168986083499006
0 0.6984375 0.9010934393638171 0.011458333333333333 0.012922465208747515
0 0.17942708333333332 0.9050695825049702 0.018229166666666668 0.014910536779324055
0 0.49583333333333335 0.9214711729622267 0.01875 0.03180914512922465
0 0.73671875 0.9219681908548708 0.013020833333333334 0.0268389662027833
0 0.290625 0.9214711729622267 0.00625 0.027833001988071572
0 0.55859375 0.918986083499006 0.016145833333333335 0.010934393638170975
0 0.18125 0.9383697813121272 0.011458333333333333 0.019880715705765408
0 0.4583333333333333 0.94831013916501 0.00625 0.02584493041749503
0 0.37395833333333334 0.9468190854870775 0.016666666666666666 0.02286282306163022
0 0.3455729166666667 0.9453280318091452 0.0109375 0.015904572564612324
0 0.4283854166666667 0.9473161033797217 0.011979166666666667 0.015904572564612324
0 0.27395833333333336 0.9617296222664016 0.011458333333333333 0.02485089463220676
0 0.5575520833333333 0.9642147117296223 0.0140625 0.02385685884691849
0 0.5341145833333333 0.9602385685884692 0.016145833333333335 0.011928429423459244
0 0.5822916666666667 0.9612326043737575 0.014583333333333334 0.011928429423459244
0 0.5044270833333333 0.9806163021868787 0.015104166666666667 0.036779324055666
0 0.5268229166666667 0.9796222664015904 0.005729166666666666 0.0268389662027833
0 0.6432291666666666 0.9880715705765407 0.028125 0.02186878727634195
0 0.5466145833333333 0.989065606361829 0.0140625 0.019880715705765408
0 0.34322916666666664 0.9895626242544732 0.010416666666666666 0.018886679920477135
0 0.4473958333333333 0.9935387673956262 0.007291666666666667 0.010934393638170975
0 0.38255208333333335 0.9935387673956262 0.011979166666666667 0.010934393638170975