0 0.16145833333333334 0.005964214711729622 0.159375 0.011928429423459244
0 0.26953125 0.0004970178926441351 0.033854166666666664 0.0009940357852882703
0 0.32526041666666666 0.0004970178926441351 0.07135416666666666 0.0009940357852882703
0 0.46640625 0.13618290258449303 0.011979166666666667 0.033797216699801194
0 0.44921875 0.15357852882703776 0.0171875 0.02286282306163022
0 0.7752604166666667 0.19234592445328033 0.0067708333333333336 0.03876739562624255
0 0.43020833333333336 0.19483101391650098 0.022916666666666665 0.039761431411530816
0 0.7091145833333333 0.21968190854870775 0.009895833333333333 0.02186878727634195
0 0.5151041666666667 0.24353876739562624 0.008333333333333333 0.019880715705765408
0 0.7572916666666667 0.27087475149105367 0.020833333333333332 0.042743538767395624
0 0.53515625 0.268389662027833 0.0109375 0.013916500994035786
0 0.5278645833333333 0.29025844930417494 0.013020833333333334 0.03777335984095427
0 0.8020833333333334 0.3036779324055666 0.017708333333333333 0.06262425447316103
0 0.49765625 0.305168986083499 0.024479166666666666 0.0437375745526839
0 0.37604166666666666 0.29870775347912526 0.017708333333333333 0.02485089463220676
0 0.775 0.3091451292246521 0.011458333333333333 0.039761431411530816
0 0.7403645833333333 0.31560636182902585 0.0140625 0.02485089463220676
0 0.7268229166666667 0.352882703777336 0.011979166666666667 0.03578528827037773
0 0.775 0.3503976143141153 0.005208333333333333 0.016898608349900597
0 0.8322916666666667 0.3628230616302187 0.023958333333333335 0.039761431411530816
0 0.55234375 0.3836978131212724 0.013020833333333334 0.02186878727634195
0 0.6950520833333333 0.4110337972166998 0.018229166666666668 0.02286282306163022
0 0.4901041666666667 0.4125248508946322 0.0125 0.015904572564612324
0 0.74296875 0.4408548707753479 0.021354166666666667 0.02485089463220676
0 0.73046875 0.6973161033797217 0.013020833333333334 0.030815109343936383
0 0.5122395833333333 0.7326043737574552 0.03177083333333333 0.06759443339960239
0 0.7083333333333334 0.7201789264413518 0.008333333333333333 0.018886679920477135
0 0.34296875 0.7261431411530815 0.0067708333333333336 0.016898608349900597
0 0.7067708333333333 0.7564612326043738 0.021875 0.04572564612326044
0 0.5239583333333333 0.7803180914512923 0.010416666666666666 0.02385685884691849
0 0.5385416666666667 0.7837972166998012 0.010416666666666666 0.02286282306163022
0 0.7270833333333333 0.8081510934393639 0.01875 0.02385685884691849
0 0.6559895833333333 0.8275347912524851 0.0140625 0.03479125248508946
0 0.515625 0.8359840954274353 0.009375 0.0437375745526839
0 0.5440104166666667 0.8290258449304175 0.0171875 0.02584493041749503
0 0.8416666666666667 0.8404572564612326 0.029166666666666667 0.03479125248508946
0 0.4934895833333333 0.8489065606361829 0.021354166666666667 0.03578528827037773
0 0.8869791666666667 0.8573558648111332 0.017708333333333333 0.020874751491053677
0 0.6838541666666667 0.8667992047713717 0.017708333333333333 0.03777335984095427
0 0.6544270833333333 0.8633200795228628 0.013020833333333334 0.0268389662027833
0 0.6161458333333333 0.8916500994035785 0.017708333333333333 0.05964214711729622
0 0.8723958333333334 0.8762425447316103 0.0125 0.02286282306163022
0 0.7171875 0.8966202783300199 0.009375 0.017892644135188866
0 0.6927083333333334 0.9234592445328031 0.022916666666666665 0.04572564612326044
0 0.5427083333333333 0.9418489065606361 0.0375 0.04473161033797217
0 0.89140625 0.9473161033797217 0.013020833333333334 0.0536779324055666
0 0.5776041666666667 0.9502982107355865 0.025 0.04970178926441352
0 0.7841145833333333 0.9612326043737575 0.019270833333333334 0.02186878727634195
0 0.63671875 0.9786282306163022 0.018229166666666668 0.040755467196819085
0 0.5432291666666667 0.9776341948310139 0.015625 0.02485089463220676
0 0.68671875 0.9831013916500994 0.008854166666666666 0.03180914512922465
0 0.8911458333333333 0.9835984095427436 0.028125 0.030815109343936383
0 0.5205729166666667 0.9895626242544732 0.013020833333333334 0.018886679920477135