0 0.37578125 0.01242544731610338 0.021354166666666667 0.02485089463220676
0 0.028125 0.05019880715705766 0.023958333333333335 0.06262425447316103
0 0.3424479166666667 0.03876739562624255 0.005729166666666666 0.013916500994035786
0 0.4088541666666667 0.0621272365805169 0.005208333333333333 0.014910536779324055
0 0.28932291666666665 0.07554671968190854 0.005729166666666666 0.017892644135188866
0 0.27057291666666666 0.07554671968190854 0.011979166666666667 0.011928429423459244
0 0.39895833333333336 0.07852882703777336 0.009375 0.019880715705765408
0 0.8072916666666666 0.09145129224652088 0.011458333333333333 0.041749502982107355
0 0.22265625 0.08846918489065607 0.021354166666666667 0.02385685884691849
0 0.29453125 0.09940357852882704 0.009895833333333333 0.02584493041749503
0 0.3958333333333333 0.10387673956262425 0.013541666666666667 0.02286282306163022
0 0.40729166666666666 0.12176938369781312 0.0125 0.018886679920477135
0 0.6294270833333333 0.13369781312127235 0.033854166666666664 0.042743538767395624
0 0.28958333333333336 0.1466202783300199 0.013541666666666667 0.040755467196819085
0 0.9828125 0.1610337972166998 0.019791666666666666 0.02982107355864811
0 0.26015625 0.16500994035785288 0.028645833333333332 0.02982107355864811
0 0.6244791666666667 0.1749502982107356 0.00625 0.039761431411530816
0 0.34401041666666665 0.1794234592445328 0.0078125 0.02882703777335984
0 0.81953125 0.2062624254473161 0.013020833333333334 0.040755467196819085
0 0.40859375 0.21222664015904572 0.013020833333333334 0.03876739562624255
0 0.3731770833333333 0.2216699801192843 0.0171875 0.041749502982107355
0 0.2890625 0.22415506958250497 0.020833333333333332 0.036779324055666
0 0.12239583333333333 0.2360834990059642 0.0125 0.05666003976143141
0 0.35651041666666666 0.24055666003976142 0.018229166666666668 0.02186878727634195
0 0.36953125 0.2485089463220676 0.009895833333333333 0.015904572564612324
0 0.2643229166666667 0.2803180914512923 0.0140625 0.041749502982107355
0 0.3567708333333333 0.2768389662027833 0.013541666666666667 0.014910536779324055
0 0.7283854166666667 0.2813121272365805 0.025520833333333333 0.019880715705765408
0 0.31145833333333334 0.2922465208747515 0.0125 0.03578528827037773
0 0.20052083333333334 0.2828031809145129 0.009375 0.010934393638170975
0 0.96484375 0.28578528827037775 0.0078125 0.016898608349900597
0 0.37942708333333336 0.297713717693837 0.0078125 0.03479125248508946
0 0.35963541666666665 0.308648111332008 0.0171875 0.014910536779324055
0 0.2682291666666667 0.3275347912524851 0.010416666666666666 0.040755467196819085
0 0.23098958333333333 0.34642147117296224 0.013020833333333334 0.030815109343936383
0 0.38697916666666665 0.3523856858846918 0.013541666666666667 0.02286282306163022
0 0.7255208333333333 0.3628230616302187 0.011458333333333333 0.041749502982107355
0 0.3072916666666667 0.35685884691848907 0.0125 0.02385685884691849
0 0.3143229166666667 0.3926441351888668 0.0265625 0.02584493041749503
0 0.2708333333333333 0.40506958250497016 0.019791666666666666 0.030815109343936383
0 0.7072916666666667 0.41848906560636184 0.021875 0.041749502982107355
0 0.8044270833333333 0.408051689860835 0.0109375 0.02286282306163022
0 0.4010416666666667 0.4234592445328032 0.015625 0.033797216699801194
0 0.42083333333333334 0.41848906560636184 0.00625 0.015904572564612324
0 0.46953125 0.41848906560636184 0.016145833333333335 0.015904572564612324
0 0.175 0.43290258449304175 0.022916666666666665 0.0268389662027833
0 0.35911458333333335 0.43588469184890655 0.008854166666666666 0.020874751491053677
0 0.4515625 0.4393638170974155 0.0125 0.027833001988071572
0 0.03463541666666667 0.44433399602385687 0.022395833333333334 0.02385685884691849
0 0.6783854166666666 0.4438369781312127 0.008854166666666666 0.014910536779324055
0 0.2903645833333333 0.4542743538767396 0.009895833333333333 0.02584493041749503
0 0.6638020833333333 0.44831013916500995 0.0067708333333333336 0.013916500994035786
0 0.8895833333333333 0.44731610337972166 0.009375 0.011928429423459244
0 0.3260416666666667 0.47564612326043737 0.008333333333333333 0.008946322067594433
0 0.30130208333333336 0.48061630218687873 0.008854166666666666 0.014910536779324055
0 0.44114583333333335 0.48906560636182905 0.0125 0.02584493041749503
0 0.14140625 0.5039761431411531 0.0203125 0.019880715705765408
0 0.5875 0.5188866799204771 0.030208333333333334 0.04970178926441352
0 0.3260416666666667 0.5223658051689861 0.019791666666666666 0.02882703777335984
0 0.03515625 0.5452286282306164 0.011979166666666667 0.036779324055666
0 0.37864583333333335 0.5526838966202783 0.009375 0.009940357852882704
0 0.7140625 0.5666003976143141 0.027083333333333334 0.02385685884691849
0 0.21536458333333333 0.5730616302186878 0.013020833333333334 0.03479125248508946
0 0.4934895833333333 0.5864811133200796 0.0078125 0.03777335984095427
0 0.32447916666666665 0.5820079522862823 0.007291666666666667 0.020874751491053677
0 0.20286458333333332 0.5830019880715706 0.0109375 0.016898608349900597
0 0.23723958333333334 0.5839960238568589 0.0171875 0.020874751491053677
0 0.41744791666666664 0.5949304174950298 0.008854166666666666 0.020874751491053677
0 0.38567708333333334 0.5989065606361829 0.021354166666666667 0.020874751491053677
0 0.5317708333333333 0.5969184890656064 0.016666666666666666 0.016898608349900597
0 0.2760416666666667 0.6073558648111332 0.022916666666666665 0.03578528827037773
0 0.42604166666666665 0.6073558648111332 0.011458333333333333 0.027833001988071572
0 0.7950520833333333 0.6187872763419483 0.0067708333333333336 0.032803180914512925
0 0.3651041666666667 0.6217693836978131 0.013541666666666667 0.0268389662027833
0 0.19947916666666668 0.6406560636182903 0.020833333333333332 0.03479125248508946
0 0.26119791666666664 0.6496023856858847 0.0171875 0.030815109343936383
0 0.039322916666666666 0.6540755467196819 0.0234375 0.02584493041749503
0 0.3015625 0.6684890656063618 0.01875 0.03876739562624255
0 0.47239583333333335 0.6719681908548708 0.005208333333333333 0.027833001988071572
0 0.34739583333333335 0.6665009940357853 0.007291666666666667 0.012922465208747515
0 0.12994791666666666 0.7037773359840954 0.009895833333333333 0.02982107355864811
0 0.96171875 0.7087475149105368 0.019270833333333334 0.027833001988071572
0 0.17890625 0.702286282306163 0.0171875 0.010934393638170975
0 0.1625 0.7176938369781312 0.019791666666666666 0.03777335984095427
0 0.34661458333333334 0.7142147117296223 0.0109375 0.016898608349900597
0 0.2752604166666667 0.7191848906560636 0.018229166666666668 0.018886679920477135
0 0.31744791666666666 0.7296222664015904 0.015104166666666667 0.03180914512922465
0 0.4828125 0.7271371769383698 0.010416666666666666 0.02485089463220676
0 0.4036458333333333 0.7410536779324056 0.008333333333333333 0.036779324055666
0 0.41770833333333335 0.7345924453280318 0.009375 0.013916500994035786
0 0.44192708333333336 0.7460238568588469 0.0203125 0.03876739562624255
0 0.1515625 0.7688866799204771 0.019791666666666666 0.04473161033797217
0 0.384375 0.7659045725646123 0.01875 0.032803180914512925
0 0.5158854166666667 0.7569582504970179 0.0203125 0.012922465208747515
0 0.5421875 0.7688866799204771 0.015625 0.02882703777335984
0 0.65546875 0.7664015904572564 0.018229166666666668 0.017892644135188866
0 0.3567708333333333 0.7738568588469185 0.015625 0.020874751491053677
0 0.33697916666666666 0.7872763419483101 0.0125 0.0437375745526839
0 0.29401041666666666 0.7793240556660039 0.0140625 0.009940357852882704
0 0.5528645833333333 0.8041749502982107 0.0067708333333333336 0.011928429423459244
0 0.20598958333333334 0.8260437375745527 0.011979166666666667 0.03578528827037773
0 0.9893229166666667 0.827037773359841 0.0203125 0.027833001988071572
0 0.90859375 0.8285288270377733 0.0140625 0.020874751491053677
0 0.6158854166666666 0.8354870775347912 0.0140625 0.02882703777335984
0 0.27682291666666664 0.8374751491053678 0.0140625 0.030815109343936383
0 0.33619791666666665 0.8618290258449304 0.008854166666666666 0.05168986083499006
0 0.4778645833333333 0.8464214711729622 0.0171875 0.016898608349900597
0 0.6403645833333333 0.8633200795228628 0.0109375 0.03479125248508946
0 0.5356770833333333 0.8926441351888668 0.03177083333333333 0.04970178926441352
0 0.6234375 0.885685884691849 0.00625 0.03180914512922465
0 0.29635416666666664 0.9065606361829026 0.015625 0.03578528827037773
0 0.41692708333333334 0.9020874751491054 0.018229166666666668 0.02485089463220676
0 0.36796875 0.9209741550695825 0.018229166666666668 0.03479125248508946
0 0.8861979166666667 0.9264413518886679 0.005729166666666666 0.02584493041749503
0 0.7072916666666667 0.944831013916501 0.015625 0.042743538767395624
0 0.4825520833333333 0.9358846918489065 0.019270833333333334 0.012922465208747515
0 0.8520833333333333 0.9453280318091452 0.013541666666666667 0.03180914512922465
0 0.8744791666666667 0.959741550695825 0.019791666666666666 0.018886679920477135
0 0.07994791666666666 0.9686878727634195 0.025520833333333333 0.02286282306163022
0 0.89453125 0.974155069582505 0.0171875 0.02982107355864811
0 0.246875 0.9850894632206759 0.00625 0.027833001988071572
0 0.17630208333333333 0.9945328031809145 0.018229166666666668 0.008946322067594433
0 0.58671875 0.9945328031809145 0.0078125 0.008946322067594433