0 0.15963541666666667 0.012922465208747515 0.0109375 0.02584493041749503
0 0.14088541666666668 0.0054671968190854875 0.0140625 0.010934393638170975
0 0.125 0.03180914512922465 0.010416666666666666 0.02982107355864811
0 0.2791666666666667 0.03876739562624255 0.009375 0.02385685884691849
0 0.9390625 0.04125248508946322 0.021875 0.02485089463220676
0 0.09088541666666666 0.04771371769383698 0.009895833333333333 0.02584493041749503
0 0.7580729166666667 0.05864811133200795 0.013020833333333334 0.009940357852882704
0 0.9859375 0.11133200795228629 0.028125 0.0636182902584493
0 0.33619791666666665 0.11481113320079522 0.0203125 0.0268389662027833
0 0.8020833333333334 0.1411530815109344 0.013541666666666667 0.055666003976143144
0 0.22005208333333334 0.1317097415506958 0.0109375 0.02485089463220676
0 0.7640625 0.15656063618290258 0.014583333333333334 0.018886679920477135
0 0.0033854166666666668 0.1794234592445328 0.005729166666666666 0.042743538767395624
0 0.3104166666666667 0.21272365805168986 0.009375 0.04572564612326044
0 0.6932291666666667 0.22266401590457258 0.009375 0.041749502982107355
0 0.340625 0.22216699801192843 0.005208333333333333 0.02882703777335984
0 0.40598958333333335 0.2504970178926441 0.0078125 0.02982107355864811
0 0.3171875 0.24900596421471172 0.009375 0.0268389662027833
0 0.33880208333333334 0.25 0.011979166666666667 0.02485089463220676
0 0.5731770833333333 0.2539761431411531 0.009895833333333333 0.02286282306163022
0 0.5809895833333333 0.2952286282306163 0.019270833333333334 0.03180914512922465
0 0.5057291666666667 0.3190854870775348 0.016666666666666666 0.04771371769383698
0 0.11145833333333334 0.3275347912524851 0.0125 0.048707753479125246
0 0.4153645833333333 0.3195825049701789 0.022395833333333334 0.014910536779324055
0 0.14661458333333333 0.34393638170974156 0.025520833333333333 0.0536779324055666
0 0.6088541666666667 0.3334990059642147 0.005208333333333333 0.02882703777335984
0 0.8546875 0.33548707753479123 0.007291666666666667 0.0268389662027833
0 0.8010416666666667 0.34095427435387676 0.0125 0.03578528827037773
0 0.68046875 0.33399602385685884 0.0171875 0.015904572564612324
0 0.7684895833333333 0.35984095427435386 0.009895833333333333 0.019880715705765408
0 0.48854166666666665 0.35934393638170975 0.016666666666666666 0.018886679920477135
0 0.6078125 0.3667992047713718 0.016666666666666666 0.009940357852882704
0 0.5768229166666666 0.38469184890656066 0.015104166666666667 0.03578528827037773
0 0.6182291666666667 0.3926441351888668 0.00625 0.019880715705765408
0 0.48411458333333335 0.3941351888667992 0.013020833333333334 0.020874751491053677
0 0.7033854166666667 0.397117296222664 0.0171875 0.02286282306163022
0 0.6752604166666667 0.40059642147117297 0.0140625 0.02982107355864811
0 0.7213541666666666 0.42047713717693835 0.022916666666666665 0.041749502982107355
0 0.6255208333333333 0.4194831013916501 0.009375 0.03777335984095427
0 0.5513020833333333 0.4194831013916501 0.0078125 0.017892644135188866
0 0.32838541666666665 0.4254473161033797 0.018229166666666668 0.019880715705765408
0 0.017708333333333333 0.42296222664015903 0.034375 0.014910536779324055
0 0.5848958333333333 0.44433399602385687 0.015625 0.017892644135188866
0 0.16328125 0.44880715705765406 0.021354166666666667 0.014910536779324055
0 0.5171875 0.46073558648111335 0.015625 0.036779324055666
0 0.6216145833333333 0.4537773359840954 0.0140625 0.016898608349900597
0 0.5338541666666666 0.4617296222664016 0.00625 0.02882703777335984
0 0.34921875 0.4617296222664016 0.008854166666666666 0.012922465208747515
0 0.56015625 0.470675944333996 0.009895833333333333 0.020874751491053677
0 0.35546875 0.4746520874751491 0.0078125 0.012922465208747515
0 0.7817708333333333 0.4865805168986084 0.013541666666666667 0.018886679920477135
0 0.5322916666666667 0.4870775347912525 0.011458333333333333 0.009940357852882704
0 0.6119791666666666 0.4995029821073559 0.016666666666666666 0.018886679920477135
0 0.20182291666666666 0.5034791252485089 0.019270833333333334 0.014910536779324055
0 0.8872395833333333 0.518389662027833 0.0171875 0.02882703777335984
0 0.5200520833333333 0.5278330019880716 0.018229166666666668 0.039761431411530816
0 0.5671875 0.5213717693836978 0.013541666666666667 0.018886679920477135
0 0.58515625 0.5447316103379721 0.008854166666666666 0.039761431411530816
0 0.6611979166666667 0.5437375745526839 0.005729166666666666 0.02982107355864811
0 0.00546875 0.5596421471172962 0.009895833333333333 0.0636182902584493
0 0.5986979166666667 0.5636182902584493 0.016145833333333335 0.03180914512922465
0 0.7125 0.5725646123260437 0.011458333333333333 0.02982107355864811
0 0.7614583333333333 0.5805168986083499 0.008333333333333333 0.02982107355864811
0 0.8341145833333333 0.5899602385685885 0.0109375 0.04473161033797217
0 0.5856770833333333 0.5854870775347912 0.016145833333333335 0.033797216699801194
0 0.5361979166666667 0.5805168986083499 0.0078125 0.02584493041749503
0 0.21510416666666668 0.5760437375745527 0.008333333333333333 0.014910536779324055
0 0.7356770833333334 0.5785288270377733 0.016145833333333335 0.011928429423459244
0 0.075 0.5904572564612326 0.022916666666666665 0.033797216699801194
0 0.5481770833333334 0.591948310139165 0.009895833333333333 0.02882703777335984
0 0.6046875 0.5924453280318092 0.011458333333333333 0.02584493041749503
0 0.5651041666666666 0.5924453280318092 0.011458333333333333 0.02584493041749503
0 0.5390625 0.6018886679920478 0.00625 0.012922465208747515
0 0.45598958333333334 0.6038767395626242 0.005729166666666666 0.014910536779324055
0 0.5828125 0.6148111332007953 0.011458333333333333 0.016898608349900597
0 0.6010416666666667 0.6247514910536779 0.010416666666666666 0.02286282306163022
0 0.8869791666666667 0.632703777335984 0.027083333333333334 0.030815109343936383
0 0.22578125 0.6376739562624254 0.015104166666666667 0.03876739562624255
0 0.37734375 0.6391650099403579 0.009895833333333333 0.039761431411530816
0 0.5130208333333334 0.6436381709741551 0.029166666666666667 0.042743538767395624
0 0.58515625 0.6391650099403579 0.018229166666666668 0.02186878727634195
0 0.79609375 0.6466202783300199 0.008854166666666666 0.02286282306163022
0 0.6971354166666667 0.6505964214711729 0.0067708333333333336 0.02485089463220676
0 0.7338541666666667 0.6650099403578529 0.014583333333333334 0.02584493041749503
0 0.4622395833333333 0.6674950298210736 0.008854166666666666 0.020874751491053677
0 0.090625 0.6679920477137177 0.015625 0.015904572564612324
0 0.578125 0.6858846918489065 0.017708333333333333 0.04970178926441352
0 0.5325520833333334 0.6734592445328031 0.0067708333333333336 0.016898608349900597
0 0.4859375 0.6908548707753479 0.015625 0.033797216699801194
0 0.0067708333333333336 0.6888667992047713 0.0125 0.02982107355864811
0 0.45703125 0.68389662027833 0.0067708333333333336 0.011928429423459244
0 0.24609375 0.7047713717693836 0.0171875 0.055666003976143144
0 0.44479166666666664 0.6898608349900597 0.013541666666666667 0.017892644135188866
0 0.6341145833333334 0.7012922465208747 0.0140625 0.010934393638170975
0 0.42682291666666666 0.7077534791252486 0.015104166666666667 0.02186878727634195
0 0.33307291666666666 0.7162027833001988 0.005729166666666666 0.03479125248508946
0 0.5109375 0.7331013916500994 0.01875 0.02485089463220676
0 0.634375 0.7296222664015904 0.013541666666666667 0.009940357852882704
0 0.5666666666666667 0.7321073558648111 0.021875 0.012922465208747515
0 0.4625 0.7365805168986084 0.009375 0.02385685884691849
0 0.18203125 0.7370775347912525 0.005729166666666666 0.02485089463220676
0 0.53671875 0.7385685884691849 0.0046875 0.02385685884691849
0 0.35572916666666665 0.7410536779324056 0.011458333333333333 0.0268389662027833
0 0.16927083333333334 0.7519880715705766 0.011458333333333333 0.02882703777335984
0 0.6408854166666667 0.7509940357852882 0.008854166666666666 0.016898608349900597
0 0.5565104166666667 0.7634194831013916 0.0203125 0.027833001988071572
0 0.44895833333333335 0.7688866799204771 0.009375 0.032803180914512925
0 0.6223958333333334 0.7862823061630219 0.007291666666666667 0.033797216699801194
0 0.48463541666666665 0.794234592445328 0.008854166666666666 0.02584493041749503
0 0.13333333333333333 0.7892644135188867 0.010416666666666666 0.017892644135188866
0 0.9106770833333333 0.81610337972167 0.022395833333333334 0.041749502982107355
0 0.37838541666666664 0.8031809145129225 0.019270833333333334 0.015904572564612324
0 0.5190104166666667 0.8066600397614314 0.011979166666666667 0.018886679920477135
0 0.540625 0.8215705765407555 0.017708333333333333 0.042743538767395624
0 0.40703125 0.8151093439363817 0.0171875 0.011928429423459244
0 0.05078125 0.8369781312127237 0.018229166666666668 0.033797216699801194
0 0.6510416666666666 0.8359840954274353 0.01875 0.013916500994035786
0 0.1546875 0.8399602385685885 0.0125 0.019880715705765408
0 0.17135416666666667 0.8494035785288271 0.025 0.02882703777335984
0 0.5606770833333333 0.8508946322067594 0.0140625 0.02186878727634195
0 0.51328125 0.8474155069582505 0.0140625 0.010934393638170975
0 0.6263020833333334 0.860337972166998 0.011979166666666667 0.030815109343936383
0 0.44869791666666664 0.8682902584493042 0.008854166666666666 0.04671968190854871
0 0.3684895833333333 0.8573558648111332 0.018229166666666668 0.020874751491053677
0 0.53125 0.8573558648111332 0.011458333333333333 0.012922465208747515
0 0.5955729166666667 0.8692842942345924 0.009895833333333333 0.03479125248508946
0 0.240625 0.8663021868787276 0.015625 0.018886679920477135
0 0.3828125 0.889662027833002 0.010416666666666666 0.02584493041749503
0 0.5653645833333333 0.893141153081511 0.0046875 0.0268389662027833
0 0.6903645833333333 0.9000994035785288 0.021354166666666667 0.0268389662027833
0 0.050520833333333334 0.8916500994035785 0.008333333333333333 0.009940357852882704
0 0.5908854166666667 0.9160039761431411 0.005729166666666666 0.03479125248508946
0 0.60703125 0.9169980119284294 0.005729166666666666 0.030815109343936383
0 0.7130208333333333 0.9358846918489065 0.007291666666666667 0.032803180914512925
0 0.03802083333333333 0.9577534791252486 0.019791666666666666 0.036779324055666
0 0.24375 0.959741550695825 0.007291666666666667 0.03479125248508946
0 0.06640625 0.9691848906560636 0.028645833333333332 0.03777335984095427
0 0.6942708333333333 0.9622266401590457 0.016666666666666666 0.015904572564612324
0 0.6369791666666667 0.9781312127236581 0.008333333333333333 0.033797216699801194
0 0.9622395833333334 0.9880715705765407 0.008854166666666666 0.02186878727634195
0 0.7265625 0.9880715705765407 0.004166666666666667 0.02186878727634195