0 0.4578125 0.013916500994035786 0.014583333333333334 0.027833001988071572
0 0.48385416666666664 0.017892644135188866 0.014583333333333334 0.03578528827037773
0 0.5479166666666667 0.010437375745526839 0.021875 0.020874751491053677
0 0.6776041666666667 0.009443339960238568 0.008333333333333333 0.010934393638170975
0 0.5309895833333333 0.030815109343936383 0.0109375 0.02982107355864811
0 0.5049479166666667 0.02982107355864811 0.016145833333333335 0.02584493041749503
0 0.5497395833333333 0.045228628230616304 0.013020833333333334 0.036779324055666
0 0.47161458333333334 0.04821073558648111 0.033854166666666664 0.03876739562624255
0 0.07057291666666667 0.05268389662027833 0.024479166666666666 0.03180914512922465
0 0.7127604166666667 0.06312127236580517 0.0109375 0.02882703777335984
0 0.6421875 0.08151093439363817 0.010416666666666666 0.033797216699801194
0 0.44479166666666664 0.08797216699801193 0.017708333333333333 0.020874751491053677
0 0.60234375 0.10089463220675944 0.016145833333333335 0.04671968190854871
0 0.7057291666666666 0.09095427435387674 0.017708333333333333 0.018886679920477135
0 0.25703125 0.10188866799204771 0.019270833333333334 0.012922465208747515
0 0.7197916666666667 0.10337972166998012 0.005208333333333333 0.013916500994035786
0 0.7739583333333333 0.11282306163021869 0.021875 0.02485089463220676
0 0.4270833333333333 0.11928429423459244 0.0125 0.02186878727634195
0 0.5002604166666667 0.12972166998011928 0.022395833333333334 0.018886679920477135
0 0.340625 0.13667992047713717 0.017708333333333333 0.014910536779324055
0 0.6596354166666667 0.14910536779324055 0.011979166666666667 0.03180914512922465
0 0.6080729166666666 0.15357852882703776 0.009895833333333333 0.03876739562624255
0 0.9401041666666666 0.16053677932405566 0.014583333333333334 0.03479125248508946
0 0.4895833333333333 0.1540755467196819 0.009375 0.011928429423459244
0 0.31588541666666664 0.16749502982107356 0.011979166666666667 0.02485089463220676
0 0.6255208333333333 0.18041749502982107 0.01875 0.042743538767395624
0 0.41822916666666665 0.18439363817097415 0.009375 0.040755467196819085
0 0.5807291666666666 0.18737574552683897 0.019791666666666666 0.02286282306163022
0 0.65078125 0.19234592445328033 0.009895833333333333 0.030815109343936383
0 0.496875 0.19483101391650098 0.017708333333333333 0.02584493041749503
0 0.453125 0.1933399602385686 0.008333333333333333 0.018886679920477135
0 0.43411458333333336 0.1978131212723658 0.013020833333333334 0.019880715705765408
0 0.6057291666666667 0.2117296222664016 0.008333333333333333 0.03578528827037773
0 0.48723958333333334 0.21073558648111332 0.008854166666666666 0.02584493041749503
0 0.5286458333333334 0.2201789264413519 0.011458333333333333 0.016898608349900597
0 0.5471354166666667 0.22117296222664015 0.0078125 0.016898608349900597
0 0.7559895833333333 0.23161033797216699 0.019270833333333334 0.03578528827037773
0 0.5052083333333334 0.22266401590457258 0.007291666666666667 0.011928429423459244
0 0.5747395833333333 0.24353876739562624 0.0109375 0.02982107355864811
0 0.08307291666666666 0.2529821073558648 0.015104166666666667 0.030815109343936383
0 0.3723958333333333 0.2584493041749503 0.01875 0.03777335984095427
0 0.4864583333333333 0.2554671968190855 0.013541666666666667 0.027833001988071572
0 0.6776041666666667 0.2539761431411531 0.009375 0.020874751491053677
0 0.7875 0.2629224652087475 0.030208333333333334 0.036779324055666
0 0.5166666666666667 0.2634194831013916 0.020833333333333332 0.03180914512922465
0 0.5854166666666667 0.2673956262425447 0.007291666666666667 0.02385685884691849
0 0.6057291666666667 0.2664015904572565 0.010416666666666666 0.019880715705765408
0 0.5697916666666667 0.268389662027833 0.016666666666666666 0.015904572564612324
0 0.646875 0.28180914512922467 0.015625 0.03876739562624255
0 0.5421875 0.2753479125248509 0.009375 0.009940357852882704
0 0.06796875 0.2798210735586481 0.0078125 0.016898608349900597
0 0.6111979166666667 0.2992047713717694 0.018229166666666668 0.055666003976143144
0 0.5276041666666667 0.28926441351888665 0.011458333333333333 0.02584493041749503
0 0.5736979166666667 0.2897614314115308 0.005729166666666666 0.014910536779324055
0 0.07526041666666666 0.2922465208747515 0.0067708333333333336 0.013916500994035786
0 0.3703125 0.305168986083499 0.025 0.039761431411530816
0 0.09010416666666667 0.3091451292246521 0.019791666666666666 0.02982107355864811
0 0.47291666666666665 0.3071570576540755 0.01875 0.02385685884691849
0 0.07317708333333334 0.32554671968190857 0.019270833333333334 0.04473161033797217
0 0.31666666666666665 0.3205765407554672 0.010416666666666666 0.03479125248508946
0 0.5364583333333334 0.3195825049701789 0.010416666666666666 0.030815109343936383
0 0.33151041666666664 0.334493041749503 0.019270833333333334 0.03479125248508946
0 0.6307291666666667 0.34443339960238567 0.025 0.05467196819085487
0 0.6869791666666667 0.3364811133200795 0.023958333333333335 0.02882703777335984
0 0.059375 0.3359840954274354 0.013541666666666667 0.02385685884691849
0 0.5481770833333334 0.3349900596421471 0.0109375 0.02385685884691849
0 0.9041666666666667 0.34244532803180916 0.015625 0.0268389662027833
0 0.11458333333333333 0.3548707753479125 0.015625 0.02584493041749503
0 0.6536458333333334 0.36381709741550694 0.014583333333333334 0.039761431411530816
0 0.51015625 0.37524850894632206 0.018229166666666668 0.042743538767395624
0 0.71484375 0.38817097415506957 0.019270833333333334 0.06858846918489066
0 0.7973958333333333 0.35934393638170975 0.007291666666666667 0.012922465208747515
0 0.6890625 0.37226640159045726 0.020833333333333332 0.02882703777335984
0 0.7684895833333333 0.3836978131212724 0.0296875 0.04970178926441352
0 0.80859375 0.3717693836978131 0.011979166666666667 0.015904572564612324
0 0.6153645833333333 0.3856858846918489 0.0046875 0.019880715705765408
0 0.5794270833333334 0.3911530815109344 0.011979166666666667 0.012922465208747515
0 0.56875 0.4070576540755467 0.017708333333333333 0.036779324055666
0 0.5989583333333334 0.40059642147117297 0.011458333333333333 0.02385685884691849
0 0.33671875 0.3986083499005964 0.0171875 0.015904572564612324
0 0.28151041666666665 0.4120278330019881 0.011979166666666667 0.032803180914512925
0 0.36328125 0.4115308151093439 0.0171875 0.019880715705765408
0 0.4783854166666667 0.4150099403578529 0.013020833333333334 0.02882703777335984
0 0.6223958333333334 0.4165009940357853 0.008333333333333333 0.015904572564612324
0 0.7609375 0.4224652087475149 0.015625 0.027833001988071572
0 0.49921875 0.4259443339960239 0.016145833333333335 0.018886679920477135
0 0.8041666666666667 0.4423459244532803 0.017708333333333333 0.05168986083499006
0 0.57890625 0.44831013916500995 0.018229166666666668 0.03578528827037773
0 0.6338541666666667 0.46123260437375746 0.0125 0.019880715705765408
0 0.83046875 0.47862823061630216 0.018229166666666668 0.040755467196819085
0 0.08333333333333333 0.4860834990059642 0.025 0.02982107355864811
0 0.23645833333333333 0.5173956262425448 0.011458333333333333 0.040755467196819085
0 0.6421875 0.5054671968190855 0.011458333333333333 0.018886679920477135
0 0.8598958333333333 0.51441351888668 0.0125 0.02882703777335984
0 0.6138020833333333 0.5188866799204771 0.0203125 0.019880715705765408
0 0.5958333333333333 0.5337972166998012 0.017708333333333333 0.011928429423459244
0 0.6552083333333333 0.5392644135188867 0.010416666666666666 0.020874751491053677
0 0.54296875 0.5447316103379721 0.027604166666666666 0.02584493041749503
0 0.40677083333333336 0.5606361829025845 0.011458333333333333 0.039761431411530816
0 0.4859375 0.5521868787276342 0.0125 0.008946322067594433
0 0.8078125 0.5556660039761432 0.019791666666666666 0.015904572564612324
0 0.9223958333333333 0.584493041749503 0.01875 0.02186878727634195
0 0.27395833333333336 0.6003976143141153 0.013541666666666667 0.02385685884691849
0 0.7510416666666667 0.6272365805168986 0.028125 0.03180914512922465
0 0.60234375 0.6346918489065606 0.0109375 0.02286282306163022
0 0.5635416666666667 0.6565606361829026 0.011458333333333333 0.020874751491053677
0 0.5390625 0.6605367793240556 0.009375 0.014910536779324055
0 0.5971354166666667 0.6660039761431411 0.015104166666666667 0.02584493041749503
0 0.3497395833333333 0.6953280318091452 0.0109375 0.03876739562624255
0 0.10625 0.7231610337972167 0.011458333333333333 0.04473161033797217
0 0.6341145833333334 0.7375745526838966 0.015104166666666667 0.03578528827037773
0 0.2859375 0.7395626242544732 0.01875 0.017892644135188866
0 0.2125 0.7544731610337972 0.019791666666666666 0.015904572564612324
0 0.36015625 0.7624254473161034 0.0109375 0.03180914512922465
0 0.50234375 0.7589463220675944 0.0109375 0.014910536779324055
0 0.5372395833333333 0.7693836978131213 0.016145833333333335 0.02584493041749503
0 0.7223958333333333 0.7713717693836978 0.009375 0.017892644135188866
0 0.3692708333333333 0.7897614314115308 0.010416666666666666 0.048707753479125246
0 0.51796875 0.775844930417495 0.013020833333333334 0.02286282306163022
0 0.6083333333333333 0.7912524850894632 0.019791666666666666 0.03777335984095427
0 0.9252604166666667 0.7813121272365805 0.0067708333333333336 0.013916500994035786
0 0.4466145833333333 0.7952286282306164 0.011979166666666667 0.011928429423459244
0 0.6364583333333333 0.8146123260437376 0.014583333333333334 0.02485089463220676
0 0.29661458333333335 0.8300198807157058 0.015104166666666667 0.02385685884691849
0 0.44635416666666666 0.8334990059642147 0.015625 0.010934393638170975
0 0.60625 0.8379721669980119 0.013541666666666667 0.017892644135188866
0 0.51328125 0.8503976143141153 0.009895833333333333 0.02882703777335984
0 0.3182291666666667 0.8722664015904572 0.014583333333333334 0.02286282306163022
0 0.6567708333333333 0.8836978131212724 0.009375 0.03777335984095427
0 0.5421875 0.8881709741550696 0.01875 0.030815109343936383
0 0.4934895833333333 0.8981113320079522 0.008854166666666666 0.036779324055666
0 0.9299479166666667 0.9020874751491054 0.009895833333333333 0.032803180914512925
0 0.40651041666666665 0.8996023856858847 0.016145833333333335 0.02186878727634195
0 0.07578125 0.9343936381709742 0.0171875 0.03777335984095427
0 0.43828125 0.937375745526839 0.019270833333333334 0.03180914512922465
0 0.31796875 0.9512922465208747 0.011979166666666667 0.03777335984095427
0 0.5611979166666666 0.9517892644135189 0.0203125 0.02286282306163022
0 0.09010416666666667 0.9875745526838966 0.021875 0.02286282306163022
0 0.6065104166666667 0.9940357852882704 0.0067708333333333336 0.009940357852882704