0 0.11510416666666666 0.008946322067594433 0.008333333333333333 0.017892644135188866
0 0.39921875 0.01143141153081511 0.0067708333333333336 0.02286282306163022
0 0.3609375 0.019383697813121274 0.015625 0.02485089463220676
0 0.48854166666666665 0.030318091451292245 0.0125 0.036779324055666
0 0.6958333333333333 0.02584493041749503 0.023958333333333335 0.027833001988071572
0 0.30234375 0.027833001988071572 0.0140625 0.02385685884691849
0 0.28203125 0.03180914512922465 0.013020833333333334 0.02385685884691849
0 0.9213541666666667 0.044234592445328035 0.010416666666666666 0.020874751491053677
0 0.959375 0.05467196819085487 0.03125 0.03180914512922465
0 0.6330729166666667 0.05019880715705766 0.0109375 0.018886679920477135
0 0.6653645833333334 0.0621272365805169 0.0203125 0.03479125248508946
0 0.38307291666666665 0.06858846918489066 0.019270833333333334 0.03180914512922465
0 0.92265625 0.07654075546719682 0.011979166666666667 0.03578528827037773
0 0.6966145833333334 0.08300198807157058 0.0109375 0.03479125248508946
0 0.9080729166666667 0.10039761431411531 0.022395833333333334 0.06759443339960239
0 0.178125 0.07952286282306163 0.019791666666666666 0.02186878727634195
0 0.36484375 0.10437375745526839 0.018229166666666668 0.027833001988071572
0 0.7203125 0.10834990059642147 0.008333333333333333 0.027833001988071572
0 0.6807291666666667 0.11580516898608349 0.0125 0.020874751491053677
0 0.37447916666666664 0.12624254473161034 0.01875 0.03180914512922465
0 0.19479166666666667 0.13568588469184892 0.015625 0.04473161033797217
0 0.48333333333333334 0.12127236580516898 0.019791666666666666 0.013916500994035786
0 0.017447916666666667 0.14214711729622267 0.0296875 0.05168986083499006
0 0.31927083333333334 0.13717693836978131 0.010416666666666666 0.03777335984095427
0 0.3338541666666667 0.1550695825049702 0.013541666666666667 0.05765407554671968
0 0.16927083333333334 0.14761431411530815 0.020833333333333332 0.03479125248508946
0 0.5268229166666667 0.14363817097415507 0.016145833333333335 0.0268389662027833
0 0.72734375 0.13618290258449303 0.0171875 0.009940357852882704
0 0.4041666666666667 0.147117296222664 0.021875 0.02584493041749503
0 0.23020833333333332 0.1595427435387674 0.0125 0.04473161033797217
0 0.47161458333333334 0.1426441351888668 0.005729166666666666 0.012922465208747515
0 0.09947916666666666 0.15805168986083498 0.025 0.03180914512922465
0 0.2609375 0.1908548707753479 0.011458333333333333 0.073558648111332
0 0.37395833333333334 0.17246520874751492 0.026041666666666668 0.02882703777335984
0 0.68359375 0.18687872763419483 0.021354166666666667 0.0536779324055666
0 0.15078125 0.18091451292246521 0.015104166666666667 0.017892644135188866
0 0.18723958333333332 0.1848906560636183 0.022395833333333334 0.02186878727634195
0 0.42916666666666664 0.18836978131212723 0.013541666666666667 0.014910536779324055
0 0.22838541666666667 0.19532803180914513 0.0234375 0.02286282306163022
0 0.91875 0.20178926441351888 0.019791666666666666 0.03578528827037773
0 0.4981770833333333 0.1918489065606362 0.011979166666666667 0.011928429423459244
0 0.31145833333333334 0.19831013916500995 0.0125 0.016898608349900597
0 0.33984375 0.21272365805168986 0.018229166666666668 0.019880715705765408
0 0.30182291666666666 0.22962226640159045 0.015104166666666667 0.0437375745526839
0 0.36666666666666664 0.22216699801192843 0.023958333333333335 0.02286282306163022
0 0.6723958333333333 0.23956262425447317 0.0125 0.033797216699801194
0 0.5059895833333333 0.2430417495029821 0.015104166666666667 0.018886679920477135
0 0.25494791666666666 0.2654075546719682 0.011979166666666667 0.05168986083499006
0 0.32395833333333335 0.2668986083499006 0.041666666666666664 0.040755467196819085
0 0.19869791666666667 0.2664015904572565 0.008854166666666666 0.03180914512922465
0 0.521875 0.2768389662027833 0.014583333333333334 0.048707753479125246
0 0.7700520833333333 0.268389662027833 0.009895833333333333 0.027833001988071572
0 0.45286458333333335 0.2678926441351889 0.021354166666666667 0.020874751491053677
0 0.5028645833333333 0.2753479125248509 0.011979166666666667 0.02385685884691849
0 0.9111979166666667 0.297713717693837 0.018229166666666668 0.06063618290258449
0 0.21380208333333334 0.2967196819085487 0.011979166666666667 0.030815109343936383
0 0.29791666666666666 0.3071570576540755 0.022916666666666665 0.041749502982107355
0 0.45729166666666665 0.3091451292246521 0.014583333333333334 0.04572564612326044
0 0.33203125 0.3106361829025845 0.0109375 0.04671968190854871
0 0.7026041666666667 0.29174950298210733 0.016666666666666666 0.008946322067594433
0 0.7901041666666667 0.3071570576540755 0.013541666666666667 0.027833001988071572
0 0.35859375 0.3071570576540755 0.0203125 0.02385685884691849
0 0.49322916666666666 0.31461232604373757 0.008333333333333333 0.03876739562624255
0 0.5981770833333333 0.308648111332008 0.0171875 0.02485089463220676
0 0.5549479166666667 0.3210735586481113 0.0140625 0.03578528827037773
0 0.28828125 0.32703777335984097 0.011979166666666667 0.02186878727634195
0 0.37994791666666666 0.3414512922465209 0.025520833333333333 0.03876739562624255
0 0.6059895833333333 0.33697813121272363 0.013020833333333334 0.03180914512922465
0 0.26510416666666664 0.34095427435387676 0.008333333333333333 0.03180914512922465
0 0.34427083333333336 0.34393638170974156 0.021875 0.03777335984095427
0 0.7390625 0.3499005964214712 0.015625 0.03180914512922465
0 0.27734375 0.35636182902584496 0.0109375 0.02485089463220676
0 0.56796875 0.36083499005964215 0.011979166666666667 0.02186878727634195
0 0.5940104166666667 0.3658051689860835 0.021354166666666667 0.027833001988071572
0 0.30520833333333336 0.37375745526838966 0.028125 0.03578528827037773
0 0.012239583333333333 0.3727634194831014 0.024479166666666666 0.03180914512922465
0 0.33125 0.38220675944334 0.009375 0.02882703777335984
0 0.44635416666666666 0.38767395626242546 0.007291666666666667 0.03578528827037773
0 0.2630208333333333 0.3812127236580517 0.007291666666666667 0.016898608349900597
0 0.47369791666666666 0.39314115308151093 0.008854166666666666 0.03876739562624255
0 0.23880208333333333 0.39065606361829025 0.013020833333333334 0.02385685884691849
0 0.3419270833333333 0.397117296222664 0.011979166666666667 0.018886679920477135
0 0.21666666666666667 0.3961232604373757 0.020833333333333332 0.012922465208747515
0 0.3098958333333333 0.40407554671968193 0.016666666666666666 0.0268389662027833
0 0.33098958333333334 0.4135188866799205 0.024479166666666666 0.04572564612326044
0 0.2799479166666667 0.43339960238568587 0.022395833333333334 0.0536779324055666
0 0.4244791666666667 0.4274353876739563 0.015625 0.03777335984095427
0 0.15963541666666667 0.4309145129224652 0.0171875 0.036779324055666
0 0.40208333333333335 0.44532803180914515 0.009375 0.04572564612326044
0 0.23359375 0.44433399602385687 0.0078125 0.02584493041749503
0 0.44765625 0.44731610337972166 0.009895833333333333 0.027833001988071572
0 0.9546875 0.45278330019880714 0.014583333333333334 0.03479125248508946
0 0.14505208333333333 0.452286282306163 0.016145833333333335 0.03180914512922465
0 0.915625 0.44433399602385687 0.009375 0.013916500994035786
0 0.30364583333333334 0.4686878727634195 0.013541666666666667 0.03479125248508946
0 0.2716145833333333 0.4716699801192843 0.0171875 0.012922465208747515
0 0.34010416666666665 0.4746520874751491 0.008333333333333333 0.018886679920477135
0 0.9294270833333333 0.47813121272365805 0.0234375 0.02584493041749503
0 0.99375 0.4821073558648111 0.011458333333333333 0.03578528827037773
0 0.35208333333333336 0.47813121272365805 0.009375 0.02385685884691849
0 0.8817708333333333 0.4860834990059642 0.027083333333333334 0.033797216699801194
0 0.20026041666666666 0.49254473161033796 0.0203125 0.03876739562624255
0 0.60234375 0.4955268389662028 0.0078125 0.04473161033797217
0 0.16145833333333334 0.4855864811133201 0.01875 0.02286282306163022
0 0.13932291666666666 0.4850894632206759 0.019270833333333334 0.015904572564612324
0 0.28828125 0.4865805168986084 0.011979166666666667 0.016898608349900597
0 0.5518229166666667 0.4995029821073559 0.0078125 0.02485089463220676
0 0.22265625 0.5069582504970179 0.0109375 0.03777335984095427
0 0.3106770833333333 0.5129224652087475 0.0234375 0.02982107355864811
0 0.05078125 0.5193836978131213 0.0067708333333333336 0.032803180914512925
0 0.28151041666666665 0.51441351888668 0.018229166666666668 0.02485089463220676
0 0.39817708333333335 0.525844930417495 0.0067708333333333336 0.015904572564612324
0 0.90234375 0.5377733598409543 0.015104166666666667 0.039761431411530816
0 0.9932291666666667 0.532803180914513 0.00625 0.015904572564612324
0 0.3377604166666667 0.5382703777335984 0.0171875 0.02286282306163022
0 0.19322916666666667 0.5397614314115308 0.016666666666666666 0.02385685884691849
0 0.128125 0.540258449304175 0.01875 0.020874751491053677
0 0.3 0.5541749502982107 0.020833333333333332 0.018886679920477135
0 0.81015625 0.562624254473161 0.008854166666666666 0.03578528827037773
0 0.22291666666666668 0.5616302186878728 0.023958333333333335 0.02385685884691849
0 0.08515625 0.5879721669980119 0.009895833333333333 0.036779324055666
0 0.4703125 0.6048707753479126 0.008333333333333333 0.04671968190854871
0 0.21979166666666666 0.6038767395626242 0.0125 0.040755467196819085
0 0.29192708333333334 0.595427435387674 0.0203125 0.015904572564612324
0 0.43125 0.6118290258449304 0.015625 0.0268389662027833
0 0.2630208333333333 0.6197813121272365 0.009375 0.040755467196819085
0 0.940625 0.6187872763419483 0.013541666666666667 0.036779324055666
0 0.5380208333333333 0.6118290258449304 0.026041666666666668 0.018886679920477135
0 0.9658854166666667 0.6232604373757455 0.021354166666666667 0.039761431411530816
0 0.17838541666666666 0.6282306163021869 0.021354166666666667 0.03777335984095427
0 0.4986979166666667 0.6163021868787276 0.011979166666666667 0.013916500994035786
0 0.03723958333333333 0.6496023856858847 0.0234375 0.0268389662027833
0 0.21328125 0.6426441351888668 0.019270833333333334 0.014910536779324055
0 0.11067708333333333 0.6570576540755467 0.015104166666666667 0.02186878727634195
0 0.6346354166666667 0.6784294234592445 0.018229166666666668 0.05467196819085487
0 0.41692708333333334 0.6724652087475149 0.015104166666666667 0.036779324055666
0 0.24479166666666666 0.6769383697813122 0.00625 0.0437375745526839
0 0.31536458333333334 0.6665009940357853 0.025520833333333333 0.020874751491053677
0 0.5294270833333333 0.6848906560636183 0.008854166666666666 0.03777335984095427
0 0.45651041666666664 0.6734592445328031 0.018229166666666668 0.010934393638170975
0 0.7604166666666666 0.7042743538767395 0.009375 0.04473161033797217
0 0.11901041666666666 0.7062624254473161 0.022395833333333334 0.03876739562624255
0 0.52109375 0.7032803180914513 0.005729166666666666 0.014910536779324055
0 0.43802083333333336 0.7340954274353877 0.022916666666666665 0.06660039761431412
0 0.47630208333333335 0.7186878727634195 0.016145833333333335 0.033797216699801194
0 0.5109375 0.7162027833001988 0.011458333333333333 0.0268389662027833
0 0.6411458333333333 0.7301192842942346 0.026041666666666668 0.020874751491053677
0 0.2674479166666667 0.7345924453280318 0.0067708333333333336 0.019880715705765408
0 0.24869791666666666 0.7360834990059643 0.0078125 0.014910536779324055
0 0.34296875 0.7435387673956262 0.021354166666666667 0.02982107355864811
0 0.39609375 0.7529821073558648 0.0046875 0.02882703777335984
0 0.18046875 0.7470178926441352 0.0109375 0.010934393638170975
0 0.49973958333333335 0.7664015904572564 0.009895833333333333 0.027833001988071572
0 0.29453125 0.76441351888668 0.0067708333333333336 0.011928429423459244
0 0.48098958333333336 0.7673956262425448 0.0067708333333333336 0.011928429423459244
0 0.3072916666666667 0.7703777335984096 0.014583333333333334 0.015904572564612324
0 0.35494791666666664 0.7693836978131213 0.0171875 0.013916500994035786
0 0.9002604166666667 0.7842942345924453 0.016145833333333335 0.027833001988071572
0 0.6380208333333334 0.8006958250497018 0.01875 0.042743538767395624
0 0.24348958333333334 0.794234592445328 0.009895833333333333 0.013916500994035786
0 0.44140625 0.8011928429423459 0.0328125 0.02385685884691849
0 0.2 0.8011928429423459 0.020833333333333332 0.02186878727634195
0 0.23125 0.8006958250497018 0.011458333333333333 0.014910536779324055
0 0.3890625 0.8116302186878728 0.009375 0.02286282306163022
0 0.5338541666666666 0.8195825049701789 0.0125 0.036779324055666
0 0.24661458333333333 0.8220675944333996 0.022395833333333334 0.03578528827037773
0 0.06979166666666667 0.8354870775347912 0.020833333333333332 0.05666003976143141
0 0.20989583333333334 0.8334990059642147 0.0125 0.04671968190854871
0 0.26927083333333335 0.8300198807157058 0.016666666666666666 0.02982107355864811
0 0.60078125 0.8280318091451292 0.0067708333333333336 0.011928429423459244
0 0.13203125 0.8484095427435387 0.022395833333333334 0.042743538767395624
0 0.03567708333333333 0.8608349900596421 0.008854166666666666 0.03777335984095427
0 0.14765625 0.8682902584493042 0.0109375 0.05268389662027833
0 0.6518229166666667 0.8538767395626242 0.015104166666666667 0.02186878727634195
0 0.2911458333333333 0.8623260437375746 0.011458333333333333 0.02882703777335984
0 0.7296875 0.8608349900596421 0.009375 0.017892644135188866
0 0.4244791666666667 0.8861829025844931 0.020833333333333332 0.06461232604373758
0 0.9544270833333334 0.8772365805168986 0.016145833333333335 0.040755467196819085
0 0.453125 0.8777335984095428 0.008333333333333333 0.02385685884691849
0 0.8341145833333333 0.8851888667992047 0.013020833333333334 0.03479125248508946
0 0.1828125 0.8951292246520874 0.015625 0.048707753479125246
0 0.5197916666666667 0.8901590457256461 0.007291666666666667 0.03876739562624255
0 0.23515625 0.9005964214711729 0.0203125 0.05765407554671968
0 0.1609375 0.908051689860835 0.01875 0.048707753479125246
0 0.4 0.8956262425447317 0.016666666666666666 0.011928429423459244
0 0.8783854166666667 0.9100397614314115 0.015104166666666667 0.040755467196819085
0 0.7036458333333333 0.9150099403578529 0.017708333333333333 0.030815109343936383
0 0.9895833333333334 0.9269383697813122 0.019791666666666666 0.03876739562624255
0 0.01953125 0.9343936381709742 0.028645833333333332 0.04771371769383698
0 0.303125 0.929920477137177 0.0125 0.032803180914512925
0 0.25885416666666666 0.9319085487077535 0.013541666666666667 0.030815109343936383
0 0.2765625 0.9329025844930418 0.0125 0.030815109343936383
0 0.4205729166666667 0.9289264413518886 0.021354166666666667 0.020874751491053677
0 0.6481770833333333 0.9423459244532804 0.013020833333333334 0.04771371769383698
0 0.0515625 0.9463220675944334 0.017708333333333333 0.0437375745526839
0 0.38203125 0.944831013916501 0.025520833333333333 0.03479125248508946
0 0.17890625 0.941351888667992 0.0203125 0.015904572564612324
0 0.40130208333333334 0.9542743538767395 0.008854166666666666 0.02982107355864811
0 0.05963541666666667 0.9840954274353877 0.0203125 0.02982107355864811
0 0.45286458333333335 0.98558648111332 0.0171875 0.0268389662027833
0 0.38307291666666665 0.9850894632206759 0.0203125 0.019880715705765408
0 0.40390625 0.9875745526838966 0.008854166666666666 0.02286282306163022