0 0.49244791666666665 0.041749502982107355 0.0078125 0.02385685884691849
0 0.7348958333333333 0.04324055666003976 0.0125 0.0268389662027833
0 0.6080729166666666 0.04821073558648111 0.008854166666666666 0.02485089463220676
0 0.6307291666666667 0.08200795228628231 0.008333333333333333 0.0268389662027833
0 0.5171875 0.11182902584493042 0.010416666666666666 0.012922465208747515
0 0.66640625 0.16202783300198806 0.0109375 0.015904572564612324
0 0.815625 0.1679920477137177 0.010416666666666666 0.013916500994035786
0 0.7744791666666667 0.21570576540755468 0.014583333333333334 0.011928429423459244
0 0.7119791666666667 0.2649105367793241 0.016666666666666666 0.010934393638170975
0 0.6348958333333333 0.28727634194831014 0.007291666666666667 0.013916500994035786
0 0.9471354166666667 0.4691848906560636 0.0109375 0.017892644135188866
0 0.26067708333333334 0.5208747514910537 0.011979166666666667 0.017892644135188866
0 0.23411458333333332 0.5303180914512923 0.009895833333333333 0.018886679920477135
0 0.07864583333333333 0.724155069582505 0.007291666666666667 0.016898608349900597
0 0.15338541666666666 0.7296222664015904 0.011979166666666667 0.02584493041749503
0 0.64375 0.7321073558648111 0.011458333333333333 0.018886679920477135
0 0.7078125 0.7559642147117296 0.007291666666666667 0.016898608349900597
0 0.7190104166666667 0.7877733598409543 0.013020833333333334 0.008946322067594433
0 0.21328125 0.8091451292246521 0.021354166666666667 0.03578528827037773
0 0.73046875 0.8101391650099403 0.016145833333333335 0.02982107355864811
0 0.621875 0.8359840954274353 0.010416666666666666 0.03180914512922465
0 0.4591145833333333 0.864314115308151 0.0140625 0.012922465208747515
0 0.6356770833333333 0.8802186878727635 0.013020833333333334 0.03876739562624255
0 0.5625 0.889662027833002 0.009375 0.015904572564612324
0 0.5690104166666666 0.9095427435387674 0.008854166666666666 0.015904572564612324
0 0.6708333333333333 0.9160039761431411 0.011458333333333333 0.020874751491053677
0 0.6377604166666667 0.9304174950298211 0.018229166666666668 0.03777335984095427
0 0.43125 0.929920477137177 0.021875 0.02485089463220676
0 0.6638020833333333 0.9383697813121272 0.011979166666666667 0.013916500994035786
0 0.8080729166666667 0.9468190854870775 0.0171875 0.02485089463220676
0 0.2947916666666667 0.9607355864811133 0.028125 0.030815109343936383
0 0.35651041666666666 0.9870775347912525 0.008854166666666666 0.02385685884691849