0 0.0020833333333333333 0.07654075546719682 0.004166666666666667 0.147117296222664
0 0.9377604166666667 0.028330019880715707 0.0109375 0.036779324055666
0 0.9690104166666667 0.027833001988071572 0.009895833333333333 0.02584493041749503
0 0.016145833333333335 0.05964214711729622 0.016666666666666666 0.041749502982107355
0 0.20104166666666667 0.0636182902584493 0.010416666666666666 0.02982107355864811
0 0.29244791666666664 0.0720675944333996 0.0078125 0.0268389662027833
0 0.5822916666666667 0.07306163021868788 0.013541666666666667 0.02286282306163022
0 0.73125 0.09294234592445327 0.016666666666666666 0.02286282306163022
0 0.9596354166666666 0.11232604373757456 0.011979166666666667 0.027833001988071572
0 0.5408854166666667 0.11679920477137178 0.005729166666666666 0.02286282306163022
0 0.8677083333333333 0.13916500994035785 0.009375 0.02186878727634195
0 0.05234375 0.17296222664015903 0.0234375 0.027833001988071572
0 0.98125 0.17743538767395625 0.017708333333333333 0.02485089463220676
0 0.6291666666666667 0.1794234592445328 0.010416666666666666 0.020874751491053677
0 0.21197916666666666 0.18439363817097415 0.00625 0.014910536779324055
0 0.6010416666666667 0.18439363817097415 0.009375 0.012922465208747515
0 0.7307291666666667 0.19433399602385687 0.01875 0.018886679920477135
0 0.8833333333333333 0.1978131212723658 0.010416666666666666 0.017892644135188866
0 0.49166666666666664 0.21123260437375746 0.009375 0.0268389662027833
0 0.64609375 0.220675944333996 0.0234375 0.027833001988071572
0 0.8463541666666666 0.23856858846918488 0.009375 0.039761431411530816
0 0.21640625 0.23111332007952287 0.018229166666666668 0.016898608349900597
0 0.49296875 0.2485089463220676 0.019270833333333334 0.02186878727634195
0 0.9388020833333334 0.30268389662027834 0.0171875 0.02485089463220676
0 0.6153645833333333 0.3066600397614314 0.009895833333333333 0.016898608349900597
0 0.09817708333333333 0.31312127236580517 0.015104166666666667 0.019880715705765408
0 0.13203125 0.3215705765407555 0.0109375 0.012922465208747515
0 0.25677083333333334 0.3543737574552684 0.014583333333333334 0.0268389662027833
0 0.21510416666666668 0.36381709741550694 0.011458333333333333 0.013916500994035786
0 0.47239583333333335 0.3802186878727634 0.015625 0.02882703777335984
0 0.20598958333333334 0.3802186878727634 0.013020833333333334 0.0268389662027833
0 0.325 0.3757455268389662 0.015625 0.013916500994035786
0 0.4 0.3841948310139165 0.016666666666666666 0.0268389662027833
0 0.4557291666666667 0.3802186878727634 0.009375 0.018886679920477135
0 0.23046875 0.39214711729622265 0.013020833333333334 0.020874751491053677
0 0.19505208333333332 0.3951292246520875 0.008854166666666666 0.014910536779324055
0 0.21276041666666667 0.40656063618290256 0.013020833333333334 0.013916500994035786
0 0.36875 0.41302186878727637 0.007291666666666667 0.0268389662027833
0 0.4265625 0.4025844930417495 0.011458333333333333 0.007952286282306162
0 0.17369791666666667 0.408051689860835 0.0140625 0.012922465208747515
0 0.3424479166666667 0.4179920477137177 0.0140625 0.0268389662027833
0 0.0796875 0.4309145129224652 0.014583333333333334 0.032803180914512925
0 0.4296875 0.426441351888668 0.017708333333333333 0.015904572564612324
0 0.540625 0.4388667992047714 0.009375 0.036779324055666
0 0.3653645833333333 0.4507952286282306 0.005729166666666666 0.018886679920477135
0 0.4588541666666667 0.4696819085487077 0.015625 0.02485089463220676
0 0.22161458333333334 0.4831013916500994 0.0078125 0.03578528827037773
0 0.27786458333333336 0.4835984095427435 0.009895833333333333 0.02286282306163022
0 0.35572916666666665 0.4865805168986084 0.022916666666666665 0.016898608349900597
0 0.9197916666666667 0.4990059642147117 0.023958333333333335 0.03777335984095427
0 0.16614583333333333 0.49204771371769385 0.013541666666666667 0.019880715705765408
0 0.5390625 0.49801192842942343 0.00625 0.027833001988071572
0 0.9942708333333333 0.5004970178926441 0.010416666666666666 0.032803180914512925
0 0.18932291666666667 0.4985089463220676 0.009895833333333333 0.020874751491053677
0 0.6315104166666666 0.5079522862823062 0.015104166666666667 0.019880715705765408
0 0.4953125 0.5154075546719682 0.005208333333333333 0.030815109343936383
0 0.553125 0.5263419483101391 0.011458333333333333 0.016898608349900597
0 0.33984375 0.5323061630218688 0.018229166666666668 0.02485089463220676
0 0.18307291666666667 0.5313121272365805 0.0078125 0.016898608349900597
0 0.9223958333333333 0.5531809145129225 0.020833333333333332 0.036779324055666
0 0.7755208333333333 0.5536779324055666 0.014583333333333334 0.015904572564612324
0 0.43515625 0.570079522862823 0.0046875 0.020874751491053677
0 0.90234375 0.581013916500994 0.013020833333333334 0.03479125248508946
0 0.17317708333333334 0.5775347912524851 0.018229166666666668 0.011928429423459244
0 0.4315104166666667 0.5924453280318092 0.0109375 0.009940357852882704
0 0.46875 0.5984095427435387 0.015625 0.019880715705765408
0 0.44869791666666664 0.6043737574552683 0.011979166666666667 0.015904572564612324
0 0.39401041666666664 0.6242544731610338 0.024479166666666666 0.039761431411530816
0 0.95859375 0.6307157057654076 0.0234375 0.05268389662027833
0 0.3611979166666667 0.6312127236580517 0.024479166666666666 0.04572564612326044
0 0.46588541666666666 0.6302186878727635 0.005729166666666666 0.02385685884691849
0 0.51015625 0.6252485089463221 0.011979166666666667 0.015904572564612324
0 0.4471354166666667 0.6322067594433399 0.0078125 0.02584493041749503
0 0.32916666666666666 0.6411530815109344 0.010416666666666666 0.02385685884691849
0 0.7018229166666666 0.6436381709741551 0.0067708333333333336 0.0268389662027833
0 0.6481770833333333 0.6451292246520874 0.009895833333333333 0.02385685884691849
0 0.46770833333333334 0.6496023856858847 0.013541666666666667 0.014910536779324055
0 0.43697916666666664 0.6565606361829026 0.016666666666666666 0.02286282306163022
0 0.38307291666666665 0.658051689860835 0.0078125 0.02186878727634195
0 0.0026041666666666665 0.7027833001988072 0.005208333333333333 0.10536779324055666
0 0.40208333333333335 0.6620278330019881 0.010416666666666666 0.02385685884691849
0 0.77421875 0.6625248508946322 0.021354166666666667 0.0268389662027833
0 0.3580729166666667 0.6645129224652088 0.008854166666666666 0.012922465208747515
0 0.29635416666666664 0.6794234592445328 0.010416666666666666 0.008946322067594433
0 0.4466145833333333 0.6848906560636183 0.0140625 0.011928429423459244
0 0.3997395833333333 0.6928429423459245 0.008854166666666666 0.019880715705765408
0 0.93671875 0.6898608349900597 0.011979166666666667 0.013916500994035786
0 0.11640625 0.6958250497017893 0.013020833333333334 0.019880715705765408
0 0.9513020833333333 0.7152087475149106 0.021354166666666667 0.048707753479125246
0 0.584375 0.713220675944334 0.020833333333333332 0.036779324055666
0 0.8036458333333333 0.7107355864811133 0.017708333333333333 0.03180914512922465
0 0.29270833333333335 0.7216699801192843 0.017708333333333333 0.0437375745526839
0 0.5236979166666667 0.7127236580516899 0.013020833333333334 0.009940357852882704
0 0.32109375 0.7236580516898609 0.008854166666666666 0.02982107355864811
0 0.5091145833333334 0.7176938369781312 0.009895833333333333 0.011928429423459244
0 0.44921875 0.7296222664015904 0.015104166666666667 0.02982107355864811
0 0.37916666666666665 0.7360834990059643 0.013541666666666667 0.016898608349900597
0 0.4986979166666667 0.7380715705765407 0.009895833333333333 0.016898608349900597
0 0.571875 0.7360834990059643 0.014583333333333334 0.012922465208747515
0 0.8046875 0.7445328031809145 0.009375 0.02385685884691849
0 0.4705729166666667 0.7430417495029821 0.0140625 0.008946322067594433
0 0.5328125 0.7614314115308151 0.009375 0.02385685884691849
0 0.26614583333333336 0.7664015904572564 0.00625 0.027833001988071572
0 0.29973958333333334 0.7584493041749503 0.0140625 0.009940357852882704
0 0.3802083333333333 0.7584493041749503 0.009375 0.011928429423459244
0 0.45703125 0.7639165009940357 0.0171875 0.014910536779324055
0 0.38203125 0.775844930417495 0.0109375 0.008946322067594433
0 0.3671875 0.7877733598409543 0.014583333333333334 0.0268389662027833
0 0.4552083333333333 0.7837972166998012 0.00625 0.018886679920477135
0 0.6979166666666666 0.7892644135188867 0.013541666666666667 0.017892644135188866
0 0.26666666666666666 0.8046719681908548 0.025 0.03876739562624255
0 0.52109375 0.794234592445328 0.0140625 0.015904572564612324
0 0.48723958333333334 0.812624254473161 0.011979166666666667 0.040755467196819085
0 0.9020833333333333 0.8166003976143141 0.016666666666666666 0.03876739562624255
0 0.28671875 0.8121272365805169 0.0078125 0.011928429423459244
0 0.5080729166666667 0.8235586481113321 0.011979166666666667 0.02882703777335984
0 0.0015625 0.8782306163021869 0.003125 0.13618290258449303
0 0.203125 0.8166003976143141 0.015625 0.012922465208747515
0 0.06875 0.8275347912524851 0.010416666666666666 0.02485089463220676
0 0.30859375 0.834493041749503 0.0109375 0.02882703777335984
0 0.26536458333333335 0.8374751491053678 0.0171875 0.012922465208747515
0 0.4546875 0.8503976143141153 0.014583333333333334 0.02485089463220676
0 0.6611979166666667 0.8499005964214712 0.0067708333333333336 0.02385685884691849
0 0.76875 0.8558648111332008 0.010416666666666666 0.02584493041749503
0 0.5005208333333333 0.8558648111332008 0.0125 0.011928429423459244
0 0.6106770833333334 0.8548707753479126 0.015104166666666667 0.007952286282306162
0 0.96796875 0.8563618290258449 0.008854166666666666 0.012922465208747515
0 0.3223958333333333 0.8633200795228628 0.015625 0.012922465208747515
0 0.7002604166666667 0.8742544731610338 0.0109375 0.02485089463220676
0 0.41770833333333335 0.8737574552683897 0.020833333333333332 0.015904572564612324
0 0.64921875 0.8792246520874751 0.0078125 0.02485089463220676
0 0.075 0.8812127236580517 0.017708333333333333 0.0268389662027833
0 0.27682291666666664 0.889662027833002 0.009895833333333333 0.03180914512922465
0 0.30520833333333336 0.8871769383697813 0.00625 0.020874751491053677
0 0.5361979166666667 0.8876739562624254 0.0140625 0.017892644135188866
0 0.7927083333333333 0.8961232604373758 0.011458333333333333 0.02485089463220676
0 0.42161458333333335 0.8956262425447317 0.011979166666666667 0.015904572564612324
0 0.33541666666666664 0.9025844930417495 0.010416666666666666 0.011928429423459244
0 0.740625 0.9095427435387674 0.013541666666666667 0.017892644135188866
0 0.76328125 0.9165009940357853 0.0109375 0.02584493041749503
0 0.31302083333333336 0.9259443339960238 0.008333333333333333 0.0268389662027833
0 0.37864583333333335 0.9279324055666004 0.007291666666666667 0.020874751491053677
0 0.340625 0.9383697813121272 0.020833333333333332 0.033797216699801194
0 0.84375 0.944831013916501 0.019791666666666666 0.03876739562624255
0 0.4192708333333333 0.9438369781312127 0.005208333333333333 0.032803180914512925
0 0.18151041666666667 0.9438369781312127 0.0140625 0.02882703777335984
0 0.44427083333333334 0.9468190854870775 0.020833333333333332 0.032803180914512925
0 0.37005208333333334 0.9453280318091452 0.009895833333333333 0.02584493041749503
0 0.3885416666666667 0.9493041749502982 0.005208333333333333 0.019880715705765408
0 0.8114583333333333 0.9532803180914513 0.0125 0.027833001988071572
0 0.24609375 0.9607355864811133 0.0067708333333333336 0.032803180914512925
0 0.8958333333333334 0.952286282306163 0.011458333333333333 0.015904572564612324
0 0.75546875 0.9582504970178927 0.0078125 0.019880715705765408
0 0.8872395833333333 0.9587475149105368 0.013020833333333334 0.020874751491053677
0 0.9833333333333333 0.9607355864811133 0.016666666666666666 0.014910536779324055
0 0.79609375 0.9771371769383698 0.028645833333333332 0.0437375745526839
0 0.29140625 0.9811133200795229 0.016145833333333335 0.03578528827037773
0 0.7307291666666667 0.9821073558648111 0.015625 0.033797216699801194
0 0.0013020833333333333 0.9831013916500994 0.0026041666666666665 0.03180914512922465
0 0.44505208333333335 0.9796222664015904 0.0140625 0.018886679920477135
0 0.38125 0.981610337972167 0.005208333333333333 0.014910536779324055
0 0.15182291666666667 0.9865805168986084 0.0046875 0.014910536779324055
0 0.39895833333333336 0.9905566600397614 0.025 0.016898608349900597
0 0.7583333333333333 0.992544731610338 0.007291666666666667 0.012922465208747515
0 0.45338541666666665 0.9950298210735586 0.0109375 0.007952286282306162