0 0.2986979166666667 0.007455268389662028 0.0078125 0.014910536779324055
0 0.8325520833333333 0.02286282306163022 0.019270833333333334 0.04572564612326044
0 0.3854166666666667 0.011928429423459244 0.011458333333333333 0.009940357852882704
0 0.48541666666666666 0.025347912524850896 0.007291666666666667 0.02485089463220676
0 0.6260416666666667 0.03330019880715706 0.011458333333333333 0.018886679920477135
0 0.321875 0.05168986083499006 0.015625 0.04771371769383698
0 0.3341145833333333 0.03876739562624255 0.009895833333333333 0.017892644135188866
0 0.67109375 0.04224652087475149 0.005729166666666666 0.018886679920477135
0 0.42552083333333335 0.04671968190854871 0.0125 0.013916500994035786
0 0.6013020833333333 0.04970178926441352 0.008854166666666666 0.017892644135188866
0 0.7385416666666667 0.05069582504970179 0.011458333333333333 0.015904572564612324
0 0.8268229166666666 0.05467196819085487 0.0078125 0.019880715705765408
0 0.8869791666666667 0.05815109343936382 0.010416666666666666 0.02485089463220676
0 0.21302083333333333 0.06809145129224652 0.011458333333333333 0.018886679920477135
0 0.7841145833333333 0.07654075546719682 0.0109375 0.03578528827037773
0 0.653125 0.07455268389662027 0.007291666666666667 0.02186878727634195
0 0.8302083333333333 0.07504970178926441 0.007291666666666667 0.016898608349900597
0 0.7427083333333333 0.0775347912524851 0.013541666666666667 0.015904572564612324
0 0.253125 0.08697813121272366 0.010416666666666666 0.030815109343936383
0 0.396875 0.08001988071570576 0.011458333333333333 0.018886679920477135
0 0.9989583333333333 0.09642147117296222 0.0010416666666666667 0.04970178926441352
0 0.3731770833333333 0.09045725646123261 0.013020833333333334 0.027833001988071572
0 0.44453125 0.09045725646123261 0.013020833333333334 0.011928429423459244
0 0.14453125 0.10437375745526839 0.0078125 0.019880715705765408
0 0.1578125 0.10834990059642147 0.014583333333333334 0.015904572564612324
0 0.8455729166666667 0.11182902584493042 0.0067708333333333336 0.016898608349900597
0 0.440625 0.1143141153081511 0.014583333333333334 0.009940357852882704
0 0.8049479166666667 0.1312127236580517 0.0078125 0.02584493041749503
0 0.058333333333333334 0.13220675944333996 0.019791666666666666 0.02385685884691849
0 0.23177083333333334 0.13469184890656064 0.00625 0.012922465208747515
0 0.3299479166666667 0.13667992047713717 0.013020833333333334 0.006958250497017893
0 0.38307291666666665 0.147117296222664 0.0067708333333333336 0.02186878727634195
0 0.9338541666666667 0.16699801192842942 0.035416666666666666 0.0536779324055666
0 0.13619791666666667 0.1525844930417495 0.008854166666666666 0.018886679920477135
0 0.053385416666666664 0.1595427435387674 0.0171875 0.0268389662027833
0 0.31223958333333335 0.1525844930417495 0.0078125 0.012922465208747515
0 0.46640625 0.15357852882703776 0.011979166666666667 0.012922465208747515
0 0.42630208333333336 0.17395626242544732 0.015104166666666667 0.04771371769383698
0 0.15729166666666666 0.16302186878727634 0.016666666666666666 0.02186878727634195
0 0.5283854166666667 0.16451292246520874 0.013020833333333334 0.020874751491053677
0 0.8260416666666667 0.16500994035785288 0.015625 0.019880715705765408
0 0.9950520833333333 0.16848906560636182 0.008854166666666666 0.0268389662027833
0 0.4432291666666667 0.17445328031809146 0.008333333333333333 0.012922465208747515
0 0.20885416666666667 0.1824055666003976 0.011458333333333333 0.02286282306163022
0 0.4984375 0.1933399602385686 0.007291666666666667 0.02286282306163022
0 0.11953125 0.1963220675944334 0.011979166666666667 0.012922465208747515
0 0.5908854166666667 0.20874751491053678 0.0046875 0.02584493041749503
0 0.3606770833333333 0.2047713717693837 0.0140625 0.013916500994035786
0 0.6651041666666667 0.20278330019880716 0.007291666666666667 0.009940357852882704
0 0.17578125 0.21719681908548708 0.011979166666666667 0.030815109343936383
0 0.47942708333333334 0.22365805168986083 0.009895833333333333 0.03180914512922465
0 0.5205729166666667 0.22266401590457258 0.009895833333333333 0.02186878727634195
0 0.9822916666666667 0.22266401590457258 0.014583333333333334 0.02186878727634195
0 0.026041666666666668 0.2331013916500994 0.015625 0.030815109343936383
0 0.8486979166666667 0.2360834990059642 0.005729166666666666 0.02286282306163022
0 0.7786458333333334 0.2485089463220676 0.008333333333333333 0.03578528827037773
0 0.73671875 0.2415506958250497 0.011979166666666667 0.007952286282306162
0 0.11119791666666666 0.24801192842942346 0.008854166666666666 0.016898608349900597
0 0.23411458333333332 0.25198807157057657 0.0203125 0.012922465208747515
0 0.8721354166666667 0.27037773359840955 0.0078125 0.017892644135188866
0 0.4744791666666667 0.27087475149105367 0.009375 0.008946322067594433
0 0.7604166666666666 0.275844930417495 0.011458333333333333 0.008946322067594433
0 0.07317708333333334 0.29174950298210733 0.008854166666666666 0.0268389662027833
0 0.55234375 0.29870775347912526 0.005729166666666666 0.02485089463220676
0 0.10755208333333334 0.3071570576540755 0.015104166666666667 0.03578528827037773
0 0.76171875 0.30318091451292245 0.0078125 0.027833001988071572
0 0.7736979166666667 0.3101391650099404 0.005729166666666666 0.019880715705765408
0 0.0078125 0.3101391650099404 0.015625 0.017892644135188866
0 0.6770833333333334 0.3250497017892644 0.011458333333333333 0.033797216699801194
0 0.26015625 0.352882703777336 0.015104166666666667 0.03777335984095427
0 0.8747395833333333 0.34443339960238567 0.0067708333333333336 0.018886679920477135
0 0.5190104166666667 0.3499005964214712 0.013020833333333334 0.02584493041749503
0 0.7015625 0.34542743538767395 0.0125 0.016898608349900597
0 0.12213541666666666 0.3499005964214712 0.015104166666666667 0.02186878727634195
0 0.19453125 0.3643141153081511 0.008854166666666666 0.02882703777335984
0 0.16901041666666666 0.36083499005964215 0.0171875 0.015904572564612324
0 0.3109375 0.3697813121272366 0.008333333333333333 0.02385685884691849
0 0.3494791666666667 0.3702783300198807 0.00625 0.0268389662027833
0 0.33151041666666664 0.3742544731610338 0.008854166666666666 0.030815109343936383
0 0.5981770833333333 0.36928429423459247 0.0067708333333333336 0.018886679920477135
0 0.3888020833333333 0.3727634194831014 0.008854166666666666 0.019880715705765408
0 0.046614583333333334 0.3851888667992048 0.0078125 0.012922465208747515
0 0.30416666666666664 0.39314115308151093 0.009375 0.012922465208747515
0 0.8049479166666667 0.3941351888667992 0.009895833333333333 0.008946322067594433
0 0.728125 0.4120278330019881 0.007291666666666667 0.03479125248508946
0 0.45 0.40208747514910537 0.013541666666666667 0.010934393638170975
0 0.028385416666666666 0.4194831013916501 0.016145833333333335 0.03777335984095427
0 0.20859375 0.4165009940357853 0.0171875 0.027833001988071572
0 0.12213541666666666 0.42047713717693835 0.016145833333333335 0.019880715705765408
0 0.14401041666666667 0.4269383697813121 0.0078125 0.016898608349900597
0 0.81953125 0.43737574552683894 0.011979166666666667 0.02584493041749503
0 0.8002604166666667 0.43389662027833004 0.0171875 0.014910536779324055
0 0.17473958333333334 0.46123260437375746 0.015104166666666667 0.017892644135188866
0 0.7734375 0.4647117296222664 0.009375 0.016898608349900597
0 0.09114583333333333 0.4647117296222664 0.007291666666666667 0.012922465208747515
0 0.6846354166666667 0.46669980119284293 0.011979166666666667 0.014910536779324055
0 0.71953125 0.47564612326043737 0.0078125 0.03479125248508946
0 0.36744791666666665 0.474155069582505 0.005729166666666666 0.019880715705765408
0 0.7510416666666667 0.4696819085487077 0.008333333333333333 0.010934393638170975
0 0.7973958333333333 0.4721669980119284 0.014583333333333334 0.015904572564612324
0 0.21510416666666668 0.47862823061630216 0.014583333333333334 0.014910536779324055
0 0.39557291666666666 0.4831013916500994 0.011979166666666667 0.02186878727634195
0 0.16354166666666667 0.4850894632206759 0.027083333333333334 0.019880715705765408
0 0.33671875 0.49105367793240556 0.0067708333333333336 0.02186878727634195
0 0.134375 0.4970178926441352 0.014583333333333334 0.02385685884691849
0 0.7731770833333333 0.49204771371769385 0.0109375 0.013916500994035786
0 0.43385416666666665 0.49801192842942343 0.009375 0.02186878727634195
0 0.6403645833333333 0.49502982107355864 0.013020833333333334 0.009940357852882704
0 0.8234375 0.5079522862823062 0.015625 0.027833001988071572
0 0.2760416666666667 0.5099403578528827 0.0125 0.02186878727634195
0 0.41692708333333334 0.5064612326043738 0.0140625 0.016898608349900597
0 0.10442708333333334 0.5273359840954275 0.028645833333333332 0.05069582504970179
0 0.16822916666666668 0.5114314115308151 0.01875 0.016898608349900597
0 0.5541666666666667 0.51441351888668 0.01875 0.018886679920477135
0 0.32057291666666665 0.5203777335984096 0.011979166666666667 0.020874751491053677
0 0.20755208333333333 0.5178926441351889 0.016145833333333335 0.009940357852882704
0 0.70546875 0.536779324055666 0.011979166666666667 0.033797216699801194
0 0.7778645833333333 0.5382703777335984 0.019270833333333334 0.03479125248508946
0 0.478125 0.5337972166998012 0.011458333333333333 0.015904572564612324
0 0.5096354166666667 0.5372763419483101 0.0046875 0.02286282306163022
0 0.19036458333333334 0.5397614314115308 0.018229166666666668 0.013916500994035786
0 0.8302083333333333 0.5506958250497018 0.00625 0.02584493041749503
0 0.2513020833333333 0.5546719681908548 0.0203125 0.019880715705765408
0 0.73671875 0.5606361829025845 0.0046875 0.02584493041749503
0 0.3377604166666667 0.5631212723658051 0.016145833333333335 0.02485089463220676
0 0.10078125 0.5596421471172962 0.016145833333333335 0.011928429423459244
0 0.7708333333333334 0.5666003976143141 0.013541666666666667 0.019880715705765408
0 0.37526041666666665 0.5670974155069582 0.009895833333333333 0.016898608349900597
0 0.47421875 0.5964214711729622 0.016145833333333335 0.03180914512922465
0 0.13125 0.5994035785288271 0.007291666666666667 0.02385685884691849
0 0.23203125 0.6038767395626242 0.018229166666666668 0.0268389662027833
0 0.33098958333333334 0.6128230616302187 0.015104166666666667 0.032803180914512925
0 0.5221354166666666 0.6098409542743539 0.0046875 0.02485089463220676
0 0.6010416666666667 0.6222664015904572 0.013541666666666667 0.03180914512922465
0 0.41875 0.6187872763419483 0.008333333333333333 0.020874751491053677
0 0.018229166666666668 0.6272365805168986 0.011458333333333333 0.03180914512922465
0 0.4315104166666667 0.6232604373757455 0.0067708333333333336 0.017892644135188866
0 0.30442708333333335 0.6282306163021869 0.0067708333333333336 0.02385685884691849
0 0.6705729166666666 0.6282306163021869 0.021354166666666667 0.02385685884691849
0 0.2109375 0.6297216699801192 0.013541666666666667 0.018886679920477135
0 0.37994791666666666 0.6317097415506958 0.015104166666666667 0.018886679920477135
0 0.159375 0.6381709741550696 0.013541666666666667 0.02385685884691849
0 0.6921875 0.6336978131212724 0.016666666666666666 0.008946322067594433
0 0.5088541666666667 0.6505964214711729 0.00625 0.036779324055666
0 0.6497395833333334 0.6366799204771372 0.009895833333333333 0.008946322067594433
0 0.5497395833333333 0.6510934393638171 0.013020833333333334 0.02186878727634195
0 0.7057291666666666 0.6515904572564613 0.0125 0.020874751491053677
0 0.3203125 0.6605367793240556 0.004166666666666667 0.02485089463220676
0 0.221875 0.6660039761431411 0.009375 0.02982107355864811
0 0.43671875 0.6650099403578529 0.0036458333333333334 0.02186878727634195
0 0.49453125 0.6719681908548708 0.005729166666666666 0.03180914512922465
0 0.15833333333333333 0.6669980119284294 0.00625 0.011928429423459244
0 0.38723958333333336 0.672962226640159 0.005729166666666666 0.02186878727634195
0 0.3651041666666667 0.6749502982107356 0.014583333333333334 0.02385685884691849
0 0.6052083333333333 0.6789264413518886 0.008333333333333333 0.017892644135188866
0 0.35208333333333336 0.7007952286282306 0.013541666666666667 0.03180914512922465
0 0.7846354166666667 0.7052683896620279 0.011979166666666667 0.03876739562624255
0 0.28203125 0.6968190854870775 0.0109375 0.009940357852882704
0 0.3966145833333333 0.6963220675944334 0.0109375 0.008946322067594433
0 0.30234375 0.7027833001988072 0.013020833333333334 0.015904572564612324
0 0.013541666666666667 0.7191848906560636 0.009375 0.03876739562624255
0 0.16796875 0.7246520874751491 0.011979166666666667 0.033797216699801194
0 0.4075520833333333 0.7152087475149106 0.013020833333333334 0.016898608349900597
0 0.8796875 0.7191848906560636 0.017708333333333333 0.014910536779324055
0 0.28802083333333334 0.7246520874751491 0.020833333333333332 0.019880715705765408
0 0.8473958333333333 0.7365805168986084 0.008333333333333333 0.02982107355864811
0 0.76484375 0.7445328031809145 0.013020833333333334 0.02584493041749503
0 0.34140625 0.7380715705765407 0.0140625 0.010934393638170975
0 0.5661458333333333 0.7495029821073559 0.00625 0.02186878727634195
0 0.8341145833333333 0.7504970178926441 0.009895833333333333 0.02385685884691849
0 0.40859375 0.7713717693836978 0.0171875 0.03180914512922465
0 0.49765625 0.7743538767395626 0.021354166666666667 0.02186878727634195
0 0.27395833333333336 0.7773359840954275 0.013541666666666667 0.017892644135188866
0 0.7596354166666667 0.7778330019880716 0.0140625 0.018886679920477135
0 0.68671875 0.7882703777335984 0.013020833333333334 0.019880715705765408
0 0.30494791666666665 0.7967196819085487 0.009895833333333333 0.020874751491053677
0 0.6328125 0.8001988071570576 0.014583333333333334 0.02584493041749503
0 0.46197916666666666 0.8096421471172962 0.01875 0.036779324055666
0 0.35234375 0.8046719681908548 0.0109375 0.02485089463220676
0 0.5828125 0.8116302186878728 0.016666666666666666 0.03479125248508946
0 0.26276041666666666 0.805168986083499 0.0171875 0.013916500994035786
0 0.4140625 0.8151093439363817 0.020833333333333332 0.02186878727634195
0 0.02734375 0.812624254473161 0.005729166666666666 0.012922465208747515
0 0.38697916666666665 0.8255467196819085 0.01875 0.036779324055666
0 0.2794270833333333 0.8235586481113321 0.0078125 0.02882703777335984
0 0.6872395833333333 0.8175944333996024 0.013020833333333334 0.016898608349900597
0 0.5669270833333333 0.8280318091451292 0.011979166666666667 0.033797216699801194
0 0.8208333333333333 0.8175944333996024 0.011458333333333333 0.012922465208747515
0 0.165625 0.8339960238568589 0.0125 0.041749502982107355
0 0.9778645833333334 0.8349900596421471 0.013020833333333334 0.02982107355864811
0 0.30885416666666665 0.8434393638170974 0.00625 0.02882703777335984
0 0.228125 0.8364811133200796 0.010416666666666666 0.008946322067594433
0 0.6309895833333333 0.8503976143141153 0.011979166666666667 0.036779324055666
0 0.3296875 0.8499005964214712 0.014583333333333334 0.02186878727634195
0 0.5611979166666666 0.8548707753479126 0.0109375 0.027833001988071572
0 0.70234375 0.8474155069582505 0.008854166666666666 0.010934393638170975
0 0.7559895833333333 0.8538767395626242 0.009895833333333333 0.02385685884691849
0 0.26848958333333334 0.8667992047713717 0.011979166666666667 0.033797216699801194
0 0.47552083333333334 0.8573558648111332 0.008333333333333333 0.012922465208747515
0 0.5463541666666667 0.8653081510934394 0.007291666666666667 0.030815109343936383
0 0.5971354166666667 0.860337972166998 0.013020833333333334 0.018886679920477135
0 0.396875 0.8578528827037774 0.008333333333333333 0.009940357852882704
0 0.6119791666666666 0.8628230616302187 0.011458333333333333 0.015904572564612324
0 0.4861979166666667 0.8722664015904572 0.019270833333333334 0.032803180914512925
0 0.15651041666666668 0.8762425447316103 0.0140625 0.030815109343936383
0 0.43411458333333336 0.8841948310139165 0.019270833333333334 0.036779324055666
0 0.778125 0.8881709741550696 0.008333333333333333 0.02485089463220676
0 0.7091145833333333 0.8941351888667992 0.0078125 0.0268389662027833
0 0.3841145833333333 0.9015904572564613 0.0078125 0.03777335984095427
0 0.4778645833333333 0.8921471172962226 0.005729166666666666 0.016898608349900597
0 0.5106770833333333 0.893141153081511 0.013020833333333334 0.018886679920477135
0 0.87734375 0.8966202783300199 0.013020833333333334 0.019880715705765408
0 0.35625 0.8976143141153081 0.01875 0.015904572564612324
0 0.5591145833333333 0.8966202783300199 0.0109375 0.011928429423459244
0 0.7015625 0.9020874751491054 0.011458333333333333 0.016898608349900597
0 0.7294270833333333 0.9030815109343936 0.018229166666666668 0.018886679920477135
0 0.5294270833333333 0.9040755467196819 0.011979166666666667 0.016898608349900597
0 0.5151041666666667 0.9100397614314115 0.00625 0.02286282306163022
0 0.4713541666666667 0.9145129224652088 0.010416666666666666 0.019880715705765408
0 0.5028645833333333 0.9214711729622267 0.008854166666666666 0.02982107355864811
0 0.5502604166666667 0.9269383697813122 0.0265625 0.03876739562624255
0 0.3234375 0.9184890656063618 0.017708333333333333 0.015904572564612324
0 0.44635416666666666 0.9174950298210736 0.0125 0.009940357852882704
0 0.3375 0.9433399602385686 0.0125 0.03180914512922465
0 0.8817708333333333 0.9443339960238568 0.009375 0.02982107355864811
0 0.48333333333333334 0.9473161033797217 0.019791666666666666 0.02982107355864811
0 0.4125 0.9408548707753479 0.005208333333333333 0.014910536779324055
0 0.5109375 0.9428429423459245 0.010416666666666666 0.016898608349900597
0 0.6622395833333333 0.9517892644135189 0.013020833333333334 0.016898608349900597
0 0.3455729166666667 0.974155069582505 0.011979166666666667 0.04970178926441352
0 0.83203125 0.9602385685884692 0.0078125 0.017892644135188866
0 0.21588541666666666 0.9721669980119284 0.008854166666666666 0.03180914512922465
0 0.71328125 0.9652087475149106 0.015104166666666667 0.009940357852882704
0 0.5947916666666667 0.9751491053677932 0.017708333333333333 0.009940357852882704
0 0.7453125 0.9776341948310139 0.01875 0.016898608349900597
0 0.38828125 0.9860834990059643 0.013020833333333334 0.02584493041749503
0 0.47760416666666666 0.981610337972167 0.021875 0.014910536779324055
0 0.3645833333333333 0.9905566600397614 0.007291666666666667 0.016898608349900597
0 0.8197916666666667 0.9915506958250497 0.0125 0.014910536779324055
0 0.5776041666666667 0.9955268389662028 0.013541666666666667 0.006958250497017893
0 0.6208333333333333 0.9955268389662028 0.015625 0.006958250497017893