0 0.029427083333333333 0.0044731610337972166 0.008854166666666666 0.008946322067594433
0 0.19140625 0.002982107355864811 0.0203125 0.005964214711729622
0 0.21692708333333333 0.009443339960238568 0.0296875 0.018886679920477135
0 0.3138020833333333 0.010437375745526839 0.025520833333333333 0.020874751491053677
0 0.42994791666666665 0.01242544731610338 0.0171875 0.02485089463220676
0 0.5158854166666667 0.0268389662027833 0.0109375 0.02584493041749503
0 0.6700520833333333 0.03429423459244533 0.018229166666666668 0.042743538767395624
0 0.5453125 0.029324055666003976 0.0125 0.014910536779324055
0 0.6505208333333333 0.06510934393638171 0.020833333333333332 0.05467196819085487
0 0.20208333333333334 0.061630218687872766 0.015625 0.041749502982107355
0 0.2635416666666667 0.06510934393638171 0.017708333333333333 0.04473161033797217
0 0.022395833333333334 0.06510934393638171 0.0125 0.018886679920477135
0 0.3971354166666667 0.0775347912524851 0.013020833333333334 0.02982107355864811
0 0.965625 0.07455268389662027 0.008333333333333333 0.011928429423459244
0 0.31302083333333336 0.09443339960238568 0.016666666666666666 0.033797216699801194
0 0.7682291666666666 0.09493041749502983 0.007291666666666667 0.02882703777335984
0 0.36822916666666666 0.1058648111332008 0.013541666666666667 0.03479125248508946
0 0.18151041666666667 0.10139165009940358 0.0171875 0.02186878727634195
0 0.33932291666666664 0.10785288270377734 0.009895833333333333 0.03479125248508946
0 0.4041666666666667 0.11182902584493042 0.010416666666666666 0.02882703777335984
0 0.0026041666666666665 0.12375745526838966 0.005208333333333333 0.04671968190854871
0 0.2877604166666667 0.12773359840954274 0.0109375 0.04473161033797217
0 0.5877604166666667 0.12077534791252485 0.009895833333333333 0.02286282306163022
0 0.8549479166666667 0.13021868787276342 0.016145833333333335 0.03777335984095427
0 0.2526041666666667 0.1272365805168986 0.01875 0.02584493041749503
0 0.43125 0.12773359840954274 0.008333333333333333 0.012922465208747515
0 0.33307291666666666 0.13667992047713717 0.0078125 0.02485089463220676
0 0.6361979166666667 0.15656063618290258 0.025520833333333333 0.0268389662027833
0 0.2515625 0.16202783300198806 0.00625 0.03578528827037773
0 0.31796875 0.16848906560636182 0.0078125 0.036779324055666
0 0.41796875 0.1709741550695825 0.0067708333333333336 0.033797216699801194
0 0.078125 0.18986083499005965 0.019791666666666666 0.05765407554671968
0 0.3734375 0.1918489065606362 0.008333333333333333 0.011928429423459244
0 0.33984375 0.20825049701789264 0.022395833333333334 0.0268389662027833
0 0.715625 0.20278330019880716 0.007291666666666667 0.015904572564612324
0 0.30546875 0.21421471172962225 0.013020833333333334 0.020874751491053677
0 0.37604166666666666 0.23161033797216699 0.016666666666666666 0.027833001988071572
0 0.36614583333333334 0.24204771371769385 0.008333333333333333 0.03479125248508946
0 0.33151041666666664 0.24353876739562624 0.0203125 0.02982107355864811
0 0.4283854166666667 0.2813121272365805 0.022395833333333334 0.03578528827037773
0 0.2786458333333333 0.28330019880715707 0.009375 0.011928429423459244
0 0.04479166666666667 0.2882703777335984 0.009375 0.009940357852882704
0 0.27005208333333336 0.29870775347912526 0.008854166666666666 0.02485089463220676
0 0.5442708333333334 0.3106361829025845 0.009375 0.04473161033797217
0 0.14401041666666667 0.3210735586481113 0.0171875 0.039761431411530816
0 0.7703125 0.31759443339960236 0.026041666666666668 0.02882703777335984
0 0.3890625 0.33250497017892644 0.013541666666666667 0.04473161033797217
0 0.36015625 0.35984095427435386 0.011979166666666667 0.033797216699801194
0 0.31953125 0.3812127236580517 0.022395833333333334 0.042743538767395624
0 0.20807291666666666 0.38071570576540753 0.013020833333333334 0.017892644135188866
0 0.3377604166666667 0.38220675944334 0.022395833333333334 0.020874751491053677
0 0.9989583333333333 0.40159045725646125 0.0010416666666666667 0.055666003976143144
0 0.40572916666666664 0.40308151093439365 0.026041666666666668 0.048707753479125246
0 0.9671875 0.4105367793240557 0.023958333333333335 0.0636182902584493
0 0.23489583333333333 0.40159045725646125 0.021875 0.033797216699801194
0 0.09947916666666666 0.40506958250497016 0.020833333333333332 0.02286282306163022
0 0.30494791666666665 0.4095427435387674 0.0109375 0.02385685884691849
0 0.20572916666666666 0.4234592445328032 0.017708333333333333 0.0437375745526839
0 0.43828125 0.43687872763419483 0.011979166666666667 0.036779324055666
0 0.63203125 0.444831013916501 0.018229166666666668 0.030815109343936383
0 0.30130208333333336 0.4577534791252485 0.008854166666666666 0.0268389662027833
0 0.3734375 0.45278330019880714 0.008333333333333333 0.014910536779324055
0 0.41510416666666666 0.4711729622266402 0.010416666666666666 0.03777335984095427
0 0.35572916666666665 0.46669980119284293 0.015625 0.02485089463220676
0 0.43203125 0.4686878727634195 0.009895833333333333 0.0268389662027833
0 0.7442708333333333 0.47365805168986086 0.019791666666666666 0.018886679920477135
0 0.3703125 0.4821073558648111 0.0125 0.02584493041749503
0 0.33984375 0.48956262425447317 0.015104166666666667 0.020874751491053677
0 0.7619791666666667 0.49652087475149104 0.022916666666666665 0.030815109343936383
0 0.7822916666666667 0.5049701789264414 0.019791666666666666 0.04572564612326044
0 0.35625 0.5034791252485089 0.010416666666666666 0.0268389662027833
0 0.3223958333333333 0.5228628230616302 0.013541666666666667 0.061630218687872766
0 0.3059895833333333 0.510934393638171 0.008854166666666666 0.015904572564612324
0 0.5057291666666667 0.525844930417495 0.014583333333333334 0.02982107355864811
0 0.23255208333333333 0.5342942345924453 0.024479166666666666 0.02882703777335984
0 0.12734375 0.540258449304175 0.028645833333333332 0.02882703777335984
0 0.7645833333333333 0.5616302186878728 0.007291666666666667 0.033797216699801194
0 0.54453125 0.5854870775347912 0.013020833333333334 0.033797216699801194
0 0.74296875 0.5904572564612326 0.013020833333333334 0.027833001988071572
0 0.17526041666666667 0.6033797216699801 0.019270833333333334 0.017892644135188866
0 0.78984375 0.6257455268389662 0.015104166666666667 0.018886679920477135
0 0.2911458333333333 0.6426441351888668 0.008333333333333333 0.030815109343936383
0 0.8817708333333333 0.6481113320079522 0.015625 0.03180914512922465
0 0.76328125 0.6540755467196819 0.011979166666666667 0.033797216699801194
0 0.3106770833333333 0.6620278330019881 0.016145833333333335 0.03578528827037773
0 0.33567708333333335 0.6605367793240556 0.021354166666666667 0.030815109343936383
0 0.04375 0.6719681908548708 0.020833333333333332 0.0437375745526839
0 0.27630208333333334 0.6774353876739563 0.025520833333333333 0.03876739562624255
0 0.40859375 0.691351888667992 0.027604166666666666 0.05864811133200795
0 0.19401041666666666 0.6769383697813122 0.009895833333333333 0.02186878727634195
0 0.16302083333333334 0.6779324055666004 0.010416666666666666 0.02186878727634195
0 0.35963541666666665 0.6928429423459245 0.03697916666666667 0.033797216699801194
0 0.39088541666666665 0.6918489065606361 0.0109375 0.03180914512922465
0 0.45651041666666664 0.7152087475149106 0.018229166666666668 0.05268389662027833
0 0.26927083333333335 0.724155069582505 0.022916666666666665 0.040755467196819085
0 0.66171875 0.7335984095427436 0.0203125 0.02186878727634195
0 0.33098958333333334 0.7375745526838966 0.0067708333333333336 0.019880715705765408
0 0.8119791666666667 0.7475149105367793 0.01875 0.03180914512922465
0 0.928125 0.7435387673956262 0.020833333333333332 0.02584493041749503
0 0.30416666666666664 0.7480119284294234 0.011458333333333333 0.02882703777335984
0 0.6052083333333333 0.75 0.014583333333333334 0.02286282306163022
0 0.4453125 0.7773359840954275 0.017708333333333333 0.041749502982107355
0 0.3098958333333333 0.7932405566600398 0.03854166666666667 0.04572564612326044
0 0.13359375 0.7962226640159046 0.0140625 0.039761431411530816
0 0.3580729166666667 0.786779324055666 0.0140625 0.014910536779324055
0 0.6606770833333333 0.8046719681908548 0.0067708333333333336 0.016898608349900597
0 0.23177083333333334 0.8369781312127237 0.020833333333333332 0.073558648111332
0 0.32864583333333336 0.8136182902584493 0.019791666666666666 0.016898608349900597
0 0.35182291666666665 0.8389662027833003 0.011979166666666667 0.017892644135188866
0 0.12890625 0.841948310139165 0.024479166666666666 0.019880715705765408
0 0.07265625 0.8583499005964215 0.018229166666666668 0.02882703777335984
0 0.04114583333333333 0.8841948310139165 0.026041666666666668 0.02286282306163022
0 0.3341145833333333 0.8841948310139165 0.013020833333333334 0.010934393638170975
0 0.0033854166666666668 0.9214711729622267 0.0067708333333333336 0.06958250497017893
0 0.45703125 0.9165009940357853 0.0109375 0.03777335984095427
0 0.20729166666666668 0.9343936381709742 0.013541666666666667 0.04970178926441352
0 0.17421875 0.937375745526839 0.019270833333333334 0.033797216699801194
0 0.15703125 0.9408548707753479 0.011979166666666667 0.036779324055666
0 0.04453125 0.9781312127236581 0.0234375 0.027833001988071572
0 0.27890625 0.9880715705765407 0.018229166666666668 0.02186878727634195
0 0.8854166666666666 0.9915506958250497 0.011458333333333333 0.014910536779324055