0 0.3802083333333333 0.014910536779324055 0.015625 0.02982107355864811
0 0.6231770833333333 0.006958250497017893 0.013020833333333334 0.013916500994035786
0 0.7565104166666666 0.008449304174950299 0.0171875 0.016898608349900597
0 0.3171875 0.030815109343936383 0.022916666666666665 0.04572564612326044
0 0.6109375 0.015407554671968192 0.007291666666666667 0.014910536779324055
0 0.10234375 0.016898608349900597 0.008854166666666666 0.011928429423459244
0 0.5247395833333334 0.032803180914512925 0.0067708333333333336 0.027833001988071572
0 0.022135416666666668 0.02882703777335984 0.0109375 0.013916500994035786
0 0.4669270833333333 0.05168986083499006 0.009895833333333333 0.0437375745526839
0 0.7989583333333333 0.05715705765407555 0.011458333333333333 0.036779324055666
0 0.675 0.04970178926441352 0.008333333333333333 0.011928429423459244
0 0.2828125 0.05715705765407555 0.014583333333333334 0.02286282306163022
0 0.3880208333333333 0.06262425447316103 0.016666666666666666 0.03180914512922465
0 0.3533854166666667 0.06759443339960239 0.0109375 0.03180914512922465
0 0.005208333333333333 0.06908548707753479 0.008333333333333333 0.018886679920477135
0 0.18697916666666667 0.07604373757455268 0.009375 0.0268389662027833
0 0.2947916666666667 0.0889662027833002 0.025 0.042743538767395624
0 0.87265625 0.09145129224652088 0.015104166666666667 0.04572564612326044
0 0.671875 0.08449304174950298 0.009375 0.019880715705765408
0 0.82421875 0.0874751491053678 0.027604166666666666 0.02584493041749503
0 0.37734375 0.0874751491053678 0.013020833333333334 0.017892644135188866
0 0.32734375 0.09145129224652088 0.0203125 0.013916500994035786
0 0.2578125 0.10089463220675944 0.016666666666666666 0.020874751491053677
0 0.43984375 0.10785288270377734 0.005729166666666666 0.016898608349900597
0 0.3958333333333333 0.11133200795228629 0.01875 0.017892644135188866
0 0.12135416666666667 0.12475149105367793 0.017708333333333333 0.036779324055666
0 0.22369791666666666 0.12027833001988071 0.008854166666666666 0.019880715705765408
0 0.18958333333333333 0.12127236580516898 0.008333333333333333 0.013916500994035786
0 0.3411458333333333 0.13369781312127235 0.013541666666666667 0.032803180914512925
0 0.61171875 0.13220675944333996 0.025520833333333333 0.02982107355864811
0 0.6471354166666666 0.12326043737574553 0.015104166666666667 0.013916500994035786
0 0.2916666666666667 0.1272365805168986 0.013541666666666667 0.015904572564612324
0 0.3802083333333333 0.13220675944333996 0.005208333333333333 0.015904572564612324
0 0.43854166666666666 0.1341948310139165 0.011458333333333333 0.015904572564612324
0 0.4270833333333333 0.13767395626242546 0.007291666666666667 0.014910536779324055
0 0.5541666666666667 0.1595427435387674 0.009375 0.05069582504970179
0 0.8216145833333334 0.1456262425447316 0.0109375 0.020874751491053677
0 0.18125 0.1466202783300199 0.007291666666666667 0.014910536779324055
0 0.11223958333333334 0.16550695825049702 0.011979166666666667 0.036779324055666
0 0.20963541666666666 0.1550695825049702 0.0171875 0.009940357852882704
0 0.04140625 0.17445328031809146 0.016145833333333335 0.03479125248508946
0 0.23567708333333334 0.16153081510934394 0.0109375 0.010934393638170975
0 0.09505208333333333 0.176441351888668 0.019270833333333334 0.032803180914512925
0 0.26536458333333335 0.16699801192842942 0.0067708333333333336 0.011928429423459244
0 0.69140625 0.17892644135188868 0.016145833333333335 0.03578528827037773
0 0.13776041666666666 0.17693836978131214 0.015104166666666667 0.02982107355864811
0 0.18854166666666666 0.1779324055666004 0.00625 0.02186878727634195
0 0.3919270833333333 0.18041749502982107 0.0067708333333333336 0.0268389662027833
0 0.23489583333333333 0.19135188866799205 0.015625 0.016898608349900597
0 0.4671875 0.1893638170974155 0.009375 0.010934393638170975
0 0.41302083333333334 0.2062624254473161 0.010416666666666666 0.02882703777335984
0 0.234375 0.20825049701789264 0.020833333333333332 0.018886679920477135
0 0.2526041666666667 0.20675944333996024 0.009375 0.013916500994035786
0 0.21145833333333333 0.22415506958250497 0.007291666666666667 0.032803180914512925
0 0.11302083333333333 0.2355864811133201 0.026041666666666668 0.041749502982107355
0 0.23333333333333334 0.23658051689860835 0.009375 0.033797216699801194
0 0.33958333333333335 0.23359840954274355 0.008333333333333333 0.02385685884691849
0 0.39869791666666665 0.23757455268389663 0.0067708333333333336 0.027833001988071572
0 0.5583333333333333 0.2370775347912525 0.008333333333333333 0.012922465208747515
0 0.6484375 0.25 0.010416666666666666 0.03479125248508946
0 0.5984375 0.24055666003976142 0.008333333333333333 0.011928429423459244
0 0.29609375 0.25894632206759444 0.022395833333333334 0.03479125248508946
0 0.246875 0.24900596421471172 0.010416666666666666 0.008946322067594433
0 0.50625 0.2504970178926441 0.013541666666666667 0.013916500994035786
0 0.25833333333333336 0.2644135188866799 0.016666666666666666 0.03180914512922465
0 0.17369791666666667 0.27236580516898606 0.0078125 0.019880715705765408
0 0.3846354166666667 0.27236580516898606 0.015104166666666667 0.015904572564612324
0 0.49895833333333334 0.275844930417495 0.016666666666666666 0.014910536779324055
0 0.5606770833333333 0.27435387673956263 0.009895833333333333 0.011928429423459244
0 0.24140625 0.279324055666004 0.016145833333333335 0.019880715705765408
0 0.13854166666666667 0.2932405566600398 0.007291666666666667 0.033797216699801194
0 0.4005208333333333 0.323558648111332 0.01875 0.05467196819085487
0 0.24375 0.31510934393638174 0.011458333333333333 0.027833001988071572
0 0.4549479166666667 0.31610337972166996 0.013020833333333334 0.015904572564612324
0 0.49505208333333334 0.3384691848906561 0.021354166666666667 0.05268389662027833
0 0.2171875 0.33300198807157055 0.00625 0.03578528827037773
0 0.28489583333333335 0.33300198807157055 0.010416666666666666 0.013916500994035786
0 0.32916666666666666 0.3394632206759443 0.011458333333333333 0.02882703777335984
0 0.17864583333333334 0.3414512922465209 0.020833333333333332 0.0268389662027833
0 0.14505208333333333 0.34791252485089463 0.0140625 0.02385685884691849
0 0.5450520833333333 0.3489065606361829 0.0046875 0.02385685884691849
0 0.20260416666666667 0.3573558648111332 0.013541666666666667 0.0268389662027833
0 0.45625 0.3508946322067594 0.00625 0.013916500994035786
0 0.3796875 0.3588469184890656 0.00625 0.017892644135188866
0 0.440625 0.36232604373757454 0.01875 0.02485089463220676
0 0.5768229166666666 0.371272365805169 0.0078125 0.012922465208747515
0 0.48802083333333335 0.3757455268389662 0.009375 0.015904572564612324
0 0.059895833333333336 0.3871769383697813 0.009375 0.02286282306163022
0 0.7348958333333333 0.3817097415506958 0.009375 0.013916500994035786
0 0.65703125 0.3956262425447316 0.0109375 0.03578528827037773
0 0.7466145833333333 0.3866799204771372 0.009895833333333333 0.013916500994035786
0 0.3567708333333333 0.38866799204771374 0.010416666666666666 0.011928429423459244
0 0.034895833333333334 0.41898608349900596 0.010416666666666666 0.03876739562624255
0 0.13854166666666667 0.4239562624254473 0.015625 0.030815109343936383
0 0.15364583333333334 0.42445328031809143 0.013541666666666667 0.02982107355864811
0 0.24453125 0.4209741550695825 0.018229166666666668 0.020874751491053677
0 0.29244791666666664 0.4254473161033797 0.008854166666666666 0.02186878727634195
0 0.5971354166666667 0.4279324055666004 0.022395833333333334 0.0268389662027833
0 0.42578125 0.43141153081510936 0.0067708333333333336 0.02584493041749503
0 0.25885416666666666 0.4383697813121272 0.015625 0.02584493041749503
0 0.18723958333333332 0.44532803180914515 0.0203125 0.02982107355864811
0 0.008072916666666667 0.4418489065606362 0.016145833333333335 0.018886679920477135
0 0.04765625 0.452286282306163 0.0203125 0.039761431411530816
0 0.903125 0.46272365805168986 0.009375 0.036779324055666
0 0.15885416666666666 0.4567594433399602 0.0125 0.016898608349900597
0 0.44114583333333335 0.47713717693836977 0.010416666666666666 0.0437375745526839
0 0.46119791666666665 0.470675944333996 0.011979166666666667 0.010934393638170975
0 0.8861979166666667 0.47564612326043737 0.008854166666666666 0.014910536779324055
0 0.6799479166666667 0.4900596421471173 0.008854166666666666 0.02385685884691849
0 0.7453125 0.5004970178926441 0.014583333333333334 0.03479125248508946
0 0.13098958333333333 0.5084493041749503 0.019270833333333334 0.02485089463220676
0 0.037760416666666664 0.5084493041749503 0.018229166666666668 0.018886679920477135
0 0.19479166666666667 0.5134194831013916 0.028125 0.030815109343936383
0 0.23489583333333333 0.5124254473161034 0.0125 0.016898608349900597
0 0.34765625 0.5208747514910537 0.008854166666666666 0.03180914512922465
0 0.56640625 0.5288270377733598 0.0109375 0.041749502982107355
0 0.6984375 0.5482107355864811 0.011458333333333333 0.03876739562624255
0 0.9247395833333333 0.5417495029821073 0.0203125 0.013916500994035786
0 0.31145833333333334 0.5596421471172962 0.036458333333333336 0.03777335984095427
0 0.03229166666666667 0.5526838966202783 0.013541666666666667 0.011928429423459244
0 0.08098958333333334 0.5715705765407555 0.015104166666666667 0.05168986083499006
0 0.44635416666666666 0.555168986083499 0.007291666666666667 0.016898608349900597
0 0.48932291666666666 0.5541749502982107 0.013020833333333334 0.012922465208747515
0 0.21770833333333334 0.5705765407554672 0.0125 0.02982107355864811
0 0.7729166666666667 0.5859840954274353 0.030208333333333334 0.042743538767395624
0 0.06614583333333333 0.5790258449304175 0.011458333333333333 0.018886679920477135
0 0.2734375 0.5874751491053678 0.014583333333333334 0.02186878727634195
0 0.2903645833333333 0.5879721669980119 0.005729166666666666 0.014910536779324055
0 0.16145833333333334 0.5939363817097415 0.0125 0.02286282306163022
0 0.9197916666666667 0.6118290258449304 0.017708333333333333 0.012922465208747515
0 0.7510416666666667 0.6282306163021869 0.025 0.027833001988071572
0 0.3463541666666667 0.6262425447316103 0.009375 0.015904572564612324
0 0.9828125 0.6421471172962226 0.015625 0.039761431411530816
0 0.4244791666666667 0.6416500994035785 0.005208333333333333 0.02286282306163022
0 0.34479166666666666 0.6491053677932406 0.007291666666666667 0.015904572564612324
0 0.39088541666666665 0.6500994035785288 0.0067708333333333336 0.013916500994035786
0 0.4322916666666667 0.6679920477137177 0.008333333333333333 0.041749502982107355
0 0.2916666666666667 0.6679920477137177 0.007291666666666667 0.03777335984095427
0 0.009114583333333334 0.6650099403578529 0.0067708333333333336 0.017892644135188866
0 0.41953125 0.6868787276341949 0.0067708333333333336 0.03578528827037773
0 0.38203125 0.7017892644135189 0.013020833333333334 0.033797216699801194
0 0.7434895833333334 0.6998011928429424 0.0140625 0.02385685884691849
0 0.7903645833333334 0.6943339960238568 0.0078125 0.014910536779324055
0 0.20963541666666666 0.7002982107355865 0.005729166666666666 0.016898608349900597
0 0.8138020833333334 0.7251491053677932 0.0203125 0.032803180914512925
0 0.41510416666666666 0.7251491053677932 0.008333333333333333 0.020874751491053677
0 0.309375 0.7475149105367793 0.007291666666666667 0.02186878727634195
0 0.22265625 0.7465208747514911 0.005729166666666666 0.011928429423459244
0 0.31588541666666664 0.7673956262425448 0.009895833333333333 0.02385685884691849
0 0.12291666666666666 0.7728628230616302 0.014583333333333334 0.016898608349900597
0 0.2953125 0.786779324055666 0.010416666666666666 0.04473161033797217
0 0.434375 0.7738568588469185 0.007291666666666667 0.016898608349900597
0 0.3380208333333333 0.7857852882703777 0.017708333333333333 0.032803180914512925
0 0.032552083333333336 0.786779324055666 0.008854166666666666 0.032803180914512925
0 0.5424479166666667 0.7842942345924453 0.016145833333333335 0.011928429423459244
0 0.21380208333333334 0.8036779324055666 0.0234375 0.036779324055666
0 0.6145833333333334 0.8026838966202783 0.013541666666666667 0.03479125248508946
0 0.3453125 0.8146123260437376 0.013541666666666667 0.020874751491053677
0 0.56875 0.8210735586481114 0.010416666666666666 0.03180914512922465
0 0.008072916666666667 0.8175944333996024 0.016145833333333335 0.020874751491053677
0 0.83984375 0.81610337972167 0.0203125 0.019880715705765408
0 0.40703125 0.8235586481113321 0.0109375 0.02286282306163022
0 0.061197916666666664 0.8354870775347912 0.028645833333333332 0.03479125248508946
0 0.27005208333333336 0.8379721669980119 0.0203125 0.02385685884691849
0 0.20989583333333334 0.845427435387674 0.014583333333333334 0.02882703777335984
0 0.53046875 0.8553677932405567 0.025520833333333333 0.05069582504970179
0 0.6317708333333333 0.8503976143141153 0.008333333333333333 0.0268389662027833
0 0.8809895833333333 0.8439363817097415 0.019270833333333334 0.015904572564612324
0 0.6153645833333333 0.8692842942345924 0.009895833333333333 0.05467196819085487
0 0.58515625 0.8682902584493042 0.015104166666666667 0.036779324055666
0 0.11119791666666666 0.8866799204771372 0.016145833333333335 0.03180914512922465
0 0.3333333333333333 0.8891650099403579 0.014583333333333334 0.036779324055666
0 0.5958333333333333 0.8916500994035785 0.013541666666666667 0.039761431411530816
0 0.47890625 0.9015904572564613 0.0171875 0.033797216699801194
0 0.7455729166666667 0.9030815109343936 0.009895833333333333 0.03876739562624255
0 0.134375 0.9010934393638171 0.009375 0.02485089463220676
0 0.23229166666666667 0.9005964214711729 0.007291666666666667 0.02186878727634195
0 0.44609375 0.9015904572564613 0.015104166666666667 0.02186878727634195
0 0.6296875 0.9065606361829026 0.0125 0.033797216699801194
0 0.27734375 0.9025844930417495 0.013020833333333334 0.017892644135188866
0 0.3575520833333333 0.9000994035785288 0.0171875 0.008946322067594433
0 0.5190104166666667 0.908051689860835 0.0234375 0.02286282306163022
0 0.06979166666666667 0.9065606361829026 0.01875 0.017892644135188866
0 0.24557291666666667 0.9224652087475149 0.016145833333333335 0.04970178926441352
0 0.7140625 0.9095427435387674 0.0125 0.02385685884691849
0 0.6075520833333333 0.9110337972166997 0.008854166666666666 0.020874751491053677
0 0.3020833333333333 0.9120278330019881 0.0125 0.020874751491053677
0 0.25546875 0.9468190854870775 0.0140625 0.08449304174950298
0 0.4234375 0.9269383697813122 0.009375 0.016898608349900597
0 0.14505208333333333 0.9388667992047713 0.008854166666666666 0.036779324055666
0 0.8080729166666667 0.9353876739562624 0.0109375 0.027833001988071572
0 0.04244791666666667 0.9423459244532804 0.009895833333333333 0.02186878727634195
0 0.3515625 0.9587475149105368 0.010416666666666666 0.03876739562624255
0 0.45234375 0.9567594433399602 0.011979166666666667 0.02485089463220676
0 0.6192708333333333 0.9547713717693836 0.008333333333333333 0.014910536779324055
0 0.3059895833333333 0.9647117296222664 0.021354166666666667 0.030815109343936383
0 0.3885416666666667 0.9666998011928429 0.013541666666666667 0.03479125248508946
0 0.43255208333333334 0.9657057654075547 0.013020833333333334 0.030815109343936383
0 0.5567708333333333 0.9751491053677932 0.0125 0.03180914512922465
0 0.6096354166666667 0.9706759443339961 0.011979166666666667 0.018886679920477135
0 0.7200520833333334 0.9791252485089463 0.008854166666666666 0.033797216699801194
0 0.28541666666666665 0.9791252485089463 0.0125 0.02982107355864811
0 0.0453125 0.9751491053677932 0.008333333333333333 0.013916500994035786
0 0.4359375 0.9771371769383698 0.00625 0.013916500994035786
0 0.33932291666666664 0.9860834990059643 0.008854166666666666 0.017892644135188866