0 0.11432291666666666 0.009940357852882704 0.0046875 0.019880715705765408
0 0.4192708333333333 0.009443339960238568 0.009375 0.018886679920477135
0 0.5015625 0.009443339960238568 0.005208333333333333 0.018886679920477135
0 0.17161458333333332 0.020874751491053677 0.005729166666666666 0.027833001988071572
0 0.9752604166666666 0.02485089463220676 0.0140625 0.033797216699801194
0 0.36380208333333336 0.019880715705765408 0.018229166666666668 0.015904572564612324
0 0.484375 0.03180914512922465 0.016666666666666666 0.017892644135188866
0 0.11901041666666666 0.04920477137176938 0.013020833333333334 0.03876739562624255
0 0.7140625 0.06312127236580517 0.007291666666666667 0.036779324055666
0 0.47734375 0.07504970178926441 0.009895833333333333 0.02286282306163022
0 0.9328125 0.08449304174950298 0.021875 0.03578528827037773
0 0.021354166666666667 0.09145129224652088 0.010416666666666666 0.03180914512922465
0 0.7765625 0.1411530815109344 0.025 0.05168986083499006
0 0.7041666666666667 0.13021868787276342 0.009375 0.019880715705765408
0 0.190625 0.1496023856858847 0.0125 0.012922465208747515
0 0.15078125 0.16351888667992048 0.013020833333333334 0.032803180914512925
0 0.7815104166666667 0.17345924453280318 0.008854166666666666 0.014910536779324055
0 0.5166666666666667 0.1794234592445328 0.016666666666666666 0.014910536779324055
0 0.49375 0.2201789264413519 0.020833333333333332 0.016898608349900597
0 0.83046875 0.23508946322067595 0.021354166666666667 0.03479125248508946
0 0.5364583333333334 0.2345924453280318 0.0125 0.019880715705765408
0 0.25625 0.2400596421471173 0.008333333333333333 0.0268389662027833
0 0.20338541666666668 0.24801192842942346 0.008854166666666666 0.03876739562624255
0 0.23463541666666668 0.24502982107355864 0.0036458333333333334 0.02485089463220676
0 0.4046875 0.24055666003976142 0.013541666666666667 0.009940357852882704
0 0.43828125 0.24453280318091453 0.013020833333333334 0.017892644135188866
0 0.9283854166666666 0.24801192842942346 0.0171875 0.016898608349900597
0 0.7403645833333333 0.24950298210735586 0.013020833333333334 0.009940357852882704
0 0.9953125 0.2544731610337972 0.008333333333333333 0.015904572564612324
0 0.8411458333333334 0.25944333996023855 0.0125 0.019880715705765408
0 0.7830729166666667 0.2639165009940358 0.018229166666666668 0.014910536779324055
0 0.04609375 0.26938369781312127 0.013020833333333334 0.02186878727634195
0 0.31536458333333334 0.27286282306163023 0.016145833333333335 0.014910536779324055
0 0.53515625 0.28180914512922467 0.0046875 0.016898608349900597
0 0.77421875 0.29970178926441354 0.016145833333333335 0.02485089463220676
0 0.9505208333333334 0.3111332007952286 0.011458333333333333 0.03578528827037773
0 0.2903645833333333 0.3036779324055666 0.009895833333333333 0.012922465208747515
0 0.440625 0.3260437375745527 0.016666666666666666 0.02385685884691849
0 0.69765625 0.3290258449304175 0.0067708333333333336 0.02982107355864811
0 0.796875 0.3230616302186879 0.015625 0.013916500994035786
0 0.2559895833333333 0.3349900596421471 0.019270833333333334 0.033797216699801194
0 0.4002604166666667 0.35834990059642147 0.0078125 0.040755467196819085
0 0.4471354166666667 0.36083499005964215 0.011979166666666667 0.02186878727634195
0 0.49270833333333336 0.3643141153081511 0.005208333333333333 0.0268389662027833
0 0.4161458333333333 0.3648111332007952 0.013541666666666667 0.019880715705765408
0 0.7640625 0.3697813121272366 0.007291666666666667 0.011928429423459244
0 0.09895833333333333 0.3941351888667992 0.008333333333333333 0.03876739562624255
0 0.6489583333333333 0.3871769383697813 0.00625 0.02286282306163022
0 0.9854166666666667 0.38817097415506957 0.028125 0.02286282306163022
0 0.3572916666666667 0.3986083499005964 0.00625 0.02982107355864811
0 0.28932291666666665 0.40308151093439365 0.008854166666666666 0.030815109343936383
0 0.00390625 0.40357852882703776 0.0078125 0.027833001988071572
0 0.7354166666666667 0.4010934393638171 0.015625 0.018886679920477135
0 0.3104166666666667 0.41749502982107356 0.013541666666666667 0.03777335984095427
0 0.92734375 0.4194831013916501 0.018229166666666668 0.009940357852882704
0 0.7591145833333334 0.426441351888668 0.011979166666666667 0.013916500994035786
0 0.06640625 0.43339960238568587 0.005729166666666666 0.02584493041749503
0 0.37838541666666664 0.4617296222664016 0.013020833333333334 0.0705765407554672
0 0.6872395833333333 0.44681908548707755 0.0078125 0.03479125248508946
0 0.7669270833333334 0.4408548707753479 0.0171875 0.020874751491053677
0 0.21901041666666668 0.46123260437375746 0.0171875 0.027833001988071572
0 0.44114583333333335 0.4592445328031809 0.008333333333333333 0.017892644135188866
0 0.30963541666666666 0.46669980119284293 0.0109375 0.0268389662027833
0 0.6526041666666667 0.4587475149105368 0.00625 0.012922465208747515
0 0.9140625 0.4831013916500994 0.01875 0.03578528827037773
0 0.090625 0.4721669980119284 0.007291666666666667 0.011928429423459244
0 0.7255208333333333 0.49502982107355864 0.017708333333333333 0.02385685884691849
0 0.3919270833333333 0.4990059642147117 0.0046875 0.02186878727634195
0 0.62421875 0.5049701789264414 0.016145833333333335 0.02982107355864811
0 0.4421875 0.4990059642147117 0.015625 0.011928429423459244
0 0.74453125 0.5079522862823062 0.008854166666666666 0.02186878727634195
0 0.6692708333333334 0.5139165009940357 0.015625 0.02982107355864811
0 0.2591145833333333 0.518389662027833 0.019270833333333334 0.030815109343936383
0 0.3098958333333333 0.5119284294234593 0.022916666666666665 0.013916500994035786
0 0.48333333333333334 0.5164015904572564 0.00625 0.02485089463220676
0 0.63984375 0.5268389662027833 0.015104166666666667 0.015904572564612324
0 0.49609375 0.5318091451292246 0.008854166666666666 0.02186878727634195
0 0.68125 0.536779324055666 0.009375 0.02186878727634195
0 0.14947916666666666 0.5482107355864811 0.015625 0.036779324055666
0 0.7828125 0.5422465208747514 0.013541666666666667 0.02485089463220676
0 0.9713541666666666 0.5501988071570576 0.030208333333333334 0.03876739562624255
0 0.2513020833333333 0.5437375745526839 0.015104166666666667 0.02385685884691849
0 0.5203125 0.5501988071570576 0.009375 0.03479125248508946
0 0.4421875 0.5506958250497018 0.004166666666666667 0.015904572564612324
0 0.4278645833333333 0.5566600397614314 0.005729166666666666 0.02584493041749503
0 0.31328125 0.5680914512922465 0.0078125 0.040755467196819085
0 0.6294270833333333 0.5536779324055666 0.013020833333333334 0.009940357852882704
0 0.5841145833333333 0.5710735586481114 0.022395833333333334 0.040755467196819085
0 0.27838541666666666 0.5834990059642147 0.0203125 0.055666003976143144
0 0.3932291666666667 0.5670974155069582 0.009375 0.016898608349900597
0 0.45026041666666666 0.5765407554671969 0.005729166666666666 0.03180914512922465
0 0.7244791666666667 0.577037773359841 0.014583333333333334 0.032803180914512925
0 0.7020833333333333 0.5795228628230616 0.009375 0.033797216699801194
0 0.2565104166666667 0.5710735586481114 0.013020833333333334 0.012922465208747515
0 0.35911458333333335 0.5710735586481114 0.0140625 0.012922465208747515
0 0.559375 0.5735586481113321 0.011458333333333333 0.011928429423459244
0 0.32864583333333336 0.5859840954274353 0.005208333333333333 0.02286282306163022
0 0.1125 0.5879721669980119 0.01875 0.016898608349900597
0 0.15572916666666667 0.5989065606361829 0.017708333333333333 0.012922465208747515
0 0.4080729166666667 0.6083499005964215 0.0140625 0.033797216699801194
0 0.5578125 0.6053677932405567 0.01875 0.017892644135188866
0 0.45598958333333334 0.6058648111332008 0.0140625 0.010934393638170975
0 0.48776041666666664 0.6078528827037774 0.013020833333333334 0.010934393638170975
0 0.3463541666666667 0.6182902584493042 0.026041666666666668 0.027833001988071572
0 0.63515625 0.617296222664016 0.011979166666666667 0.02186878727634195
0 0.4669270833333333 0.6317097415506958 0.0171875 0.036779324055666
0 0.22916666666666666 0.6242544731610338 0.013541666666666667 0.015904572564612324
0 0.28046875 0.6307157057654076 0.021354166666666667 0.02485089463220676
0 0.6934895833333333 0.6341948310139165 0.015104166666666667 0.03180914512922465
0 0.32916666666666666 0.6386679920477137 0.008333333333333333 0.036779324055666
0 0.3104166666666667 0.6332007952286283 0.011458333333333333 0.02186878727634195
0 0.48489583333333336 0.6322067594433399 0.014583333333333334 0.017892644135188866
0 0.39557291666666666 0.6386679920477137 0.021354166666666667 0.02485089463220676
0 0.19453125 0.6406560636182903 0.0171875 0.020874751491053677
0 0.5072916666666667 0.6411530815109344 0.00625 0.02385685884691849
0 0.4315104166666667 0.6520874751491054 0.0140625 0.02584493041749503
0 0.2513020833333333 0.654572564612326 0.015104166666666667 0.012922465208747515
0 0.5536458333333333 0.6595427435387674 0.017708333333333333 0.020874751491053677
0 0.4700520833333333 0.6625248508946322 0.0140625 0.014910536779324055
0 0.7536458333333333 0.6699801192842942 0.008333333333333333 0.02584493041749503
0 0.5442708333333334 0.6814115308151093 0.022916666666666665 0.03876739562624255
0 0.14869791666666668 0.6759443339960238 0.0171875 0.017892644135188866
0 0.21302083333333333 0.6923459244532804 0.005208333333333333 0.02882703777335984
0 0.3671875 0.6824055666003976 0.013541666666666667 0.010934393638170975
0 0.9864583333333333 0.6988071570576541 0.017708333333333333 0.03578528827037773
0 0.44296875 0.7017892644135189 0.0078125 0.02385685884691849
0 0.4125 0.7032803180914513 0.005208333333333333 0.02286282306163022
0 0.3690104166666667 0.7027833001988072 0.013020833333333334 0.015904572564612324
0 0.2825520833333333 0.7062624254473161 0.015104166666666667 0.010934393638170975
0 0.47708333333333336 0.7117296222664016 0.014583333333333334 0.009940357852882704
0 0.3578125 0.7137176938369781 0.014583333333333334 0.009940357852882704
0 0.9880208333333333 0.7271371769383698 0.014583333333333334 0.030815109343936383
0 0.21223958333333334 0.7221669980119284 0.016145833333333335 0.018886679920477135
0 0.259375 0.7226640159045725 0.013541666666666667 0.011928429423459244
0 0.5388020833333333 0.7301192842942346 0.005729166666666666 0.02485089463220676
0 0.3731770833333333 0.7311133200795229 0.0109375 0.012922465208747515
0 0.4953125 0.7375745526838966 0.016666666666666666 0.019880715705765408
0 0.30911458333333336 0.7380715705765407 0.013020833333333334 0.012922465208747515
0 0.5875 0.7395626242544732 0.007291666666666667 0.015904572564612324
0 0.8598958333333333 0.7460238568588469 0.015625 0.02882703777335984
0 0.39921875 0.739065606361829 0.0203125 0.012922465208747515
0 0.4505208333333333 0.7470178926441352 0.005208333333333333 0.0268389662027833
0 0.11302083333333333 0.7490059642147118 0.01875 0.02882703777335984
0 0.47239583333333335 0.7455268389662028 0.010416666666666666 0.02186878727634195
0 0.26901041666666664 0.7450298210735586 0.0078125 0.016898608349900597
0 0.16614583333333333 0.7524850894632207 0.009375 0.02186878727634195
0 0.20911458333333333 0.7504970178926441 0.018229166666666668 0.019880715705765408
0 0.35390625 0.7495029821073559 0.0067708333333333336 0.015904572564612324
0 0.57734375 0.7509940357852882 0.008854166666666666 0.020874751491053677
0 0.04401041666666667 0.76441351888668 0.0140625 0.02385685884691849
0 0.31744791666666666 0.7634194831013916 0.009895833333333333 0.019880715705765408
0 0.36640625 0.7659045725646123 0.009895833333333333 0.0268389662027833
0 0.6927083333333334 0.775844930417495 0.008333333333333333 0.03479125248508946
0 0.21744791666666666 0.7798210735586482 0.0140625 0.020874751491053677
0 0.80625 0.7813121272365805 0.015625 0.02186878727634195
0 0.48723958333333334 0.7842942345924453 0.0109375 0.019880715705765408
0 0.38515625 0.7917495029821073 0.015104166666666667 0.030815109343936383
0 0.88515625 0.7882703777335984 0.015104166666666667 0.017892644135188866
0 0.19947916666666668 0.7927435387673957 0.015625 0.02286282306163022
0 0.3265625 0.7897614314115308 0.013541666666666667 0.014910536779324055
0 0.2671875 0.7917495029821073 0.007291666666666667 0.014910536779324055
0 0.41328125 0.7937375745526839 0.009895833333333333 0.016898608349900597
0 0.50390625 0.8021868787276342 0.009895833333333333 0.02385685884691849
0 0.28229166666666666 0.8041749502982107 0.010416666666666666 0.02385685884691849
0 0.6828125 0.80168986083499 0.008333333333333333 0.018886679920477135
0 0.13984375 0.8156063618290258 0.0109375 0.03479125248508946
0 0.83671875 0.808648111332008 0.016145833333333335 0.018886679920477135
0 0.17994791666666668 0.81610337972167 0.0109375 0.02385685884691849
0 0.16432291666666668 0.831013916500994 0.0140625 0.04970178926441352
0 0.6299479166666667 0.8230616302186878 0.0067708333333333336 0.027833001988071572
0 0.5848958333333333 0.8195825049701789 0.020833333333333332 0.014910536779324055
0 0.05260416666666667 0.8325049701789264 0.025 0.036779324055666
0 0.346875 0.834493041749503 0.00625 0.032803180914512925
0 0.7557291666666667 0.8404572564612326 0.008333333333333333 0.030815109343936383
0 0.22760416666666666 0.8424453280318092 0.017708333333333333 0.02882703777335984
0 0.3614583333333333 0.8449304174950298 0.011458333333333333 0.02982107355864811
0 0.39505208333333336 0.845427435387674 0.0046875 0.02286282306163022
0 0.47109375 0.8508946322067594 0.0109375 0.027833001988071572
0 0.2872395833333333 0.8464214711729622 0.0140625 0.016898608349900597
0 0.5182291666666666 0.8444333996023857 0.020833333333333332 0.012922465208747515
0 0.69453125 0.8513916500994035 0.0171875 0.018886679920477135
0 0.04609375 0.8697813121272365 0.0328125 0.04970178926441352
0 0.5276041666666667 0.8697813121272365 0.022916666666666665 0.04970178926441352
0 0.32473958333333336 0.8663021868787276 0.009895833333333333 0.032803180914512925
0 0.890625 0.8742544731610338 0.013541666666666667 0.030815109343936383
0 0.909375 0.864314115308151 0.007291666666666667 0.012922465208747515
0 0.3065104166666667 0.8737574552683897 0.0171875 0.02186878727634195
0 0.49453125 0.8817097415506958 0.0078125 0.02982107355864811
0 0.4283854166666667 0.8886679920477137 0.0067708333333333336 0.03180914512922465
0 0.7096354166666666 0.8911530815109344 0.0067708333333333336 0.02286282306163022
0 0.2921875 0.8956262425447317 0.008333333333333333 0.02584493041749503
0 0.7776041666666667 0.8926441351888668 0.009375 0.011928429423459244
0 0.3494791666666667 0.9090457256461233 0.00625 0.03876739562624255
0 0.10104166666666667 0.911530815109344 0.014583333333333334 0.03777335984095427
0 0.4166666666666667 0.915506958250497 0.00625 0.033797216699801194
0 0.9744791666666667 0.9125248508946322 0.008333333333333333 0.02385685884691849
0 0.8471354166666667 0.9090457256461233 0.016145833333333335 0.014910536779324055
0 0.40338541666666666 0.9120278330019881 0.005729166666666666 0.016898608349900597
0 0.28671875 0.9145129224652088 0.0067708333333333336 0.015904572564612324
0 0.93203125 0.929920477137177 0.016145833333333335 0.040755467196819085
0 0.33229166666666665 0.9343936381709742 0.010416666666666666 0.039761431411530816
0 0.4322916666666667 0.9259443339960238 0.011458333333333333 0.014910536779324055
0 0.8268229166666666 0.9353876739562624 0.027604166666666666 0.03578528827037773
0 0.8466145833333333 0.9527833001988072 0.0265625 0.06063618290258449
0 0.04609375 0.9532803180914513 0.018229166666666668 0.039761431411530816
0 0.4828125 0.9612326043737575 0.008333333333333333 0.04572564612326044
0 0.39609375 0.9666998011928429 0.0109375 0.036779324055666
0 0.24479166666666666 0.9721669980119284 0.007291666666666667 0.02584493041749503
0 0.28411458333333334 0.9711729622266402 0.0109375 0.02385685884691849
0 0.56328125 0.9696819085487077 0.011979166666666667 0.018886679920477135
0 0.74609375 0.9771371769383698 0.008854166666666666 0.015904572564612324