0 0.6658854166666667 0.03578528827037773 0.008854166666666666 0.02385685884691849
0 0.23203125 0.036779324055666 0.009895833333333333 0.02385685884691849
0 0.4875 0.033797216699801194 0.015625 0.015904572564612324
0 0.3575520833333333 0.04920477137176938 0.021354166666666667 0.02485089463220676
0 0.15729166666666666 0.06908548707753479 0.010416666666666666 0.02485089463220676
0 0.30911458333333336 0.07306163021868788 0.013020833333333334 0.032803180914512925
0 0.27734375 0.07405566600397614 0.011979166666666667 0.030815109343936383
0 0.19661458333333334 0.10288270377733598 0.0109375 0.03479125248508946
0 0.018229166666666668 0.12673956262425448 0.014583333333333334 0.036779324055666
0 0.3424479166666667 0.1242544731610338 0.016145833333333335 0.027833001988071572
0 0.5984375 0.13518886679920478 0.011458333333333333 0.03578528827037773
0 0.21041666666666667 0.14314115308151093 0.009375 0.0437375745526839
0 0.40390625 0.16153081510934394 0.008854166666666666 0.018886679920477135
0 0.13880208333333333 0.18091451292246521 0.0140625 0.033797216699801194
0 0.3997395833333333 0.1833996023856859 0.0109375 0.02485089463220676
0 0.6666666666666666 0.23956262425447317 0.016666666666666666 0.039761431411530816
0 0.21041666666666667 0.23807157057654074 0.015625 0.02485089463220676
0 0.08203125 0.24502982107355864 0.021354166666666667 0.032803180914512925
0 0.5190104166666667 0.2355864811133201 0.018229166666666668 0.011928429423459244
0 0.6239583333333333 0.26938369781312127 0.035416666666666666 0.055666003976143144
0 0.553125 0.26093439363817095 0.013541666666666667 0.02882703777335984
0 0.9231770833333334 0.25795228628230615 0.025520833333333333 0.02286282306163022
0 0.33125 0.2678926441351889 0.004166666666666667 0.02882703777335984
0 0.8 0.28578528827037775 0.014583333333333334 0.030815109343936383
0 0.24661458333333333 0.2922465208747515 0.016145833333333335 0.015904572564612324
0 0.6630208333333333 0.30069582504970177 0.014583333333333334 0.030815109343936383
0 0.3828125 0.3061630218687873 0.020833333333333332 0.03777335984095427
0 0.6182291666666667 0.30069582504970177 0.021875 0.014910536779324055
0 0.19947916666666668 0.3101391650099404 0.008333333333333333 0.019880715705765408
0 0.428125 0.3121272365805169 0.013541666666666667 0.015904572564612324
0 0.29348958333333336 0.3275347912524851 0.0046875 0.030815109343936383
0 0.91484375 0.34592445328031807 0.011979166666666667 0.017892644135188866
0 0.07786458333333333 0.3548707753479125 0.0140625 0.02584493041749503
0 0.0421875 0.3663021868787276 0.015625 0.0268389662027833
0 0.5705729166666667 0.36232604373757454 0.024479166666666666 0.018886679920477135
0 0.3580729166666667 0.3682902584493042 0.013020833333333334 0.02485089463220676
0 0.2994791666666667 0.3757455268389662 0.005208333333333333 0.033797216699801194
0 0.5265625 0.37624254473161034 0.025 0.032803180914512925
0 0.45390625 0.37475149105367794 0.019270833333333334 0.013916500994035786
0 0.9861979166666667 0.3976143141153082 0.021354166666666667 0.009940357852882704
0 0.5080729166666667 0.40556660039761433 0.008854166666666666 0.017892644135188866
0 0.34869791666666666 0.4234592445328032 0.011979166666666667 0.02982107355864811
0 0.878125 0.4165009940357853 0.010416666666666666 0.007952286282306162
0 0.3932291666666667 0.4309145129224652 0.005208333333333333 0.02286282306163022
0 0.9713541666666666 0.426441351888668 0.010416666666666666 0.015904572564612324
0 0.052083333333333336 0.4378727634194831 0.023958333333333335 0.032803180914512925
0 0.28125 0.43489065606361826 0.005208333333333333 0.02485089463220676
0 0.36171875 0.4418489065606362 0.008854166666666666 0.0268389662027833
0 0.94453125 0.4363817097415507 0.015104166666666667 0.015904572564612324
0 0.16484375 0.441351888667992 0.011979166666666667 0.013916500994035786
0 0.48125 0.44831013916500995 0.0125 0.02385685884691849
0 0.3828125 0.4517892644135189 0.011458333333333333 0.020874751491053677
0 0.0703125 0.4602385685884692 0.014583333333333334 0.02385685884691849
0 0.34348958333333335 0.46819085487077533 0.021354166666666667 0.03578528827037773
0 0.25755208333333335 0.46421471172962225 0.016145833333333335 0.02385685884691849
0 0.3809895833333333 0.48807157057654077 0.0109375 0.03180914512922465
0 0.35130208333333335 0.4885685884691849 0.009895833333333333 0.020874751491053677
0 0.4046875 0.49105367793240556 0.008333333333333333 0.019880715705765408
0 0.4265625 0.4995029821073559 0.011458333333333333 0.014910536779324055
0 0.5838541666666667 0.4990059642147117 0.008333333333333333 0.009940357852882704
0 0.3375 0.5044731610337972 0.011458333333333333 0.014910536779324055
0 0.15208333333333332 0.5124254473161034 0.013541666666666667 0.018886679920477135
0 0.3098958333333333 0.5198807157057654 0.022916666666666665 0.02584493041749503
0 0.05234375 0.5233598409542743 0.008854166666666666 0.02882703777335984
0 0.63515625 0.5173956262425448 0.011979166666666667 0.016898608349900597
0 0.91640625 0.5203777335984096 0.016145833333333335 0.018886679920477135
0 0.43463541666666666 0.5288270377733598 0.0203125 0.033797216699801194
0 0.99296875 0.5178926441351889 0.008854166666666666 0.011928429423459244
0 0.23229166666666667 0.5372763419483101 0.009375 0.03876739562624255
0 0.39296875 0.5412524850894632 0.0109375 0.040755467196819085
0 0.8919270833333334 0.5263419483101391 0.0140625 0.012922465208747515
0 0.5609375 0.532803180914513 0.005208333333333333 0.02186878727634195
0 0.8734375 0.5298210735586482 0.016666666666666666 0.015904572564612324
0 0.4075520833333333 0.55168986083499 0.011979166666666667 0.041749502982107355
0 0.0109375 0.544234592445328 0.021875 0.020874751491053677
0 0.9171875 0.5387673956262425 0.014583333333333334 0.009940357852882704
0 0.5203125 0.5576540755467196 0.019791666666666666 0.033797216699801194
0 0.6 0.5546719681908548 0.011458333333333333 0.027833001988071572
0 0.8955729166666667 0.547713717693837 0.0140625 0.009940357852882704
0 0.4669270833333333 0.5621272365805169 0.0046875 0.02882703777335984
0 0.44895833333333335 0.5685884691848907 0.014583333333333334 0.02584493041749503
0 0.2598958333333333 0.5785288270377733 0.008333333333333333 0.03578528827037773
0 0.3377604166666667 0.570079522862823 0.013020833333333334 0.018886679920477135
0 0.23958333333333334 0.5834990059642147 0.019791666666666666 0.015904572564612324
0 0.32526041666666666 0.588469184890656 0.013020833333333334 0.009940357852882704
0 0.38229166666666664 0.595427435387674 0.011458333333333333 0.015904572564612324
0 0.5140625 0.5989065606361829 0.01875 0.016898608349900597
0 0.4197916666666667 0.6232604373757455 0.007291666666666667 0.033797216699801194
0 0.40078125 0.6371769383697813 0.018229166666666668 0.04970178926441352
0 0.9875 0.632703777335984 0.023958333333333335 0.042743538767395624
0 0.20807291666666666 0.621272365805169 0.018229166666666668 0.013916500994035786
0 0.28411458333333334 0.6366799204771372 0.011979166666666667 0.04473161033797217
0 0.6138020833333333 0.6312127236580517 0.018229166666666668 0.033797216699801194
0 0.5041666666666667 0.6252485089463221 0.016666666666666666 0.015904572564612324
0 0.6903645833333333 0.6381709741550696 0.0067708333333333336 0.03777335984095427
0 0.6299479166666667 0.6446322067594433 0.008854166666666666 0.04671968190854871
0 0.33125 0.6361829025844931 0.014583333333333334 0.02385685884691849
0 0.5276041666666667 0.6317097415506958 0.017708333333333333 0.010934393638170975
0 0.31640625 0.6446322067594433 0.0067708333333333336 0.0268389662027833
0 0.5479166666666667 0.6486083499005965 0.004166666666666667 0.032803180914512925
0 0.5177083333333333 0.6491053677932406 0.009375 0.03180914512922465
0 0.8356770833333333 0.647117296222664 0.0203125 0.027833001988071572
0 0.9216145833333333 0.643141153081511 0.018229166666666668 0.017892644135188866
0 0.759375 0.6426441351888668 0.011458333333333333 0.014910536779324055
0 0.5046875 0.6630218687872763 0.011458333333333333 0.03180914512922465
0 0.7703125 0.6595427435387674 0.011458333333333333 0.014910536779324055
0 0.24505208333333334 0.665506958250497 0.0234375 0.018886679920477135
0 0.4864583333333333 0.6819085487077535 0.0125 0.05168986083499006
0 0.47317708333333336 0.6665009940357853 0.0140625 0.016898608349900597
0 0.21536458333333333 0.6749502982107356 0.0140625 0.02186878727634195
0 0.4283854166666667 0.6774353876739563 0.0078125 0.018886679920477135
0 0.3572916666666667 0.6764413518886679 0.008333333333333333 0.012922465208747515
0 0.20833333333333334 0.6893638170974155 0.0125 0.02286282306163022
0 0.4192708333333333 0.6958250497017893 0.00625 0.02584493041749503
0 0.471875 0.6938369781312127 0.005208333333333333 0.017892644135188866
0 0.16067708333333333 0.7047713717693836 0.008854166666666666 0.03578528827037773
0 0.23776041666666667 0.7017892644135189 0.005729166666666666 0.02584493041749503
0 0.7630208333333334 0.702286282306163 0.009375 0.020874751491053677
0 0.35442708333333334 0.7087475149105368 0.018229166666666668 0.009940357852882704
0 0.20651041666666667 0.717196819085487 0.0203125 0.02286282306163022
0 0.08541666666666667 0.7157057654075547 0.016666666666666666 0.017892644135188866
0 0.54375 0.7162027833001988 0.015625 0.014910536779324055
0 0.2794270833333333 0.7256461232604374 0.011979166666666667 0.027833001988071572
0 0.559375 0.7246520874751491 0.011458333333333333 0.019880715705765408
0 0.3770833333333333 0.7281312127236581 0.013541666666666667 0.020874751491053677
0 0.7822916666666667 0.7331013916500994 0.00625 0.018886679920477135
0 0.95234375 0.7440357852882704 0.018229166666666668 0.040755467196819085
0 0.26484375 0.7405566600397614 0.008854166666666666 0.027833001988071572
0 0.63046875 0.7415506958250497 0.0109375 0.02186878727634195
0 0.48515625 0.7564612326043738 0.011979166666666667 0.04572564612326044
0 0.0234375 0.7569582504970179 0.007291666666666667 0.02286282306163022
0 0.32734375 0.757455268389662 0.005729166666666666 0.02584493041749503
0 0.29375 0.7579522862823062 0.028125 0.02286282306163022
0 0.21432291666666667 0.7639165009940357 0.0171875 0.030815109343936383
0 0.47708333333333336 0.7753479125248509 0.009375 0.0437375745526839
0 0.26484375 0.7664015904572564 0.015104166666666667 0.02186878727634195
0 0.45755208333333336 0.7808151093439364 0.0140625 0.042743538767395624
0 0.31302083333333336 0.7778330019880716 0.008333333333333333 0.030815109343936383
0 0.3723958333333333 0.7793240556660039 0.010416666666666666 0.02982107355864811
0 0.23619791666666667 0.7808151093439364 0.009895833333333333 0.020874751491053677
0 0.3966145833333333 0.7837972166998012 0.025520833333333333 0.02485089463220676
0 0.3450520833333333 0.794234592445328 0.019270833333333334 0.033797216699801194
0 0.9557291666666666 0.8006958250497018 0.025 0.04473161033797217
0 0.38359375 0.8071570576540755 0.013020833333333334 0.03578528827037773
0 0.8278645833333333 0.8021868787276342 0.0140625 0.02385685884691849
0 0.2171875 0.8220675944333996 0.009375 0.039761431411530816
0 0.490625 0.8195825049701789 0.011458333333333333 0.03479125248508946
0 0.20859375 0.8141153081510935 0.0078125 0.011928429423459244
0 0.4283854166666667 0.8220675944333996 0.018229166666666668 0.017892644135188866
0 0.3567708333333333 0.8240556660039762 0.015625 0.011928429423459244
0 0.33177083333333335 0.834493041749503 0.0125 0.014910536779324055
0 0.7278645833333334 0.8503976143141153 0.005729166666666666 0.030815109343936383
0 0.34348958333333335 0.8459244532803181 0.009895833333333333 0.011928429423459244
0 0.30390625 0.8593439363817097 0.021354166666666667 0.032803180914512925
0 0.47161458333333334 0.8479125248508946 0.011979166666666667 0.011928429423459244
0 0.46067708333333335 0.8523856858846919 0.008854166666666666 0.014910536779324055
0 0.69140625 0.8613320079522863 0.008854166666666666 0.032803180914512925
0 0.3953125 0.8578528827037774 0.007291666666666667 0.02385685884691849
0 0.603125 0.8658051689860835 0.009375 0.03777335984095427
0 0.18515625 0.8702783300198808 0.005729166666666666 0.0268389662027833
0 0.37213541666666666 0.8727634194831014 0.0234375 0.027833001988071572
0 0.2518229166666667 0.8747514910536779 0.0171875 0.02584493041749503
0 0.15390625 0.897117296222664 0.015104166666666667 0.03876739562624255
0 0.6997395833333333 0.8911530815109344 0.013020833333333334 0.02286282306163022
0 0.06015625 0.9100397614314115 0.0390625 0.040755467196819085
0 0.29401041666666666 0.8966202783300199 0.0171875 0.011928429423459244
0 0.37421875 0.9165009940357853 0.011979166666666667 0.02982107355864811
0 0.010416666666666666 0.9363817097415507 0.020833333333333332 0.04771371769383698
0 0.45859375 0.9324055666003976 0.011979166666666667 0.017892644135188866
0 0.8239583333333333 0.9363817097415507 0.013541666666666667 0.02385685884691849
0 0.7403645833333333 0.9348906560636183 0.011979166666666667 0.016898608349900597
0 0.42135416666666664 0.9443339960238568 0.01875 0.02186878727634195
0 0.25807291666666665 0.9547713717693836 0.0078125 0.032803180914512925
0 0.47421875 0.9498011928429424 0.009895833333333333 0.018886679920477135
0 0.05078125 0.9572564612326043 0.021354166666666667 0.02186878727634195
0 0.41822916666666665 0.9731610337972167 0.015625 0.03578528827037773
0 0.3028645833333333 0.9701789264413518 0.0140625 0.02584493041749503
0 0.60234375 0.9696819085487077 0.0203125 0.020874751491053677
0 0.8106770833333333 0.974155069582505 0.0078125 0.017892644135188866
0 0.8763020833333334 0.9835984095427436 0.0359375 0.030815109343936383
0 0.4825520833333333 0.9845924453280318 0.0109375 0.016898608349900597
0 0.5880208333333333 0.9875745526838966 0.00625 0.02286282306163022
0 0.7296875 0.9880715705765407 0.016666666666666666 0.02186878727634195
0 0.23828125 0.9900596421471173 0.008854166666666666 0.017892644135188866
0 0.9158854166666667 0.9910536779324056 0.0140625 0.015904572564612324
0 0.9755208333333333 0.9920477137176938 0.008333333333333333 0.013916500994035786
0 0.9630208333333333 0.9930417495029821 0.0125 0.011928429423459244