0 0.5619791666666667 0.023359840954274354 0.021875 0.04671968190854871
0 0.27421875 0.0034791252485089465 0.009895833333333333 0.006958250497017893
0 0.25078125 0.018389662027833 0.009895833333333333 0.036779324055666
0 0.1375 0.015904572564612324 0.010416666666666666 0.03180914512922465
0 0.0171875 0.006958250497017893 0.008333333333333333 0.013916500994035786
0 0.10182291666666667 0.01341948310139165 0.008854166666666666 0.02286282306163022
0 0.81875 0.03180914512922465 0.011458333333333333 0.041749502982107355
0 0.8013020833333333 0.033797216699801194 0.0067708333333333336 0.02584493041749503
0 0.6328125 0.03777335984095427 0.014583333333333334 0.033797216699801194
0 0.17447916666666666 0.02882703777335984 0.014583333333333334 0.015904572564612324
0 0.23307291666666666 0.03479125248508946 0.018229166666666668 0.017892644135188866
0 0.7591145833333334 0.04324055666003976 0.008854166666666666 0.030815109343936383
0 0.18385416666666668 0.060139165009940355 0.036458333333333336 0.04671968190854871
0 0.6182291666666667 0.06063618290258449 0.022916666666666665 0.02982107355864811
0 0.5526041666666667 0.07007952286282307 0.0125 0.02286282306163022
0 0.65 0.07455268389662027 0.010416666666666666 0.02584493041749503
0 0.59921875 0.08250497017892644 0.019270833333333334 0.02186878727634195
0 0.91015625 0.09741550695825049 0.019270833333333334 0.033797216699801194
0 0.2981770833333333 0.10139165009940358 0.0067708333333333336 0.027833001988071572
0 0.07473958333333333 0.10337972166998012 0.0067708333333333336 0.02385685884691849
0 0.81640625 0.10984095427435388 0.009895833333333333 0.02485089463220676
0 0.6088541666666667 0.11083499005964215 0.022916666666666665 0.018886679920477135
0 0.16328125 0.11779324055666004 0.016145833333333335 0.030815109343936383
0 0.73515625 0.12475149105367793 0.021354166666666667 0.03876739562624255
0 0.6893229166666667 0.11878727634194831 0.027604166666666666 0.0268389662027833
0 0.5096354166666667 0.110337972166998 0.018229166666666668 0.011928429423459244
0 0.0203125 0.11182902584493042 0.008333333333333333 0.014910536779324055
0 0.21223958333333334 0.12524850894632206 0.0140625 0.03578528827037773
0 0.7861979166666667 0.1257455268389662 0.0203125 0.02882703777335984
0 0.1921875 0.12127236580516898 0.013541666666666667 0.019880715705765408
0 0.84375 0.12475149105367793 0.017708333333333333 0.018886679920477135
0 0.38515625 0.12673956262425448 0.008854166666666666 0.02485089463220676
0 0.63125 0.13817097415506957 0.020833333333333332 0.041749502982107355
0 0.4940104166666667 0.15009940357852883 0.018229166666666668 0.03180914512922465
0 0.30364583333333334 0.15109343936381708 0.01875 0.02584493041749503
0 0.5190104166666667 0.16749502982107356 0.008854166666666666 0.04671968190854871
0 0.37265625 0.17147117296222664 0.0171875 0.04473161033797217
0 0.3536458333333333 0.15854870775347912 0.01875 0.018886679920477135
0 0.008072916666666667 0.16600397614314116 0.015104166666666667 0.019880715705765408
0 0.17057291666666666 0.18091451292246521 0.019270833333333334 0.041749502982107355
0 0.690625 0.17147117296222664 0.015625 0.012922465208747515
0 0.5893229166666667 0.18290258449304175 0.008854166666666666 0.027833001988071572
0 0.7848958333333333 0.19135188866799205 0.007291666666666667 0.036779324055666
0 0.9333333333333333 0.19234592445328033 0.020833333333333332 0.030815109343936383
0 0.9080729166666667 0.1878727634194831 0.015104166666666667 0.02186878727634195
0 0.049479166666666664 0.1963220675944334 0.017708333333333333 0.036779324055666
0 0.03229166666666667 0.19433399602385687 0.009375 0.02882703777335984
0 0.7997395833333333 0.19532803180914513 0.0140625 0.0268389662027833
0 0.82734375 0.20278330019880716 0.0078125 0.03578528827037773
0 0.8591145833333333 0.21272365805168986 0.0140625 0.04572564612326044
0 0.3484375 0.2077534791252485 0.009375 0.03578528827037773
0 0.253125 0.20675944333996024 0.00625 0.02982107355864811
0 0.45026041666666666 0.2147117296222664 0.015104166666666667 0.041749502982107355
0 0.37838541666666664 0.2147117296222664 0.011979166666666667 0.02385685884691849
0 0.6890625 0.2360834990059642 0.015625 0.05467196819085487
0 0.4080729166666667 0.23359840954274355 0.011979166666666667 0.03180914512922465
0 0.5166666666666667 0.24105367793240556 0.013541666666666667 0.010934393638170975
0 0.065625 0.25695825049701787 0.010416666666666666 0.036779324055666
0 0.15625 0.25596421471172964 0.007291666666666667 0.02485089463220676
0 0.5098958333333333 0.2664015904572565 0.011458333333333333 0.03578528827037773
0 0.8111979166666666 0.25795228628230615 0.0203125 0.012922465208747515
0 0.87109375 0.2659045725646123 0.019270833333333334 0.02485089463220676
0 0.3221354166666667 0.25894632206759444 0.009895833333333333 0.008946322067594433
0 0.5859375 0.279324055666004 0.011458333333333333 0.041749502982107355
0 0.37473958333333335 0.2659045725646123 0.0140625 0.014910536779324055
0 0.011458333333333333 0.2678926441351889 0.008333333333333333 0.010934393638170975
0 0.3421875 0.27634194831013914 0.008333333333333333 0.02584493041749503
0 0.4708333333333333 0.2798210735586481 0.01875 0.02286282306163022
0 0.24166666666666667 0.28429423459244535 0.009375 0.02982107355864811
0 0.6059895833333333 0.28926441351888665 0.0067708333333333336 0.027833001988071572
0 0.4088541666666667 0.2803180914512923 0.014583333333333334 0.009940357852882704
0 0.0049479166666666664 0.28727634194831014 0.008854166666666666 0.019880715705765408
0 0.62109375 0.3066600397614314 0.0078125 0.032803180914512925
0 0.503125 0.3076540755467197 0.008333333333333333 0.036779324055666
0 0.8221354166666667 0.30417495029821073 0.0067708333333333336 0.02584493041749503
0 0.5286458333333334 0.31560636182902585 0.016666666666666666 0.04473161033797217
0 0.5932291666666667 0.31660039761431413 0.0125 0.03876739562624255
0 0.1015625 0.31411530815109345 0.011458333333333333 0.02584493041749503
0 0.39036458333333335 0.32554671968190857 0.009895833333333333 0.040755467196819085
0 0.4083333333333333 0.3374751491053678 0.009375 0.040755467196819085
0 0.15234375 0.3275347912524851 0.011979166666666667 0.020874751491053677
0 0.5153645833333333 0.34791252485089463 0.009895833333333333 0.041749502982107355
0 0.8770833333333333 0.34840954274353875 0.016666666666666666 0.02286282306163022
0 0.46640625 0.34691848906560635 0.009895833333333333 0.019880715705765408
0 0.9583333333333334 0.36133200795228626 0.021875 0.03479125248508946
0 0.3640625 0.36232604373757454 0.0125 0.036779324055666
0 0.09791666666666667 0.3573558648111332 0.007291666666666667 0.016898608349900597
0 0.07317708333333334 0.36381709741550694 0.019270833333333334 0.02584493041749503
0 0.85859375 0.36133200795228626 0.015104166666666667 0.016898608349900597
0 0.65390625 0.3802186878727634 0.016145833333333335 0.02286282306163022
0 0.4125 0.38618290258449306 0.008333333333333333 0.03479125248508946
0 0.7002604166666667 0.3832007952286282 0.011979166666666667 0.020874751491053677
0 0.7955729166666666 0.40904572564612324 0.0140625 0.048707753479125246
0 0.35885416666666664 0.40506958250497016 0.011458333333333333 0.016898608349900597
0 0.7346354166666667 0.4140159045725646 0.0078125 0.02882703777335984
0 0.465625 0.415506958250497 0.015625 0.015904572564612324
0 0.4166666666666667 0.4140159045725646 0.007291666666666667 0.012922465208747515
0 0.14375 0.4209741550695825 0.00625 0.018886679920477135
0 0.5065104166666666 0.43687872763419483 0.0109375 0.03479125248508946
0 0.017447916666666667 0.4259443339960239 0.033854166666666664 0.012922465208747515
0 0.2864583333333333 0.4378727634194831 0.017708333333333333 0.016898608349900597
0 0.58203125 0.46073558648111335 0.0078125 0.0268389662027833
0 0.134375 0.4602385685884692 0.014583333333333334 0.019880715705765408
0 0.20885416666666667 0.470675944333996 0.0125 0.02485089463220676
0 0.35078125 0.4696819085487077 0.0109375 0.016898608349900597
0 0.9908854166666666 0.48061630218687873 0.018229166666666668 0.036779324055666
0 0.7158854166666667 0.4831013916500994 0.009895833333333333 0.03578528827037773
0 0.15260416666666668 0.4746520874751491 0.014583333333333334 0.016898608349900597
0 0.334375 0.47365805168986086 0.013541666666666667 0.010934393638170975
0 0.08020833333333334 0.48061630218687873 0.017708333333333333 0.020874751491053677
0 0.035416666666666666 0.4831013916500994 0.010416666666666666 0.015904572564612324
0 0.2604166666666667 0.49403578528827036 0.019791666666666666 0.03180914512922465
0 0.89765625 0.5024850894632207 0.013020833333333334 0.036779324055666
0 0.82890625 0.5059642147117296 0.015104166666666667 0.03777335984095427
0 0.9736979166666667 0.5044731610337972 0.0171875 0.032803180914512925
0 0.023958333333333335 0.4970178926441352 0.007291666666666667 0.015904572564612324
0 0.8065104166666667 0.4985089463220676 0.0171875 0.014910536779324055
0 0.6161458333333333 0.507455268389662 0.00625 0.0268389662027833
0 0.2984375 0.5039761431411531 0.010416666666666666 0.017892644135188866
0 0.52421875 0.5173956262425448 0.019270833333333334 0.040755467196819085
0 0.23463541666666668 0.5059642147117296 0.015104166666666667 0.009940357852882704
0 0.019010416666666665 0.5099403578528827 0.008854166666666666 0.017892644135188866
0 0.2565104166666667 0.5193836978131213 0.0067708333333333336 0.0268389662027833
0 0.08411458333333334 0.5357852882703777 0.0171875 0.05964214711729622
0 0.13697916666666668 0.5208747514910537 0.016666666666666666 0.02584493041749503
0 0.49114583333333334 0.5318091451292246 0.005208333333333333 0.02982107355864811
0 0.47161458333333334 0.5303180914512923 0.009895833333333333 0.02882703777335984
0 0.1046875 0.5342942345924453 0.013541666666666667 0.036779324055666
0 0.8572916666666667 0.5303180914512923 0.017708333333333333 0.018886679920477135
0 0.7947916666666667 0.5377733598409543 0.009375 0.033797216699801194
0 0.5760416666666667 0.555168986083499 0.021875 0.06858846918489066
0 0.7807291666666667 0.5333001988071571 0.014583333333333334 0.020874751491053677
0 0.48151041666666666 0.5333001988071571 0.0036458333333333334 0.02286282306163022
0 0.9369791666666667 0.5482107355864811 0.020833333333333332 0.04671968190854871
0 0.6294270833333333 0.5452286282306164 0.0078125 0.032803180914512925
0 0.7434895833333334 0.544234592445328 0.0203125 0.0268389662027833
0 0.014583333333333334 0.56610337972167 0.028125 0.06262425447316103
0 0.5348958333333333 0.5472166998011928 0.0125 0.016898608349900597
0 0.5091145833333334 0.544234592445328 0.0078125 0.010934393638170975
0 0.33515625 0.5506958250497018 0.0109375 0.02385685884691849
0 0.8869791666666667 0.55168986083499 0.01875 0.017892644135188866
0 0.40286458333333336 0.5571570576540755 0.013020833333333334 0.018886679920477135
0 0.86015625 0.5646123260437376 0.013020833333333334 0.02982107355864811
0 0.32005208333333335 0.5646123260437376 0.0109375 0.027833001988071572
0 0.765625 0.5760437375745527 0.019791666666666666 0.03479125248508946
0 0.38385416666666666 0.5740556660039762 0.007291666666666667 0.0268389662027833
0 0.16302083333333334 0.5710735586481114 0.0125 0.018886679920477135
0 0.7013020833333333 0.5720675944333996 0.019270833333333334 0.014910536779324055
0 0.5489583333333333 0.5785288270377733 0.014583333333333334 0.02982107355864811
0 0.4973958333333333 0.5685884691848907 0.009375 0.007952286282306162
0 0.59921875 0.5780318091451292 0.0140625 0.020874751491053677
0 0.53203125 0.5730616302186878 0.0078125 0.010934393638170975
0 0.19505208333333332 0.584493041749503 0.009895833333333333 0.02385685884691849
0 0.5658854166666667 0.5894632206759444 0.0067708333333333336 0.03180914512922465
0 0.32890625 0.5944333996023857 0.0109375 0.039761431411530816
0 0.47708333333333336 0.5939363817097415 0.007291666666666667 0.030815109343936383
0 0.44166666666666665 0.5929423459244533 0.00625 0.030815109343936383
0 0.11953125 0.6008946322067594 0.0078125 0.02286282306163022
0 0.9315104166666667 0.6108349900596421 0.0296875 0.032803180914512925
0 0.45625 0.5984095427435387 0.009375 0.009940357852882704
0 0.4895833333333333 0.6093439363817097 0.009375 0.019880715705765408
0 0.7114583333333333 0.6187872763419483 0.009375 0.03479125248508946
0 0.6734375 0.6222664015904572 0.011458333333333333 0.03777335984095427
0 0.5502604166666667 0.6148111332007953 0.011979166666666667 0.018886679920477135
0 0.6575520833333334 0.6336978131212724 0.0203125 0.04671968190854871
0 0.596875 0.6237574552683897 0.013541666666666667 0.02286282306163022
0 0.56796875 0.617296222664016 0.009895833333333333 0.011928429423459244
0 0.8434895833333333 0.6297216699801192 0.011979166666666667 0.018886679920477135
0 0.5299479166666666 0.6386679920477137 0.013020833333333334 0.030815109343936383
0 0.34036458333333336 0.6436381709741551 0.0140625 0.03479125248508946
0 0.3731770833333333 0.643141153081511 0.0046875 0.03180914512922465
0 0.5825520833333333 0.6386679920477137 0.008854166666666666 0.016898608349900597
0 0.4734375 0.6486083499005965 0.007291666666666667 0.02882703777335984
0 0.7278645833333334 0.647117296222664 0.011979166666666667 0.02385685884691849
0 0.5497395833333333 0.6565606361829026 0.015104166666666667 0.036779324055666
0 0.0609375 0.6505964214711729 0.013541666666666667 0.02485089463220676
0 0.59921875 0.647117296222664 0.009895833333333333 0.013916500994035786
0 0.7567708333333333 0.6515904572564613 0.015625 0.012922465208747515
0 0.8057291666666667 0.6625248508946322 0.015625 0.0268389662027833
0 0.10651041666666666 0.6610337972166997 0.0109375 0.02186878727634195
0 0.4109375 0.6585487077534792 0.017708333333333333 0.014910536779324055
0 0.3109375 0.6590457256461233 0.013541666666666667 0.013916500994035786
0 0.0010416666666666667 0.6804174950298211 0.0010416666666666667 0.05268389662027833
0 0.609375 0.6699801192842942 0.007291666666666667 0.027833001988071572
0 0.8703125 0.6719681908548708 0.0125 0.02982107355864811
0 0.5122395833333333 0.6635188866799204 0.0140625 0.010934393638170975
0 0.44557291666666665 0.6674950298210736 0.016145833333333335 0.010934393638170975
0 0.39609375 0.6699801192842942 0.016145833333333335 0.015904572564612324
0 0.47578125 0.6709741550695825 0.0067708333333333336 0.015904572564612324
0 0.5236979166666667 0.6744532803180915 0.0140625 0.018886679920477135
0 0.9903645833333333 0.687375745526839 0.0109375 0.032803180914512925
0 0.3697916666666667 0.6853876739562624 0.0125 0.02485089463220676
0 0.6325520833333333 0.702286282306163 0.008854166666666666 0.010934393638170975
0 0.5786458333333333 0.7092445328031809 0.015625 0.02286282306163022
0 0.7330729166666666 0.7191848906560636 0.0067708333333333336 0.03479125248508946
0 0.32135416666666666 0.7117296222664016 0.013541666666666667 0.013916500994035786
0 0.671875 0.7211729622266402 0.008333333333333333 0.02485089463220676
0 0.18567708333333333 0.724155069582505 0.009895833333333333 0.02286282306163022
0 0.5638020833333334 0.7296222664015904 0.011979166666666667 0.02982107355864811
0 0.7625 0.73558648111332 0.022916666666666665 0.03578528827037773
0 0.4630208333333333 0.7276341948310139 0.015625 0.02186878727634195
0 0.54296875 0.739065606361829 0.018229166666666668 0.018886679920477135
0 0.012239583333333333 0.73558648111332 0.008854166666666666 0.011928429423459244
0 0.5145833333333333 0.75 0.00625 0.030815109343936383
0 0.0265625 0.7475149105367793 0.005208333333333333 0.015904572564612324
0 0.9059895833333333 0.7539761431411531 0.0067708333333333336 0.0268389662027833
0 0.7294270833333333 0.7514910536779325 0.0078125 0.02186878727634195
0 0.4283854166666667 0.7569582504970179 0.0046875 0.02485089463220676
0 0.6294270833333333 0.7634194831013916 0.0046875 0.027833001988071572
0 0.6716145833333333 0.7634194831013916 0.0067708333333333336 0.02385685884691849
0 0.5309895833333333 0.7614314115308151 0.0140625 0.013916500994035786
0 0.4828125 0.760934393638171 0.017708333333333333 0.010934393638170975
0 0.5778645833333333 0.7678926441351889 0.0140625 0.014910536779324055
0 0.5940104166666667 0.7778330019880716 0.0078125 0.030815109343936383
0 0.009635416666666667 0.7738568588469185 0.008854166666666666 0.02286282306163022
0 0.4390625 0.775844930417495 0.010416666666666666 0.02286282306163022
0 0.33229166666666665 0.7753479125248509 0.004166666666666667 0.02186878727634195
0 0.6171875 0.7842942345924453 0.010416666666666666 0.019880715705765408
0 0.46432291666666664 0.7927435387673957 0.005729166666666666 0.03479125248508946
0 0.09322916666666667 0.7842942345924453 0.013541666666666667 0.015904572564612324
0 0.6872395833333333 0.8041749502982107 0.015104166666666667 0.039761431411530816
0 0.8731770833333333 0.8116302186878728 0.0109375 0.030815109343936383
0 0.021875 0.808648111332008 0.013541666666666667 0.02286282306163022
0 0.7427083333333333 0.8056660039761432 0.010416666666666666 0.012922465208747515
0 0.5765625 0.8081510934393639 0.01875 0.011928429423459244
0 0.30963541666666666 0.8210735586481114 0.009895833333333333 0.02385685884691849
0 0.55078125 0.8305168986083499 0.008854166666666666 0.02882703777335984
0 0.7442708333333333 0.8369781312127237 0.00625 0.03180914512922465
0 0.004166666666666667 0.8339960238568589 0.007291666666666667 0.019880715705765408
0 0.36770833333333336 0.834493041749503 0.014583333333333334 0.014910536779324055
0 0.9205729166666666 0.8439363817097415 0.0171875 0.03180914512922465
0 0.3143229166666667 0.8459244532803181 0.0109375 0.02584493041749503
0 0.3893229166666667 0.8593439363817097 0.0140625 0.03479125248508946
0 0.14192708333333334 0.8593439363817097 0.0067708333333333336 0.016898608349900597
0 0.04010416666666667 0.8608349900596421 0.014583333333333334 0.019880715705765408
0 0.7708333333333334 0.8747514910536779 0.0125 0.03578528827037773
0 0.6013020833333333 0.8702783300198808 0.0046875 0.02485089463220676
0 0.43411458333333336 0.8737574552683897 0.005729166666666666 0.03180914512922465
0 0.7153645833333333 0.8802186878727635 0.03697916666666667 0.03876739562624255
0 0.1109375 0.8782306163021869 0.008333333333333333 0.010934393638170975
0 0.6661458333333333 0.8861829025844931 0.017708333333333333 0.018886679920477135
0 0.740625 0.8916500994035785 0.015625 0.02385685884691849
0 0.14427083333333332 0.9075546719681908 0.01875 0.05168986083499006
0 0.3145833333333333 0.8966202783300199 0.00625 0.02385685884691849
0 0.6416666666666667 0.915506958250497 0.020833333333333332 0.04572564612326044
0 0.5856770833333333 0.9055666003976143 0.015104166666666667 0.02584493041749503
0 0.46848958333333335 0.9110337972166997 0.019270833333333334 0.030815109343936383
0 0.5479166666666667 0.9199801192842942 0.016666666666666666 0.012922465208747515
0 0.43828125 0.9209741550695825 0.0171875 0.014910536779324055
0 0.41041666666666665 0.9214711729622267 0.00625 0.015904572564612324
0 0.7247395833333333 0.9259443339960238 0.0109375 0.012922465208747515
0 0.9783854166666667 0.9388667992047713 0.0265625 0.03479125248508946
0 0.35078125 0.9368787276341949 0.0078125 0.0268389662027833
0 0.04296875 0.9358846918489065 0.0067708333333333336 0.014910536779324055
0 0.38177083333333334 0.9368787276341949 0.016666666666666666 0.010934393638170975
0 0.22395833333333334 0.9478131212723658 0.0125 0.02882703777335984
0 0.6799479166666667 0.9458250497017893 0.0109375 0.018886679920477135
0 0.027604166666666666 0.9502982107355865 0.016666666666666666 0.02982107355864811
0 0.74609375 0.9488071570576541 0.021354166666666667 0.016898608349900597
0 0.6190104166666667 0.9458250497017893 0.0109375 0.012922465208747515
0 0.665625 0.9527833001988072 0.011458333333333333 0.014910536779324055
0 0.4674479166666667 0.9612326043737575 0.0171875 0.02584493041749503
0 0.0033854166666666668 0.9542743538767395 0.005729166666666666 0.013916500994035786
0 0.41822916666666665 0.9617296222664016 0.015625 0.02485089463220676
0 0.7786458333333334 0.9657057654075547 0.019791666666666666 0.02882703777335984
0 0.06666666666666667 0.9607355864811133 0.008333333333333333 0.018886679920477135
0 0.5661458333333333 0.9647117296222664 0.016666666666666666 0.02286282306163022
0 0.96796875 0.9786282306163022 0.016145833333333335 0.040755467196819085
0 0.5984375 0.9726640159045725 0.020833333333333332 0.02882703777335984
0 0.07786458333333333 0.9746520874751491 0.009895833333333333 0.02882703777335984
0 0.03567708333333333 0.9786282306163022 0.0109375 0.02882703777335984
0 0.9419270833333333 0.9821073558648111 0.021354166666666667 0.033797216699801194
0 0.765625 0.9875745526838966 0.017708333333333333 0.02286282306163022
0 0.14479166666666668 0.9870775347912525 0.015625 0.02385685884691849
0 0.23151041666666666 0.9885685884691849 0.0140625 0.020874751491053677
0 0.16171875 0.9915506958250497 0.009895833333333333 0.014910536779324055
0 0.3606770833333333 0.992544731610338 0.018229166666666668 0.012922465208747515
0 0.19375 0.9920477137176938 0.009375 0.013916500994035786
0 0.3377604166666667 0.9930417495029821 0.013020833333333334 0.011928429423459244