0 0.6174479166666667 0.01143141153081511 0.011979166666666667 0.02286282306163022
0 0.4895833333333333 0.002982107355864811 0.023958333333333335 0.005964214711729622
0 0.6341145833333334 0.032803180914512925 0.0078125 0.02982107355864811
0 0.7604166666666666 0.03230616302186879 0.026041666666666668 0.0268389662027833
0 0.33177083333333335 0.04622266401590457 0.005208333333333333 0.014910536779324055
0 0.027604166666666666 0.06411530815109344 0.009375 0.03876739562624255
0 0.5671875 0.07256461232604373 0.008333333333333333 0.05168986083499006
0 0.4903645833333333 0.06063618290258449 0.009895833333333333 0.02385685884691849
0 0.7075520833333333 0.08499005964214712 0.0078125 0.02882703777335984
0 0.63125 0.09840954274353876 0.019791666666666666 0.04771371769383698
0 0.5348958333333333 0.09443339960238568 0.014583333333333334 0.013916500994035786
0 0.46848958333333335 0.12176938369781312 0.005729166666666666 0.03876739562624255
0 0.21432291666666667 0.12276341948310139 0.0140625 0.018886679920477135
0 0.9403645833333333 0.15208747514910537 0.016145833333333335 0.02982107355864811
0 0.23098958333333333 0.19135188866799205 0.005729166666666666 0.032803180914512925
0 0.58203125 0.1988071570576541 0.0078125 0.033797216699801194
0 0.8127604166666667 0.2062624254473161 0.0109375 0.02485089463220676
0 0.05677083333333333 0.21222664015904572 0.010416666666666666 0.030815109343936383
0 0.38125 0.21719681908548708 0.017708333333333333 0.02286282306163022
0 0.59453125 0.24552683896620278 0.013020833333333334 0.05168986083499006
0 0.8880208333333334 0.2529821073558648 0.019791666666666666 0.014910536779324055
0 0.12890625 0.2698807157057654 0.0109375 0.02286282306163022
0 0.15651041666666668 0.2803180914512923 0.011979166666666667 0.02186878727634195
0 0.5348958333333333 0.3245526838966203 0.00625 0.036779324055666
0 0.39505208333333336 0.3210735586481113 0.0109375 0.027833001988071572
0 0.6872395833333333 0.3245526838966203 0.011979166666666667 0.020874751491053677
0 0.7833333333333333 0.3379721669980119 0.017708333333333333 0.03777335984095427
0 0.5466145833333333 0.3374751491053678 0.0078125 0.02485089463220676
0 0.20026041666666666 0.3558648111332008 0.0109375 0.027833001988071572
0 0.4359375 0.35636182902584496 0.0125 0.0268389662027833
0 0.6763020833333333 0.37475149105367794 0.011979166666666667 0.015904572564612324
0 0.6630208333333333 0.3871769383697813 0.005208333333333333 0.030815109343936383
0 0.5057291666666667 0.3966202783300199 0.013541666666666667 0.03180914512922465
0 0.9380208333333333 0.41749502982107356 0.019791666666666666 0.02186878727634195
0 0.59140625 0.41848906560636184 0.0109375 0.013916500994035786
0 0.6083333333333333 0.43141153081510936 0.009375 0.03180914512922465
0 0.025520833333333333 0.4428429423459245 0.0125 0.0268389662027833
0 0.66796875 0.444831013916501 0.0067708333333333336 0.0268389662027833
0 0.58125 0.4383697813121272 0.0125 0.011928429423459244
0 0.3390625 0.44532803180914515 0.0125 0.013916500994035786
0 0.5424479166666667 0.4552683896620278 0.008854166666666666 0.011928429423459244
0 0.6640625 0.4721669980119284 0.016666666666666666 0.017892644135188866
0 0.95703125 0.5124254473161034 0.013020833333333334 0.03479125248508946
0 0.7059895833333333 0.5134194831013916 0.011979166666666667 0.02286282306163022
0 0.5276041666666667 0.5094433399602386 0.00625 0.014910536779324055
0 0.9143229166666667 0.5213717693836978 0.0140625 0.02286282306163022
0 0.88203125 0.5298210735586482 0.013020833333333334 0.02982107355864811
0 0.6817708333333333 0.5228628230616302 0.007291666666666667 0.017892644135188866
0 0.5528645833333333 0.5308151093439364 0.013020833333333334 0.02186878727634195
0 0.76875 0.5422465208747514 0.009375 0.032803180914512925
0 0.8260416666666667 0.5467196819085487 0.013541666666666667 0.03180914512922465
0 0.9518229166666666 0.5675944333996024 0.0109375 0.02982107355864811
0 0.8713541666666667 0.5874751491053678 0.017708333333333333 0.05168986083499006
0 0.9822916666666667 0.5800198807157058 0.013541666666666667 0.030815109343936383
0 0.5057291666666667 0.5740556660039762 0.008333333333333333 0.016898608349900597
0 0.5872395833333334 0.5869781312127237 0.0067708333333333336 0.032803180914512925
0 0.4278645833333333 0.5849900596421471 0.0046875 0.0268389662027833
0 0.7401041666666667 0.5969184890656064 0.0125 0.030815109343936383
0 0.8338541666666667 0.595427435387674 0.016666666666666666 0.02186878727634195
0 0.7661458333333333 0.5959244532803181 0.020833333333333332 0.02286282306163022
0 0.65859375 0.6018886679920478 0.009895833333333333 0.020874751491053677
0 0.5692708333333333 0.5984095427435387 0.008333333333333333 0.009940357852882704
0 0.012760416666666666 0.6093439363817097 0.0140625 0.02584493041749503
0 0.5971354166666667 0.6098409542743539 0.005729166666666666 0.018886679920477135
0 0.490625 0.6128230616302187 0.019791666666666666 0.018886679920477135
0 0.6828125 0.6197813121272365 0.017708333333333333 0.010934393638170975
0 0.8403645833333333 0.6366799204771372 0.013020833333333334 0.03876739562624255
0 0.42265625 0.6307157057654076 0.005729166666666666 0.020874751491053677
0 0.7703125 0.6332007952286283 0.009375 0.009940357852882704
0 0.5375 0.6371769383697813 0.007291666666666667 0.017892644135188866
0 0.6244791666666667 0.643141153081511 0.004166666666666667 0.02584493041749503
0 0.5481770833333334 0.6560636182902585 0.0265625 0.04771371769383698
0 0.41510416666666666 0.6570576540755467 0.013541666666666667 0.02584493041749503
0 0.26171875 0.6530815109343936 0.0067708333333333336 0.019880715705765408
0 0.12421875 0.6610337972166997 0.030729166666666665 0.019880715705765408
0 0.5739583333333333 0.6645129224652088 0.0125 0.018886679920477135
0 0.15338541666666666 0.6764413518886679 0.0140625 0.0268389662027833
0 0.42473958333333334 0.6779324055666004 0.0067708333333333336 0.013916500994035786
0 0.34869791666666666 0.7007952286282306 0.0067708333333333336 0.027833001988071572
0 0.4778645833333333 0.7176938369781312 0.013020833333333334 0.03180914512922465
0 0.4203125 0.7062624254473161 0.019791666666666666 0.010934393638170975
0 0.621875 0.7221669980119284 0.013541666666666667 0.0268389662027833
0 0.7911458333333333 0.7251491053677932 0.008333333333333333 0.0268389662027833
0 0.4640625 0.7226640159045725 0.007291666666666667 0.015904572564612324
0 0.7325520833333333 0.7335984095427436 0.0109375 0.02584493041749503
0 0.6403645833333333 0.7440357852882704 0.0067708333333333336 0.03479125248508946
0 0.87734375 0.7380715705765407 0.0140625 0.016898608349900597
0 0.47317708333333336 0.757455268389662 0.015104166666666667 0.009940357852882704
0 0.4473958333333333 0.7664015904572564 0.014583333333333334 0.017892644135188866
0 0.7208333333333333 0.7698807157057654 0.013541666666666667 0.014910536779324055
0 0.6763020833333333 0.7818091451292246 0.022395833333333334 0.030815109343936383
0 0.603125 0.775844930417495 0.009375 0.016898608349900597
0 0.5208333333333334 0.7793240556660039 0.011458333333333333 0.02385685884691849
0 0.89296875 0.7962226640159046 0.0078125 0.04771371769383698
0 0.62890625 0.7852882703777336 0.0140625 0.009940357852882704
0 0.7447916666666666 0.7937375745526839 0.016666666666666666 0.02286282306163022
0 0.43776041666666665 0.8056660039761432 0.021354166666666667 0.02286282306163022
0 0.9494791666666667 0.8116302186878728 0.021875 0.0268389662027833
0 0.58359375 0.805168986083499 0.013020833333333334 0.009940357852882704
0 0.7244791666666667 0.827037773359841 0.013541666666666667 0.04970178926441352
0 0.4953125 0.8280318091451292 0.01875 0.05168986083499006
0 0.45755208333333336 0.8339960238568589 0.0109375 0.03777335984095427
0 0.5856770833333333 0.8325049701789264 0.0078125 0.032803180914512925
0 0.50703125 0.8349900596421471 0.011979166666666667 0.02385685884691849
0 0.9088541666666666 0.8409542743538767 0.0125 0.02982107355864811
0 0.9768229166666667 0.8563618290258449 0.015104166666666667 0.02882703777335984
0 0.19036458333333334 0.8613320079522863 0.011979166666666667 0.0268389662027833
0 0.734375 0.8732604373757455 0.00625 0.02882703777335984
0 0.5130208333333334 0.878727634194831 0.011458333333333333 0.027833001988071572
0 0.7690104166666667 0.8836978131212724 0.0203125 0.013916500994035786
0 0.56171875 0.8921471172962226 0.008854166666666666 0.032803180914512925
0 0.59453125 0.8951292246520874 0.013020833333333334 0.008946322067594433
0 0.39375 0.9140159045725647 0.013541666666666667 0.04473161033797217
0 0.6934895833333333 0.9428429423459245 0.005729166666666666 0.02882703777335984
0 0.5052083333333334 0.9408548707753479 0.017708333333333333 0.02485089463220676
0 0.8885416666666667 0.9642147117296223 0.021875 0.015904572564612324
0 0.278125 0.9831013916500994 0.014583333333333334 0.03180914512922465
0 0.5486979166666667 0.9811133200795229 0.013020833333333334 0.019880715705765408
0 0.34609375 0.9850894632206759 0.0078125 0.027833001988071572
0 0.3028645833333333 0.9875745526838966 0.009895833333333333 0.02286282306163022