0 0.9966145833333333 0.037276341948310136 0.0067708333333333336 0.02485089463220676
0 0.5903645833333333 0.10685884691848907 0.008854166666666666 0.02882703777335984
0 0.8940104166666667 0.1272365805168986 0.03177083333333333 0.039761431411530816
0 0.6513020833333333 0.2430417495029821 0.0140625 0.042743538767395624
0 0.7973958333333333 0.27087475149105367 0.009375 0.042743538767395624
0 0.6125 0.2624254473161034 0.010416666666666666 0.019880715705765408
0 0.74609375 0.28876739562624254 0.013020833333333334 0.02882703777335984
0 0.38776041666666666 0.2982107355864811 0.0109375 0.027833001988071572
0 0.6552083333333333 0.31610337972166996 0.013541666666666667 0.03777335984095427
0 0.9783854166666667 0.3210735586481113 0.0171875 0.02385685884691849
0 0.7424479166666667 0.34940357852882703 0.0140625 0.040755467196819085
0 0.9846354166666667 0.34244532803180916 0.005729166666666666 0.014910536779324055
0 0.6515625 0.3702783300198807 0.009375 0.014910536779324055
0 0.8473958333333333 0.4428429423459245 0.016666666666666666 0.0268389662027833
0 0.8984375 0.44880715705765406 0.01875 0.030815109343936383
0 0.9125 0.4835984095427435 0.014583333333333334 0.04473161033797217
0 0.70234375 0.5432405566600398 0.021354166666666667 0.032803180914512925
0 0.73828125 0.6322067594433399 0.0067708333333333336 0.009940357852882704
0 0.89609375 0.6525844930417495 0.022395833333333334 0.03479125248508946
0 0.6309895833333333 0.6451292246520874 0.0171875 0.015904572564612324
0 0.8244791666666667 0.6938369781312127 0.009375 0.03578528827037773
0 0.6557291666666667 0.7793240556660039 0.017708333333333333 0.02982107355864811
0 0.9098958333333333 0.8290258449304175 0.01875 0.03180914512922465
0 0.9260416666666667 0.8762425447316103 0.021875 0.02882703777335984
0 0.9947916666666666 0.8836978131212724 0.00625 0.02186878727634195