0 0.25442708333333336 0.016401590457256462 0.013020833333333334 0.032803180914512925
0 0.17838541666666666 0.010934393638170975 0.011979166666666667 0.02186878727634195
0 0.82734375 0.03180914512922465 0.009895833333333333 0.05168986083499006
0 0.5442708333333334 0.03926441351888668 0.023958333333333335 0.04473161033797217
0 0.46432291666666664 0.031312127236580514 0.008854166666666666 0.02286282306163022
0 0.14817708333333332 0.04771371769383698 0.021354166666666667 0.02186878727634195
0 0.41640625 0.06411530815109344 0.015104166666666667 0.04671968190854871
0 0.034895833333333334 0.07604373757455268 0.020833333333333332 0.048707753479125246
0 0.5096354166666667 0.08151093439363817 0.0067708333333333336 0.033797216699801194
0 0.540625 0.08151093439363817 0.023958333333333335 0.015904572564612324
0 0.084375 0.10387673956262425 0.019791666666666666 0.03479125248508946
0 0.0010416666666666667 0.11829025844930417 0.0010416666666666667 0.055666003976143144
0 0.2375 0.110337972166998 0.0125 0.03180914512922465
0 0.74375 0.14015904572564614 0.00625 0.03777335984095427
0 0.08125 0.139662027833002 0.013541666666666667 0.02882703777335984
0 0.2796875 0.17296222664015903 0.007291666666666667 0.015904572564612324
0 0.509375 0.18389662027833 0.009375 0.033797216699801194
0 0.6065104166666667 0.18836978131212723 0.0109375 0.03876739562624255
0 0.30130208333333336 0.1863817097415507 0.0109375 0.032803180914512925
0 0.9513020833333333 0.1833996023856859 0.0203125 0.018886679920477135
0 0.27291666666666664 0.19582504970178927 0.011458333333333333 0.033797216699801194
0 0.8130208333333333 0.20178926441351888 0.016666666666666666 0.02982107355864811
0 0.42890625 0.21222664015904572 0.009895833333333333 0.03479125248508946
0 0.14036458333333332 0.2231610337972167 0.0109375 0.048707753479125246
0 0.35989583333333336 0.220675944333996 0.0125 0.02584493041749503
0 0.9807291666666667 0.2355864811133201 0.03854166666666667 0.039761431411530816
0 0.7924479166666667 0.2370775347912525 0.0067708333333333336 0.032803180914512925
0 0.6877604166666667 0.24453280318091453 0.013020833333333334 0.033797216699801194
0 0.7692708333333333 0.24453280318091453 0.0125 0.007952286282306162
0 0.5908854166666667 0.2629224652087475 0.018229166666666668 0.014910536779324055
0 0.08723958333333333 0.26888667992047716 0.018229166666666668 0.020874751491053677
0 0.36692708333333335 0.2813121272365805 0.008854166666666666 0.03180914512922465
0 0.7283854166666667 0.2808151093439364 0.008854166666666666 0.02485089463220676
0 0.5033854166666667 0.3036779324055666 0.009895833333333333 0.036779324055666
0 0.09192708333333334 0.2952286282306163 0.0067708333333333336 0.011928429423459244
0 0.74375 0.30318091451292245 0.016666666666666666 0.02385685884691849
0 0.9580729166666667 0.3225646123260437 0.024479166666666666 0.036779324055666
0 0.5708333333333333 0.3334990059642147 0.00625 0.0268389662027833
0 0.9557291666666666 0.3513916500994036 0.007291666666666667 0.02882703777335984
0 0.6291666666666667 0.3548707753479125 0.013541666666666667 0.007952286282306162
0 0.7458333333333333 0.37773359840954274 0.016666666666666666 0.04970178926441352
0 0.6861979166666666 0.3697813121272366 0.022395833333333334 0.02186878727634195
0 0.7981770833333334 0.37226640159045726 0.0078125 0.02286282306163022
0 0.38307291666666665 0.3682902584493042 0.008854166666666666 0.012922465208747515
0 0.8354166666666667 0.3812127236580517 0.014583333333333334 0.02882703777335984
0 0.42526041666666664 0.3871769383697813 0.008854166666666666 0.010934393638170975
0 0.47630208333333335 0.4110337972166998 0.016145833333333335 0.016898608349900597
0 0.5924479166666666 0.4179920477137177 0.011979166666666667 0.014910536779324055
0 0.4510416666666667 0.4194831013916501 0.0125 0.015904572564612324
0 0.73671875 0.4254473161033797 0.021354166666666667 0.02186878727634195
0 0.5635416666666667 0.43489065606361826 0.00625 0.032803180914512925
0 0.4703125 0.4463220675944334 0.0125 0.03578528827037773
0 0.9963541666666667 0.444831013916501 0.007291666666666667 0.02286282306163022
0 0.3380208333333333 0.44930417495029823 0.014583333333333334 0.033797216699801194
0 0.97109375 0.4761431411530815 0.0171875 0.0636182902584493
0 0.50703125 0.4577534791252485 0.0067708333333333336 0.0268389662027833
0 0.5231770833333333 0.46570576540755465 0.008854166666666666 0.02286282306163022
0 0.690625 0.4711729622266402 0.015625 0.017892644135188866
0 0.004427083333333333 0.47713717693836977 0.0078125 0.019880715705765408
0 0.5377604166666666 0.47962226640159045 0.013020833333333334 0.010934393638170975
0 0.2515625 0.5094433399602386 0.008333333333333333 0.03876739562624255
0 0.41848958333333336 0.5124254473161034 0.018229166666666668 0.030815109343936383
0 0.8604166666666667 0.5149105367793241 0.026041666666666668 0.03180914512922465
0 0.5458333333333333 0.5193836978131213 0.017708333333333333 0.03479125248508946
0 0.5669270833333333 0.5308151093439364 0.009895833333333333 0.013916500994035786
0 0.6049479166666667 0.5377733598409543 0.0109375 0.02186878727634195
0 0.5213541666666667 0.5357852882703777 0.014583333333333334 0.013916500994035786
0 0.7171875 0.5422465208747514 0.013541666666666667 0.018886679920477135
0 0.46640625 0.5447316103379721 0.0109375 0.013916500994035786
0 0.7307291666666667 0.5492047713717694 0.014583333333333334 0.012922465208747515
0 0.5205729166666667 0.5521868787276342 0.011979166666666667 0.010934393638170975
0 0.5958333333333333 0.5636182902584493 0.005208333333333333 0.02186878727634195
0 0.5447916666666667 0.5631212723658051 0.011458333333333333 0.010934393638170975
0 0.5057291666666667 0.5720675944333996 0.009375 0.02882703777335984
0 0.5619791666666667 0.5790258449304175 0.007291666666666667 0.030815109343936383
0 0.84375 0.5839960238568589 0.013541666666666667 0.03479125248508946
0 0.7286458333333333 0.5795228628230616 0.016666666666666666 0.013916500994035786
0 0.49322916666666666 0.5854870775347912 0.008333333333333333 0.027833001988071572
0 0.9197916666666667 0.5864811133200796 0.015625 0.02385685884691849
0 0.7140625 0.5949304174950298 0.007291666666666667 0.03876739562624255
0 0.52421875 0.591948310139165 0.009895833333333333 0.032803180914512925
0 0.08072916666666667 0.5864811133200796 0.015625 0.019880715705765408
0 0.6549479166666666 0.606858846918489 0.018229166666666668 0.036779324055666
0 0.6078125 0.606858846918489 0.015625 0.020874751491053677
0 0.571875 0.6048707753479126 0.009375 0.018886679920477135
0 0.5486979166666667 0.6118290258449304 0.0109375 0.020874751491053677
0 0.34453125 0.6063618290258449 0.0078125 0.009940357852882704
0 0.7684895833333333 0.6153081510934394 0.0140625 0.013916500994035786
0 0.6018229166666667 0.6272365805168986 0.015104166666666667 0.019880715705765408
0 0.23932291666666666 0.6302186878727635 0.016145833333333335 0.02584493041749503
0 0.33958333333333335 0.6257455268389662 0.011458333333333333 0.008946322067594433
0 0.62265625 0.6341948310139165 0.011979166666666667 0.019880715705765408
0 0.46979166666666666 0.6401590457256461 0.011458333333333333 0.017892644135188866
0 0.5627604166666667 0.6525844930417495 0.008854166666666666 0.02286282306163022
0 0.5229166666666667 0.654572564612326 0.005208333333333333 0.020874751491053677
0 0.5296875 0.6704771371769384 0.00625 0.020874751491053677
0 0.7416666666666667 0.6734592445328031 0.009375 0.02286282306163022
0 0.6518229166666667 0.6759443339960238 0.009895833333333333 0.02982107355864811
0 0.6294270833333333 0.6754473161033797 0.0078125 0.014910536779324055
0 0.49713541666666666 0.6809145129224652 0.0109375 0.02584493041749503
0 0.5953125 0.6868787276341949 0.0125 0.033797216699801194
0 0.54453125 0.6779324055666004 0.0067708333333333336 0.015904572564612324
0 0.4203125 0.6898608349900597 0.010416666666666666 0.027833001988071572
0 0.7309895833333333 0.6973161033797217 0.0078125 0.03479125248508946
0 0.6822916666666666 0.6893638170974155 0.013541666666666667 0.014910536779324055
0 0.6221354166666667 0.7007952286282306 0.011979166666666667 0.02385685884691849
0 0.22552083333333334 0.6968190854870775 0.011458333333333333 0.015904572564612324
0 0.63671875 0.7102385685884692 0.009895833333333333 0.02286282306163022
0 0.609375 0.705765407554672 0.009375 0.009940357852882704
0 0.5833333333333334 0.7181908548707754 0.008333333333333333 0.016898608349900597
0 0.5174479166666667 0.7370775347912525 0.021354166666666667 0.032803180914512925
0 0.7981770833333334 0.7490059642147118 0.0078125 0.030815109343936383
0 0.5395833333333333 0.7460238568588469 0.00625 0.0268389662027833
0 0.98984375 0.757455268389662 0.0203125 0.03180914512922465
0 0.17161458333333332 0.7490059642147118 0.0078125 0.012922465208747515
0 0.4432291666666667 0.7688866799204771 0.0125 0.02882703777335984
0 0.6453125 0.7698807157057654 0.009375 0.02485089463220676
0 0.66875 0.7698807157057654 0.014583333333333334 0.010934393638170975
0 0.5901041666666667 0.7773359840954275 0.007291666666666667 0.019880715705765408
0 0.6036458333333333 0.8071570576540755 0.01875 0.033797216699801194
0 0.4518229166666667 0.8146123260437376 0.019270833333333334 0.04473161033797217
0 0.5401041666666667 0.8121272365805169 0.019791666666666666 0.02186878727634195
0 0.87734375 0.8250497017892644 0.0140625 0.017892644135188866
0 0.8885416666666667 0.8369781312127237 0.013541666666666667 0.02584493041749503
0 0.2515625 0.841948310139165 0.015625 0.02584493041749503
0 0.6692708333333334 0.860337972166998 0.021875 0.05666003976143141
0 0.75234375 0.8444333996023857 0.011979166666666667 0.016898608349900597
0 0.9703125 0.8523856858846919 0.022916666666666665 0.016898608349900597
0 0.7203125 0.8682902584493042 0.017708333333333333 0.018886679920477135
0 0.98515625 0.8822067594433399 0.0296875 0.042743538767395624
0 0.5924479166666666 0.882703777335984 0.0109375 0.02385685884691849
0 0.753125 0.8841948310139165 0.017708333333333333 0.02286282306163022
0 0.60546875 0.8936381709741551 0.0067708333333333336 0.027833001988071572
0 0.31484375 0.8946322067594433 0.019270833333333334 0.019880715705765408
0 0.65234375 0.8996023856858847 0.011979166666666667 0.017892644135188866
0 0.7591145833333334 0.929920477137177 0.009895833333333333 0.030815109343936383
0 0.9552083333333333 0.9383697813121272 0.0125 0.0437375745526839
0 0.1625 0.9343936381709742 0.019791666666666666 0.03777335984095427
0 0.8153645833333333 0.9304174950298211 0.0265625 0.02584493041749503
0 0.62265625 0.9239562624254473 0.0109375 0.010934393638170975
0 0.6572916666666667 0.9274353876739563 0.013541666666666667 0.009940357852882704
0 0.84453125 0.94831013916501 0.021354166666666667 0.041749502982107355
0 0.4315104166666667 0.94831013916501 0.022395833333333334 0.02982107355864811
0 0.7494791666666667 0.9607355864811133 0.016666666666666666 0.04473161033797217
0 0.9296875 0.9607355864811133 0.01875 0.032803180914512925
0 0.6440104166666667 0.9582504970178927 0.013020833333333334 0.015904572564612324
0 0.5416666666666666 0.9577534791252486 0.014583333333333334 0.008946322067594433
0 0.29635416666666664 0.967196819085487 0.008333333333333333 0.013916500994035786
0 0.9393229166666667 0.9831013916500994 0.011979166666666667 0.02186878727634195
0 0.8619791666666666 0.9915506958250497 0.010416666666666666 0.014910536779324055