0 0.7330729166666666 0.08001988071570576 0.011979166666666667 0.010934393638170975
0 0.8309895833333333 0.18439363817097415 0.013020833333333334 0.018886679920477135
0 0.61640625 0.2897614314115308 0.0078125 0.018886679920477135
0 0.8182291666666667 0.30019880715705766 0.010416666666666666 0.017892644135188866
0 0.9791666666666666 0.3250497017892644 0.013541666666666667 0.02385685884691849
0 0.7265625 0.3588469184890656 0.010416666666666666 0.009940357852882704
0 0.90234375 0.37524850894632206 0.0067708333333333336 0.018886679920477135
0 0.7067708333333333 0.47862823061630216 0.015625 0.030815109343936383
0 0.9432291666666667 0.5760437375745527 0.009375 0.032803180914512925
0 0.40130208333333334 0.577037773359841 0.0078125 0.02882703777335984
0 0.6604166666666667 0.5999005964214712 0.011458333333333333 0.016898608349900597
0 0.6705729166666666 0.6739562624254473 0.0036458333333333334 0.02385685884691849
0 0.8020833333333334 0.6749502982107356 0.0125 0.027833001988071572
0 0.45026041666666666 0.702286282306163 0.009895833333333333 0.02286282306163022
0 0.63515625 0.6943339960238568 0.0109375 0.006958250497017893
0 0.6924479166666667 0.7365805168986084 0.009895833333333333 0.015904572564612324
0 0.81875 0.7455268389662028 0.011458333333333333 0.009940357852882704
0 0.52890625 0.786779324055666 0.0171875 0.014910536779324055
0 0.6635416666666667 0.7932405566600398 0.015625 0.017892644135188866
0 0.5229166666666667 0.8131212723658051 0.011458333333333333 0.007952286282306162
0 0.5533854166666666 0.8225646123260437 0.011979166666666667 0.02485089463220676
0 0.625 0.8180914512922465 0.017708333333333333 0.015904572564612324
0 0.63828125 0.838469184890656 0.0046875 0.02882703777335984
0 0.7125 0.8469184890656064 0.013541666666666667 0.02982107355864811
0 0.8127604166666667 0.8459244532803181 0.0109375 0.027833001988071572
0 0.5302083333333333 0.8474155069582505 0.003125 0.02485089463220676
0 0.48203125 0.8588469184890656 0.0109375 0.019880715705765408
0 0.8705729166666667 0.8707753479125249 0.015104166666666667 0.02584493041749503
0 0.6408854166666667 0.8762425447316103 0.008854166666666666 0.030815109343936383
0 0.49583333333333335 0.8802186878727635 0.005208333333333333 0.0268389662027833
0 0.5471354166666667 0.8792246520874751 0.0078125 0.016898608349900597
0 0.4427083333333333 0.8772365805168986 0.007291666666666667 0.010934393638170975
0 0.9864583333333333 0.8812127236580517 0.016666666666666666 0.018886679920477135
0 0.4549479166666667 0.8832007952286283 0.0078125 0.010934393638170975
0 0.6049479166666667 0.8946322067594433 0.011979166666666667 0.017892644135188866
0 0.7645833333333333 0.8986083499005965 0.005208333333333333 0.02186878727634195
0 0.64921875 0.9065606361829026 0.009895833333333333 0.02982107355864811
0 0.6533854166666667 0.9269383697813122 0.013020833333333334 0.0268389662027833
0 0.8403645833333333 0.9438369781312127 0.021354166666666667 0.03876739562624255
0 0.6971354166666667 0.9403578528827038 0.016145833333333335 0.027833001988071572
0 0.6091145833333333 0.9363817097415507 0.0078125 0.011928429423459244
0 0.5973958333333333 0.9493041749502982 0.027083333333333334 0.02186878727634195
0 0.5411458333333333 0.94831013916501 0.010416666666666666 0.009940357852882704
0 0.5161458333333333 0.9582504970178927 0.009375 0.015904572564612324
0 0.8703125 0.9552683896620279 0.016666666666666666 0.011928429423459244
0 0.83359375 0.9776341948310139 0.018229166666666668 0.030815109343936383
0 0.5518229166666667 0.9771371769383698 0.013020833333333334 0.017892644135188866
0 0.56640625 0.9781312127236581 0.0109375 0.02186878727634195
0 0.6515625 0.9756461232604374 0.0125 0.010934393638170975
0 0.4119791666666667 0.9905566600397614 0.008333333333333333 0.016898608349900597
0 0.5200520833333333 0.9870775347912525 0.009895833333333333 0.009940357852882704