0 0.6145833333333334 0.2599403578528827 0.005208333333333333 0.02286282306163022
0 0.45546875 0.5889662027833003 0.016145833333333335 0.030815109343936383
0 0.46796875 0.5999005964214712 0.005729166666666666 0.018886679920477135
0 0.48880208333333336 0.6023856858846919 0.008854166666666666 0.02385685884691849
0 0.7596354166666667 0.6033797216699801 0.028645833333333332 0.017892644135188866
0 0.43072916666666666 0.621272365805169 0.009375 0.03180914512922465
0 0.7901041666666667 0.6207753479125249 0.0125 0.016898608349900597
0 0.42578125 0.6535785288270378 0.0067708333333333336 0.018886679920477135
0 0.4432291666666667 0.6694831013916501 0.007291666666666667 0.02286282306163022
0 0.3497395833333333 0.6804174950298211 0.008854166666666666 0.0268389662027833
0 0.5041666666666667 0.7191848906560636 0.007291666666666667 0.03876739562624255
0 0.48828125 0.7162027833001988 0.021354166666666667 0.018886679920477135
0 0.403125 0.7281312127236581 0.013541666666666667 0.012922465208747515
0 0.50234375 0.7693836978131213 0.019270833333333334 0.03777335984095427
0 0.3734375 0.7673956262425448 0.0125 0.02584493041749503
0 0.82578125 0.7693836978131213 0.011979166666666667 0.02186878727634195
0 0.4278645833333333 0.7937375745526839 0.016145833333333335 0.036779324055666
0 0.49583333333333335 0.794234592445328 0.0125 0.017892644135188866
0 0.45651041666666664 0.864314115308151 0.0140625 0.016898608349900597
0 0.42682291666666666 0.9125248508946322 0.015104166666666667 0.03777335984095427