0 0.57734375 0.023359840954274354 0.0078125 0.03876739562624255
0 0.35833333333333334 0.019880715705765408 0.019791666666666666 0.033797216699801194
0 0.42942708333333335 0.03926441351888668 0.0109375 0.0268389662027833
0 0.67109375 0.05467196819085487 0.0171875 0.017892644135188866
0 0.6307291666666667 0.05417495029821073 0.011458333333333333 0.018886679920477135
0 0.10260416666666666 0.06858846918489066 0.007291666666666667 0.011928429423459244
0 0.028645833333333332 0.09642147117296222 0.026041666666666668 0.033797216699801194
0 0.6479166666666667 0.0959244532803181 0.007291666666666667 0.02882703777335984
0 0.6953125 0.13518886679920478 0.014583333333333334 0.041749502982107355
0 0.759375 0.12524850894632206 0.010416666666666666 0.017892644135188866
0 0.10338541666666666 0.14512922465208747 0.0203125 0.055666003976143144
0 0.13359375 0.1317097415506958 0.016145833333333335 0.02485089463220676
0 0.5046875 0.16650099403578528 0.009375 0.02485089463220676
0 0.9296875 0.1908548707753479 0.016666666666666666 0.02385685884691849
0 0.5921875 0.20079522862823063 0.016666666666666666 0.04572564612326044
0 0.67734375 0.1918489065606362 0.011979166666666667 0.011928429423459244
0 0.2453125 0.20427435387673956 0.029166666666666667 0.03479125248508946
0 0.6174479166666667 0.19383697813121273 0.0078125 0.011928429423459244
0 0.9109375 0.20526838966202784 0.011458333333333333 0.02286282306163022
0 0.6776041666666667 0.21620278330019882 0.009375 0.02286282306163022
0 0.6627604166666666 0.21868787276341947 0.0140625 0.02982107355864811
0 0.4421875 0.2231610337972167 0.008333333333333333 0.02882703777335984
0 0.7549479166666667 0.23161033797216699 0.013020833333333334 0.027833001988071572
0 0.8294270833333334 0.27435387673956263 0.019270833333333334 0.06958250497017893
0 0.4125 0.25745526838966204 0.011458333333333333 0.03578528827037773
0 0.6971354166666667 0.3116302186878728 0.0078125 0.02286282306163022
0 0.3494791666666667 0.3260437375745527 0.0125 0.033797216699801194
0 0.6473958333333333 0.3404572564612326 0.019791666666666666 0.0268389662027833
0 0.12291666666666666 0.3518886679920477 0.011458333333333333 0.027833001988071572
0 0.57109375 0.3538767395626243 0.0067708333333333336 0.017892644135188866
0 0.5958333333333333 0.3682902584493042 0.013541666666666667 0.010934393638170975
0 0.76171875 0.3981113320079523 0.0171875 0.0268389662027833
0 0.6713541666666667 0.426441351888668 0.017708333333333333 0.019880715705765408
0 0.7526041666666666 0.4388667992047714 0.019791666666666666 0.016898608349900597
0 0.6190104166666667 0.4676938369781312 0.011979166666666667 0.014910536779324055
0 0.6760416666666667 0.47763419483101394 0.017708333333333333 0.016898608349900597
0 0.6369791666666667 0.5233598409542743 0.017708333333333333 0.07654075546719682
0 0.43411458333333336 0.5273359840954275 0.0067708333333333336 0.0268389662027833
0 0.5807291666666666 0.5323061630218688 0.008333333333333333 0.02882703777335984
0 0.5533854166666666 0.5392644135188867 0.0046875 0.018886679920477135
0 0.47317708333333336 0.5472166998011928 0.013020833333333334 0.014910536779324055
0 0.6203125 0.581013916500994 0.015625 0.036779324055666
0 0.4609375 0.5715705765407555 0.014583333333333334 0.011928429423459244
0 0.7794270833333333 0.577037773359841 0.016145833333333335 0.016898608349900597
0 0.6395833333333333 0.5869781312127237 0.016666666666666666 0.036779324055666
0 0.39739583333333334 0.614314115308151 0.021875 0.027833001988071572
0 0.8739583333333333 0.6182902584493042 0.027083333333333334 0.02186878727634195
0 0.60078125 0.6242544731610338 0.0140625 0.019880715705765408
0 0.7333333333333333 0.6709741550695825 0.013541666666666667 0.04572564612326044
0 0.34869791666666666 0.6555666003976143 0.016145833333333335 0.012922465208747515
0 0.30885416666666665 0.6600397614314115 0.021875 0.013916500994035786
0 0.59765625 0.6779324055666004 0.015104166666666667 0.017892644135188866
0 0.5299479166666666 0.6759443339960238 0.011979166666666667 0.013916500994035786
0 0.7934895833333333 0.6898608349900597 0.022395833333333334 0.02186878727634195
0 0.7091145833333333 0.7166998011928429 0.0265625 0.05964214711729622
0 0.6244791666666667 0.6973161033797217 0.007291666666666667 0.018886679920477135
0 0.40390625 0.6923459244532804 0.015104166666666667 0.008946322067594433
0 0.5997395833333333 0.7037773359840954 0.030729166666666665 0.027833001988071572
0 0.9268229166666667 0.7246520874751491 0.009895833333333333 0.041749502982107355
0 0.5276041666666667 0.7455268389662028 0.013541666666666667 0.03578528827037773
0 0.8020833333333334 0.7509940357852882 0.019791666666666666 0.010934393638170975
0 0.7229166666666667 0.7514910536779325 0.017708333333333333 0.013916500994035786
0 0.6315104166666666 0.7957256461232605 0.024479166666666666 0.05666003976143141
0 0.5143229166666666 0.7912524850894632 0.008854166666666666 0.041749502982107355
0 0.89609375 0.8071570576540755 0.021354166666666667 0.041749502982107355
0 0.8174479166666667 0.8320079522862823 0.011979166666666667 0.02982107355864811
0 0.15911458333333334 0.8414512922465208 0.0234375 0.05069582504970179
0 0.24296875 0.8508946322067594 0.0140625 0.02186878727634195
0 0.8908854166666667 0.8543737574552683 0.019270833333333334 0.02485089463220676
0 0.6700520833333333 0.9125248508946322 0.015104166666666667 0.03180914512922465
0 0.50546875 0.9070576540755467 0.008854166666666666 0.020874751491053677
0 0.5817708333333333 0.9174950298210736 0.008333333333333333 0.03180914512922465
0 0.80625 0.9368787276341949 0.011458333333333333 0.040755467196819085
0 0.5356770833333333 0.9418489065606361 0.0067708333333333336 0.018886679920477135
0 0.6338541666666667 0.9473161033797217 0.020833333333333332 0.02186878727634195
0 0.6575520833333334 0.9721669980119284 0.0109375 0.0437375745526839
0 0.90390625 0.9806163021868787 0.013020833333333334 0.02882703777335984
0 0.16614583333333333 0.9835984095427436 0.022916666666666665 0.030815109343936383
0 0.8 0.9865805168986084 0.00625 0.02485089463220676
0 0.74296875 0.992544731610338 0.0140625 0.012922465208747515