0 0.5075520833333333 0.041749502982107355 0.0078125 0.02385685884691849
0 0.26510416666666664 0.04324055666003976 0.0125 0.0268389662027833
0 0.3919270833333333 0.04821073558648111 0.008854166666666666 0.02485089463220676
0 0.3692708333333333 0.08200795228628231 0.008333333333333333 0.0268389662027833
0 0.4828125 0.11182902584493042 0.010416666666666666 0.012922465208747515
0 0.33359375 0.16202783300198806 0.0109375 0.015904572564612324
0 0.184375 0.1679920477137177 0.010416666666666666 0.013916500994035786
0 0.22552083333333334 0.21570576540755468 0.014583333333333334 0.011928429423459244
0 0.28802083333333334 0.2649105367793241 0.016666666666666666 0.010934393638170975
0 0.3651041666666667 0.28727634194831014 0.007291666666666667 0.013916500994035786
0 0.05286458333333333 0.4691848906560636 0.0109375 0.017892644135188866
0 0.7393229166666667 0.5208747514910537 0.011979166666666667 0.017892644135188866
0 0.7658854166666667 0.5303180914512923 0.009895833333333333 0.018886679920477135
0 0.9213541666666667 0.724155069582505 0.007291666666666667 0.016898608349900597
0 0.8466145833333333 0.7296222664015904 0.011979166666666667 0.02584493041749503
0 0.35625 0.7321073558648111 0.011458333333333333 0.018886679920477135
0 0.2921875 0.7559642147117296 0.007291666666666667 0.016898608349900597
0 0.28098958333333335 0.7877733598409543 0.013020833333333334 0.008946322067594433
0 0.78671875 0.8091451292246521 0.021354166666666667 0.03578528827037773
0 0.26953125 0.8101391650099403 0.016145833333333335 0.02982107355864811
0 0.378125 0.8359840954274353 0.010416666666666666 0.03180914512922465
0 0.5408854166666667 0.864314115308151 0.0140625 0.012922465208747515
0 0.36432291666666666 0.8802186878727635 0.013020833333333334 0.03876739562624255
0 0.4375 0.889662027833002 0.009375 0.015904572564612324
0 0.4309895833333333 0.9095427435387674 0.008854166666666666 0.015904572564612324
0 0.32916666666666666 0.9160039761431411 0.011458333333333333 0.020874751491053677
0 0.36223958333333334 0.9304174950298211 0.018229166666666668 0.03777335984095427
0 0.56875 0.929920477137177 0.021875 0.02485089463220676
0 0.33619791666666665 0.9383697813121272 0.011979166666666667 0.013916500994035786
0 0.19192708333333333 0.9468190854870775 0.0171875 0.02485089463220676
0 0.7052083333333333 0.9607355864811133 0.028125 0.030815109343936383
0 0.6434895833333333 0.9870775347912525 0.008854166666666666 0.02385685884691849