0 0.8190104166666666 0.0004970178926441351 0.09010416666666667 0.0009940357852882703
0 0.6421875 0.02982107355864811 0.016666666666666666 0.04771371769383698
0 0.34609375 0.04025844930417495 0.0296875 0.036779324055666
0 0.7544270833333333 0.06113320079522863 0.0234375 0.030815109343936383
0 0.8598958333333333 0.07306163021868788 0.020833333333333332 0.05268389662027833
0 0.66875 0.05964214711729622 0.010416666666666666 0.02385685884691849
0 0.65234375 0.0775347912524851 0.0109375 0.039761431411530816
0 0.5674479166666667 0.07803180914512922 0.0109375 0.040755467196819085
0 0.6997395833333333 0.09493041749502983 0.009895833333333333 0.04473161033797217
0 0.05286458333333333 0.08996023856858847 0.0109375 0.016898608349900597
0 0.6078125 0.10636182902584493 0.014583333333333334 0.027833001988071572
0 0.9997395833333333 0.15705765407554673 0.0005208333333333333 0.0536779324055666
0 0.10078125 0.15904572564612326 0.008854166666666666 0.015904572564612324
0 0.6640625 0.18091451292246521 0.015625 0.055666003976143144
0 0.6283854166666667 0.1933399602385686 0.0140625 0.02286282306163022
0 0.7994791666666666 0.20079522862823063 0.014583333333333334 0.015904572564612324
0 0.6328125 0.22465208747514911 0.013541666666666667 0.02982107355864811
0 0.71328125 0.23111332007952287 0.018229166666666668 0.032803180914512925
0 0.05286458333333333 0.22266401590457258 0.015104166666666667 0.017892644135188866
0 0.6848958333333334 0.24105367793240556 0.014583333333333334 0.04473161033797217
0 0.0296875 0.2524850894632207 0.025 0.055666003976143144
0 0.8044270833333333 0.24602385685884692 0.0171875 0.030815109343936383
0 0.9997395833333333 0.2659045725646123 0.0005208333333333333 0.06262425447316103
0 0.8776041666666666 0.25347912524850896 0.0125 0.027833001988071572
0 0.30703125 0.24950298210735586 0.025520833333333333 0.019880715705765408
0 0.6239583333333333 0.27286282306163023 0.009375 0.030815109343936383
0 0.3328125 0.30268389662027834 0.008333333333333333 0.03479125248508946
0 0.78515625 0.31411530815109345 0.0234375 0.03180914512922465
0 0.7013020833333333 0.34095427435387676 0.0265625 0.04771371769383698
0 0.5942708333333333 0.34443339960238567 0.0125 0.036779324055666
0 0.6 0.3682902584493042 0.0125 0.020874751491053677
0 0.6419270833333334 0.37077534791252487 0.016145833333333335 0.019880715705765408
0 0.26119791666666664 0.37673956262425445 0.016145833333333335 0.02385685884691849
0 0.7122395833333334 0.37475149105367794 0.015104166666666667 0.013916500994035786
0 0.91171875 0.3926441351888668 0.0171875 0.027833001988071572
0 0.6947916666666667 0.4140159045725646 0.03333333333333333 0.05864811133200795
0 0.6552083333333333 0.41749502982107356 0.007291666666666667 0.02584493041749503
0 0.5763020833333333 0.4234592445328032 0.009895833333333333 0.02186878727634195
0 0.6682291666666667 0.4309145129224652 0.014583333333333334 0.02485089463220676
0 0.7794270833333333 0.4507952286282306 0.0265625 0.042743538767395624
0 0.6322916666666667 0.44930417495029823 0.020833333333333332 0.033797216699801194
0 0.7552083333333334 0.4547713717693837 0.013541666666666667 0.036779324055666
0 0.64609375 0.4602385685884692 0.0078125 0.009940357852882704
0 0.7151041666666667 0.4671968190854871 0.015625 0.015904572564612324
0 0.6520833333333333 0.4850894632206759 0.013541666666666667 0.02584493041749503
0 0.6947916666666667 0.49652087475149104 0.010416666666666666 0.030815109343936383
0 0.67890625 0.5044731610337972 0.011979166666666667 0.04671968190854871
0 0.7463541666666667 0.5213717693836978 0.023958333333333335 0.020874751491053677
0 0.6338541666666667 0.5397614314115308 0.016666666666666666 0.017892644135188866
0 0.58046875 0.5526838966202783 0.018229166666666668 0.033797216699801194
0 0.6638020833333333 0.5526838966202783 0.015104166666666667 0.019880715705765408
0 0.9046875 0.5715705765407555 0.022916666666666665 0.027833001988071572
0 0.29375 0.5760437375745527 0.011458333333333333 0.032803180914512925
0 0.853125 0.6023856858846919 0.05 0.04771371769383698
0 0.5677083333333334 0.5914512922465208 0.019791666666666666 0.02584493041749503
0 0.60546875 0.6202783300198808 0.011979166666666667 0.0437375745526839
0 0.6083333333333333 0.6684890656063618 0.013541666666666667 0.02485089463220676
0 0.3614583333333333 0.6739562624254473 0.013541666666666667 0.02385685884691849
0 0.15520833333333334 0.6963220675944334 0.026041666666666668 0.032803180914512925
0 0.5924479166666666 0.7107355864811133 0.008854166666666666 0.033797216699801194
0 0.6221354166666667 0.7196819085487077 0.019270833333333334 0.02584493041749503
0 0.5640625 0.7485089463220675 0.011458333333333333 0.02584493041749503
0 0.9997395833333333 0.8116302186878728 0.0005208333333333333 0.15009940357852883
0 0.61640625 0.7524850894632207 0.019270833333333334 0.02186878727634195
0 0.71484375 0.7892644135188867 0.015104166666666667 0.02385685884691849
0 0.8083333333333333 0.7882703777335984 0.022916666666666665 0.015904572564612324
0 0.6125 0.7952286282306164 0.005208333333333333 0.02584493041749503
0 0.5841145833333333 0.8036779324055666 0.0140625 0.03479125248508946
0 0.42213541666666665 0.812624254473161 0.016145833333333335 0.018886679920477135
0 0.6307291666666667 0.8449304174950298 0.017708333333333333 0.055666003976143144
0 0.7421875 0.8573558648111332 0.028125 0.030815109343936383
0 0.6984375 0.8707753479125249 0.0125 0.03180914512922465
0 0.83203125 0.8951292246520874 0.016145833333333335 0.05069582504970179
0 0.6770833333333334 0.8991053677932406 0.013541666666666667 0.02882703777335984
0 0.0010416666666666667 0.9368787276341949 0.0010416666666666667 0.05268389662027833
0 0.7125 0.9801192842942346 0.023958333333333335 0.03777335984095427
0 0.4473958333333333 0.9905566600397614 0.007291666666666667 0.016898608349900597