0 0.5020833333333333 0.016401590457256462 0.016666666666666666 0.012922465208747515
0 0.15104166666666666 0.02882703777335984 0.013541666666666667 0.02186878727634195
0 0.28229166666666666 0.10984095427435388 0.021875 0.020874751491053677
0 0.50234375 0.110337972166998 0.015104166666666667 0.017892644135188866
0 0.05390625 0.11829025844930417 0.030729166666666665 0.03180914512922465
0 0.81328125 0.1242544731610338 0.021354166666666667 0.033797216699801194
0 0.8973958333333333 0.15457256461232605 0.0125 0.03479125248508946
0 0.7315104166666667 0.14860834990059643 0.008854166666666666 0.014910536779324055
0 0.4388020833333333 0.15656063618290258 0.021354166666666667 0.018886679920477135
0 0.2869791666666667 0.16302186878727634 0.019791666666666666 0.015904572564612324
0 0.8119791666666667 0.17047713717693838 0.022916666666666665 0.030815109343936383
0 0.9942708333333333 0.18290258449304175 0.010416666666666666 0.039761431411530816
0 0.013541666666666667 0.1878727634194831 0.027083333333333334 0.03578528827037773
0 0.20286458333333332 0.19582504970178927 0.008854166666666666 0.04771371769383698
0 0.178125 0.19980119284294234 0.011458333333333333 0.0437375745526839
0 0.52421875 0.1848906560636183 0.0140625 0.013916500994035786
0 0.4421875 0.20079522862823063 0.009375 0.017892644135188866
0 0.28567708333333336 0.21868787276341947 0.015104166666666667 0.02584493041749503
0 0.30625 0.21570576540755468 0.00625 0.015904572564612324
0 0.48776041666666664 0.22664015904572565 0.0078125 0.015904572564612324
0 0.37552083333333336 0.23757455268389663 0.01875 0.03578528827037773
0 0.35885416666666664 0.2331013916500994 0.007291666666666667 0.012922465208747515
0 0.32447916666666665 0.23856858846918488 0.014583333333333334 0.019880715705765408
0 0.41458333333333336 0.23956262425447317 0.019791666666666666 0.017892644135188866
0 0.225 0.25695825049701787 0.017708333333333333 0.03876739562624255
0 0.29453125 0.25 0.0171875 0.016898608349900597
0 0.3268229166666667 0.25894632206759444 0.0203125 0.018886679920477135
0 0.39791666666666664 0.2768389662027833 0.010416666666666666 0.03876739562624255
0 0.6596354166666667 0.2952286282306163 0.008854166666666666 0.033797216699801194
0 0.2953125 0.30417495029821073 0.009375 0.027833001988071572
0 0.34713541666666664 0.3076540755467197 0.0067708333333333336 0.018886679920477135
0 0.24869791666666666 0.33101391650099404 0.0078125 0.0437375745526839
0 0.13333333333333333 0.3513916500994036 0.017708333333333333 0.06262425447316103
0 0.26953125 0.3334990059642147 0.0078125 0.02882703777335984
0 0.20885416666666667 0.3663021868787276 0.013541666666666667 0.020874751491053677
0 0.39791666666666664 0.378727634194831 0.011458333333333333 0.02584493041749503
0 0.31875 0.3926441351888668 0.025 0.013916500994035786
0 0.5234375 0.3946322067594433 0.0125 0.015904572564612324
0 0.5020833333333333 0.4085487077534791 0.010416666666666666 0.03578528827037773
0 0.8869791666666667 0.4110337972166998 0.014583333333333334 0.03479125248508946
0 0.40078125 0.4194831013916501 0.0171875 0.033797216699801194
0 0.4203125 0.4284294234592445 0.008333333333333333 0.02982107355864811
0 0.17135416666666667 0.4398608349900596 0.01875 0.016898608349900597
0 0.23307291666666666 0.4423459244532803 0.0171875 0.015904572564612324
0 0.0033854166666666668 0.45974155069582506 0.0067708333333333336 0.042743538767395624
0 0.33177083333333335 0.4542743538767396 0.005208333333333333 0.015904572564612324
0 0.42942708333333335 0.45825049701789267 0.011979166666666667 0.017892644135188866
0 0.35520833333333335 0.4587475149105368 0.020833333333333332 0.016898608349900597
0 0.3380208333333333 0.4845924453280318 0.022916666666666665 0.040755467196819085
0 0.16067708333333333 0.47962226640159045 0.034895833333333334 0.0268389662027833
0 0.38333333333333336 0.48906560636182905 0.007291666666666667 0.03777335984095427
0 0.3963541666666667 0.5014910536779325 0.011458333333333333 0.012922465208747515
0 0.43984375 0.5099403578528827 0.015104166666666667 0.02385685884691849
0 0.478125 0.5571570576540755 0.016666666666666666 0.048707753479125246
0 0.22109375 0.5561630218687873 0.013020833333333334 0.014910536779324055
0 0.36614583333333334 0.5675944333996024 0.008333333333333333 0.027833001988071572
0 0.44479166666666664 0.5690854870775348 0.014583333333333334 0.030815109343936383
0 0.3229166666666667 0.5765407554671969 0.008333333333333333 0.041749502982107355
0 0.22708333333333333 0.5790258449304175 0.008333333333333333 0.030815109343936383
0 0.20520833333333333 0.5969184890656064 0.016666666666666666 0.0268389662027833
0 0.60625 0.617296222664016 0.010416666666666666 0.055666003976143144
0 0.434375 0.6167992047713717 0.0125 0.0268389662027833
0 0.5455729166666666 0.6262425447316103 0.0171875 0.03180914512922465
0 0.39114583333333336 0.6237574552683897 0.015625 0.02286282306163022
0 0.29635416666666664 0.654572564612326 0.014583333333333334 0.030815109343936383
0 0.45078125 0.6724652087475149 0.0140625 0.040755467196819085
0 0.6234375 0.665506958250497 0.016666666666666666 0.014910536779324055
0 0.8119791666666667 0.6868787276341949 0.008333333333333333 0.03578528827037773
0 0.325 0.6853876739562624 0.016666666666666666 0.014910536779324055
0 0.3515625 0.6933399602385686 0.0125 0.020874751491053677
0 0.4786458333333333 0.7027833001988072 0.00625 0.02982107355864811
0 0.5919270833333333 0.7042743538767395 0.019270833333333334 0.032803180914512925
0 0.28177083333333336 0.705765407554672 0.01875 0.02584493041749503
0 0.23541666666666666 0.7147117296222664 0.019791666666666666 0.03578528827037773
0 0.36822916666666666 0.7306163021868787 0.009375 0.0437375745526839
0 0.4015625 0.7311133200795229 0.014583333333333334 0.040755467196819085
0 0.48828125 0.7251491053677932 0.0109375 0.014910536779324055
0 0.4239583333333333 0.7415506958250497 0.017708333333333333 0.019880715705765408
0 0.509375 0.7629224652087475 0.028125 0.048707753479125246
0 0.3184895833333333 0.7534791252485089 0.016145833333333335 0.013916500994035786
0 0.409375 0.7718687872763419 0.01875 0.03876739562624255
0 0.3341145833333333 0.7808151093439364 0.015104166666666667 0.010934393638170975
0 0.15208333333333332 0.7957256461232605 0.010416666666666666 0.030815109343936383
0 0.47760416666666666 0.7927435387673957 0.009375 0.010934393638170975
0 0.90234375 0.8185884691848907 0.022395833333333334 0.03876739562624255
0 0.34869791666666666 0.8295228628230616 0.015104166666666667 0.03876739562624255
0 0.7197916666666667 0.8215705765407555 0.01875 0.02286282306163022
0 0.40520833333333334 0.8280318091451292 0.010416666666666666 0.02584493041749503
0 0.47317708333333336 0.8275347912524851 0.013020833333333334 0.016898608349900597
0 0.06640625 0.8374751491053678 0.013020833333333334 0.032803180914512925
0 0.9708333333333333 0.8479125248508946 0.017708333333333333 0.03180914512922465
0 0.4434895833333333 0.8533797216699801 0.019270833333333334 0.010934393638170975
0 0.5057291666666667 0.8633200795228628 0.019791666666666666 0.02286282306163022
0 0.6932291666666667 0.8692842942345924 0.022916666666666665 0.0268389662027833
0 0.80625 0.8891650099403579 0.009375 0.032803180914512925
0 0.10807291666666667 0.8866799204771372 0.008854166666666666 0.02186878727634195
0 0.15755208333333334 0.8976143141153081 0.0109375 0.041749502982107355
0 0.06458333333333334 0.8886679920477137 0.022916666666666665 0.017892644135188866
0 0.31015625 0.9050695825049702 0.0078125 0.02882703777335984
0 0.246875 0.9169980119284294 0.016666666666666666 0.048707753479125246
0 0.4278645833333333 0.9224652087475149 0.009895833333333333 0.03777335984095427
0 0.2721354166666667 0.9363817097415507 0.0234375 0.04771371769383698
0 0.3606770833333333 0.9249502982107356 0.019270833333333334 0.014910536779324055
0 0.9416666666666667 0.9453280318091452 0.0125 0.039761431411530816
0 0.49921875 0.9423459244532804 0.009895833333333333 0.02584493041749503
0 0.14088541666666668 0.9572564612326043 0.009895833333333333 0.041749502982107355
0 0.23619791666666667 0.9920477137176938 0.0067708333333333336 0.013916500994035786
0 0.63125 0.9935387673956262 0.028125 0.010934393638170975
0 0.39375 0.9950298210735586 0.017708333333333333 0.007952286282306162