0 0.9674479166666666 0.007455268389662028 0.0296875 0.014910536779324055
0 0.4041666666666667 0.01143141153081511 0.007291666666666667 0.02286282306163022
0 0.025520833333333333 0.0004970178926441351 0.05 0.0009940357852882703
0 0.34713541666666664 0.04025844930417495 0.009895833333333333 0.02882703777335984
0 0.1734375 0.044234592445328035 0.011458333333333333 0.02485089463220676
0 0.15026041666666667 0.04622266401590457 0.015104166666666667 0.012922465208747515
0 0.3299479166666667 0.06958250497017893 0.0078125 0.02385685884691849
0 0.054427083333333334 0.08499005964214712 0.016145833333333335 0.018886679920477135
0 0.46822916666666664 0.09542743538767395 0.00625 0.017892644135188866
0 0.17916666666666667 0.09791252485089463 0.011458333333333333 0.012922465208747515
0 0.24557291666666667 0.09990059642147117 0.0078125 0.012922465208747515
0 0.80078125 0.10636182902584493 0.0078125 0.019880715705765408
0 0.07109375 0.11083499005964215 0.018229166666666668 0.02286282306163022
0 0.07604166666666666 0.13518886679920478 0.015625 0.017892644135188866
0 0.2799479166666667 0.13568588469184892 0.015104166666666667 0.010934393638170975
0 0.5768229166666666 0.1466202783300199 0.008854166666666666 0.018886679920477135
0 0.31484375 0.1550695825049702 0.0171875 0.011928429423459244
0 0.22473958333333333 0.1610337972166998 0.005729166666666666 0.017892644135188866
0 0.35651041666666666 0.17395626242544732 0.008854166666666666 0.013916500994035786
0 0.33619791666666665 0.1863817097415507 0.0109375 0.008946322067594433
0 0.8450520833333334 0.2117296222664016 0.009895833333333333 0.019880715705765408
0 0.02109375 0.21719681908548708 0.0140625 0.030815109343936383
0 0.38177083333333334 0.2216699801192843 0.00625 0.017892644135188866
0 0.058333333333333334 0.2231610337972167 0.008333333333333333 0.02286282306163022
0 0.36614583333333334 0.2261431411530815 0.009375 0.012922465208747515
0 0.7122395833333334 0.23111332007952287 0.0078125 0.016898608349900597
0 0.8833333333333333 0.23807157057654074 0.013541666666666667 0.02485089463220676
0 0.10260416666666666 0.2504970178926441 0.011458333333333333 0.02385685884691849
0 0.0734375 0.24552683896620278 0.011458333333333333 0.013916500994035786
0 0.027083333333333334 0.25 0.016666666666666666 0.02485089463220676
0 0.3606770833333333 0.25894632206759444 0.0046875 0.016898608349900597
0 0.7526041666666666 0.2659045725646123 0.009375 0.02485089463220676
0 0.4973958333333333 0.2599403578528827 0.011458333333333333 0.012922465208747515
0 0.7880208333333333 0.2852882703777336 0.009375 0.02982107355864811
0 0.6372395833333333 0.28578528827037775 0.0078125 0.02882703777335984
0 0.36614583333333334 0.2992047713717694 0.0125 0.013916500994035786
0 0.46145833333333336 0.3121272365805169 0.008333333333333333 0.02186878727634195
0 0.18958333333333333 0.31510934393638174 0.011458333333333333 0.017892644135188866
0 0.3684895833333333 0.31312127236580517 0.0109375 0.011928429423459244
0 0.9934895833333334 0.3275347912524851 0.013020833333333334 0.0268389662027833
0 0.2484375 0.32703777335984097 0.009375 0.015904572564612324
0 0.14088541666666668 0.33250497017892644 0.013020833333333334 0.012922465208747515
0 0.87265625 0.35636182902584496 0.011979166666666667 0.02286282306163022
0 0.7075520833333333 0.3702783300198807 0.0140625 0.020874751491053677
0 0.9921875 0.38071570576540753 0.015625 0.039761431411530816
0 0.5169270833333334 0.3782306163021869 0.0078125 0.02882703777335984
0 0.22291666666666668 0.3841948310139165 0.011458333333333333 0.010934393638170975
0 0.37213541666666666 0.42047713717693835 0.005729166666666666 0.02186878727634195
0 0.70625 0.42992047713717696 0.008333333333333333 0.014910536779324055
0 0.4309895833333333 0.43489065606361826 0.018229166666666668 0.012922465208747515
0 0.28854166666666664 0.4378727634194831 0.0125 0.016898608349900597
0 0.6947916666666667 0.4438369781312127 0.014583333333333334 0.010934393638170975
0 0.57109375 0.4840954274353877 0.021354166666666667 0.04572564612326044
0 0.7171875 0.4701789264413519 0.008333333333333333 0.013916500994035786
0 0.3359375 0.47564612326043737 0.013541666666666667 0.010934393638170975
0 0.28046875 0.4835984095427435 0.005729166666666666 0.0268389662027833
0 0.8583333333333333 0.4870775347912525 0.00625 0.02982107355864811
0 0.8895833333333333 0.49254473161033796 0.016666666666666666 0.0268389662027833
0 0.3575520833333333 0.4885685884691849 0.013020833333333334 0.018886679920477135
0 0.759375 0.49204771371769385 0.01875 0.015904572564612324
0 0.5013020833333334 0.49105367793240556 0.0109375 0.007952286282306162
0 0.34401041666666665 0.5034791252485089 0.0078125 0.012922465208747515
0 0.2869791666666667 0.5134194831013916 0.015625 0.014910536779324055
0 0.34088541666666666 0.5203777335984096 0.008854166666666666 0.02485089463220676
0 0.9557291666666666 0.5198807157057654 0.014583333333333334 0.017892644135188866
0 0.540625 0.5173956262425448 0.0125 0.008946322067594433
0 0.2721354166666667 0.536779324055666 0.005729166666666666 0.027833001988071572
0 0.77734375 0.5432405566600398 0.005729166666666666 0.0268389662027833
0 0.29270833333333335 0.5412524850894632 0.014583333333333334 0.018886679920477135
0 0.25026041666666665 0.5432405566600398 0.008854166666666666 0.020874751491053677
0 0.5385416666666667 0.5616302186878728 0.00625 0.015904572564612324
0 0.17005208333333333 0.5720675944333996 0.0109375 0.02286282306163022
0 0.7106770833333333 0.5695825049701789 0.0140625 0.011928429423459244
0 0.2916666666666667 0.5720675944333996 0.008333333333333333 0.012922465208747515
0 0.5135416666666667 0.5859840954274353 0.005208333333333333 0.02286282306163022
0 0.16458333333333333 0.6187872763419483 0.009375 0.032803180914512925
0 0.3614583333333333 0.6297216699801192 0.021875 0.03876739562624255
0 0.3723958333333333 0.6500994035785288 0.008333333333333333 0.03180914512922465
0 0.44296875 0.6510934393638171 0.015104166666666667 0.015904572564612324
0 0.19322916666666667 0.6620278330019881 0.015625 0.017892644135188866
0 0.39791666666666664 0.6868787276341949 0.0125 0.009940357852882704
0 0.328125 0.6988071570576541 0.016666666666666666 0.02385685884691849
0 0.35208333333333336 0.7117296222664016 0.004166666666666667 0.02385685884691849
0 0.46953125 0.7196819085487077 0.0140625 0.017892644135188866
0 0.13229166666666667 0.7261431411530815 0.011458333333333333 0.012922465208747515
0 0.3416666666666667 0.731610337972167 0.011458333333333333 0.019880715705765408
0 0.40703125 0.7445328031809145 0.0078125 0.02584493041749503
0 0.43854166666666666 0.7480119284294234 0.00625 0.02485089463220676
0 0.13776041666666666 0.75 0.0140625 0.016898608349900597
0 0.4669270833333333 0.7549701789264414 0.013020833333333334 0.02286282306163022
0 0.22942708333333334 0.760934393638171 0.0046875 0.020874751491053677
0 0.31171875 0.768389662027833 0.021354166666666667 0.02186878727634195
0 0.509375 0.7713717693836978 0.008333333333333333 0.02584493041749503
0 0.18541666666666667 0.775844930417495 0.010416666666666666 0.02286282306163022
0 0.6229166666666667 0.7837972166998012 0.011458333333333333 0.03479125248508946
0 0.48802083333333335 0.7862823061630219 0.014583333333333334 0.019880715705765408
0 0.6713541666666667 0.8026838966202783 0.01875 0.02485089463220676
0 0.24713541666666666 0.8061630218687873 0.0046875 0.02186878727634195
0 0.121875 0.8205765407554672 0.014583333333333334 0.036779324055666
0 0.28151041666666665 0.8235586481113321 0.0171875 0.02882703777335984
0 0.31692708333333336 0.8190854870775348 0.013020833333333334 0.017892644135188866
0 0.53203125 0.834493041749503 0.0109375 0.03876739562624255
0 0.74921875 0.8499005964214712 0.015104166666666667 0.02982107355864811
0 0.27682291666666664 0.8469184890656064 0.015104166666666667 0.007952286282306162
0 0.06953125 0.8513916500994035 0.0067708333333333336 0.018886679920477135
0 0.5596354166666667 0.8633200795228628 0.009895833333333333 0.0268389662027833
0 0.7385416666666667 0.8692842942345924 0.010416666666666666 0.03479125248508946
0 0.6028645833333334 0.8648111332007953 0.0067708333333333336 0.02385685884691849
0 0.19635416666666666 0.8608349900596421 0.015625 0.015904572564612324
0 0.6934895833333333 0.878727634194831 0.013020833333333334 0.017892644135188866
0 0.5286458333333334 0.8936381709741551 0.00625 0.019880715705765408
0 0.5927083333333333 0.9105367793240556 0.014583333333333334 0.013916500994035786
0 0.52890625 0.915506958250497 0.0109375 0.02186878727634195
0 0.4552083333333333 0.9130218687872763 0.008333333333333333 0.014910536779324055
0 0.5588541666666667 0.9184890656063618 0.010416666666666666 0.019880715705765408
0 0.5153645833333333 0.9343936381709742 0.015104166666666667 0.04771371769383698
0 0.7028645833333333 0.9279324055666004 0.0078125 0.02485089463220676
0 0.022916666666666665 0.9329025844930418 0.016666666666666666 0.030815109343936383
0 0.6604166666666667 0.9393638170974155 0.00625 0.03578528827037773
0 0.8260416666666667 0.9329025844930418 0.009375 0.018886679920477135
0 0.44921875 0.9294234592445328 0.011979166666666667 0.009940357852882704
0 0.48828125 0.9458250497017893 0.008854166666666666 0.02882703777335984
0 0.56171875 0.9383697813121272 0.009895833333333333 0.009940357852882704
0 0.5729166666666666 0.9473161033797217 0.011458333333333333 0.019880715705765408
0 0.7768229166666667 0.9537773359840954 0.0109375 0.02882703777335984
0 0.6984375 0.9681908548707754 0.011458333333333333 0.027833001988071572
0 0.075 0.9731610337972167 0.008333333333333333 0.02982107355864811
0 0.5752604166666667 0.9691848906560636 0.0046875 0.019880715705765408
0 0.43776041666666665 0.9686878727634195 0.011979166666666667 0.018886679920477135
0 0.4122395833333333 0.9736580516898609 0.0036458333333333334 0.02286282306163022
0 0.09010416666666667 0.9791252485089463 0.016666666666666666 0.02584493041749503
0 0.51953125 0.9776341948310139 0.0078125 0.014910536779324055
0 0.5434895833333333 0.992544731610338 0.015104166666666667 0.012922465208747515
0 0.47369791666666666 0.9885685884691849 0.011979166666666667 0.006958250497017893
0 0.5153645833333333 0.9955268389662028 0.0171875 0.006958250497017893