0 0.022135416666666668 0.0004970178926441351 0.034895833333333334 0.0009940357852882703
0 0.8872395833333333 0.02584493041749503 0.024479166666666666 0.027833001988071572
0 0.56328125 0.030815109343936383 0.015104166666666667 0.015904572564612324
0 0.7325520833333333 0.07306163021868788 0.015104166666666667 0.02286282306163022
0 0.9489583333333333 0.1257455268389662 0.021875 0.05666003976143141
0 0.18828125 0.15904572564612326 0.019270833333333334 0.02982107355864811
0 0.67578125 0.1709741550695825 0.0140625 0.011928429423459244
0 0.48489583333333336 0.17842942345924453 0.013541666666666667 0.02286282306163022
0 0.9018229166666667 0.21123260437375746 0.009895833333333333 0.012922465208747515
0 0.018229166666666668 0.2355864811133201 0.036458333333333336 0.041749502982107355
0 0.6036458333333333 0.2286282306163022 0.022916666666666665 0.02584493041749503
0 0.008072916666666667 0.27634194831013914 0.016145833333333335 0.02982107355864811
0 0.9440104166666666 0.308648111332008 0.0203125 0.03876739562624255
0 0.5674479166666667 0.31411530815109345 0.0234375 0.02186878727634195
0 0.34791666666666665 0.31709741550695825 0.008333333333333333 0.02385685884691849
0 0.30963541666666666 0.31858846918489064 0.013020833333333334 0.02286282306163022
0 0.37161458333333336 0.31858846918489064 0.0140625 0.02286282306163022
0 0.37473958333333335 0.3503976143141153 0.016145833333333335 0.012922465208747515
0 0.30104166666666665 0.3682902584493042 0.00625 0.02882703777335984
0 0.20703125 0.40357852882703776 0.0067708333333333336 0.02584493041749503
0 0.43515625 0.4100397614314115 0.0203125 0.014910536779324055
0 0.97265625 0.4284294234592445 0.011979166666666667 0.02982107355864811
0 0.41796875 0.4647117296222664 0.0203125 0.036779324055666
0 0.4388020833333333 0.4885685884691849 0.011979166666666667 0.030815109343936383
0 0.3359375 0.4900596421471173 0.010416666666666666 0.03180914512922465
0 0.5106770833333333 0.4915506958250497 0.008854166666666666 0.030815109343936383
0 0.6044270833333333 0.49502982107355864 0.013020833333333334 0.009940357852882704
0 0.58359375 0.49801192842942343 0.0140625 0.011928429423459244
0 0.4981770833333333 0.5024850894632207 0.015104166666666667 0.010934393638170975
0 0.44557291666666665 0.5104373757455268 0.008854166666666666 0.02286282306163022
0 0.51171875 0.5268389662027833 0.009895833333333333 0.03180914512922465
0 0.4713541666666667 0.5218687872763419 0.014583333333333334 0.011928429423459244
0 0.9966145833333333 0.536779324055666 0.005729166666666666 0.017892644135188866
0 0.39765625 0.5457256461232605 0.018229166666666668 0.02584493041749503
0 0.8291666666666667 0.5492047713717694 0.019791666666666666 0.02882703777335984
0 0.5828125 0.56610337972167 0.008333333333333333 0.02882703777335984
0 0.4734375 0.5666003976143141 0.009375 0.02385685884691849
0 0.5067708333333333 0.56610337972167 0.005208333333333333 0.016898608349900597
0 0.38385416666666666 0.5710735586481114 0.015625 0.016898608349900597
0 0.4515625 0.5750497017892644 0.013541666666666667 0.02485089463220676
0 0.5268229166666667 0.5775347912524851 0.005729166666666666 0.02584493041749503
0 0.49635416666666665 0.5839960238568589 0.01875 0.02286282306163022
0 0.40260416666666665 0.5994035785288271 0.008333333333333333 0.02385685884691849
0 0.5221354166666666 0.6158051689860835 0.019270833333333334 0.042743538767395624
0 0.6125 0.606858846918489 0.009375 0.02286282306163022
0 0.5565104166666667 0.6113320079522863 0.0171875 0.02385685884691849
0 0.4557291666666667 0.6163021868787276 0.007291666666666667 0.02385685884691849
0 0.4192708333333333 0.6148111332007953 0.013541666666666667 0.012922465208747515
0 0.5778645833333333 0.6282306163021869 0.0109375 0.02982107355864811
0 0.46979166666666666 0.6237574552683897 0.013541666666666667 0.012922465208747515
0 0.6776041666666667 0.6341948310139165 0.00625 0.027833001988071572
0 0.45208333333333334 0.6411530815109344 0.009375 0.02385685884691849
0 0.8942708333333333 0.6446322067594433 0.008333333333333333 0.02882703777335984
0 0.5481770833333334 0.643141153081511 0.0171875 0.017892644135188866
0 0.8580729166666666 0.6500994035785288 0.024479166666666666 0.02982107355864811
0 0.9549479166666667 0.6476143141153081 0.022395833333333334 0.02485089463220676
0 0.43307291666666664 0.6481113320079522 0.008854166666666666 0.013916500994035786
0 0.47578125 0.6704771371769384 0.024479166666666666 0.05069582504970179
0 0.9174479166666667 0.6660039761431411 0.015104166666666667 0.033797216699801194
0 0.41692708333333334 0.6640159045725647 0.0140625 0.02385685884691849
0 0.52734375 0.6645129224652088 0.018229166666666668 0.0268389662027833
0 0.8908854166666667 0.6833996023856859 0.018229166666666668 0.03876739562624255
0 0.23828125 0.6779324055666004 0.019270833333333334 0.02186878727634195
0 0.45859375 0.6953280318091452 0.0078125 0.02882703777335984
0 0.415625 0.7082504970178927 0.009375 0.04671968190854871
0 0.471875 0.7102385685884692 0.007291666666666667 0.03479125248508946
0 0.43307291666666664 0.7052683896620279 0.0067708333333333336 0.020874751491053677
0 0.39817708333333335 0.709741550695825 0.0078125 0.02385685884691849
0 0.5911458333333334 0.7142147117296223 0.014583333333333334 0.016898608349900597
0 0.37578125 0.7286282306163022 0.0067708333333333336 0.017892644135188866
0 0.53671875 0.7445328031809145 0.0140625 0.011928429423459244
0 0.6044270833333333 0.7554671968190855 0.015104166666666667 0.02385685884691849
0 0.8552083333333333 0.7624254473161034 0.011458333333333333 0.03180914512922465
0 0.5489583333333333 0.7629224652087475 0.009375 0.010934393638170975
0 0.5236979166666667 0.7808151093439364 0.0140625 0.042743538767395624
0 0.43776041666666665 0.7862823061630219 0.013020833333333334 0.04572564612326044
0 0.4661458333333333 0.7783300198807157 0.021875 0.015904572564612324
0 0.5424479166666667 0.7992047713717694 0.011979166666666667 0.03777335984095427
0 0.5997395833333333 0.7852882703777336 0.015104166666666667 0.007952286282306162
0 0.2799479166666667 0.8071570576540755 0.0140625 0.03578528827037773
0 0.5658854166666667 0.8101391650099403 0.013020833333333334 0.03777335984095427
0 0.4671875 0.8096421471172962 0.022916666666666665 0.030815109343936383
0 0.49895833333333334 0.8041749502982107 0.009375 0.019880715705765408
0 0.5981770833333333 0.8190854870775348 0.0140625 0.019880715705765408
0 0.58828125 0.8315109343936382 0.0109375 0.032803180914512925
0 0.33177083333333335 0.8320079522862823 0.011458333333333333 0.02186878727634195
0 0.5059895833333333 0.8349900596421471 0.0234375 0.017892644135188866
0 0.7294270833333333 0.8339960238568589 0.0067708333333333336 0.013916500994035786
0 0.46536458333333336 0.8548707753479126 0.0171875 0.03777335984095427
0 0.3846354166666667 0.8578528827037774 0.008854166666666666 0.03180914512922465
0 0.34791666666666665 0.856858846918489 0.0125 0.02584493041749503
0 0.35859375 0.8851888667992047 0.0140625 0.040755467196819085
0 0.48489583333333336 0.8747514910536779 0.00625 0.017892644135188866
0 0.5736979166666667 0.8906560636182903 0.009895833333333333 0.017892644135188866
0 0.0036458333333333334 0.9343936381709742 0.007291666666666667 0.0636182902584493
0 0.07161458333333333 0.9204771371769384 0.0171875 0.02584493041749503
0 0.010416666666666666 0.9473161033797217 0.009375 0.02186878727634195
0 0.3033854166666667 0.98558648111332 0.024479166666666666 0.0268389662027833
0 0.22708333333333333 0.9860834990059643 0.014583333333333334 0.02584493041749503
0 0.0671875 0.981610337972167 0.008333333333333333 0.010934393638170975