0 0.029947916666666668 0.2882703777335984 0.011979166666666667 0.019880715705765408
0 0.3296875 0.4000994035785288 0.008333333333333333 0.0268389662027833
0 0.5541666666666667 0.5238568588469185 0.014583333333333334 0.011928429423459244
0 0.48932291666666666 0.536779324055666 0.0109375 0.02385685884691849
0 0.37447916666666664 0.5467196819085487 0.019791666666666666 0.02982107355864811
0 0.5791666666666667 0.5909542743538767 0.00625 0.02485089463220676
0 0.46015625 0.6003976143141153 0.0171875 0.03777335984095427
0 0.6190104166666667 0.5924453280318092 0.011979166666666667 0.013916500994035786
0 0.5140625 0.6043737574552683 0.008333333333333333 0.013916500994035786
0 0.56796875 0.6346918489065606 0.0203125 0.048707753479125246
0 0.5484375 0.6665009940357853 0.009375 0.020874751491053677
0 0.5815104166666667 0.6824055666003976 0.024479166666666666 0.02286282306163022
0 0.37109375 0.7191848906560636 0.013020833333333334 0.02882703777335984
0 0.4315104166666667 0.7181908548707754 0.019270833333333334 0.020874751491053677
0 0.67109375 0.7410536779324056 0.0109375 0.020874751491053677
0 0.4817708333333333 0.7450298210735586 0.0125 0.02485089463220676
0 0.6416666666666667 0.7495029821073559 0.009375 0.019880715705765408
0 0.6158854166666666 0.7738568588469185 0.013020833333333334 0.016898608349900597
0 0.44947916666666665 0.7892644135188867 0.0125 0.017892644135188866
0 0.3645833333333333 0.8026838966202783 0.011458333333333333 0.0268389662027833
0 0.4015625 0.8479125248508946 0.014583333333333334 0.03180914512922465
0 0.5703125 0.8583499005964215 0.010416666666666666 0.02485089463220676
0 0.44453125 0.8692842942345924 0.009895833333333333 0.03876739562624255
0 0.4270833333333333 0.8861829025844931 0.014583333333333334 0.032803180914512925
0 0.5244791666666667 0.9418489065606361 0.023958333333333335 0.06660039761431412
0 0.8734375 0.944831013916501 0.016666666666666666 0.042743538767395624