0 0.6380208333333334 0.015407554671968192 0.008333333333333333 0.030815109343936383
0 0.25703125 0.0054671968190854875 0.0140625 0.010934393638170975
0 0.18359375 0.010437375745526839 0.009895833333333333 0.020874751491053677
0 0.47213541666666664 0.016898608349900597 0.0078125 0.015904572564612324
0 0.9830729166666666 0.02286282306163022 0.011979166666666667 0.02385685884691849
0 0.0515625 0.030815109343936383 0.026041666666666668 0.027833001988071572
0 0.7856770833333333 0.03628230616302187 0.013020833333333334 0.0268389662027833
0 0.740625 0.04224652087475149 0.007291666666666667 0.036779324055666
0 0.6669270833333333 0.033797216699801194 0.022395833333333334 0.013916500994035786
0 0.20208333333333334 0.04721669980119284 0.028125 0.02286282306163022
0 0.96328125 0.0536779324055666 0.016145833333333335 0.02186878727634195
0 0.47421875 0.06759443339960239 0.021354166666666667 0.02584493041749503
0 0.3765625 0.09343936381709742 0.00625 0.011928429423459244
0 0.09348958333333333 0.10685884691848907 0.0171875 0.03876739562624255
0 0.9934895833333334 0.11332007952286283 0.013020833333333334 0.039761431411530816
0 0.03411458333333333 0.110337972166998 0.015104166666666667 0.033797216699801194
0 0.325 0.1058648111332008 0.007291666666666667 0.020874751491053677
0 0.34921875 0.12326043737574553 0.0203125 0.02584493041749503
0 0.6661458333333333 0.1555666003976143 0.029166666666666667 0.040755467196819085
0 0.50625 0.1550695825049702 0.014583333333333334 0.017892644135188866
0 0.6880208333333333 0.1749502982107356 0.014583333333333334 0.03777335984095427
0 0.21067708333333332 0.17992047713717693 0.0203125 0.02982107355864811
0 0.07473958333333333 0.18538767395626243 0.030729166666666665 0.03876739562624255
0 0.6666666666666666 0.18737574552683897 0.007291666666666667 0.012922465208747515
0 0.7208333333333333 0.20328031809145128 0.036458333333333336 0.036779324055666
0 0.6828125 0.20377733598409542 0.007291666666666667 0.019880715705765408
0 0.5760416666666667 0.21272365805168986 0.010416666666666666 0.02982107355864811
0 0.12161458333333333 0.22415506958250497 0.0109375 0.02286282306163022
0 0.6453125 0.2301192842942346 0.013541666666666667 0.02882703777335984
0 0.11145833333333334 0.2360834990059642 0.009375 0.016898608349900597
0 0.40546875 0.23856858846918488 0.0234375 0.017892644135188866
0 0.00703125 0.24701789264413518 0.013020833333333334 0.03479125248508946
0 0.28802083333333334 0.2639165009940358 0.020833333333333332 0.04671968190854871
0 0.7942708333333334 0.27286282306163023 0.013541666666666667 0.032803180914512925
0 0.7723958333333333 0.2798210735586481 0.013541666666666667 0.02286282306163022
0 0.9755208333333333 0.2882703777335984 0.022916666666666665 0.03777335984095427
0 0.68203125 0.28628230616302186 0.0171875 0.02982107355864811
0 0.69921875 0.28677932405566603 0.015104166666666667 0.02485089463220676
0 0.878125 0.2962226640159046 0.014583333333333334 0.039761431411530816
0 0.8645833333333334 0.28330019880715707 0.007291666666666667 0.011928429423459244
0 0.33671875 0.2927435387673956 0.0203125 0.02485089463220676
0 0.60078125 0.30069582504970177 0.018229166666666668 0.036779324055666
0 0.36328125 0.2967196819085487 0.0234375 0.0268389662027833
0 0.64921875 0.2982107355864811 0.0109375 0.013916500994035786
0 0.0046875 0.3101391650099404 0.008333333333333333 0.017892644135188866
0 0.7986979166666667 0.3334990059642147 0.013020833333333334 0.05268389662027833
0 0.5625 0.3240556660039761 0.009375 0.027833001988071572
0 0.8596354166666667 0.32007952286282304 0.009895833333333333 0.017892644135188866
0 0.77265625 0.34095427435387676 0.0109375 0.04771371769383698
0 0.7109375 0.3384691848906561 0.0125 0.042743538767395624
0 0.4161458333333333 0.3374751491053678 0.017708333333333333 0.03876739562624255
0 0.7442708333333333 0.36083499005964215 0.013541666666666667 0.041749502982107355
0 0.38958333333333334 0.3533797216699801 0.015625 0.02286282306163022
0 0.6260416666666667 0.36381709741550694 0.008333333333333333 0.02982107355864811
0 0.6177083333333333 0.3573558648111332 0.00625 0.014910536779324055
0 0.45598958333333334 0.36530815109343934 0.008854166666666666 0.02286282306163022
0 0.59921875 0.3658051689860835 0.011979166666666667 0.019880715705765408
0 0.5515625 0.39165009940357853 0.010416666666666666 0.033797216699801194
0 0.3828125 0.38817097415506957 0.022916666666666665 0.0268389662027833
0 0.17213541666666668 0.40357852882703776 0.0234375 0.033797216699801194
0 0.58671875 0.3996023856858847 0.008854166666666666 0.02186878727634195
0 0.6927083333333334 0.40407554671968193 0.010416666666666666 0.02286282306163022
0 0.12604166666666666 0.42147117296222664 0.017708333333333333 0.04970178926441352
0 0.7252604166666666 0.43290258449304175 0.0109375 0.040755467196819085
0 0.8200520833333333 0.43290258449304175 0.0109375 0.030815109343936383
0 0.9041666666666667 0.441351888667992 0.021875 0.02186878727634195
0 0.5833333333333334 0.44831013916500995 0.014583333333333334 0.02385685884691849
0 0.5075520833333333 0.46272365805168986 0.021354166666666667 0.03876739562624255
0 0.31536458333333334 0.4602385685884692 0.027604166666666666 0.03180914512922465
0 0.19609375 0.46222664015904574 0.015104166666666667 0.03578528827037773
0 0.6098958333333333 0.46073558648111335 0.0125 0.02286282306163022
0 0.8401041666666667 0.46819085487077533 0.025 0.017892644135188866
0 0.7684895833333333 0.49801192842942343 0.022395833333333334 0.0437375745526839
0 0.5848958333333333 0.4875745526838966 0.010416666666666666 0.02286282306163022
0 0.9182291666666667 0.49502982107355864 0.020833333333333332 0.02584493041749503
0 0.09583333333333334 0.5069582504970179 0.029166666666666667 0.041749502982107355
0 0.1171875 0.5079522862823062 0.014583333333333334 0.02385685884691849
0 0.7270833333333333 0.5293240556660039 0.01875 0.030815109343936383
0 0.7911458333333333 0.5357852882703777 0.0125 0.03180914512922465
0 0.64609375 0.5278330019880716 0.0171875 0.011928429423459244
0 0.9390625 0.5452286282306164 0.014583333333333334 0.036779324055666
0 0.0296875 0.5427435387673957 0.016666666666666666 0.02982107355864811
0 0.65859375 0.5646123260437376 0.024479166666666666 0.06560636182902585
0 0.8911458333333333 0.5576540755467196 0.01875 0.027833001988071572
0 0.5565104166666667 0.5621272365805169 0.0109375 0.02286282306163022
0 0.8041666666666667 0.5670974155069582 0.01875 0.02286282306163022
0 0.29401041666666666 0.5894632206759444 0.013020833333333334 0.04771371769383698
0 0.6098958333333333 0.5909542743538767 0.009375 0.0268389662027833
0 0.7984375 0.5974155069582505 0.005208333333333333 0.03180914512922465
0 0.4479166666666667 0.5994035785288271 0.015625 0.02385685884691849
0 0.8221354166666667 0.6138170974155069 0.0265625 0.018886679920477135
0 0.6408854166666667 0.6366799204771372 0.0203125 0.036779324055666
0 0.5447916666666667 0.6426441351888668 0.017708333333333333 0.0268389662027833
0 0.8541666666666666 0.6500994035785288 0.022916666666666665 0.03180914512922465
0 0.2557291666666667 0.6496023856858847 0.022916666666666665 0.0268389662027833
0 0.48125 0.6530815109343936 0.015625 0.02982107355864811
0 0.31640625 0.6535785288270378 0.016145833333333335 0.020874751491053677
0 0.6653645833333334 0.6645129224652088 0.0171875 0.02882703777335984
0 0.8778645833333333 0.6848906560636183 0.027604166666666666 0.02584493041749503
0 0.5809895833333333 0.6898608349900597 0.011979166666666667 0.03777335984095427
0 0.6244791666666667 0.687375745526839 0.0125 0.020874751491053677
0 0.6557291666666667 0.6953280318091452 0.0125 0.020874751491053677
0 0.815625 0.702286282306163 0.023958333333333335 0.020874751491053677
0 0.5927083333333333 0.7092445328031809 0.011458333333333333 0.03479125248508946
0 0.5002604166666667 0.7077534791252486 0.0109375 0.011928429423459244
0 0.5088541666666667 0.7276341948310139 0.015625 0.03777335984095427
0 0.28151041666666665 0.7291252485089463 0.0203125 0.0268389662027833
0 0.6375 0.7311133200795229 0.010416666666666666 0.02485089463220676
0 0.6640625 0.75 0.01875 0.032803180914512925
0 0.609375 0.7480119284294234 0.020833333333333332 0.02286282306163022
0 0.5708333333333333 0.7524850894632207 0.022916666666666665 0.015904572564612324
0 0.6450520833333333 0.7624254473161034 0.005729166666666666 0.015904572564612324
0 0.16927083333333334 0.7773359840954275 0.020833333333333332 0.033797216699801194
0 0.8598958333333333 0.7798210735586482 0.008333333333333333 0.03479125248508946
0 0.65546875 0.7713717693836978 0.009895833333333333 0.015904572564612324
0 0.6127604166666667 0.8076540755467196 0.030729166666666665 0.06660039761431412
0 0.52890625 0.7937375745526839 0.0203125 0.03876739562624255
0 0.38515625 0.790258449304175 0.025520833333333333 0.027833001988071572
0 0.4354166666666667 0.8006958250497018 0.025 0.016898608349900597
0 0.67265625 0.8026838966202783 0.013020833333333334 0.016898608349900597
0 0.7708333333333334 0.8111332007952287 0.014583333333333334 0.027833001988071572
0 0.40260416666666665 0.8240556660039762 0.009375 0.03180914512922465
0 0.5731770833333333 0.8295228628230616 0.019270833333333334 0.02485089463220676
0 0.05416666666666667 0.8389662027833003 0.014583333333333334 0.04572564612326044
0 0.76875 0.8508946322067594 0.028125 0.06560636182902585
0 0.38307291666666665 0.8399602385685885 0.018229166666666668 0.015904572564612324
0 0.6330729166666667 0.8464214711729622 0.013020833333333334 0.02485089463220676
0 0.5580729166666667 0.8533797216699801 0.011979166666666667 0.020874751491053677
0 0.7372395833333333 0.8747514910536779 0.0109375 0.04572564612326044
0 0.16640625 0.871272365805169 0.0265625 0.03479125248508946
0 0.22083333333333333 0.8906560636182903 0.021875 0.027833001988071572
0 0.7213541666666666 0.8996023856858847 0.008333333333333333 0.02385685884691849
0 0.5838541666666667 0.9040755467196819 0.01875 0.020874751491053677
0 0.5994791666666667 0.9244532803180915 0.014583333333333334 0.03578528827037773
0 0.5658854166666667 0.9199801192842942 0.011979166666666667 0.02286282306163022
0 0.95859375 0.9289264413518886 0.009895833333333333 0.014910536779324055
0 0.4979166666666667 0.9443339960238568 0.009375 0.0437375745526839
0 0.6231770833333333 0.9488071570576541 0.009895833333333333 0.02485089463220676
0 0.6510416666666666 0.967196819085487 0.0125 0.02385685884691849
0 0.7533854166666667 0.9706759443339961 0.0078125 0.0268389662027833
0 0.9557291666666666 0.9662027833001988 0.015625 0.013916500994035786
0 0.8234375 0.9721669980119284 0.014583333333333334 0.02186878727634195
0 0.5166666666666667 0.9766401590457257 0.017708333333333333 0.014910536779324055
0 0.8104166666666667 0.9786282306163022 0.011458333333333333 0.010934393638170975