0 0.97421875 0.11530815109343936 0.0078125 0.019880715705765408
0 0.9606770833333333 0.16650099403578528 0.0078125 0.02485089463220676
0 0.9734375 0.26192842942345923 0.008333333333333333 0.014910536779324055
0 0.9010416666666666 0.2837972166998012 0.0125 0.02286282306163022
0 0.9638020833333333 0.2912524850894632 0.008854166666666666 0.019880715705765408
0 0.8263020833333333 0.29870775347912526 0.009895833333333333 0.010934393638170975
0 0.7791666666666667 0.3230616302186879 0.011458333333333333 0.019880715705765408
0 0.9627604166666667 0.3538767395626243 0.013020833333333334 0.02186878727634195
0 0.9809895833333333 0.4110337972166998 0.013020833333333334 0.0268389662027833
0 0.8919270833333334 0.43240556660039764 0.0140625 0.02982107355864811
0 0.9127604166666666 0.46819085487077533 0.0140625 0.015904572564612324
0 0.8903645833333333 0.4821073558648111 0.0067708333333333336 0.017892644135188866
0 0.6955729166666667 0.5009940357852882 0.013020833333333334 0.011928429423459244
0 0.7950520833333333 0.5313121272365805 0.013020833333333334 0.014910536779324055
0 0.9036458333333334 0.5596421471172962 0.008333333333333333 0.009940357852882704
0 0.7942708333333334 0.6083499005964215 0.010416666666666666 0.011928429423459244
0 0.8697916666666666 0.6376739562624254 0.008333333333333333 0.02882703777335984
0 0.73671875 0.6446322067594433 0.0067708333333333336 0.018886679920477135
0 0.9546875 0.6510934393638171 0.014583333333333334 0.019880715705765408
0 0.8549479166666667 0.6684890656063618 0.0140625 0.02485089463220676
0 0.8950520833333333 0.6665009940357853 0.013020833333333334 0.010934393638170975
0 0.7859375 0.6853876739562624 0.004166666666666667 0.030815109343936383
0 0.9221354166666667 0.6933399602385686 0.011979166666666667 0.02286282306163022
0 0.7447916666666666 0.7082504970178927 0.011458333333333333 0.016898608349900597
0 0.7817708333333333 0.7221669980119284 0.008333333333333333 0.018886679920477135
0 0.6630208333333333 0.7624254473161034 0.0125 0.019880715705765408
0 0.6270833333333333 0.7753479125248509 0.007291666666666667 0.027833001988071572
0 0.46927083333333336 0.7773359840954275 0.00625 0.015904572564612324
0 0.07083333333333333 0.7783300198807157 0.007291666666666667 0.013916500994035786
0 0.8216145833333334 0.7922465208747514 0.013020833333333334 0.017892644135188866
0 0.16276041666666666 0.7947316103379721 0.0109375 0.016898608349900597
0 0.9578125 0.7952286282306164 0.007291666666666667 0.013916500994035786
0 0.6549479166666666 0.7997017892644135 0.013020833333333334 0.008946322067594433
0 0.8848958333333333 0.8061630218687873 0.007291666666666667 0.009940357852882704
0 0.6606770833333333 0.8484095427435387 0.0109375 0.042743538767395624
0 0.8536458333333333 0.8424453280318092 0.0125 0.008946322067594433
0 0.5651041666666666 0.8727634194831014 0.008333333333333333 0.02385685884691849
0 0.7114583333333333 0.878727634194831 0.011458333333333333 0.015904572564612324
0 0.60625 0.889662027833002 0.010416666666666666 0.02186878727634195
0 0.6940104166666666 0.9125248508946322 0.0067708333333333336 0.02385685884691849
0 0.6861979166666666 0.9150099403578529 0.0078125 0.012922465208747515
0 0.74765625 0.9269383697813122 0.0109375 0.014910536779324055
0 0.5653645833333333 0.9453280318091452 0.011979166666666667 0.02584493041749503
0 0.9966145833333333 0.9423459244532804 0.005729166666666666 0.02186878727634195
0 0.6484375 0.9493041749502982 0.014583333333333334 0.02982107355864811
0 0.7973958333333333 0.9517892644135189 0.008333333333333333 0.032803180914512925
0 0.4640625 0.9478131212723658 0.011458333333333333 0.020874751491053677
0 0.5546875 0.9756461232604374 0.010416666666666666 0.018886679920477135
0 0.6203125 0.974155069582505 0.008333333333333333 0.011928429423459244