0 0.14010416666666667 0.012922465208747515 0.016666666666666666 0.02186878727634195
0 0.271875 0.030815109343936383 0.015625 0.04970178926441352
0 0.3796875 0.026341948310139165 0.014583333333333334 0.020874751491053677
0 0.6802083333333333 0.0705765407554672 0.023958333333333335 0.03578528827037773
0 0.9752604166666666 0.08548707753479125 0.034895833333333334 0.05168986083499006
0 0.6466145833333333 0.10437375745526839 0.013020833333333334 0.0874751491053678
0 0.75 0.08648111332007952 0.020833333333333332 0.02186878727634195
0 0.5174479166666667 0.09642147117296222 0.011979166666666667 0.015904572564612324
0 0.07005208333333333 0.10785288270377734 0.0234375 0.03479125248508946
0 0.82109375 0.10884691848906561 0.024479166666666666 0.032803180914512925
0 0.5432291666666667 0.1143141153081511 0.015625 0.02385685884691849
0 0.7255208333333333 0.12326043737574553 0.025 0.033797216699801194
0 0.5145833333333333 0.12673956262425448 0.011458333333333333 0.030815109343936383
0 0.6744791666666666 0.1312127236580517 0.0125 0.03180914512922465
0 0.0067708333333333336 0.13220675944333996 0.0125 0.02385685884691849
0 0.934375 0.14214711729622267 0.008333333333333333 0.013916500994035786
0 0.5200520833333333 0.15357852882703776 0.009895833333333333 0.02485089463220676
0 0.013802083333333333 0.15705765407554673 0.011979166666666667 0.03180914512922465
0 0.04505208333333333 0.16202783300198806 0.015104166666666667 0.017892644135188866
0 0.625 0.16650099403578528 0.015625 0.02485089463220676
0 0.6341145833333334 0.21023856858846918 0.019270833333333334 0.05069582504970179
0 0.67890625 0.1978131212723658 0.016145833333333335 0.02186878727634195
0 0.7252604166666666 0.21819085487077536 0.009895833333333333 0.0268389662027833
0 0.6596354166666667 0.21222664015904572 0.018229166666666668 0.016898608349900597
0 0.25104166666666666 0.2360834990059642 0.019791666666666666 0.02286282306163022
0 0.440625 0.2524850894632207 0.011458333333333333 0.02385685884691849
0 0.47109375 0.25 0.015104166666666667 0.016898608349900597
0 0.6776041666666667 0.275844930417495 0.009375 0.04473161033797217
0 0.78359375 0.279324055666004 0.0203125 0.019880715705765408
0 0.4109375 0.2937375745526839 0.0125 0.02882703777335984
0 0.8455729166666667 0.3066600397614314 0.0078125 0.02485089463220676
0 0.7802083333333333 0.3081510934393638 0.013541666666666667 0.027833001988071572
0 0.859375 0.31262425447316106 0.013541666666666667 0.030815109343936383
0 0.6796875 0.33250497017892644 0.011458333333333333 0.030815109343936383
0 0.8203125 0.36033797216699803 0.023958333333333335 0.04473161033797217
0 0.66953125 0.3518886679920477 0.008854166666666666 0.013916500994035786
0 0.0578125 0.3702783300198807 0.025 0.036779324055666
0 0.40963541666666664 0.3702783300198807 0.009895833333333333 0.0268389662027833
0 0.6708333333333333 0.37524850894632206 0.011458333333333333 0.018886679920477135
0 0.15755208333333334 0.371272365805169 0.005729166666666666 0.012922465208747515
0 0.86328125 0.3991053677932406 0.0171875 0.03479125248508946
0 0.6927083333333334 0.4194831013916501 0.009375 0.017892644135188866
0 0.825 0.43489065606361826 0.009375 0.036779324055666
0 0.27057291666666666 0.43389662027833004 0.0140625 0.03479125248508946
0 0.6377604166666667 0.4418489065606362 0.013020833333333334 0.030815109343936383
0 0.19453125 0.4398608349900596 0.0171875 0.02286282306163022
0 0.7747395833333334 0.4547713717693837 0.0109375 0.032803180914512925
0 0.32916666666666666 0.44930417495029823 0.014583333333333334 0.017892644135188866
0 0.6739583333333333 0.47713717693836977 0.015625 0.06958250497017893
0 0.4161458333333333 0.46272365805168986 0.025 0.02485089463220676
0 0.5768229166666666 0.46819085487077533 0.0067708333333333336 0.015904572564612324
0 0.6375 0.4726640159045726 0.011458333333333333 0.018886679920477135
0 0.5427083333333333 0.47763419483101394 0.00625 0.0268389662027833
0 0.3651041666666667 0.47912524850894633 0.025 0.019880715705765408
0 0.6580729166666667 0.49652087475149104 0.0067708333333333336 0.02286282306163022
0 0.7578125 0.5114314115308151 0.023958333333333335 0.03876739562624255
0 0.6932291666666667 0.5139165009940357 0.0125 0.027833001988071572
0 0.5283854166666667 0.5154075546719682 0.005729166666666666 0.0268389662027833
0 0.8325520833333333 0.5213717693836978 0.015104166666666667 0.016898608349900597
0 0.9908854166666666 0.5447316103379721 0.018229166666666668 0.0536779324055666
0 0.25442708333333336 0.5303180914512923 0.011979166666666667 0.012922465208747515
0 0.8763020833333334 0.5462226640159046 0.0234375 0.020874751491053677
0 0.8184895833333333 0.5611332007952287 0.016145833333333335 0.02286282306163022
0 0.6317708333333333 0.5820079522862823 0.009375 0.036779324055666
0 0.6684895833333333 0.5790258449304175 0.0109375 0.020874751491053677
0 0.7450520833333333 0.5949304174950298 0.016145833333333335 0.020874751491053677
0 0.6515625 0.606858846918489 0.021875 0.02485089463220676
0 0.60703125 0.6083499005964215 0.008854166666666666 0.027833001988071572
0 0.9588541666666667 0.614314115308151 0.025 0.02186878727634195
0 0.5463541666666667 0.628727634194831 0.016666666666666666 0.04473161033797217
0 0.6291666666666667 0.6317097415506958 0.019791666666666666 0.0268389662027833
0 0.58125 0.6317097415506958 0.014583333333333334 0.016898608349900597
0 0.5208333333333334 0.6406560636182903 0.020833333333333332 0.02286282306163022
0 0.66953125 0.6411530815109344 0.0078125 0.019880715705765408
0 0.4473958333333333 0.6466202783300199 0.009375 0.02485089463220676
0 0.7979166666666667 0.6600397614314115 0.016666666666666666 0.027833001988071572
0 0.6 0.6650099403578529 0.015625 0.039761431411530816
0 0.5674479166666667 0.6769383697813122 0.0203125 0.013916500994035786
0 0.9768229166666667 0.6863817097415507 0.018229166666666668 0.02882703777335984
0 0.9307291666666667 0.7047713717693836 0.030208333333333334 0.033797216699801194
0 0.5166666666666667 0.7142147117296223 0.015625 0.032803180914512925
0 0.29609375 0.7112326043737575 0.009895833333333333 0.02286282306163022
0 0.8986979166666667 0.7251491053677932 0.009895833333333333 0.02882703777335984
0 0.54296875 0.7306163021868787 0.018229166666666668 0.011928429423459244
0 0.69140625 0.7450298210735586 0.0078125 0.02485089463220676
0 0.11276041666666667 0.7604373757455268 0.025520833333333333 0.05168986083499006
0 0.49947916666666664 0.75 0.010416666666666666 0.02286282306163022
0 0.65703125 0.7534791252485089 0.019270833333333334 0.02584493041749503
0 0.55390625 0.7554671968190855 0.0203125 0.017892644135188866
0 0.6322916666666667 0.7728628230616302 0.019791666666666666 0.02286282306163022
0 0.7166666666666667 0.7887673956262425 0.022916666666666665 0.03479125248508946
0 0.6002604166666666 0.7813121272365805 0.028645833333333332 0.019880715705765408
0 0.7895833333333333 0.8036779324055666 0.021875 0.05268389662027833
0 0.8239583333333333 0.8036779324055666 0.013541666666666667 0.02485089463220676
0 0.6598958333333333 0.8031809145129225 0.014583333333333334 0.02584493041749503
0 0.7565104166666666 0.8195825049701789 0.0078125 0.018886679920477135
0 0.6924479166666667 0.8494035785288271 0.0109375 0.030815109343936383
0 0.809375 0.856858846918489 0.014583333333333334 0.02584493041749503
0 0.9286458333333333 0.8618290258449304 0.027083333333333334 0.027833001988071572
0 0.5244791666666667 0.8737574552683897 0.013541666666666667 0.019880715705765408
0 0.6135416666666667 0.8841948310139165 0.015625 0.0268389662027833
0 0.7114583333333333 0.8822067594433399 0.022916666666666665 0.016898608349900597
0 0.4666666666666667 0.8986083499005965 0.021875 0.033797216699801194
0 0.9598958333333333 0.9120278330019881 0.013541666666666667 0.03876739562624255
0 0.5971354166666667 0.9135188866799204 0.0171875 0.013916500994035786
0 0.5328125 0.9567594433399602 0.041666666666666664 0.048707753479125246
0 0.58125 0.9527833001988072 0.021875 0.0268389662027833
0 0.45390625 0.9647117296222664 0.0046875 0.0268389662027833
0 0.72890625 0.9761431411530815 0.0296875 0.04572564612326044
0 0.84921875 0.9736580516898609 0.0234375 0.02882703777335984
0 0.5174479166666667 0.9875745526838966 0.0046875 0.02286282306163022
0 0.5640625 0.9850894632206759 0.015625 0.015904572564612324
0 0.7809895833333333 0.9915506958250497 0.030729166666666665 0.014910536779324055