0 0.51875 0.013916500994035786 0.014583333333333334 0.027833001988071572
0 0.3377604166666667 0.007455268389662028 0.005729166666666666 0.014910536779324055
0 0.22369791666666666 0.006958250497017893 0.005729166666666666 0.013916500994035786
0 0.6942708333333333 0.023359840954274354 0.0125 0.030815109343936383
0 0.8890625 0.04622266401590457 0.011458333333333333 0.04671968190854871
0 0.43645833333333334 0.041749502982107355 0.005208333333333333 0.027833001988071572
0 0.0026041666666666665 0.042743538767395624 0.004166666666666667 0.02186878727634195
0 0.64296875 0.05467196819085487 0.0067708333333333336 0.033797216699801194
0 0.3609375 0.05467196819085487 0.009375 0.02584493041749503
0 0.2903645833333333 0.06411530815109344 0.011979166666666667 0.02286282306163022
0 0.9390625 0.08499005964214712 0.028125 0.04473161033797217
0 0.2674479166666667 0.07803180914512922 0.011979166666666667 0.030815109343936383
0 0.7604166666666666 0.0805168986083499 0.005208333333333333 0.02982107355864811
0 0.471875 0.08300198807157058 0.011458333333333333 0.0268389662027833
0 0.09921875 0.0874751491053678 0.011979166666666667 0.019880715705765408
0 0.18463541666666666 0.10685884691848907 0.0109375 0.02882703777335984
0 0.04010416666666667 0.13518886679920478 0.016666666666666666 0.04970178926441352
0 0.14036458333333332 0.12673956262425448 0.0067708333333333336 0.0268389662027833
0 0.3734375 0.13071570576540756 0.020833333333333332 0.02286282306163022
0 0.29375 0.13817097415506957 0.0125 0.019880715705765408
0 0.5661458333333333 0.15705765407554673 0.00625 0.041749502982107355
0 0.8875 0.16153081510934394 0.017708333333333333 0.04473161033797217
0 0.13098958333333333 0.16600397614314116 0.0109375 0.04572564612326044
0 0.2752604166666667 0.15109343936381708 0.013020833333333334 0.009940357852882704
0 0.8497395833333333 0.17693836978131214 0.011979166666666667 0.04970178926441352
0 0.10963541666666667 0.1679920477137177 0.0171875 0.027833001988071572
0 0.9197916666666667 0.17395626242544732 0.014583333333333334 0.02385685884691849
0 0.4635416666666667 0.19135188866799205 0.007291666666666667 0.03876739562624255
0 0.38671875 0.18041749502982107 0.0109375 0.016898608349900597
0 0.5822916666666667 0.19234592445328033 0.0125 0.030815109343936383
0 0.36354166666666665 0.19234592445328033 0.0125 0.020874751491053677
0 0.6791666666666667 0.21073558648111332 0.016666666666666666 0.05168986083499006
0 0.8091145833333333 0.19582504970178927 0.0203125 0.017892644135188866
0 0.40286458333333336 0.20377733598409542 0.0234375 0.027833001988071572
0 0.02734375 0.20924453280318092 0.018229166666666668 0.03876739562624255
0 0.38255208333333335 0.21073558648111332 0.008854166666666666 0.03578528827037773
0 0.47994791666666664 0.22365805168986083 0.0078125 0.03180914512922465
0 0.55546875 0.24105367793240556 0.008854166666666666 0.02286282306163022
0 0.9619791666666667 0.25894632206759444 0.01875 0.03876739562624255
0 0.36171875 0.2664015904572565 0.021354166666666667 0.03578528827037773
0 0.9098958333333333 0.2654075546719682 0.019791666666666666 0.019880715705765408
0 0.49270833333333336 0.2813121272365805 0.003125 0.02385685884691849
0 0.4625 0.30119284294234594 0.017708333333333333 0.009940357852882704
0 0.023697916666666666 0.31610337972166996 0.016145833333333335 0.03777335984095427
0 0.77890625 0.31858846918489064 0.015104166666666667 0.03479125248508946
0 0.26171875 0.3374751491053678 0.011979166666666667 0.05467196819085487
0 0.4354166666666667 0.33250497017892644 0.01875 0.040755467196819085
0 0.47604166666666664 0.3240556660039761 0.015625 0.02186878727634195
0 0.37526041666666665 0.3359840954274354 0.009895833333333333 0.033797216699801194
0 0.7283854166666667 0.3359840954274354 0.024479166666666666 0.013916500994035786
0 0.153125 0.3384691848906561 0.017708333333333333 0.018886679920477135
0 0.5864583333333333 0.34791252485089463 0.00625 0.019880715705765408
0 0.0265625 0.3558648111332008 0.008333333333333333 0.011928429423459244
0 0.35885416666666664 0.3648111332007952 0.01875 0.019880715705765408
0 0.9526041666666667 0.3702783300198807 0.020833333333333332 0.0268389662027833
0 0.10911458333333333 0.37475149105367794 0.019270833333333334 0.019880715705765408
0 0.3885416666666667 0.37524850894632206 0.008333333333333333 0.014910536779324055
0 0.52421875 0.3841948310139165 0.0046875 0.02882703777335984
0 0.8770833333333333 0.39015904572564614 0.019791666666666666 0.02882703777335984
0 0.8973958333333333 0.39015904572564614 0.008333333333333333 0.0268389662027833
0 0.9223958333333333 0.38817097415506957 0.022916666666666665 0.018886679920477135
0 0.965625 0.4125248508946322 0.009375 0.0437375745526839
0 0.6841145833333333 0.41302186878727637 0.008854166666666666 0.03479125248508946
0 0.9846354166666667 0.41699801192842945 0.018229166666666668 0.03876739562624255
0 0.6984375 0.4125248508946322 0.005208333333333333 0.02982107355864811
0 0.40390625 0.4115308151093439 0.008854166666666666 0.02385685884691849
0 0.5130208333333334 0.4070576540755467 0.011458333333333333 0.010934393638170975
0 0.8059895833333334 0.4120278330019881 0.0171875 0.012922465208747515
0 0.8723958333333334 0.4209741550695825 0.00625 0.02485089463220676
0 0.6627604166666666 0.43141153081510936 0.008854166666666666 0.04572564612326044
0 0.17395833333333333 0.4269383697813121 0.007291666666666667 0.012922465208747515
0 0.7203125 0.42992047713717696 0.017708333333333333 0.010934393638170975
0 0.8291666666666667 0.4398608349900596 0.011458333333333333 0.018886679920477135
0 0.5713541666666667 0.4567594433399602 0.00625 0.0268389662027833
0 0.7604166666666666 0.4711729622266402 0.010416666666666666 0.03578528827037773
0 0.46145833333333336 0.4701789264413519 0.011458333333333333 0.015904572564612324
0 0.9546875 0.48061630218687873 0.025 0.02286282306163022
0 0.42291666666666666 0.4821073558648111 0.029166666666666667 0.02584493041749503
0 0.5169270833333334 0.49502982107355864 0.015104166666666667 0.04771371769383698
0 0.5580729166666667 0.49055666003976145 0.015104166666666667 0.02882703777335984
0 0.8744791666666667 0.49353876739562624 0.017708333333333333 0.02485089463220676
0 0.5888020833333333 0.4900596421471173 0.0067708333333333336 0.017892644135188866
0 0.48203125 0.49353876739562624 0.0109375 0.018886679920477135
0 0.32057291666666665 0.4955268389662028 0.0078125 0.02286282306163022
0 0.6552083333333333 0.5139165009940357 0.022916666666666665 0.019880715705765408
0 0.6166666666666667 0.5218687872763419 0.00625 0.02584493041749503
0 0.6869791666666667 0.5238568588469185 0.004166666666666667 0.02186878727634195
0 0.5591145833333333 0.5273359840954275 0.011979166666666667 0.030815109343936383
0 0.509375 0.5273359840954275 0.007291666666666667 0.020874751491053677
0 0.43125 0.5253479125248509 0.014583333333333334 0.016898608349900597
0 0.40390625 0.5268389662027833 0.015104166666666667 0.019880715705765408
0 0.7677083333333333 0.5293240556660039 0.020833333333333332 0.010934393638170975
0 0.534375 0.5407554671968191 0.015625 0.027833001988071572
0 0.5890625 0.540258449304175 0.010416666666666666 0.010934393638170975
0 0.6940104166666666 0.5621272365805169 0.04114583333333333 0.04671968190854871
0 0.7458333333333333 0.5492047713717694 0.01875 0.016898608349900597
0 0.878125 0.5521868787276342 0.017708333333333333 0.016898608349900597
0 0.3763020833333333 0.5621272365805169 0.005729166666666666 0.030815109343936383
0 0.3177083333333333 0.5541749502982107 0.007291666666666667 0.012922465208747515
0 0.6231770833333333 0.5561630218687873 0.015104166666666667 0.010934393638170975
0 0.6427083333333333 0.5636182902584493 0.0125 0.017892644135188866
0 0.20234375 0.570079522862823 0.009895833333333333 0.02286282306163022
0 0.6065104166666667 0.5879721669980119 0.024479166666666666 0.05268389662027833
0 0.18203125 0.570079522862823 0.008854166666666666 0.014910536779324055
0 0.10208333333333333 0.5745526838966203 0.013541666666666667 0.02584493041749503
0 0.30130208333333336 0.5750497017892644 0.011979166666666667 0.020874751491053677
0 0.8747395833333333 0.5720675944333996 0.0067708333333333336 0.012922465208747515
0 0.6330729166666667 0.5750497017892644 0.0046875 0.016898608349900597
0 0.74609375 0.5790258449304175 0.0036458333333333334 0.020874751491053677
0 0.5825520833333333 0.5854870775347912 0.0046875 0.033797216699801194
0 0.46796875 0.5909542743538767 0.0046875 0.032803180914512925
0 0.12369791666666667 0.5889662027833003 0.0078125 0.02882703777335984
0 0.7559895833333333 0.5889662027833003 0.0067708333333333336 0.0268389662027833
0 0.40963541666666664 0.6048707753479126 0.018229166666666668 0.02485089463220676
0 0.5322916666666667 0.606858846918489 0.017708333333333333 0.02485089463220676
0 0.29010416666666666 0.6113320079522863 0.016666666666666666 0.03180914512922465
0 0.509375 0.6033797216699801 0.014583333333333334 0.011928429423459244
0 0.4869791666666667 0.6267395626242545 0.017708333333333333 0.014910536779324055
0 0.5200520833333333 0.6312127236580517 0.019270833333333334 0.017892644135188866
0 0.3140625 0.6461232604373758 0.036458333333333336 0.04771371769383698
0 0.5796875 0.6336978131212724 0.011458333333333333 0.020874751491053677
0 0.5411458333333333 0.6381709741550696 0.010416666666666666 0.02186878727634195
0 0.4109375 0.6376739562624254 0.011458333333333333 0.014910536779324055
0 0.6252604166666667 0.6386679920477137 0.0078125 0.008946322067594433
0 0.5908854166666667 0.6510934393638171 0.013020833333333334 0.027833001988071572
0 0.22421875 0.6520874751491054 0.0109375 0.017892644135188866
0 0.5638020833333334 0.6635188866799204 0.019270833333333334 0.036779324055666
0 0.28619791666666666 0.6565606361829026 0.0203125 0.016898608349900597
0 0.76484375 0.6645129224652088 0.013020833333333334 0.020874751491053677
0 0.41041666666666665 0.6699801192842942 0.020833333333333332 0.02982107355864811
0 0.5330729166666667 0.665506958250497 0.009895833333333333 0.010934393638170975
0 0.23307291666666666 0.6714711729622267 0.0109375 0.018886679920477135
0 0.42630208333333336 0.679920477137177 0.009895833333333333 0.033797216699801194
0 0.5466145833333333 0.6749502982107356 0.0067708333333333336 0.019880715705765408
0 0.5010416666666667 0.6809145129224652 0.00625 0.03180914512922465
0 0.4544270833333333 0.6759443339960238 0.0109375 0.02186878727634195
0 0.55703125 0.6819085487077535 0.011979166666666667 0.019880715705765408
0 0.9916666666666667 0.6963220675944334 0.016666666666666666 0.04473161033797217
0 0.6901041666666666 0.6888667992047713 0.004166666666666667 0.02982107355864811
0 0.5817708333333333 0.6888667992047713 0.007291666666666667 0.027833001988071572
0 0.24661458333333333 0.6858846918489065 0.011979166666666667 0.02186878727634195
0 0.4895833333333333 0.68389662027833 0.009375 0.013916500994035786
0 0.5177083333333333 0.6933399602385686 0.013541666666666667 0.014910536779324055
0 0.80390625 0.7077534791252486 0.019270833333333334 0.017892644135188866
0 0.52890625 0.7102385685884692 0.0067708333333333336 0.018886679920477135
0 0.3484375 0.7256461232604374 0.007291666666666667 0.033797216699801194
0 0.18515625 0.7162027833001988 0.0078125 0.012922465208747515
0 0.5791666666666667 0.7296222664015904 0.011458333333333333 0.033797216699801194
0 0.8263020833333333 0.7405566600397614 0.011979166666666667 0.03180914512922465
0 0.56484375 0.7350894632206759 0.0078125 0.020874751491053677
0 0.38958333333333334 0.7415506958250497 0.005208333333333333 0.033797216699801194
0 0.5536458333333333 0.7544731610337972 0.0125 0.0536779324055666
0 0.4049479166666667 0.7420477137176938 0.013020833333333334 0.030815109343936383
0 0.6346354166666667 0.7380715705765407 0.022395833333333334 0.014910536779324055
0 0.328125 0.7460238568588469 0.013541666666666667 0.0268389662027833
0 0.4953125 0.7539761431411531 0.010416666666666666 0.020874751491053677
0 0.21692708333333333 0.7629224652087475 0.0109375 0.030815109343936383
0 0.11979166666666667 0.7589463220675944 0.01875 0.02485089463220676
0 0.03958333333333333 0.7624254473161034 0.01875 0.017892644135188866
0 0.4765625 0.7713717693836978 0.011458333333333333 0.015904572564612324
0 0.328125 0.7813121272365805 0.0125 0.02385685884691849
0 0.6609375 0.7887673956262425 0.00625 0.0268389662027833
0 0.9567708333333333 0.7882703777335984 0.019791666666666666 0.02186878727634195
0 0.6924479166666667 0.7837972166998012 0.021354166666666667 0.014910536779324055
0 0.11510416666666666 0.8006958250497018 0.021875 0.02286282306163022
0 0.7627604166666667 0.8026838966202783 0.0078125 0.02485089463220676
0 0.09010416666666667 0.8205765407554672 0.020833333333333332 0.05069582504970179
0 0.46640625 0.8265407554671969 0.0078125 0.040755467196819085
0 0.60546875 0.8245526838966203 0.0067708333333333336 0.032803180914512925
0 0.8721354166666667 0.8220675944333996 0.0109375 0.02385685884691849
0 0.6955729166666667 0.8315109343936382 0.015104166666666667 0.036779324055666
0 0.74609375 0.831013916500994 0.0234375 0.03180914512922465
0 0.5502604166666667 0.8339960238568589 0.025520833333333333 0.03180914512922465
0 0.990625 0.8399602385685885 0.00625 0.019880715705765408
0 0.53125 0.8543737574552683 0.010416666666666666 0.018886679920477135
0 0.37786458333333334 0.8578528827037774 0.0067708333333333336 0.027833001988071572
0 0.64375 0.860337972166998 0.007291666666666667 0.02882703777335984
0 0.8721354166666667 0.8687872763419483 0.013020833333333334 0.03180914512922465
0 0.80234375 0.8697813121272365 0.008854166666666666 0.02982107355864811
0 0.62265625 0.8707753479125249 0.0078125 0.02584493041749503
0 0.7859375 0.8702783300198808 0.0125 0.020874751491053677
0 0.7627604166666667 0.871272365805169 0.0140625 0.02286282306163022
0 0.4002604166666667 0.8742544731610338 0.0171875 0.014910536779324055
0 0.5486979166666667 0.8876739562624254 0.005729166666666666 0.03180914512922465
0 0.24427083333333333 0.8916500994035785 0.008333333333333333 0.03578528827037773
0 0.17630208333333333 0.9030815109343936 0.024479166666666666 0.0268389662027833
0 0.45598958333333334 0.9075546719681908 0.008854166666666666 0.03180914512922465
0 0.415625 0.9015904572564613 0.013541666666666667 0.011928429423459244
0 0.5671875 0.9160039761431411 0.01875 0.03479125248508946
0 0.5145833333333333 0.9140159045725647 0.010416666666666666 0.016898608349900597
0 0.6 0.918986083499006 0.009375 0.020874751491053677
0 0.6877604166666667 0.9358846918489065 0.019270833333333334 0.018886679920477135
0 0.5018229166666667 0.9388667992047713 0.0078125 0.018886679920477135
0 0.628125 0.9532803180914513 0.016666666666666666 0.041749502982107355
0 0.9919270833333333 0.9458250497017893 0.016145833333333335 0.02485089463220676
0 0.8815104166666666 0.9423459244532804 0.0171875 0.017892644135188866
0 0.64921875 0.9428429423459245 0.005729166666666666 0.012922465208747515
0 0.5484375 0.9542743538767395 0.027083333333333334 0.02385685884691849
0 0.20833333333333334 0.9493041749502982 0.015625 0.013916500994035786
0 0.6625 0.9552683896620279 0.015625 0.011928429423459244
0 0.18385416666666668 0.963220675944334 0.008333333333333333 0.02584493041749503
0 0.6963541666666667 0.9681908548707754 0.013541666666666667 0.019880715705765408
0 0.06380208333333333 0.9701789264413518 0.011979166666666667 0.019880715705765408
0 0.9575520833333333 0.9811133200795229 0.0140625 0.03578528827037773
0 0.7697916666666667 0.9806163021868787 0.027083333333333334 0.0268389662027833
0 0.6596354166666667 0.9811133200795229 0.0140625 0.02584493041749503
0 0.6028645833333334 0.9840954274353877 0.009895833333333333 0.02982107355864811
0 0.89375 0.98558648111332 0.016666666666666666 0.0268389662027833
0 0.5419270833333333 0.9835984095427436 0.021354166666666667 0.016898608349900597
0 0.18177083333333333 0.9885685884691849 0.01875 0.020874751491053677
0 0.9401041666666666 0.9910536779324056 0.009375 0.015904572564612324
0 0.7361979166666667 0.992544731610338 0.0078125 0.012922465208747515
0 0.38125 0.9920477137176938 0.009375 0.013916500994035786
0 0.42604166666666665 0.9940357852882704 0.015625 0.009940357852882704