0 0.73359375 0.008946322067594433 0.013020833333333334 0.017892644135188866
0 0.9653645833333333 0.0004970178926441351 0.04739583333333333 0.0009940357852882703
0 0.9729166666666667 0.02485089463220676 0.013541666666666667 0.02385685884691849
0 0.678125 0.030815109343936383 0.014583333333333334 0.011928429423459244
0 0.77109375 0.03578528827037773 0.0067708333333333336 0.019880715705765408
0 0.15755208333333334 0.05467196819085487 0.018229166666666668 0.02982107355864811
0 0.66640625 0.05168986083499006 0.016145833333333335 0.02385685884691849
0 0.8903645833333333 0.09045725646123261 0.011979166666666667 0.02186878727634195
0 0.8231770833333333 0.10487077534791253 0.0078125 0.02485089463220676
0 0.8411458333333334 0.12624254473161034 0.0125 0.019880715705765408
0 0.7260416666666667 0.14512922465208747 0.016666666666666666 0.02186878727634195
0 0.24479166666666666 0.16302186878727634 0.016666666666666666 0.033797216699801194
0 0.81796875 0.17395626242544732 0.013020833333333334 0.009940357852882704
0 0.56171875 0.19433399602385687 0.0078125 0.008946322067594433
0 0.8122395833333333 0.20427435387673956 0.008854166666666666 0.018886679920477135
0 0.6630208333333333 0.21421471172962225 0.011458333333333333 0.012922465208747515
0 0.6755208333333333 0.22415506958250497 0.009375 0.020874751491053677
0 0.08828125 0.2654075546719682 0.009895833333333333 0.02186878727634195
0 0.8361979166666667 0.28677932405566603 0.009895833333333333 0.02286282306163022
0 0.36640625 0.3111332007952286 0.008854166666666666 0.009940357852882704
0 0.6731770833333334 0.31809145129224653 0.0067708333333333336 0.02186878727634195
0 0.3463541666666667 0.3394632206759443 0.013541666666666667 0.016898608349900597
0 0.7380208333333333 0.3628230616302187 0.003125 0.02186878727634195
0 0.7026041666666667 0.36133200795228626 0.013541666666666667 0.016898608349900597
0 0.46953125 0.378727634194831 0.008854166666666666 0.027833001988071572
0 0.5994791666666667 0.3956262425447316 0.015625 0.015904572564612324
0 0.45807291666666666 0.43141153081510936 0.011979166666666667 0.0437375745526839
0 0.7955729166666666 0.4274353876739563 0.0067708333333333336 0.027833001988071572
0 0.5494791666666666 0.4309145129224652 0.023958333333333335 0.02286282306163022
0 0.7182291666666667 0.4284294234592445 0.010416666666666666 0.015904572564612324
0 0.8994791666666667 0.426441351888668 0.0125 0.011928429423459244
0 0.8515625 0.452286282306163 0.007291666666666667 0.03777335984095427
0 0.5369791666666667 0.4507952286282306 0.007291666666666667 0.016898608349900597
0 0.696875 0.45029821073558646 0.013541666666666667 0.009940357852882704
0 0.809375 0.45825049701789267 0.015625 0.015904572564612324
0 0.40182291666666664 0.4990059642147117 0.013020833333333334 0.039761431411530816
0 0.95390625 0.5019880715705766 0.0171875 0.03777335984095427
0 0.8760416666666667 0.5059642147117296 0.013541666666666667 0.03777335984095427
0 0.85546875 0.5029821073558648 0.0109375 0.02982107355864811
0 0.76328125 0.4995029821073559 0.0109375 0.012922465208747515
0 0.9799479166666667 0.5154075546719682 0.008854166666666666 0.03876739562624255
0 0.82421875 0.5318091451292246 0.0140625 0.02385685884691849
0 0.9317708333333333 0.5342942345924453 0.0125 0.02286282306163022
0 0.48776041666666664 0.5323061630218688 0.009895833333333333 0.010934393638170975
0 0.5565104166666667 0.5392644135188867 0.016145833333333335 0.0268389662027833
0 0.41119791666666666 0.5452286282306164 0.0067708333333333336 0.02882703777335984
0 0.71484375 0.5437375745526839 0.0078125 0.02385685884691849
0 0.75390625 0.5646123260437376 0.009895833333333333 0.03180914512922465
0 0.48125 0.5670974155069582 0.025 0.012922465208747515
0 0.5973958333333333 0.56610337972167 0.009375 0.012922465208747515
0 0.7963541666666667 0.5755467196819085 0.0125 0.02584493041749503
0 0.9440104166666666 0.5864811133200796 0.009895833333333333 0.033797216699801194
0 0.8096354166666667 0.5790258449304175 0.013020833333333334 0.014910536779324055
0 0.11588541666666667 0.5989065606361829 0.0078125 0.020874751491053677
0 0.58828125 0.6108349900596421 0.019270833333333334 0.012922465208747515
0 0.6557291666666667 0.6247514910536779 0.0125 0.036779324055666
0 0.7013020833333333 0.6227634194831014 0.015104166666666667 0.016898608349900597
0 0.815625 0.621272365805169 0.009375 0.013916500994035786
0 0.71796875 0.6441351888667992 0.0067708333333333336 0.041749502982107355
0 0.7604166666666666 0.6366799204771372 0.008333333333333333 0.0268389662027833
0 0.8986979166666667 0.6386679920477137 0.0140625 0.018886679920477135
0 0.33671875 0.6421471172962226 0.0203125 0.013916500994035786
0 0.81015625 0.6515904572564613 0.018229166666666668 0.020874751491053677
0 0.7294270833333333 0.6660039761431411 0.0109375 0.041749502982107355
0 0.8479166666666667 0.6630218687872763 0.008333333333333333 0.033797216699801194
0 0.9419270833333333 0.6605367793240556 0.008854166666666666 0.018886679920477135
0 0.7890625 0.6774353876739563 0.011458333333333333 0.04473161033797217
0 0.35546875 0.6724652087475149 0.013020833333333334 0.02485089463220676
0 0.7059895833333333 0.6824055666003976 0.0203125 0.020874751491053677
0 0.18125 0.6878727634194831 0.010416666666666666 0.027833001988071572
0 0.7614583333333333 0.6973161033797217 0.007291666666666667 0.03479125248508946
0 0.5403645833333334 0.7012922465208747 0.0046875 0.03479125248508946
0 0.8182291666666667 0.6998011928429424 0.013541666666666667 0.03180914512922465
0 0.7494791666666667 0.7231610337972167 0.0125 0.048707753479125246
0 0.2721354166666667 0.7196819085487077 0.0109375 0.03578528827037773
0 0.9770833333333333 0.7340954274353877 0.008333333333333333 0.036779324055666
0 0.5083333333333333 0.7375745526838966 0.015625 0.02982107355864811
0 0.7651041666666667 0.7335984095427436 0.00625 0.02186878727634195
0 0.9028645833333333 0.7554671968190855 0.0078125 0.027833001988071572
0 0.45416666666666666 0.7619284294234593 0.009375 0.02286282306163022
0 0.6885416666666667 0.768389662027833 0.016666666666666666 0.03180914512922465
0 0.2955729166666667 0.7664015904572564 0.0171875 0.02186878727634195
0 0.5838541666666667 0.7708747514910537 0.011458333333333333 0.008946322067594433
0 0.5994791666666667 0.7837972166998012 0.013541666666666667 0.02485089463220676
0 0.9184895833333333 0.7793240556660039 0.0140625 0.015904572564612324
0 0.8716145833333333 0.7907554671968191 0.008854166666666666 0.02882703777335984
0 0.8020833333333334 0.7957256461232605 0.010416666666666666 0.03479125248508946
0 0.7559895833333333 0.7937375745526839 0.011979166666666667 0.02286282306163022
0 0.7674479166666667 0.7997017892644135 0.0067708333333333336 0.0268389662027833
0 0.8296875 0.8091451292246521 0.015625 0.013916500994035786
0 0.9236979166666667 0.8141153081510935 0.013020833333333334 0.017892644135188866
0 0.2328125 0.8325049701789264 0.022916666666666665 0.0268389662027833
0 0.9307291666666667 0.845427435387674 0.023958333333333335 0.04473161033797217
0 0.6205729166666667 0.8305168986083499 0.011979166666666667 0.012922465208747515
0 0.77578125 0.8369781312127237 0.0109375 0.017892644135188866
0 0.83203125 0.8394632206759444 0.0140625 0.016898608349900597
0 0.9856770833333334 0.8623260437375746 0.0203125 0.03876739562624255
0 0.615625 0.8782306163021869 0.030208333333333334 0.05268389662027833
0 0.6361979166666667 0.8653081510934394 0.0140625 0.0268389662027833
0 0.7091145833333333 0.885685884691849 0.0078125 0.03578528827037773
0 0.9419270833333333 0.8836978131212724 0.013020833333333334 0.015904572564612324
0 0.6559895833333333 0.8911530815109344 0.005729166666666666 0.02485089463220676
0 0.68125 0.9085487077534792 0.011458333333333333 0.02982107355864811
0 0.7466145833333333 0.9060636182902585 0.011979166666666667 0.02286282306163022
0 0.66953125 0.9085487077534792 0.005729166666666666 0.02584493041749503
0 0.7138020833333333 0.9135188866799204 0.008854166666666666 0.02385685884691849
0 0.7309895833333333 0.915506958250497 0.005729166666666666 0.027833001988071572
0 0.5484375 0.9135188866799204 0.013541666666666667 0.017892644135188866
0 0.475 0.9269383697813122 0.030208333333333334 0.040755467196819085
0 0.8223958333333333 0.9368787276341949 0.008333333333333333 0.03876739562624255
0 0.5026041666666666 0.9279324055666004 0.015625 0.012922465208747515
0 0.5705729166666667 0.9259443339960238 0.0109375 0.008946322067594433
0 0.5893229166666667 0.9294234592445328 0.0067708333333333336 0.015904572564612324
0 0.5158854166666667 0.9398608349900597 0.0067708333333333336 0.0268389662027833
0 0.5364583333333334 0.9428429423459245 0.007291666666666667 0.02882703777335984
0 0.7221354166666667 0.9512922465208747 0.008854166666666666 0.041749502982107355
0 0.6815104166666667 0.9567594433399602 0.011979166666666667 0.04473161033797217
0 0.7989583333333333 0.9567594433399602 0.010416666666666666 0.036779324055666
0 0.45078125 0.9666998011928429 0.016145833333333335 0.040755467196819085
0 0.97578125 0.9706759443339961 0.0265625 0.04473161033797217
0 0.41354166666666664 0.9652087475149106 0.009375 0.019880715705765408
0 0.359375 0.974155069582505 0.0125 0.009940357852882704
0 0.9333333333333333 0.9796222664015904 0.016666666666666666 0.018886679920477135
0 0.51328125 0.9875745526838966 0.015104166666666667 0.02286282306163022
0 0.6302083333333334 0.9900596421471173 0.013541666666666667 0.017892644135188866
0 0.7880208333333333 0.9900596421471173 0.015625 0.017892644135188866
0 0.68125 0.9920477137176938 0.019791666666666666 0.013916500994035786
0 0.55546875 0.9940357852882704 0.0067708333333333336 0.009940357852882704