0 0.10755208333333334 0.004970178926441352 0.0296875 0.009940357852882704
0 0.9479166666666666 0.025347912524850896 0.017708333333333333 0.0268389662027833
0 0.26640625 0.02385685884691849 0.008854166666666666 0.02584493041749503
0 0.8330729166666667 0.09343936381709742 0.015104166666666667 0.033797216699801194
0 0.028385416666666666 0.15656063618290258 0.009895833333333333 0.020874751491053677
0 0.0734375 0.1709741550695825 0.0125 0.02186878727634195
0 0.17291666666666666 0.19831013916500995 0.00625 0.03479125248508946
0 0.19973958333333333 0.20079522862823063 0.011979166666666667 0.03180914512922465
0 0.703125 0.21819085487077536 0.013541666666666667 0.03876739562624255
0 0.10807291666666667 0.23061630218687873 0.0140625 0.02584493041749503
0 0.8190104166666666 0.25944333996023855 0.0140625 0.05168986083499006
0 0.6442708333333333 0.2485089463220676 0.009375 0.027833001988071572
0 0.4401041666666667 0.26192842942345923 0.013541666666666667 0.02485089463220676
0 0.6018229166666667 0.268389662027833 0.015104166666666667 0.027833001988071572
0 0.49453125 0.2907554671968191 0.0140625 0.018886679920477135
0 0.6916666666666667 0.30318091451292245 0.004166666666666667 0.027833001988071572
0 0.0546875 0.3076540755467197 0.0125 0.02485089463220676
0 0.8317708333333333 0.31510934393638174 0.022916666666666665 0.015904572564612324
0 0.91171875 0.33300198807157055 0.011979166666666667 0.039761431411530816
0 0.6955729166666667 0.3349900596421471 0.019270833333333334 0.041749502982107355
0 0.5341145833333333 0.3240556660039761 0.0078125 0.013916500994035786
0 0.7484375 0.34393638170974156 0.009375 0.03578528827037773
0 0.7763020833333333 0.34443339960238567 0.011979166666666667 0.032803180914512925
0 0.10833333333333334 0.34642147117296224 0.008333333333333333 0.02485089463220676
0 0.03515625 0.34542743538767395 0.0078125 0.010934393638170975
0 0.6481770833333333 0.38866799204771374 0.0109375 0.017892644135188866
0 0.4752604166666667 0.38817097415506957 0.0140625 0.018886679920477135
0 0.7729166666666667 0.3866799204771372 0.016666666666666666 0.011928429423459244
0 0.3338541666666667 0.3856858846918489 0.011458333333333333 0.009940357852882704
0 0.8739583333333333 0.4100397614314115 0.013541666666666667 0.036779324055666
0 0.6098958333333333 0.4140159045725646 0.017708333333333333 0.042743538767395624
0 0.4588541666666667 0.40904572564612324 0.013541666666666667 0.030815109343936383
0 0.9669270833333333 0.41699801192842945 0.019270833333333334 0.030815109343936383
0 0.5885416666666666 0.42992047713717696 0.011458333333333333 0.0268389662027833
0 0.7325520833333333 0.4363817097415507 0.0067708333333333336 0.027833001988071572
0 0.3802083333333333 0.4393638170974155 0.010416666666666666 0.007952286282306162
0 0.7736979166666667 0.4418489065606362 0.016145833333333335 0.010934393638170975
0 0.915625 0.4577534791252485 0.009375 0.0268389662027833
0 0.07473958333333333 0.46819085487077533 0.022395833333333334 0.04771371769383698
0 0.7059895833333333 0.4676938369781312 0.013020833333333334 0.018886679920477135
0 0.6385416666666667 0.5004970178926441 0.0125 0.04473161033797217
0 0.5713541666666667 0.4995029821073559 0.010416666666666666 0.036779324055666
0 0.005989583333333334 0.5248508946322068 0.0109375 0.07157057654075547
0 0.7630208333333334 0.5079522862823062 0.016666666666666666 0.017892644135188866
0 0.9770833333333333 0.5154075546719682 0.009375 0.030815109343936383
0 0.99609375 0.5178926441351889 0.0078125 0.027833001988071572
0 0.9140625 0.5198807157057654 0.014583333333333334 0.02584493041749503
0 0.6203125 0.5268389662027833 0.00625 0.039761431411530816
0 0.4661458333333333 0.51441351888668 0.0125 0.008946322067594433
0 0.3541666666666667 0.5452286282306164 0.010416666666666666 0.03876739562624255
0 0.46041666666666664 0.5337972166998012 0.010416666666666666 0.011928429423459244
0 0.92421875 0.5715705765407555 0.024479166666666666 0.061630218687872766
0 0.5348958333333333 0.5556660039761432 0.008333333333333333 0.03180914512922465
0 0.7119791666666667 0.5531809145129225 0.013541666666666667 0.012922465208747515
0 0.5140625 0.5536779324055666 0.00625 0.013916500994035786
0 0.3458333333333333 0.5651093439363817 0.00625 0.02882703777335984
0 0.5609375 0.5825049701789264 0.01875 0.0536779324055666
0 0.4666666666666667 0.5710735586481114 0.013541666666666667 0.02882703777335984
0 0.30026041666666664 0.5795228628230616 0.0078125 0.015904572564612324
0 0.496875 0.5904572564612326 0.005208333333333333 0.02982107355864811
0 0.99375 0.5859840954274353 0.0125 0.014910536779324055
0 0.1125 0.5899602385685885 0.013541666666666667 0.020874751491053677
0 0.5291666666666667 0.6013916500994035 0.017708333333333333 0.02584493041749503
0 0.5083333333333333 0.595427435387674 0.0125 0.011928429423459244
0 0.6513020833333333 0.6187872763419483 0.0359375 0.05467196819085487
0 0.3125 0.6023856858846919 0.015625 0.019880715705765408
0 0.6143229166666667 0.6078528827037774 0.015104166666666667 0.018886679920477135
0 0.49270833333333336 0.6207753479125249 0.011458333333333333 0.02882703777335984
0 0.21796875 0.6257455268389662 0.005729166666666666 0.018886679920477135
0 0.5731770833333333 0.6322067594433399 0.0140625 0.027833001988071572
0 0.5166666666666667 0.6237574552683897 0.007291666666666667 0.012922465208747515
0 0.7432291666666667 0.6297216699801192 0.016666666666666666 0.010934393638170975
0 0.5341145833333333 0.6426441351888668 0.009895833333333333 0.014910536779324055
0 0.5088541666666667 0.6416500994035785 0.011458333333333333 0.008946322067594433
0 0.5200520833333333 0.6540755467196819 0.0078125 0.027833001988071572
0 0.4796875 0.6749502982107356 0.009375 0.03777335984095427
0 0.6924479166666667 0.6709741550695825 0.0265625 0.02584493041749503
0 0.5479166666666667 0.6684890656063618 0.00625 0.016898608349900597
0 0.38359375 0.6759443339960238 0.0171875 0.02982107355864811
0 0.66484375 0.6684890656063618 0.0078125 0.010934393638170975
0 0.6236979166666666 0.6759443339960238 0.022395833333333334 0.02584493041749503
0 0.46484375 0.6774353876739563 0.0046875 0.02882703777335984
0 0.19348958333333333 0.6923459244532804 0.025520833333333333 0.05268389662027833
0 0.5994791666666667 0.6769383697813122 0.00625 0.013916500994035786
0 0.7947916666666667 0.6843936381709742 0.0125 0.02485089463220676
0 0.36614583333333334 0.6863817097415507 0.004166666666666667 0.02485089463220676
0 0.5098958333333333 0.68389662027833 0.014583333333333334 0.015904572564612324
0 0.5268229166666667 0.6893638170974155 0.0171875 0.018886679920477135
0 0.13541666666666666 0.6993041749502982 0.029166666666666667 0.036779324055666
0 0.9221354166666667 0.7072564612326043 0.015104166666666667 0.02286282306163022
0 0.7346354166666667 0.709741550695825 0.0078125 0.02982107355864811
0 0.60859375 0.7142147117296223 0.0140625 0.02485089463220676
0 0.5583333333333333 0.7286282306163022 0.00625 0.03180914512922465
0 0.7591145833333334 0.7301192842942346 0.0067708333333333336 0.030815109343936383
0 0.4359375 0.7301192842942346 0.007291666666666667 0.030815109343936383
0 0.6643229166666667 0.7415506958250497 0.0109375 0.02186878727634195
0 0.8184895833333333 0.7415506958250497 0.0140625 0.017892644135188866
0 0.7236979166666667 0.7410536779324056 0.022395833333333334 0.016898608349900597
0 0.6421875 0.7519880715705766 0.00625 0.030815109343936383
0 0.36822916666666666 0.7509940357852882 0.014583333333333334 0.02485089463220676
0 0.38671875 0.7639165009940357 0.016145833333333335 0.014910536779324055
0 0.5708333333333333 0.7768389662027833 0.015625 0.03479125248508946
0 0.7796875 0.7887673956262425 0.0125 0.042743538767395624
0 0.4875 0.7992047713717694 0.008333333333333333 0.04572564612326044
0 0.6109375 0.790258449304175 0.005208333333333333 0.02385685884691849
0 0.009635416666666667 0.8031809145129225 0.018229166666666668 0.041749502982107355
0 0.25625 0.7917495029821073 0.009375 0.014910536779324055
0 0.6393229166666666 0.7957256461232605 0.018229166666666668 0.014910536779324055
0 0.32708333333333334 0.8141153081510935 0.007291666666666667 0.039761431411530816
0 0.27760416666666665 0.8071570576540755 0.008333333333333333 0.019880715705765408
0 0.54296875 0.8146123260437376 0.015104166666666667 0.0268389662027833
0 0.6208333333333333 0.81610337972167 0.0125 0.009940357852882704
0 0.34869791666666666 0.8369781312127237 0.0109375 0.027833001988071572
0 0.5776041666666667 0.8404572564612326 0.021875 0.016898608349900597
0 0.4984375 0.8459244532803181 0.003125 0.02385685884691849
0 0.4049479166666667 0.8404572564612326 0.013020833333333334 0.010934393638170975
0 0.5473958333333333 0.8518886679920478 0.005208333333333333 0.019880715705765408
0 0.5372395833333333 0.8608349900596421 0.0109375 0.03578528827037773
0 0.4744791666666667 0.8518886679920478 0.0125 0.009940357852882704
0 0.10572916666666667 0.8513916500994035 0.008333333333333333 0.010934393638170975
0 0.6520833333333333 0.8836978131212724 0.010416666666666666 0.05765407554671968
0 0.8036458333333333 0.8648111332007953 0.010416666666666666 0.007952286282306162
0 0.428125 0.8757455268389662 0.013541666666666667 0.019880715705765408
0 0.40703125 0.8797216699801192 0.008854166666666666 0.011928429423459244
0 0.8596354166666667 0.9000994035785288 0.013020833333333334 0.036779324055666
0 0.84375 0.8926441351888668 0.014583333333333334 0.011928429423459244
0 0.8260416666666667 0.9145129224652088 0.017708333333333333 0.02584493041749503
0 0.7700520833333333 0.9169980119284294 0.0109375 0.020874751491053677
0 0.39557291666666666 0.9209741550695825 0.021354166666666667 0.014910536779324055
0 0.87578125 0.9438369781312127 0.0109375 0.03479125248508946
0 0.978125 0.9498011928429424 0.016666666666666666 0.042743538767395624
0 0.7463541666666667 0.9383697813121272 0.007291666666666667 0.02186878727634195
0 0.8596354166666667 0.9423459244532804 0.011979166666666667 0.013916500994035786
0 0.01015625 0.9647117296222664 0.019270833333333334 0.042743538767395624
0 0.63046875 0.955765407554672 0.0078125 0.020874751491053677
0 0.5997395833333333 0.9831013916500994 0.022395833333333334 0.03180914512922465
0 0.33255208333333336 0.9776341948310139 0.018229166666666668 0.014910536779324055
0 0.6869791666666667 0.9870775347912525 0.00625 0.02385685884691849
0 0.03854166666666667 0.9885685884691849 0.0125 0.020874751491053677
0 0.29375 0.9910536779324056 0.014583333333333334 0.015904572564612324