0 0.10625 0.0004970178926441351 0.030208333333333334 0.0009940357852882703
0 0.4783854166666667 0.0054671968190854875 0.011979166666666667 0.010934393638170975
0 0.9533854166666667 0.008449304174950299 0.0078125 0.016898608349900597
0 0.6880208333333333 0.051192842942345926 0.008333333333333333 0.03479125248508946
0 0.7122395833333334 0.05467196819085487 0.021354166666666667 0.02385685884691849
0 0.9533854166666667 0.0775347912524851 0.018229166666666668 0.04572564612326044
0 0.3106770833333333 0.09791252485089463 0.021354166666666667 0.02882703777335984
0 0.6557291666666667 0.10536779324055666 0.011458333333333333 0.033797216699801194
0 0.5864583333333333 0.11282306163021869 0.007291666666666667 0.030815109343936383
0 0.5578125 0.12326043737574553 0.0125 0.027833001988071572
0 0.00026041666666666666 0.16153081510934394 0.0005208333333333333 0.05069582504970179
0 0.5627604166666667 0.16351888667992048 0.016145833333333335 0.02882703777335984
0 0.8177083333333334 0.15805168986083498 0.017708333333333333 0.015904572564612324
0 0.51875 0.18190854870775347 0.013541666666666667 0.03578528827037773
0 0.9666666666666667 0.18836978131212723 0.015625 0.030815109343936383
0 0.10963541666666667 0.1963220675944334 0.008854166666666666 0.030815109343936383
0 0.12005208333333334 0.2077534791252485 0.013020833333333334 0.02186878727634195
0 0.5520833333333334 0.2231610337972167 0.021875 0.042743538767395624
0 0.8934895833333333 0.2216699801192843 0.021354166666666667 0.027833001988071572
0 0.41822916666666665 0.22117296222664015 0.014583333333333334 0.014910536779324055
0 0.6140625 0.22564612326043737 0.011458333333333333 0.02385685884691849
0 0.8565104166666667 0.2331013916500994 0.024479166666666666 0.036779324055666
0 0.57734375 0.22365805168986083 0.013020833333333334 0.013916500994035786
0 0.528125 0.22664015904572565 0.009375 0.017892644135188866
0 0.8856770833333333 0.25497017892644136 0.015104166666666667 0.02882703777335984
0 0.5057291666666667 0.2773359840954274 0.007291666666666667 0.027833001988071572
0 0.06041666666666667 0.2813121272365805 0.008333333333333333 0.019880715705765408
0 0.46067708333333335 0.2907554671968191 0.0067708333333333336 0.032803180914512925
0 0.6747395833333333 0.31411530815109345 0.008854166666666666 0.03578528827037773
0 0.08072916666666667 0.3136182902584493 0.010416666666666666 0.018886679920477135
0 0.8671875 0.334493041749503 0.014583333333333334 0.032803180914512925
0 0.553125 0.32703777335984097 0.015625 0.009940357852882704
0 0.14895833333333333 0.34791252485089463 0.010416666666666666 0.02982107355864811
0 0.41875 0.3533797216699801 0.013541666666666667 0.03479125248508946
0 0.5856770833333333 0.34940357852882703 0.025520833333333333 0.0268389662027833
0 0.5158854166666667 0.3697813121272366 0.0140625 0.039761431411530816
0 0.56171875 0.42047713717693835 0.0078125 0.03578528827037773
0 0.5419270833333333 0.4254473161033797 0.008854166666666666 0.017892644135188866
0 0.6244791666666667 0.43240556660039764 0.017708333333333333 0.03180914512922465
0 0.5260416666666666 0.43290258449304175 0.007291666666666667 0.0268389662027833
0 0.4473958333333333 0.4383697813121272 0.021875 0.019880715705765408
0 0.23854166666666668 0.4532803180914513 0.0125 0.02584493041749503
0 0.5455729166666666 0.45278330019880714 0.0067708333333333336 0.016898608349900597
0 0.44921875 0.47862823061630216 0.009895833333333333 0.0268389662027833
0 0.5450520833333333 0.4850894632206759 0.005729166666666666 0.033797216699801194
0 0.5760416666666667 0.48807157057654077 0.005208333333333333 0.02186878727634195
0 0.3033854166666667 0.4960238568588469 0.013020833333333334 0.017892644135188866
0 0.5278645833333333 0.5069582504970179 0.009895833333333333 0.02982107355864811
0 0.71171875 0.5124254473161034 0.0078125 0.03876739562624255
0 0.22942708333333334 0.5129224652087475 0.018229166666666668 0.027833001988071572
0 0.5942708333333333 0.5208747514910537 0.007291666666666667 0.03777335984095427
0 0.15416666666666667 0.55168986083499 0.009375 0.0437375745526839
0 0.3572916666666667 0.5497017892644135 0.015625 0.017892644135188866
0 0.58125 0.5601391650099403 0.009375 0.02882703777335984
0 0.9263020833333333 0.5646123260437376 0.0203125 0.02186878727634195
0 0.228125 0.5964214711729622 0.017708333333333333 0.011928429423459244
0 0.29192708333333334 0.6088469184890656 0.018229166666666668 0.03876739562624255
0 0.5924479166666666 0.6302186878727635 0.009895833333333333 0.041749502982107355
0 0.5684895833333333 0.6481113320079522 0.0109375 0.03777335984095427
0 0.7182291666666667 0.6491053677932406 0.022916666666666665 0.027833001988071572
0 0.16302083333333334 0.6570576540755467 0.014583333333333334 0.03180914512922465
0 0.6075520833333333 0.679920477137177 0.0046875 0.033797216699801194
0 0.9138020833333333 0.6863817097415507 0.015104166666666667 0.02286282306163022
0 0.5536458333333333 0.691351888667992 0.015625 0.010934393638170975
0 0.6778645833333333 0.7077534791252486 0.0109375 0.033797216699801194
0 0.46484375 0.7226640159045725 0.018229166666666668 0.0437375745526839
0 0.8026041666666667 0.7191848906560636 0.019791666666666666 0.014910536779324055
0 0.5953125 0.7196819085487077 0.017708333333333333 0.011928429423459244
0 0.5375 0.7450298210735586 0.014583333333333334 0.0268389662027833
0 0.5497395833333333 0.7619284294234593 0.015104166666666667 0.05467196819085487
0 0.6203125 0.7475149105367793 0.013541666666666667 0.019880715705765408
0 0.43723958333333335 0.7718687872763419 0.013020833333333334 0.040755467196819085
0 0.9505208333333334 0.7768389662027833 0.026041666666666668 0.032803180914512925
0 0.5609375 0.8185884691848907 0.00625 0.02485089463220676
0 0.31328125 0.8180914512922465 0.0171875 0.015904572564612324
0 0.9065104166666667 0.827037773359841 0.016145833333333335 0.02982107355864811
0 0.49270833333333336 0.8588469184890656 0.014583333333333334 0.041749502982107355
0 0.7869791666666667 0.867296222664016 0.015625 0.05069582504970179
0 0.6265625 0.8861829025844931 0.015625 0.036779324055666
0 0.5044270833333333 0.8906560636182903 0.022395833333333334 0.033797216699801194
0 0.73984375 0.8916500994035785 0.019270833333333334 0.02584493041749503
0 0.93203125 0.911530815109344 0.025520833333333333 0.039761431411530816
0 0.5981770833333333 0.9100397614314115 0.016145833333333335 0.030815109343936383
0 0.60546875 0.9433399602385686 0.008854166666666666 0.02385685884691849
0 0.55625 0.9498011928429424 0.013541666666666667 0.012922465208747515