0 0.18958333333333333 0.017892644135188866 0.013541666666666667 0.03578528827037773
0 0.41302083333333334 0.011928429423459244 0.016666666666666666 0.02385685884691849
0 0.9434895833333333 0.03429423459244533 0.04114583333333333 0.05467196819085487
0 0.2515625 0.025347912524850896 0.004166666666666667 0.02485089463220676
0 0.6828125 0.024353876739562623 0.01875 0.012922465208747515
0 0.49765625 0.03876739562624255 0.009895833333333333 0.033797216699801194
0 0.03958333333333333 0.03876739562624255 0.013541666666666667 0.027833001988071572
0 0.022135416666666668 0.053180914512922464 0.0078125 0.02882703777335984
0 0.29322916666666665 0.048707753479125246 0.0125 0.017892644135188866
0 0.27734375 0.06709741550695825 0.019270833333333334 0.05268389662027833
0 0.5375 0.05467196819085487 0.005208333333333333 0.02584493041749503
0 0.16484375 0.055666003976143144 0.016145833333333335 0.019880715705765408
0 0.6231770833333333 0.07256461232604373 0.009895833333333333 0.02584493041749503
0 0.08489583333333334 0.07107355864811134 0.013541666666666667 0.012922465208747515
0 0.23203125 0.0720675944333996 0.016145833333333335 0.014910536779324055
0 0.9325520833333333 0.07952286282306163 0.018229166666666668 0.017892644135188866
0 0.14713541666666666 0.091948310139165 0.011979166666666667 0.036779324055666
0 0.03671875 0.08449304174950298 0.0078125 0.015904572564612324
0 0.16848958333333333 0.09294234592445327 0.013020833333333334 0.016898608349900597
0 0.12395833333333334 0.10039761431411531 0.011458333333333333 0.017892644135188866
0 0.08463541666666667 0.10139165009940358 0.015104166666666667 0.013916500994035786
0 0.2752604166666667 0.11332007952286283 0.008854166666666666 0.015904572564612324
0 0.19895833333333332 0.13071570576540756 0.023958333333333335 0.042743538767395624
0 0.3684895833333333 0.13767395626242546 0.009895833333333333 0.03876739562624255
0 0.7130208333333333 0.13667992047713717 0.009375 0.02286282306163022
0 0.8755208333333333 0.13717693836978131 0.017708333333333333 0.02385685884691849
0 0.6239583333333333 0.14165009940357853 0.008333333333333333 0.02286282306163022
0 0.06328125 0.15159045725646123 0.025520833333333333 0.030815109343936383
0 0.14973958333333334 0.1550695825049702 0.0078125 0.03180914512922465
0 0.43515625 0.15357852882703776 0.013020833333333334 0.0268389662027833
0 0.11875 0.16650099403578528 0.01875 0.042743538767395624
0 0.6786458333333333 0.15656063618290258 0.017708333333333333 0.020874751491053677
0 0.7125 0.17147117296222664 0.020833333333333332 0.042743538767395624
0 0.8145833333333333 0.16998011928429424 0.007291666666666667 0.039761431411530816
0 0.20651041666666667 0.18141153081510936 0.019270833333333334 0.0268389662027833
0 0.9716145833333333 0.18141153081510936 0.011979166666666667 0.016898608349900597
0 0.12916666666666668 0.1878727634194831 0.016666666666666666 0.017892644135188866
0 0.7338541666666667 0.19035785288270377 0.011458333333333333 0.02485089463220676
0 0.40859375 0.1933399602385686 0.008854166666666666 0.016898608349900597
0 0.6510416666666666 0.19284294234592445 0.015625 0.017892644135188866
0 0.36432291666666666 0.20178926441351888 0.009895833333333333 0.015904572564612324
0 0.3046875 0.20576540755467196 0.01875 0.019880715705765408
0 0.4859375 0.21620278330019882 0.011458333333333333 0.040755467196819085
0 0.7578125 0.20874751491053678 0.00625 0.02584493041749503
0 0.44296875 0.2117296222664016 0.013020833333333334 0.02186878727634195
0 0.32265625 0.21520874751491054 0.0203125 0.020874751491053677
0 0.3546875 0.2191848906560636 0.00625 0.0268389662027833
0 0.5994791666666667 0.21272365805168986 0.00625 0.011928429423459244
0 0.5291666666666667 0.22266401590457258 0.007291666666666667 0.027833001988071572
0 0.64765625 0.21868787276341947 0.016145833333333335 0.009940357852882704
0 0.4158854166666667 0.2271371769383698 0.0046875 0.018886679920477135
0 0.6044270833333333 0.22962226640159045 0.0078125 0.019880715705765408
0 0.44869791666666664 0.23807157057654074 0.011979166666666667 0.02882703777335984
0 0.12578125 0.24105367793240556 0.016145833333333335 0.020874751491053677
0 0.7111979166666667 0.2504970178926441 0.0171875 0.03578528827037773
0 0.26328125 0.2485089463220676 0.019270833333333334 0.02982107355864811
0 0.3497395833333333 0.2524850894632207 0.0234375 0.02186878727634195
0 0.7307291666666667 0.2788270377733598 0.0125 0.02882703777335984
0 0.1078125 0.2828031809145129 0.015625 0.02882703777335984
0 0.22421875 0.29970178926441354 0.013020833333333334 0.036779324055666
0 0.303125 0.2912524850894632 0.005208333333333333 0.017892644135188866
0 0.55859375 0.30417495029821073 0.0078125 0.039761431411530816
0 0.7424479166666667 0.2922465208747515 0.0140625 0.011928429423459244
0 0.7013020833333333 0.30417495029821073 0.019270833333333334 0.02385685884691849
0 0.33098958333333334 0.3121272365805169 0.0171875 0.03777335984095427
0 0.6091145833333333 0.3081510934393638 0.019270833333333334 0.017892644135188866
0 0.2890625 0.31262425447316106 0.010416666666666666 0.014910536779324055
0 0.37161458333333336 0.3240556660039761 0.013020833333333334 0.02584493041749503
0 0.21119791666666668 0.3260437375745527 0.016145833333333335 0.02385685884691849
0 0.75859375 0.3389662027833002 0.019270833333333334 0.02584493041749503
0 0.07239583333333334 0.334493041749503 0.011458333333333333 0.014910536779324055
0 0.33671875 0.3508946322067594 0.0203125 0.041749502982107355
0 0.634375 0.3399602385685885 0.011458333333333333 0.017892644135188866
0 0.090625 0.34691848906560635 0.023958333333333335 0.02186878727634195
0 0.5854166666666667 0.34791252485089463 0.01875 0.019880715705765408
0 0.29713541666666665 0.3508946322067594 0.0109375 0.02385685884691849
0 0.44036458333333334 0.3553677932405567 0.025520833333333333 0.02485089463220676
0 0.3203125 0.36182902584493043 0.008333333333333333 0.03180914512922465
0 0.38958333333333334 0.37475149105367794 0.010416666666666666 0.04572564612326044
0 0.35078125 0.3658051689860835 0.008854166666666666 0.019880715705765408
0 0.17630208333333333 0.3757455268389662 0.021354166666666667 0.033797216699801194
0 0.4140625 0.3717693836978131 0.021875 0.02584493041749503
0 0.15078125 0.37673956262425445 0.018229166666666668 0.02584493041749503
0 0.9104166666666667 0.38220675944334 0.00625 0.0268389662027833
0 0.25338541666666664 0.378727634194831 0.013020833333333334 0.013916500994035786
0 0.36015625 0.3832007952286282 0.0078125 0.02286282306163022
0 0.14609375 0.3946322067594433 0.03177083333333333 0.03777335984095427
0 0.65625 0.39165009940357853 0.017708333333333333 0.02584493041749503
0 0.6880208333333333 0.40208747514910537 0.008333333333333333 0.03876739562624255
0 0.6119791666666666 0.4085487077534791 0.009375 0.04771371769383698
0 0.08567708333333333 0.4105367793240557 0.018229166666666668 0.033797216699801194
0 0.31197916666666664 0.40755467196819084 0.026041666666666668 0.02982107355864811
0 0.4666666666666667 0.3981113320079523 0.013541666666666667 0.010934393638170975
0 0.6278645833333333 0.41600397614314116 0.008854166666666666 0.030815109343936383
0 0.4296875 0.4100397614314115 0.020833333333333332 0.014910536779324055
0 0.36875 0.42992047713717696 0.009375 0.040755467196819085
0 0.6526041666666667 0.42296222664015903 0.014583333333333334 0.018886679920477135
0 0.38723958333333336 0.43588469184890655 0.0109375 0.040755467196819085
0 0.41953125 0.4363817097415507 0.018229166666666668 0.041749502982107355
0 0.5182291666666666 0.4269383697813121 0.01875 0.018886679920477135
0 0.15 0.4289264413518887 0.017708333333333333 0.020874751491053677
0 0.55390625 0.4383697813121272 0.0067708333333333336 0.02186878727634195
0 0.2046875 0.44582504970178927 0.014583333333333334 0.03479125248508946
0 0.5947916666666667 0.44930417495029823 0.007291666666666667 0.033797216699801194
0 0.575 0.45029821073558646 0.016666666666666666 0.027833001988071572
0 0.14947916666666666 0.4577534791252485 0.011458333333333333 0.03479125248508946
0 0.25703125 0.4577534791252485 0.0171875 0.02882703777335984
0 0.825 0.46123260437375746 0.008333333333333333 0.03180914512922465
0 0.5348958333333333 0.4686878727634195 0.029166666666666667 0.04473161033797217
0 0.31744791666666666 0.4721669980119284 0.009895833333333333 0.041749502982107355
0 0.5661458333333333 0.47664015904572565 0.010416666666666666 0.032803180914512925
0 0.115625 0.47813121272365805 0.020833333333333332 0.019880715705765408
0 0.6263020833333334 0.4855864811133201 0.0140625 0.02286282306163022
0 0.934375 0.4915506958250497 0.021875 0.032803180914512925
0 0.33880208333333334 0.49105367793240556 0.005729166666666666 0.02982107355864811
0 0.14869791666666668 0.5084493041749503 0.0171875 0.02485089463220676
0 0.46484375 0.510934393638171 0.0171875 0.027833001988071572
0 0.621875 0.5119284294234593 0.0125 0.02584493041749503
0 0.31979166666666664 0.5159045725646123 0.020833333333333332 0.02982107355864811
0 0.8908854166666667 0.5149105367793241 0.0234375 0.02982107355864811
0 0.7567708333333333 0.5114314115308151 0.014583333333333334 0.018886679920477135
0 0.5302083333333333 0.5173956262425448 0.005208333333333333 0.02485089463220676
0 0.72109375 0.5223658051689861 0.008854166666666666 0.032803180914512925
0 0.6494791666666667 0.5223658051689861 0.017708333333333333 0.02286282306163022
0 0.5973958333333333 0.5482107355864811 0.027083333333333334 0.0705765407554672
0 0.9786458333333333 0.525844930417495 0.017708333333333333 0.02584493041749503
0 0.25234375 0.5248508946322068 0.016145833333333335 0.02186878727634195
0 0.5591145833333333 0.5228628230616302 0.018229166666666668 0.015904572564612324
0 0.39453125 0.5288270377733598 0.027604166666666666 0.015904572564612324
0 0.6294270833333333 0.5417495029821073 0.019270833333333334 0.03578528827037773
0 0.425 0.5337972166998012 0.01875 0.011928429423459244
0 0.6705729166666666 0.5467196819085487 0.0067708333333333336 0.02584493041749503
0 0.21666666666666667 0.5536779324055666 0.029166666666666667 0.03578528827037773
0 0.29010416666666666 0.5501988071570576 0.020833333333333332 0.02286282306163022
0 0.48723958333333334 0.5447316103379721 0.0171875 0.013916500994035786
0 0.6135416666666667 0.5571570576540755 0.00625 0.036779324055666
0 0.19114583333333332 0.5536779324055666 0.011458333333333333 0.02186878727634195
0 0.14765625 0.5506958250497018 0.018229166666666668 0.013916500994035786
0 0.41640625 0.5576540755467196 0.0078125 0.017892644135188866
0 0.09765625 0.5745526838966203 0.0140625 0.041749502982107355
0 0.7963541666666667 0.5651093439363817 0.011458333333333333 0.020874751491053677
0 0.04505208333333333 0.5795228628230616 0.011979166666666667 0.041749502982107355
0 0.4895833333333333 0.56610337972167 0.009375 0.016898608349900597
0 0.7119791666666667 0.5775347912524851 0.014583333333333334 0.02385685884691849
0 0.7 0.588469184890656 0.010416666666666666 0.03578528827037773
0 0.9963541666666667 0.5785288270377733 0.00625 0.017892644135188866
0 0.67578125 0.5785288270377733 0.0140625 0.013916500994035786
0 0.5 0.5805168986083499 0.009375 0.011928429423459244
0 0.021354166666666667 0.591948310139165 0.009375 0.032803180914512925
0 0.08255208333333333 0.6033797216699801 0.024479166666666666 0.04572564612326044
0 0.5513020833333333 0.606858846918489 0.015104166666666667 0.040755467196819085
0 0.6841145833333333 0.5959244532803181 0.019270833333333334 0.016898608349900597
0 0.35182291666666665 0.6083499005964215 0.0140625 0.03777335984095427
0 0.015364583333333333 0.6053677932405567 0.0109375 0.02385685884691849
0 0.43072916666666666 0.6133200795228628 0.0125 0.033797216699801194
0 0.46875 0.6093439363817097 0.022916666666666665 0.027833001988071572
0 0.6171875 0.6187872763419483 0.022916666666666665 0.03876739562624255
0 0.50390625 0.6267395626242545 0.015104166666666667 0.048707753479125246
0 0.17239583333333333 0.6177932405566601 0.016666666666666666 0.016898608349900597
0 0.7338541666666667 0.6292246520874751 0.007291666666666667 0.033797216699801194
0 0.5197916666666667 0.6317097415506958 0.008333333333333333 0.03479125248508946
0 0.37916666666666665 0.6317097415506958 0.01875 0.02485089463220676
0 0.03515625 0.6426441351888668 0.021354166666666667 0.03876739562624255
0 0.5817708333333333 0.6476143141153081 0.016666666666666666 0.030815109343936383
0 0.9481770833333333 0.6461232604373758 0.0234375 0.027833001988071572
0 0.1046875 0.6575546719681908 0.028125 0.04671968190854871
0 0.6015625 0.6500994035785288 0.015625 0.03180914512922465
0 0.3614583333333333 0.6595427435387674 0.03125 0.0268389662027833
0 0.9268229166666667 0.654572564612326 0.013020833333333334 0.016898608349900597
0 0.6651041666666667 0.661530815109344 0.011458333333333333 0.020874751491053677
0 0.8953125 0.6650099403578529 0.010416666666666666 0.027833001988071572
0 0.43723958333333335 0.661530815109344 0.008854166666666666 0.016898608349900597
0 0.2859375 0.6814115308151093 0.014583333333333334 0.036779324055666
0 0.038802083333333334 0.6863817097415507 0.0234375 0.02485089463220676
0 0.005208333333333333 0.6878727634194831 0.010416666666666666 0.019880715705765408
0 0.11901041666666666 0.6843936381709742 0.0067708333333333336 0.014910536779324055
0 0.6994791666666667 0.6883697813121272 0.020833333333333332 0.02286282306163022
0 0.6669270833333333 0.6928429423459245 0.015104166666666667 0.02584493041749503
0 0.8885416666666667 0.702286282306163 0.010416666666666666 0.040755467196819085
0 0.5864583333333333 0.6968190854870775 0.00625 0.013916500994035786
0 0.2989583333333333 0.7067594433399602 0.023958333333333335 0.03180914512922465
0 0.5338541666666666 0.7032803180914513 0.035416666666666666 0.02286282306163022
0 0.146875 0.7017892644135189 0.017708333333333333 0.015904572564612324
0 0.45703125 0.7176938369781312 0.0140625 0.04572564612326044
0 0.5723958333333333 0.7092445328031809 0.011458333333333333 0.012922465208747515
0 0.7697916666666667 0.7186878727634195 0.019791666666666666 0.017892644135188866
0 0.7286458333333333 0.7276341948310139 0.019791666666666666 0.03180914512922465
0 0.13177083333333334 0.7276341948310139 0.007291666666666667 0.027833001988071572
0 0.7502604166666667 0.7256461232604374 0.016145833333333335 0.009940357852882704
0 0.35182291666666665 0.7485089463220675 0.018229166666666668 0.04572564612326044
0 0.47421875 0.7321073558648111 0.0067708333333333336 0.014910536779324055
0 0.690625 0.7370775347912525 0.0125 0.018886679920477135
0 0.25286458333333334 0.7395626242544732 0.011979166666666667 0.02186878727634195
0 0.5395833333333333 0.75 0.009375 0.032803180914512925
0 0.2947916666666667 0.7539761431411531 0.010416666666666666 0.032803180914512925
0 0.50234375 0.757455268389662 0.016145833333333335 0.039761431411530816
0 0.89140625 0.7465208747514911 0.0171875 0.017892644135188866
0 0.4830729166666667 0.7529821073558648 0.009895833333333333 0.020874751491053677
0 0.5283854166666667 0.7549701789264414 0.0109375 0.02485089463220676
0 0.5869791666666667 0.7579522862823062 0.010416666666666666 0.030815109343936383
0 0.05390625 0.7559642147117296 0.0078125 0.020874751491053677
0 0.7513020833333334 0.7594433399602386 0.021354166666666667 0.02982107355864811
0 0.08046875 0.7594433399602386 0.021354166666666667 0.02584493041749503
0 0.16380208333333332 0.7753479125248509 0.0296875 0.04970178926441352
0 0.4700520833333333 0.7703777335984096 0.015104166666666667 0.033797216699801194
0 0.7083333333333334 0.7693836978131213 0.014583333333333334 0.02385685884691849
0 0.6109375 0.7778330019880716 0.0125 0.032803180914512925
0 0.22890625 0.7882703777335984 0.0109375 0.04970178926441352
0 0.45729166666666665 0.7833001988071571 0.008333333333333333 0.03578528827037773
0 0.5322916666666667 0.7743538767395626 0.010416666666666666 0.017892644135188866
0 0.4908854166666667 0.7778330019880716 0.009895833333333333 0.016898608349900597
0 0.13020833333333334 0.7912524850894632 0.019791666666666666 0.027833001988071572
0 0.34036458333333336 0.8011928429423459 0.009895833333333333 0.04970178926441352
0 0.005989583333333334 0.7907554671968191 0.011979166666666667 0.016898608349900597
0 0.39427083333333335 0.8021868787276342 0.015625 0.02584493041749503
0 0.5317708333333333 0.797713717693837 0.010416666666666666 0.016898608349900597
0 0.6916666666666667 0.7972166998011928 0.015625 0.015904572564612324
0 0.7473958333333334 0.7962226640159046 0.016666666666666666 0.015904572564612324
0 0.7763020833333333 0.8106361829025845 0.011979166666666667 0.03479125248508946
0 0.4356770833333333 0.8379721669980119 0.03177083333333333 0.073558648111332
0 0.5385416666666667 0.8300198807157058 0.016666666666666666 0.03180914512922465
0 0.13203125 0.8379721669980119 0.019270833333333334 0.03180914512922465
0 0.29609375 0.8484095427435387 0.009895833333333333 0.05069582504970179
0 0.5822916666666667 0.8379721669980119 0.009375 0.027833001988071572
0 0.25234375 0.8489065606361829 0.015104166666666667 0.039761431411530816
0 0.36953125 0.8389662027833003 0.0171875 0.009940357852882704
0 0.5893229166666667 0.8479125248508946 0.008854166666666666 0.02584493041749503
0 0.6783854166666666 0.8444333996023857 0.016145833333333335 0.018886679920477135
0 0.5026041666666666 0.845427435387674 0.011458333333333333 0.014910536779324055
0 0.5143229166666666 0.8484095427435387 0.008854166666666666 0.018886679920477135
0 0.6421875 0.8677932405566601 0.028125 0.05168986083499006
0 0.4705729166666667 0.8623260437375746 0.0067708333333333336 0.02286282306163022
0 0.11119791666666666 0.8677932405566601 0.018229166666666668 0.017892644135188866
0 0.6122395833333333 0.8822067594433399 0.0140625 0.042743538767395624
0 0.478125 0.8772365805168986 0.008333333333333333 0.02485089463220676
0 0.759375 0.8772365805168986 0.017708333333333333 0.02485089463220676
0 0.33619791666666665 0.8851888667992047 0.005729166666666666 0.032803180914512925
0 0.7403645833333333 0.8782306163021869 0.005729166666666666 0.020874751491053677
0 0.49583333333333335 0.8921471172962226 0.007291666666666667 0.042743538767395624
0 0.5348958333333333 0.897117296222664 0.028125 0.05467196819085487
0 0.4278645833333333 0.8876739562624254 0.009895833333333333 0.027833001988071572
0 0.4510416666666667 0.8866799204771372 0.017708333333333333 0.02584493041749503
0 0.13359375 0.8911530815109344 0.013020833333333334 0.0268389662027833
0 0.18385416666666668 0.8926441351888668 0.017708333333333333 0.02982107355864811
0 0.6291666666666667 0.9100397614314115 0.009375 0.036779324055666
0 0.7317708333333334 0.9125248508946322 0.008333333333333333 0.02982107355864811
0 0.16223958333333333 0.9125248508946322 0.0140625 0.02385685884691849
0 0.4296875 0.9169980119284294 0.013541666666666667 0.030815109343936383
0 0.58984375 0.9169980119284294 0.009895833333333333 0.0268389662027833
0 0.38359375 0.9219681908548708 0.009895833333333333 0.030815109343936383
0 0.6505208333333333 0.9393638170974155 0.026041666666666668 0.039761431411530816
0 0.47994791666666664 0.9443339960238568 0.033854166666666664 0.04572564612326044
0 0.6143229166666667 0.9378727634194831 0.0078125 0.0268389662027833
0 0.5140625 0.9368787276341949 0.010416666666666666 0.016898608349900597
0 0.4375 0.9353876739562624 0.011458333333333333 0.011928429423459244
0 0.55703125 0.9418489065606361 0.0067708333333333336 0.012922465208747515
0 0.5932291666666667 0.9537773359840954 0.03125 0.030815109343936383
0 0.5114583333333333 0.9701789264413518 0.015625 0.05765407554671968
0 0.29739583333333336 0.9637176938369781 0.016666666666666666 0.040755467196819085
0 0.45677083333333335 0.9721669980119284 0.015625 0.019880715705765408
0 0.6450520833333333 0.9801192842942346 0.0203125 0.03777335984095427
0 0.37994791666666666 0.9806163021868787 0.0067708333333333336 0.030815109343936383
0 0.015625 0.9860834990059643 0.028125 0.02584493041749503
0 0.3924479166666667 0.9840954274353877 0.0109375 0.017892644135188866
0 0.5755208333333334 0.9910536779324056 0.008333333333333333 0.015904572564612324
0 0.44036458333333334 0.9920477137176938 0.0078125 0.013916500994035786
0 0.6015625 0.9920477137176938 0.00625 0.013916500994035786
0 0.68515625 0.9930417495029821 0.0067708333333333336 0.011928429423459244