0 0.01953125 0.009443339960238568 0.0390625 0.018886679920477135
0 0.21666666666666667 0.006958250497017893 0.013541666666666667 0.013916500994035786
0 0.28411458333333334 0.010437375745526839 0.015104166666666667 0.020874751491053677
0 0.9127604166666666 0.011928429423459244 0.0265625 0.02385685884691849
0 0.9677083333333333 0.0004970178926441351 0.059375 0.0009940357852882703
0 0.5010416666666667 0.05268389662027833 0.0125 0.039761431411530816
0 0.8263020833333333 0.09493041749502983 0.0171875 0.030815109343936383
0 0.5059895833333333 0.12872763419483102 0.011979166666666667 0.02286282306163022
0 0.53359375 0.16848906560636182 0.0203125 0.03479125248508946
0 0.709375 0.17992047713717693 0.014583333333333334 0.019880715705765408
0 0.2671875 0.2077534791252485 0.007291666666666667 0.019880715705765408
0 0.010677083333333334 0.2286282306163022 0.021354166666666667 0.05765407554671968
0 0.9020833333333333 0.21123260437375746 0.010416666666666666 0.012922465208747515
0 0.49921875 0.23210735586481113 0.0109375 0.030815109343936383
0 0.24635416666666668 0.22813121272365805 0.01875 0.018886679920477135
0 0.39010416666666664 0.27435387673956263 0.013541666666666667 0.009940357852882704
0 0.453125 0.30218687872763417 0.011458333333333333 0.033797216699801194
0 0.31015625 0.31510934393638174 0.013020833333333334 0.02186878727634195
0 0.5700520833333333 0.31709741550695825 0.0234375 0.02584493041749503
0 0.3341145833333333 0.34095427435387676 0.015104166666666667 0.017892644135188866
0 0.346875 0.38469184890656066 0.015625 0.015904572564612324
0 0.43385416666666665 0.3851888667992048 0.016666666666666666 0.010934393638170975
0 0.14192708333333334 0.39214711729622265 0.0203125 0.02286282306163022
0 0.1828125 0.42296222664015903 0.01875 0.018886679920477135
0 0.44947916666666665 0.4363817097415507 0.01875 0.03578528827037773
0 0.42265625 0.444831013916501 0.0078125 0.02485089463220676
0 0.00026041666666666666 0.5114314115308151 0.0005208333333333333 0.07852882703777336
0 0.5041666666666667 0.5069582504970179 0.026041666666666668 0.06759443339960239
0 0.4388020833333333 0.4860834990059642 0.0140625 0.02385685884691849
0 0.61484375 0.4985089463220676 0.033854166666666664 0.02485089463220676
0 0.3419270833333333 0.51441351888668 0.011979166666666667 0.032803180914512925
0 0.9658854166666667 0.5079522862823062 0.015104166666666667 0.015904572564612324
0 0.44166666666666665 0.5104373757455268 0.011458333333333333 0.016898608349900597
0 0.5494791666666666 0.5114314115308151 0.013541666666666667 0.008946322067594433
0 0.48359375 0.5198807157057654 0.016145833333333335 0.011928429423459244
0 0.3924479166666667 0.5387673956262425 0.019270833333333334 0.03180914512922465
0 0.9966145833333333 0.5372763419483101 0.005729166666666666 0.018886679920477135
0 0.37526041666666665 0.5506958250497018 0.0078125 0.03180914512922465
0 0.5283854166666667 0.5487077534791253 0.008854166666666666 0.027833001988071572
0 0.49947916666666664 0.5631212723658051 0.023958333333333335 0.040755467196819085
0 0.28229166666666666 0.5666003976143141 0.009375 0.03777335984095427
0 0.5786458333333333 0.5616302186878728 0.014583333333333334 0.017892644135188866
0 0.40520833333333334 0.5725646123260437 0.009375 0.02584493041749503
0 0.5244791666666667 0.5820079522862823 0.0125 0.018886679920477135
0 0.7221354166666667 0.5790258449304175 0.008854166666666666 0.014910536779324055
0 0.45 0.6033797216699801 0.015625 0.05168986083499006
0 0.8846354166666667 0.5964214711729622 0.009895833333333333 0.02385685884691849
0 0.39479166666666665 0.5959244532803181 0.008333333333333333 0.020874751491053677
0 0.51796875 0.6033797216699801 0.018229166666666668 0.03180914512922465
0 0.4661458333333333 0.6053677932405567 0.0125 0.02584493041749503
0 0.6005208333333333 0.6351888667992047 0.010416666666666666 0.02982107355864811
0 0.8958333333333334 0.6605367793240556 0.021875 0.06461232604373758
0 0.8721354166666667 0.643141153081511 0.016145833333333335 0.02186878727634195
0 0.5302083333333333 0.6446322067594433 0.01875 0.018886679920477135
0 0.5731770833333333 0.6645129224652088 0.016145833333333335 0.03876739562624255
0 0.50234375 0.6620278330019881 0.018229166666666668 0.02186878727634195
0 0.596875 0.668986083499006 0.013541666666666667 0.02385685884691849
0 0.7786458333333334 0.6779324055666004 0.0125 0.02186878727634195
0 0.7708333333333334 0.7007952286282306 0.0125 0.02584493041749503
0 0.73515625 0.7007952286282306 0.005729166666666666 0.017892644135188866
0 0.4354166666666667 0.6998011928429424 0.007291666666666667 0.013916500994035786
0 0.45729166666666665 0.7117296222664016 0.014583333333333334 0.02385685884691849
0 0.49270833333333336 0.7137176938369781 0.010416666666666666 0.02584493041749503
0 0.43854166666666666 0.7226640159045725 0.014583333333333334 0.02385685884691849
0 0.4700520833333333 0.7201789264413518 0.008854166666666666 0.018886679920477135
0 0.37473958333333335 0.7296222664015904 0.008854166666666666 0.02982107355864811
0 0.54140625 0.724155069582505 0.0078125 0.016898608349900597
0 0.575 0.7410536779324056 0.008333333333333333 0.0268389662027833
0 0.40989583333333335 0.7435387673956262 0.014583333333333334 0.017892644135188866
0 0.5161458333333333 0.75 0.022916666666666665 0.02485089463220676
0 0.44296875 0.7614314115308151 0.016145833333333335 0.0437375745526839
0 0.47161458333333334 0.7649105367793241 0.016145833333333335 0.03479125248508946
0 0.71640625 0.7728628230616302 0.0109375 0.030815109343936383
0 0.6052083333333333 0.7728628230616302 0.007291666666666667 0.02882703777335984
0 0.6302083333333334 0.7748508946322068 0.017708333333333333 0.0268389662027833
0 0.421875 0.7783300198807157 0.013541666666666667 0.02982107355864811
0 0.525 0.7862823061630219 0.021875 0.0437375745526839
0 0.2786458333333333 0.8056660039761432 0.020833333333333332 0.03876739562624255
0 0.4348958333333333 0.7952286282306164 0.01875 0.013916500994035786
0 0.48671875 0.8056660039761432 0.009895833333333333 0.018886679920477135
0 0.596875 0.8131212723658051 0.014583333333333334 0.017892644135188866
0 0.4783854166666667 0.8265407554671969 0.0109375 0.020874751491053677
0 0.58828125 0.8330019880715706 0.015104166666666667 0.03180914512922465
0 0.3302083333333333 0.8374751491053678 0.010416666666666666 0.020874751491053677
0 0.021875 0.8598409542743539 0.007291666666666667 0.011928429423459244
0 0.38645833333333335 0.8702783300198808 0.015625 0.02485089463220676
0 0.08098958333333334 0.8881709741550696 0.0203125 0.05268389662027833
0 0.47734375 0.8742544731610338 0.009895833333333333 0.02286282306163022
0 0.9002604166666667 0.882703777335984 0.0109375 0.02385685884691849
0 0.5830729166666667 0.8946322067594433 0.0203125 0.039761431411530816
0 0.4276041666666667 0.8921471172962226 0.013541666666666667 0.030815109343936383
0 0.48020833333333335 0.8961232604373758 0.015625 0.030815109343936383
0 0.5294270833333333 0.8961232604373758 0.0234375 0.02485089463220676
0 0.609375 0.9060636182902585 0.014583333333333334 0.04473161033797217
0 0.9088541666666666 0.904572564612326 0.022916666666666665 0.033797216699801194
0 0.9705729166666667 0.9209741550695825 0.018229166666666668 0.016898608349900597
0 0.9893229166666667 0.9304174950298211 0.0067708333333333336 0.02186878727634195
0 0.12265625 0.9314115308151093 0.019270833333333334 0.019880715705765408
0 0.8375 0.9294234592445328 0.007291666666666667 0.015904572564612324
0 0.010416666666666666 0.9478131212723658 0.011458333333333333 0.0268389662027833
0 0.04140625 0.9517892644135189 0.0109375 0.018886679920477135
0 0.36484375 0.9647117296222664 0.0109375 0.03876739562624255
0 0.9528645833333333 0.9602385685884692 0.0109375 0.017892644135188866
0 0.8846354166666667 0.9642147117296223 0.009895833333333333 0.02186878727634195
0 0.19713541666666667 0.9716699801192843 0.0140625 0.0268389662027833
0 0.8885416666666667 0.9781312127236581 0.021875 0.041749502982107355
0 0.9080729166666667 0.9731610337972167 0.0067708333333333336 0.02385685884691849
0 0.06302083333333333 0.9826043737574552 0.020833333333333332 0.032803180914512925
0 0.9794270833333333 0.9806163021868787 0.0078125 0.016898608349900597
0 0.79140625 0.9860834990059643 0.0234375 0.02584493041749503
0 0.9325520833333333 0.9880715705765407 0.030729166666666665 0.02186878727634195
0 0.959375 0.9880715705765407 0.019791666666666666 0.02186878727634195
0 0.25416666666666665 0.989065606361829 0.020833333333333332 0.019880715705765408
0 0.60546875 0.9895626242544732 0.0140625 0.018886679920477135
0 0.17708333333333334 0.9915506958250497 0.009375 0.014910536779324055
0 0.049479166666666664 0.9905566600397614 0.009375 0.010934393638170975
0 0.5421875 0.992544731610338 0.01875 0.012922465208747515
0 0.16536458333333334 0.9915506958250497 0.0109375 0.008946322067594433
0 0.4783854166666667 0.9945328031809145 0.011979166666666667 0.008946322067594433