0 0.35260416666666666 0.027833001988071572 0.016666666666666666 0.015904572564612324
0 0.43125 0.036779324055666 0.011458333333333333 0.015904572564612324
0 0.5408854166666667 0.06958250497017893 0.0046875 0.04572564612326044
0 0.5104166666666666 0.05467196819085487 0.009375 0.011928429423459244
0 0.24713541666666666 0.3091451292246521 0.015104166666666667 0.013916500994035786
0 0.27786458333333336 0.3230616302186879 0.025520833333333333 0.02584493041749503
0 0.31744791666666666 0.3429423459244533 0.0234375 0.017892644135188866
0 0.00703125 0.3489065606361829 0.013020833333333334 0.015904572564612324
0 0.03229166666666667 0.37524850894632206 0.01875 0.020874751491053677
0 0.12161458333333333 0.4135188866799205 0.024479166666666666 0.011928429423459244
0 0.13125 0.444831013916501 0.03125 0.016898608349900597
0 0.18880208333333334 0.679920477137177 0.011979166666666667 0.02385685884691849
0 0.18125 0.7594433399602386 0.005208333333333333 0.055666003976143144
0 0.02265625 0.9100397614314115 0.0067708333333333336 0.018886679920477135