0 0.70703125 0.007455268389662028 0.015104166666666667 0.014910536779324055
0 0.8473958333333333 0.009940357852882704 0.027083333333333334 0.019880715705765408
0 0.6432291666666666 0.020377733598409543 0.009375 0.020874751491053677
0 0.7677083333333333 0.025347912524850896 0.0125 0.018886679920477135
0 0.33203125 0.0352882703777336 0.009895833333333333 0.02485089463220676
0 0.9057291666666667 0.03180914512922465 0.010416666666666666 0.011928429423459244
0 0.9513020833333333 0.04721669980119284 0.011979166666666667 0.030815109343936383
0 0.68515625 0.04671968190854871 0.0140625 0.02584493041749503
0 0.8528645833333334 0.05864811133200795 0.013020833333333334 0.033797216699801194
0 0.6768229166666667 0.06411530815109344 0.0078125 0.02286282306163022
0 0.66484375 0.09045725646123261 0.008854166666666666 0.011928429423459244
0 0.97734375 0.10337972166998012 0.019270833333333334 0.02385685884691849
0 0.9440104166666666 0.1073558648111332 0.0203125 0.02982107355864811
0 0.8359375 0.11381709741550695 0.013541666666666667 0.02485089463220676
0 0.9268229166666667 0.1242544731610338 0.0109375 0.02385685884691849
0 0.9013020833333333 0.18538767395626243 0.0067708333333333336 0.0268389662027833
0 0.8809895833333333 0.2370775347912525 0.011979166666666667 0.018886679920477135
0 0.9809895833333333 0.23757455268389663 0.0171875 0.017892644135188866
0 0.925 0.24055666003976142 0.015625 0.019880715705765408
0 0.6796875 0.2430417495029821 0.013541666666666667 0.018886679920477135
0 0.8828125 0.27087475149105367 0.009375 0.020874751491053677
0 0.96015625 0.27435387673956263 0.009895833333333333 0.02385685884691849
0 0.8026041666666667 0.2837972166998012 0.009375 0.018886679920477135
0 0.9950520833333333 0.2982107355864811 0.008854166666666666 0.02186878727634195
0 0.6067708333333334 0.30566600397614313 0.014583333333333334 0.014910536779324055
0 0.8080729166666667 0.3195825049701789 0.0067708333333333336 0.020874751491053677
0 0.7296875 0.3260437375745527 0.013541666666666667 0.015904572564612324
0 0.8330729166666667 0.32952286282306165 0.011979166666666667 0.016898608349900597
0 0.7700520833333333 0.3379721669980119 0.008854166666666666 0.027833001988071572
0 0.8203125 0.37226640159045726 0.00625 0.02485089463220676
0 0.73828125 0.3742544731610338 0.0078125 0.0268389662027833
0 0.8317708333333333 0.4010934393638171 0.0125 0.018886679920477135
0 0.85546875 0.40059642147117297 0.016145833333333335 0.017892644135188866
0 0.6809895833333334 0.4194831013916501 0.008854166666666666 0.03180914512922465
0 0.5953125 0.43439363817097415 0.008333333333333333 0.02385685884691849
0 0.9486979166666667 0.4428429423459245 0.013020833333333334 0.03479125248508946
0 0.67265625 0.45029821073558646 0.0109375 0.019880715705765408
0 0.44921875 0.4711729622266402 0.008854166666666666 0.015904572564612324
0 0.7526041666666666 0.4716699801192843 0.013541666666666667 0.014910536779324055
0 0.7122395833333334 0.47664015904572565 0.016145833333333335 0.018886679920477135
0 0.66171875 0.4826043737574553 0.0067708333333333336 0.02485089463220676
0 0.5518229166666667 0.5004970178926441 0.0046875 0.030815109343936383
0 0.76015625 0.4990059642147117 0.005729166666666666 0.02982107355864811
0 0.5190104166666667 0.5014910536779325 0.008854166666666666 0.030815109343936383
0 0.6513020833333333 0.5014910536779325 0.015104166666666667 0.020874751491053677
0 0.9713541666666666 0.5119284294234593 0.007291666666666667 0.02385685884691849
0 0.7729166666666667 0.5139165009940357 0.013541666666666667 0.02385685884691849
0 0.5690104166666666 0.5114314115308151 0.0140625 0.012922465208747515
0 0.5385416666666667 0.5263419483101391 0.014583333333333334 0.020874751491053677
0 0.6424479166666667 0.525844930417495 0.0109375 0.017892644135188866
0 0.6028645833333334 0.5541749502982107 0.0078125 0.0268389662027833
0 0.23880208333333333 0.555168986083499 0.008854166666666666 0.014910536779324055
0 0.765625 0.5725646123260437 0.011458333333333333 0.013916500994035786
0 0.6833333333333333 0.5785288270377733 0.014583333333333334 0.009940357852882704
0 0.7864583333333334 0.5839960238568589 0.009375 0.010934393638170975
0 0.89609375 0.591948310139165 0.0171875 0.02286282306163022
0 0.85390625 0.5914512922465208 0.016145833333333335 0.017892644135188866
0 0.6875 0.5999005964214712 0.005208333333333333 0.02485089463220676
0 0.7747395833333334 0.5989065606361829 0.013020833333333334 0.010934393638170975
0 0.6184895833333334 0.6048707753479126 0.018229166666666668 0.016898608349900597
0 0.56171875 0.6098409542743539 0.005729166666666666 0.020874751491053677
0 0.8346354166666666 0.6252485089463221 0.009895833333333333 0.019880715705765408
0 0.8153645833333333 0.6322067594433399 0.011979166666666667 0.007952286282306162
0 0.8643229166666667 0.6496023856858847 0.0067708333333333336 0.020874751491053677
0 0.8580729166666666 0.6863817097415507 0.016145833333333335 0.016898608349900597
0 0.6864583333333333 0.6898608349900597 0.013541666666666667 0.011928429423459244
0 0.6796875 0.7181908548707754 0.0125 0.012922465208747515
0 0.6953125 0.7326043737574552 0.005208333333333333 0.02584493041749503
0 0.6078125 0.7326043737574552 0.010416666666666666 0.02186878727634195
0 0.6421875 0.7380715705765407 0.0125 0.018886679920477135
0 0.62578125 0.7440357852882704 0.0078125 0.0268389662027833
0 0.37890625 0.7554671968190855 0.008854166666666666 0.015904572564612324
0 0.56484375 0.7723658051689861 0.0234375 0.05168986083499006
0 0.12395833333333334 0.7634194831013916 0.009375 0.02584493041749503
0 0.6411458333333333 0.775844930417495 0.007291666666666667 0.020874751491053677
0 0.5916666666666667 0.7793240556660039 0.011458333333333333 0.013916500994035786
0 0.81171875 0.7912524850894632 0.011979166666666667 0.03180914512922465
0 0.7 0.7927435387673957 0.020833333333333332 0.0268389662027833
0 0.5447916666666667 0.8036779324055666 0.014583333333333334 0.02485089463220676
0 0.18125 0.81610337972167 0.011458333333333333 0.011928429423459244
0 0.9575520833333333 0.8255467196819085 0.0171875 0.02485089463220676
0 0.6677083333333333 0.8677932405566601 0.013541666666666667 0.027833001988071572
0 0.7669270833333334 0.8717693836978131 0.005729166666666666 0.027833001988071572
0 0.640625 0.8692842942345924 0.015625 0.008946322067594433
0 0.546875 0.8951292246520874 0.016666666666666666 0.020874751491053677
0 0.31692708333333336 0.8956262425447317 0.013020833333333334 0.013916500994035786
0 0.6572916666666667 0.9309145129224652 0.010416666666666666 0.032803180914512925
0 0.7419270833333333 0.9294234592445328 0.0109375 0.02186878727634195
0 0.5799479166666667 0.937375745526839 0.0067708333333333336 0.02385685884691849
0 0.59609375 0.9478131212723658 0.016145833333333335 0.036779324055666
0 0.7708333333333334 0.9438369781312127 0.017708333333333333 0.02485089463220676
0 0.6296875 0.952286282306163 0.011458333333333333 0.02982107355864811
0 0.6127604166666667 0.9507952286282306 0.013020833333333334 0.018886679920477135
0 0.5666666666666667 0.9612326043737575 0.009375 0.02186878727634195
0 0.41510416666666666 0.9691848906560636 0.005208333333333333 0.02385685884691849
0 0.58359375 0.9731610337972167 0.011979166666666667 0.027833001988071572
0 0.9307291666666667 0.9781312127236581 0.008333333333333333 0.02186878727634195
0 0.6674479166666667 0.989065606361829 0.0140625 0.019880715705765408
0 0.56171875 0.9920477137176938 0.0067708333333333336 0.013916500994035786