0 0.8895833333333333 0.011928429423459244 0.011458333333333333 0.02385685884691849
0 0.4635416666666667 0.007455268389662028 0.007291666666666667 0.014910536779324055
0 0.3953125 0.006958250497017893 0.015625 0.013916500994035786
0 0.3546875 0.014910536779324055 0.010416666666666666 0.02982107355864811
0 0.24947916666666667 0.003976143141153081 0.015625 0.007952286282306162
0 0.21848958333333332 0.01441351888667992 0.025520833333333333 0.02882703777335984
0 0.14921875 0.016401590457256462 0.028645833333333332 0.032803180914512925
0 0.11197916666666667 0.020377733598409543 0.029166666666666667 0.040755467196819085
0 0.7229166666666667 0.03628230616302187 0.011458333333333333 0.036779324055666
0 0.7776041666666667 0.02882703777335984 0.007291666666666667 0.013916500994035786
0 0.6901041666666666 0.04224652087475149 0.007291666666666667 0.032803180914512925
0 0.40208333333333335 0.05019880715705766 0.030208333333333334 0.032803180914512925
0 0.35260416666666666 0.04622266401590457 0.00625 0.020874751491053677
0 0.5177083333333333 0.06610337972166998 0.013541666666666667 0.036779324055666
0 0.15390625 0.06063618290258449 0.0203125 0.019880715705765408
0 0.22578125 0.07852882703777336 0.0171875 0.03777335984095427
0 0.5721354166666667 0.07852882703777336 0.011979166666666667 0.019880715705765408
0 0.17942708333333332 0.07902584493041749 0.009895833333333333 0.018886679920477135
0 0.81484375 0.09145129224652088 0.015104166666666667 0.027833001988071572
0 0.37135416666666665 0.09095427435387674 0.016666666666666666 0.0268389662027833
0 0.1609375 0.08797216699801193 0.014583333333333334 0.02286282306163022
0 0.5377604166666666 0.1058648111332008 0.0234375 0.040755467196819085
0 0.13515625 0.11332007952286283 0.015104166666666667 0.02186878727634195
0 0.4075520833333333 0.12276341948310139 0.0109375 0.016898608349900597
0 0.9049479166666666 0.12673956262425448 0.009895833333333333 0.020874751491053677
0 0.6135416666666667 0.147117296222664 0.017708333333333333 0.061630218687872766
0 0.16901041666666666 0.1317097415506958 0.0078125 0.012922465208747515
0 0.23333333333333334 0.14165009940357853 0.013541666666666667 0.02286282306163022
0 0.5760416666666667 0.15308151093439365 0.017708333333333333 0.03777335984095427
0 0.6322916666666667 0.1679920477137177 0.010416666666666666 0.041749502982107355
0 0.7989583333333333 0.16003976143141152 0.009375 0.02385685884691849
0 0.4265625 0.16202783300198806 0.011458333333333333 0.017892644135188866
0 0.92734375 0.17147117296222664 0.009895833333333333 0.012922465208747515
0 0.17057291666666666 0.18190854870775347 0.008854166666666666 0.02385685884691849
0 0.10052083333333334 0.1988071570576541 0.015625 0.04572564612326044
0 0.08932291666666667 0.21272365805168986 0.0171875 0.055666003976143144
0 0.4119791666666667 0.1963220675944334 0.009375 0.014910536779324055
0 0.12552083333333333 0.21868787276341947 0.013541666666666667 0.017892644135188866
0 0.8515625 0.22216699801192843 0.014583333333333334 0.020874751491053677
0 0.6861979166666666 0.23111332007952287 0.018229166666666668 0.0268389662027833
0 0.10442708333333334 0.24602385685884692 0.0140625 0.03876739562624255
0 0.0859375 0.24900596421471172 0.014583333333333334 0.016898608349900597
0 0.15442708333333333 0.2539761431411531 0.024479166666666666 0.02485089463220676
0 0.88203125 0.2678926441351889 0.024479166666666666 0.042743538767395624
0 0.23541666666666666 0.27087475149105367 0.01875 0.05069582504970179
0 0.925 0.26938369781312127 0.029166666666666667 0.02385685884691849
0 0.25625 0.28479125248508946 0.020833333333333332 0.04473161033797217
0 0.7927083333333333 0.2912524850894632 0.011458333333333333 0.02186878727634195
0 0.9447916666666667 0.30019880715705766 0.013541666666666667 0.02584493041749503
0 0.30703125 0.308648111332008 0.013020833333333334 0.042743538767395624
0 0.5354166666666667 0.308648111332008 0.008333333333333333 0.030815109343936383
0 0.3966145833333333 0.29970178926441354 0.015104166666666667 0.012922465208747515
0 0.058333333333333334 0.30069582504970177 0.015625 0.014910536779324055
0 0.32395833333333335 0.3106361829025845 0.007291666666666667 0.020874751491053677
0 0.4708333333333333 0.31809145129224653 0.01875 0.02186878727634195
0 0.9479166666666666 0.3205765407554672 0.009375 0.02286282306163022
0 0.0734375 0.32007952286282304 0.00625 0.02186878727634195
0 0.48828125 0.3215705765407555 0.013020833333333334 0.020874751491053677
0 0.88828125 0.33250497017892644 0.018229166666666668 0.02882703777335984
0 0.08723958333333333 0.3389662027833002 0.0171875 0.0437375745526839
0 0.7611979166666667 0.34343936381709744 0.008854166666666666 0.036779324055666
0 0.20286458333333332 0.33548707753479123 0.0067708333333333336 0.014910536779324055
0 0.6322916666666667 0.34244532803180916 0.021875 0.02286282306163022
0 0.28880208333333335 0.3513916500994036 0.009895833333333333 0.012922465208747515
0 0.10755208333333334 0.36381709741550694 0.018229166666666668 0.03777335984095427
0 0.5403645833333334 0.35934393638170975 0.009895833333333333 0.02286282306163022
0 0.19765625 0.3628230616302187 0.0067708333333333336 0.015904572564612324
0 0.5091145833333334 0.37226640159045726 0.008854166666666666 0.02882703777335984
0 0.0890625 0.3802186878727634 0.009375 0.0268389662027833
0 0.2984375 0.3827037773359841 0.023958333333333335 0.02385685884691849
0 0.47552083333333334 0.4140159045725646 0.008333333333333333 0.042743538767395624
0 0.8013020833333333 0.42147117296222664 0.028645833333333332 0.04970178926441352
0 0.22213541666666667 0.40457256461232605 0.009895833333333333 0.015904572564612324
0 0.6395833333333333 0.4194831013916501 0.017708333333333333 0.039761431411530816
0 0.10911458333333333 0.4110337972166998 0.0171875 0.016898608349900597
0 0.49713541666666666 0.4224652087475149 0.009895833333333333 0.03578528827037773
0 0.065625 0.4194831013916501 0.019791666666666666 0.013916500994035786
0 0.13802083333333334 0.4398608349900596 0.020833333333333332 0.02485089463220676
0 0.5635416666666667 0.4408548707753479 0.017708333333333333 0.012922465208747515
0 0.4609375 0.44980119284294234 0.017708333333333333 0.030815109343936383
0 0.109375 0.455765407554672 0.04583333333333333 0.040755467196819085
0 0.34791666666666665 0.45029821073558646 0.008333333333333333 0.02186878727634195
0 0.5223958333333333 0.4542743538767396 0.019791666666666666 0.027833001988071572
0 0.31640625 0.455765407554672 0.011979166666666667 0.02882703777335984
0 0.29270833333333335 0.44831013916500995 0.022916666666666665 0.015904572564612324
0 0.2578125 0.45129224652087474 0.009375 0.015904572564612324
0 0.33098958333333334 0.4507952286282306 0.016145833333333335 0.012922465208747515
0 0.26796875 0.452286282306163 0.0078125 0.011928429423459244
0 0.4895833333333333 0.4547713717693837 0.0125 0.010934393638170975
0 0.6026041666666667 0.46669980119284293 0.013541666666666667 0.018886679920477135
0 0.5684895833333333 0.474155069582505 0.008854166666666666 0.033797216699801194
0 0.37786458333333334 0.4945328031809145 0.03802083333333333 0.05666003976143141
0 0.6588541666666666 0.4835984095427435 0.0125 0.02485089463220676
0 0.0067708333333333336 0.4870775347912525 0.0125 0.02584493041749503
0 0.5859375 0.49204771371769385 0.014583333333333334 0.027833001988071572
0 0.6171875 0.49304174950298213 0.013541666666666667 0.02385685884691849
0 0.8372395833333334 0.49353876739562624 0.022395833333333334 0.020874751491053677
0 0.9622395833333334 0.4970178926441352 0.009895833333333333 0.017892644135188866
0 0.4549479166666667 0.5034791252485089 0.0067708333333333336 0.0268389662027833
0 0.43255208333333334 0.5019880715705766 0.0171875 0.02186878727634195
0 0.9096354166666667 0.5119284294234593 0.016145833333333335 0.03578528827037773
0 0.5 0.5059642147117296 0.022916666666666665 0.02385685884691849
0 0.5955729166666667 0.5154075546719682 0.0109375 0.03479125248508946
0 0.3541666666666667 0.5188866799204771 0.007291666666666667 0.013916500994035786
0 0.18723958333333332 0.5288270377733598 0.019270833333333334 0.017892644135188866
0 0.69296875 0.5452286282306164 0.013020833333333334 0.02882703777335984
0 0.39609375 0.5462226640159046 0.009895833333333333 0.030815109343936383
0 0.35260416666666666 0.5437375745526839 0.009375 0.02385685884691849
0 0.4515625 0.5556660039761432 0.029166666666666667 0.039761431411530816
0 0.9276041666666667 0.5501988071570576 0.011458333333333333 0.010934393638170975
0 0.28229166666666666 0.5646123260437376 0.019791666666666666 0.03777335984095427
0 0.017447916666666667 0.5546719681908548 0.0140625 0.017892644135188866
0 0.014583333333333334 0.56610337972167 0.028125 0.02286282306163022
0 0.15546875 0.5675944333996024 0.0140625 0.02385685884691849
0 0.9020833333333333 0.5646123260437376 0.009375 0.013916500994035786
0 0.55390625 0.5830019880715706 0.016145833333333335 0.04671968190854871
0 0.7861979166666667 0.5750497017892644 0.019270833333333334 0.02485089463220676
0 0.5638020833333334 0.577037773359841 0.009895833333333333 0.0268389662027833
0 0.7447916666666666 0.584493041749503 0.017708333333333333 0.02186878727634195
0 0.5973958333333333 0.6078528827037774 0.025 0.06660039761431412
0 0.98515625 0.5904572564612326 0.0140625 0.02186878727634195
0 0.27005208333333336 0.5899602385685885 0.005729166666666666 0.020874751491053677
0 0.8903645833333333 0.5939363817097415 0.0078125 0.020874751491053677
0 0.0125 0.6187872763419483 0.023958333333333335 0.0705765407554672
0 0.9052083333333333 0.5964214711729622 0.007291666666666667 0.017892644135188866
0 0.6481770833333333 0.5984095427435387 0.018229166666666668 0.019880715705765408
0 0.6197916666666666 0.6088469184890656 0.01875 0.020874751491053677
0 0.54921875 0.6053677932405567 0.009895833333333333 0.015904572564612324
0 0.3924479166666667 0.6043737574552683 0.009895833333333333 0.013916500994035786
0 0.4356770833333333 0.6292246520874751 0.024479166666666666 0.0536779324055666
0 0.2833333333333333 0.6187872763419483 0.026041666666666668 0.02882703777335984
0 0.9911458333333333 0.6207753479125249 0.017708333333333333 0.02882703777335984
0 0.9682291666666667 0.6257455268389662 0.013541666666666667 0.030815109343936383
0 0.53828125 0.6307157057654076 0.0203125 0.042743538767395624
0 0.016927083333333332 0.6346918489065606 0.024479166666666666 0.042743538767395624
0 0.565625 0.6322067594433399 0.021875 0.03180914512922465
0 0.24609375 0.6262425447316103 0.0109375 0.02186878727634195
0 0.5135416666666667 0.6376739562624254 0.017708333333333333 0.02882703777335984
0 0.22291666666666668 0.6515904572564613 0.017708333333333333 0.042743538767395624
0 0.68828125 0.643141153081511 0.016145833333333335 0.017892644135188866
0 0.7901041666666667 0.6491053677932406 0.014583333333333334 0.027833001988071572
0 0.11223958333333334 0.6436381709741551 0.0140625 0.016898608349900597
0 0.99140625 0.6476143141153081 0.0171875 0.012922465208747515
0 0.0390625 0.6505964214711729 0.013541666666666667 0.012922465208747515
0 0.58671875 0.6540755467196819 0.016145833333333335 0.017892644135188866
0 0.020833333333333332 0.6610337972166997 0.011458333333333333 0.017892644135188866
0 0.0049479166666666664 0.6600397614314115 0.008854166666666666 0.017892644135188866
0 0.5236979166666667 0.6625248508946322 0.0046875 0.018886679920477135
0 0.19973958333333333 0.6645129224652088 0.0078125 0.020874751491053677
0 0.56796875 0.6754473161033797 0.0203125 0.03876739562624255
0 0.06041666666666667 0.6625248508946322 0.007291666666666667 0.014910536779324055
0 0.9825520833333333 0.6809145129224652 0.025520833333333333 0.04771371769383698
0 0.50078125 0.6669980119284294 0.013020833333333334 0.015904572564612324
0 0.2578125 0.668986083499006 0.007291666666666667 0.015904572564612324
0 0.9955729166666667 0.6973161033797217 0.008854166666666666 0.06858846918489066
0 0.6317708333333333 0.6699801192842942 0.0125 0.011928429423459244
0 0.41380208333333335 0.6893638170974155 0.0171875 0.04473161033797217
0 0.03333333333333333 0.6769383697813122 0.007291666666666667 0.019880715705765408
0 0.2838541666666667 0.6764413518886679 0.008333333333333333 0.012922465208747515
0 0.21197916666666666 0.6829025844930418 0.005208333333333333 0.019880715705765408
0 0.6348958333333333 0.6963220675944334 0.00625 0.03876739562624255
0 0.5002604166666667 0.6853876739562624 0.0109375 0.014910536779324055
0 0.10859375 0.6858846918489065 0.018229166666666668 0.017892644135188866
0 0.234375 0.6903578528827038 0.0125 0.012922465208747515
0 0.15234375 0.6958250497017893 0.025520833333333333 0.02186878727634195
0 0.01953125 0.7201789264413518 0.03802083333333333 0.06461232604373758
0 0.18932291666666667 0.705765407554672 0.0046875 0.033797216699801194
0 0.6591145833333333 0.7082504970178927 0.019270833333333334 0.016898608349900597
0 0.5989583333333334 0.7122266401590457 0.008333333333333333 0.020874751491053677
0 0.2359375 0.7147117296222664 0.008333333333333333 0.017892644135188866
0 0.1171875 0.7236580516898609 0.016666666666666666 0.03777335984095427
0 0.9544270833333334 0.713220675944334 0.011979166666666667 0.010934393638170975
0 0.06953125 0.7251491053677932 0.016145833333333335 0.032803180914512925
0 0.35520833333333335 0.7395626242544732 0.0125 0.0536779324055666
0 0.21640625 0.7291252485089463 0.0140625 0.030815109343936383
0 0.42109375 0.7490059642147118 0.021354166666666667 0.05666003976143141
0 0.5765625 0.7345924453280318 0.009375 0.02186878727634195
0 0.5026041666666666 0.7335984095427436 0.0125 0.019880715705765408
0 0.10546875 0.742544731610338 0.0140625 0.03777335984095427
0 0.93359375 0.7400596421471173 0.0078125 0.02286282306163022
0 0.5565104166666667 0.7350894632206759 0.015104166666666667 0.012922465208747515
0 0.5877604166666667 0.7450298210735586 0.008854166666666666 0.02485089463220676
0 0.23541666666666666 0.7629224652087475 0.021875 0.05467196819085487
0 0.6997395833333333 0.7579522862823062 0.0140625 0.03876739562624255
0 0.004166666666666667 0.7524850894632207 0.007291666666666667 0.011928429423459244
0 0.6666666666666666 0.7599403578528827 0.021875 0.020874751491053677
0 0.5703125 0.7857852882703777 0.022916666666666665 0.06063618290258449
0 0.49765625 0.7688866799204771 0.0234375 0.02485089463220676
0 0.13411458333333334 0.7654075546719682 0.009895833333333333 0.011928429423459244
0 0.5427083333333333 0.7718687872763419 0.009375 0.02286282306163022
0 0.6390625 0.7713717693836978 0.008333333333333333 0.013916500994035786
0 0.5895833333333333 0.7842942345924453 0.013541666666666667 0.011928429423459244
0 0.07369791666666667 0.7907554671968191 0.0078125 0.016898608349900597
0 0.9484375 0.7917495029821073 0.010416666666666666 0.014910536779324055
0 0.48098958333333336 0.827037773359841 0.009895833333333333 0.05765407554671968
0 0.9833333333333333 0.8151093439363817 0.0125 0.02982107355864811
0 0.6640625 0.8170974155069582 0.008333333333333333 0.02982107355864811
0 0.9744791666666667 0.8245526838966203 0.016666666666666666 0.02286282306163022
0 0.35130208333333335 0.8334990059642147 0.0203125 0.016898608349900597
0 0.5635416666666667 0.8339960238568589 0.009375 0.013916500994035786
0 0.007291666666666667 0.8414512922465208 0.013541666666666667 0.0268389662027833
0 0.6776041666666667 0.8444333996023857 0.013541666666666667 0.0268389662027833
0 0.5763020833333333 0.8404572564612326 0.0109375 0.018886679920477135
0 0.3338541666666667 0.8464214711729622 0.007291666666666667 0.0268389662027833
0 0.7247395833333333 0.8573558648111332 0.0171875 0.04473161033797217
0 0.6989583333333333 0.8538767395626242 0.01875 0.02982107355864811
0 0.98203125 0.8513916500994035 0.0078125 0.018886679920477135
0 0.06536458333333334 0.8533797216699801 0.0109375 0.02286282306163022
0 0.8364583333333333 0.8598409542743539 0.016666666666666666 0.03180914512922465
0 0.76953125 0.8742544731610338 0.033854166666666664 0.040755467196819085
0 0.21223958333333334 0.8757455268389662 0.022395833333333334 0.03777335984095427
0 0.92578125 0.8658051689860835 0.0109375 0.011928429423459244
0 0.09114583333333333 0.8772365805168986 0.01875 0.02485089463220676
0 0.5317708333333333 0.8846918489065606 0.011458333333333333 0.033797216699801194
0 0.17682291666666666 0.878727634194831 0.005729166666666666 0.017892644135188866
0 0.8424479166666666 0.8951292246520874 0.030729166666666665 0.030815109343936383
0 0.91015625 0.9035785288270378 0.016145833333333335 0.041749502982107355
0 0.6958333333333333 0.8991053677932406 0.019791666666666666 0.03479125248508946
0 0.25729166666666664 0.9090457256461233 0.023958333333333335 0.05268389662027833
0 0.67109375 0.9060636182902585 0.015104166666666667 0.042743538767395624
0 0.00625 0.8976143141153081 0.011458333333333333 0.02584493041749503
0 0.14791666666666667 0.8991053677932406 0.007291666666666667 0.016898608349900597
0 0.5223958333333333 0.9179920477137177 0.016666666666666666 0.04671968190854871
0 0.05026041666666667 0.911530815109344 0.008854166666666666 0.011928429423459244
0 0.53359375 0.9165009940357853 0.008854166666666666 0.013916500994035786
0 0.019791666666666666 0.9194831013916501 0.013541666666666667 0.011928429423459244
0 0.5760416666666667 0.9244532803180915 0.019791666666666666 0.017892644135188866
0 0.5473958333333333 0.9333996023856859 0.022916666666666665 0.027833001988071572
0 0.0703125 0.9348906560636183 0.014583333333333334 0.020874751491053677
0 0.0828125 0.9532803180914513 0.010416666666666666 0.02385685884691849
0 0.80625 0.952286282306163 0.015625 0.015904572564612324
0 0.04401041666666667 0.9532803180914513 0.016145833333333335 0.015904572564612324
0 0.10494791666666667 0.9582504970178927 0.013020833333333334 0.02186878727634195
0 0.9669270833333333 0.9567594433399602 0.0078125 0.010934393638170975
0 0.5130208333333334 0.9612326043737575 0.01875 0.015904572564612324
0 0.8325520833333333 0.9776341948310139 0.018229166666666668 0.042743538767395624
0 0.55078125 0.9716699801192843 0.019270833333333334 0.030815109343936383
0 0.15416666666666667 0.9821073558648111 0.009375 0.033797216699801194
0 0.43046875 0.98558648111332 0.0109375 0.0268389662027833
0 0.06015625 0.9786282306163022 0.0171875 0.012922465208747515
0 0.10286458333333333 0.9860834990059643 0.0078125 0.02584493041749503
0 0.03697916666666667 0.9806163021868787 0.022916666666666665 0.012922465208747515
0 0.6841145833333333 0.9850894632206759 0.0171875 0.017892644135188866
0 0.5166666666666667 0.9920477137176938 0.0125 0.013916500994035786
0 0.4473958333333333 0.9930417495029821 0.016666666666666666 0.011928429423459244
0 0.8455729166666667 0.9940357852882704 0.0140625 0.009940357852882704