0 0.3619791666666667 0.015407554671968192 0.008333333333333333 0.030815109343936383
0 0.74296875 0.0054671968190854875 0.0140625 0.010934393638170975
0 0.81640625 0.010437375745526839 0.009895833333333333 0.020874751491053677
0 0.5278645833333333 0.016898608349900597 0.0078125 0.015904572564612324
0 0.016927083333333332 0.02286282306163022 0.011979166666666667 0.02385685884691849
0 0.9484375 0.030815109343936383 0.026041666666666668 0.027833001988071572
0 0.21432291666666667 0.03628230616302187 0.013020833333333334 0.0268389662027833
0 0.259375 0.04224652087475149 0.007291666666666667 0.036779324055666
0 0.33307291666666666 0.033797216699801194 0.022395833333333334 0.013916500994035786
0 0.7979166666666667 0.04721669980119284 0.028125 0.02286282306163022
0 0.03671875 0.0536779324055666 0.016145833333333335 0.02186878727634195
0 0.52578125 0.06759443339960239 0.021354166666666667 0.02584493041749503
0 0.6234375 0.09343936381709742 0.00625 0.011928429423459244
0 0.9065104166666667 0.10685884691848907 0.0171875 0.03876739562624255
0 0.006510416666666667 0.11332007952286283 0.013020833333333334 0.039761431411530816
0 0.9658854166666667 0.110337972166998 0.015104166666666667 0.033797216699801194
0 0.675 0.1058648111332008 0.007291666666666667 0.020874751491053677
0 0.65078125 0.12326043737574553 0.0203125 0.02584493041749503
0 0.3338541666666667 0.1555666003976143 0.029166666666666667 0.040755467196819085
0 0.49375 0.1550695825049702 0.014583333333333334 0.017892644135188866
0 0.31197916666666664 0.1749502982107356 0.014583333333333334 0.03777335984095427
0 0.7893229166666667 0.17992047713717693 0.0203125 0.02982107355864811
0 0.9252604166666667 0.18538767395626243 0.030729166666666665 0.03876739562624255
0 0.3333333333333333 0.18737574552683897 0.007291666666666667 0.012922465208747515
0 0.2791666666666667 0.20328031809145128 0.036458333333333336 0.036779324055666
0 0.3171875 0.20377733598409542 0.007291666666666667 0.019880715705765408
0 0.4239583333333333 0.21272365805168986 0.010416666666666666 0.02982107355864811
0 0.8783854166666667 0.22415506958250497 0.0109375 0.02286282306163022
0 0.3546875 0.2301192842942346 0.013541666666666667 0.02882703777335984
0 0.8885416666666667 0.2360834990059642 0.009375 0.016898608349900597
0 0.59453125 0.23856858846918488 0.0234375 0.017892644135188866
0 0.99296875 0.24701789264413518 0.013020833333333334 0.03479125248508946
0 0.7119791666666667 0.2639165009940358 0.020833333333333332 0.04671968190854871
0 0.20572916666666666 0.27286282306163023 0.013541666666666667 0.032803180914512925
0 0.22760416666666666 0.2798210735586481 0.013541666666666667 0.02286282306163022
0 0.024479166666666666 0.2882703777335984 0.022916666666666665 0.03777335984095427
0 0.31796875 0.28628230616302186 0.0171875 0.02982107355864811
0 0.30078125 0.28677932405566603 0.015104166666666667 0.02485089463220676
0 0.121875 0.2962226640159046 0.014583333333333334 0.039761431411530816
0 0.13541666666666666 0.28330019880715707 0.007291666666666667 0.011928429423459244
0 0.66328125 0.2927435387673956 0.0203125 0.02485089463220676
0 0.39921875 0.30069582504970177 0.018229166666666668 0.036779324055666
0 0.63671875 0.2967196819085487 0.0234375 0.0268389662027833
0 0.35078125 0.2982107355864811 0.0109375 0.013916500994035786
0 0.9953125 0.3101391650099404 0.008333333333333333 0.017892644135188866
0 0.20130208333333333 0.3334990059642147 0.013020833333333334 0.05268389662027833
0 0.4375 0.3240556660039761 0.009375 0.027833001988071572
0 0.14036458333333332 0.32007952286282304 0.009895833333333333 0.017892644135188866
0 0.22734375 0.34095427435387676 0.0109375 0.04771371769383698
0 0.2890625 0.3384691848906561 0.0125 0.042743538767395624
0 0.5838541666666667 0.3374751491053678 0.017708333333333333 0.03876739562624255
0 0.2557291666666667 0.36083499005964215 0.013541666666666667 0.041749502982107355
0 0.6104166666666667 0.3533797216699801 0.015625 0.02286282306163022
0 0.37395833333333334 0.36381709741550694 0.008333333333333333 0.02982107355864811
0 0.38229166666666664 0.3573558648111332 0.00625 0.014910536779324055
0 0.5440104166666667 0.36530815109343934 0.008854166666666666 0.02286282306163022
0 0.40078125 0.3658051689860835 0.011979166666666667 0.019880715705765408
0 0.4484375 0.39165009940357853 0.010416666666666666 0.033797216699801194
0 0.6171875 0.38817097415506957 0.022916666666666665 0.0268389662027833
0 0.8278645833333333 0.40357852882703776 0.0234375 0.033797216699801194
0 0.41328125 0.3996023856858847 0.008854166666666666 0.02186878727634195
0 0.3072916666666667 0.40407554671968193 0.010416666666666666 0.02286282306163022
0 0.8739583333333333 0.42147117296222664 0.017708333333333333 0.04970178926441352
0 0.2747395833333333 0.43290258449304175 0.0109375 0.040755467196819085
0 0.17994791666666668 0.43290258449304175 0.0109375 0.030815109343936383
0 0.09583333333333334 0.441351888667992 0.021875 0.02186878727634195
0 0.4166666666666667 0.44831013916500995 0.014583333333333334 0.02385685884691849
0 0.49244791666666665 0.46272365805168986 0.021354166666666667 0.03876739562624255
0 0.6846354166666667 0.4602385685884692 0.027604166666666666 0.03180914512922465
0 0.80390625 0.46222664015904574 0.015104166666666667 0.03578528827037773
0 0.39010416666666664 0.46073558648111335 0.0125 0.02286282306163022
0 0.15989583333333332 0.46819085487077533 0.025 0.017892644135188866
0 0.23151041666666666 0.49801192842942343 0.022395833333333334 0.0437375745526839
0 0.41510416666666666 0.4875745526838966 0.010416666666666666 0.02286282306163022
0 0.08177083333333333 0.49502982107355864 0.020833333333333332 0.02584493041749503
0 0.9041666666666667 0.5069582504970179 0.029166666666666667 0.041749502982107355
0 0.8828125 0.5079522862823062 0.014583333333333334 0.02385685884691849
0 0.27291666666666664 0.5293240556660039 0.01875 0.030815109343936383
0 0.20885416666666667 0.5357852882703777 0.0125 0.03180914512922465
0 0.35390625 0.5278330019880716 0.0171875 0.011928429423459244
0 0.0609375 0.5452286282306164 0.014583333333333334 0.036779324055666
0 0.9703125 0.5427435387673957 0.016666666666666666 0.02982107355864811
0 0.34140625 0.5646123260437376 0.024479166666666666 0.06560636182902585
0 0.10885416666666667 0.5576540755467196 0.01875 0.027833001988071572
0 0.4434895833333333 0.5621272365805169 0.0109375 0.02286282306163022
0 0.19583333333333333 0.5670974155069582 0.01875 0.02286282306163022
0 0.7059895833333333 0.5894632206759444 0.013020833333333334 0.04771371769383698
0 0.39010416666666664 0.5909542743538767 0.009375 0.0268389662027833
0 0.2015625 0.5974155069582505 0.005208333333333333 0.03180914512922465
0 0.5520833333333334 0.5994035785288271 0.015625 0.02385685884691849
0 0.17786458333333333 0.6138170974155069 0.0265625 0.018886679920477135
0 0.35911458333333335 0.6366799204771372 0.0203125 0.036779324055666
0 0.4552083333333333 0.6426441351888668 0.017708333333333333 0.0268389662027833
0 0.14583333333333334 0.6500994035785288 0.022916666666666665 0.03180914512922465
0 0.7442708333333333 0.6496023856858847 0.022916666666666665 0.0268389662027833
0 0.51875 0.6530815109343936 0.015625 0.02982107355864811
0 0.68359375 0.6535785288270378 0.016145833333333335 0.020874751491053677
0 0.3346354166666667 0.6645129224652088 0.0171875 0.02882703777335984
0 0.12213541666666666 0.6848906560636183 0.027604166666666666 0.02584493041749503
0 0.41901041666666666 0.6898608349900597 0.011979166666666667 0.03777335984095427
0 0.37552083333333336 0.687375745526839 0.0125 0.020874751491053677
0 0.34427083333333336 0.6953280318091452 0.0125 0.020874751491053677
0 0.184375 0.702286282306163 0.023958333333333335 0.020874751491053677
0 0.40729166666666666 0.7092445328031809 0.011458333333333333 0.03479125248508946
0 0.49973958333333335 0.7077534791252486 0.0109375 0.011928429423459244
0 0.49114583333333334 0.7276341948310139 0.015625 0.03777335984095427
0 0.7184895833333333 0.7291252485089463 0.0203125 0.0268389662027833
0 0.3625 0.7311133200795229 0.010416666666666666 0.02485089463220676
0 0.3359375 0.75 0.01875 0.032803180914512925
0 0.390625 0.7480119284294234 0.020833333333333332 0.02286282306163022
0 0.42916666666666664 0.7524850894632207 0.022916666666666665 0.015904572564612324
0 0.35494791666666664 0.7624254473161034 0.005729166666666666 0.015904572564612324
0 0.8307291666666666 0.7773359840954275 0.020833333333333332 0.033797216699801194
0 0.14010416666666667 0.7798210735586482 0.008333333333333333 0.03479125248508946
0 0.34453125 0.7713717693836978 0.009895833333333333 0.015904572564612324
0 0.38723958333333336 0.8076540755467196 0.030729166666666665 0.06660039761431412
0 0.47109375 0.7937375745526839 0.0203125 0.03876739562624255
0 0.61484375 0.790258449304175 0.025520833333333333 0.027833001988071572
0 0.5645833333333333 0.8006958250497018 0.025 0.016898608349900597
0 0.32734375 0.8026838966202783 0.013020833333333334 0.016898608349900597
0 0.22916666666666666 0.8111332007952287 0.014583333333333334 0.027833001988071572
0 0.5973958333333333 0.8240556660039762 0.009375 0.03180914512922465
0 0.42682291666666666 0.8295228628230616 0.019270833333333334 0.02485089463220676
0 0.9458333333333333 0.8389662027833003 0.014583333333333334 0.04572564612326044
0 0.23125 0.8508946322067594 0.028125 0.06560636182902585
0 0.6169270833333333 0.8399602385685885 0.018229166666666668 0.015904572564612324
0 0.36692708333333335 0.8464214711729622 0.013020833333333334 0.02485089463220676
0 0.44192708333333336 0.8533797216699801 0.011979166666666667 0.020874751491053677
0 0.26276041666666666 0.8747514910536779 0.0109375 0.04572564612326044
0 0.83359375 0.871272365805169 0.0265625 0.03479125248508946
0 0.7791666666666667 0.8906560636182903 0.021875 0.027833001988071572
0 0.2786458333333333 0.8996023856858847 0.008333333333333333 0.02385685884691849
0 0.4161458333333333 0.9040755467196819 0.01875 0.020874751491053677
0 0.4005208333333333 0.9244532803180915 0.014583333333333334 0.03578528827037773
0 0.43411458333333336 0.9199801192842942 0.011979166666666667 0.02286282306163022
0 0.04140625 0.9289264413518886 0.009895833333333333 0.014910536779324055
0 0.5020833333333333 0.9443339960238568 0.009375 0.0437375745526839
0 0.3768229166666667 0.9488071570576541 0.009895833333333333 0.02485089463220676
0 0.3489583333333333 0.967196819085487 0.0125 0.02385685884691849
0 0.24661458333333333 0.9706759443339961 0.0078125 0.0268389662027833
0 0.044270833333333336 0.9662027833001988 0.015625 0.013916500994035786
0 0.1765625 0.9721669980119284 0.014583333333333334 0.02186878727634195
0 0.48333333333333334 0.9766401590457257 0.017708333333333333 0.014910536779324055
0 0.18958333333333333 0.9786282306163022 0.011458333333333333 0.010934393638170975