0 0.8393229166666667 0.030815109343936383 0.0140625 0.009940357852882704
0 0.54921875 0.041749502982107355 0.015104166666666667 0.015904572564612324
0 0.6630208333333333 0.055168986083499 0.00625 0.030815109343936383
0 0.45625 0.05715705765407555 0.008333333333333333 0.032803180914512925
0 0.5703125 0.07256461232604373 0.016666666666666666 0.019880715705765408
0 0.3736979166666667 0.09443339960238568 0.0046875 0.027833001988071572
0 0.6958333333333333 0.09145129224652088 0.013541666666666667 0.013916500994035786
0 0.86875 0.10785288270377734 0.008333333333333333 0.032803180914512925
0 0.44036458333333334 0.11630218687872763 0.0078125 0.02584493041749503
0 0.7229166666666667 0.1172962226640159 0.015625 0.02186878727634195
0 0.8619791666666666 0.13817097415506957 0.010416666666666666 0.015904572564612324
0 0.6796875 0.15904572564612326 0.008333333333333333 0.033797216699801194
0 0.5864583333333333 0.18190854870775347 0.0125 0.027833001988071572
0 0.53828125 0.17743538767395625 0.008854166666666666 0.018886679920477135
0 0.7346354166666667 0.18439363817097415 0.009895833333333333 0.010934393638170975
0 0.50859375 0.20974155069582506 0.011979166666666667 0.019880715705765408
0 0.8466145833333333 0.21620278330019882 0.0140625 0.014910536779324055
0 0.33541666666666664 0.22813121272365805 0.010416666666666666 0.0268389662027833
0 0.6153645833333333 0.2629224652087475 0.011979166666666667 0.010934393638170975
0 0.7783854166666667 0.31262425447316106 0.005729166666666666 0.0268389662027833
0 0.3828125 0.3101391650099404 0.022916666666666665 0.017892644135188866
0 0.06067708333333333 0.32803180914512925 0.013020833333333334 0.027833001988071572
0 0.7927083333333333 0.3240556660039761 0.015625 0.009940357852882704
0 0.19609375 0.33548707753479123 0.009895833333333333 0.010934393638170975
0 0.42421875 0.3553677932405567 0.0171875 0.0268389662027833
0 0.29192708333333334 0.3682902584493042 0.015104166666666667 0.030815109343936383
0 0.47552083333333334 0.3836978131212724 0.0125 0.041749502982107355
0 0.42135416666666664 0.3782306163021869 0.00625 0.02485089463220676
0 0.09765625 0.3871769383697813 0.015104166666666667 0.02286282306163022
0 0.32760416666666664 0.38916500994035785 0.009375 0.012922465208747515
0 0.6484375 0.39363817097415504 0.011458333333333333 0.013916500994035786
0 0.48359375 0.4125248508946322 0.028645833333333332 0.04970178926441352
0 0.9236979166666667 0.40904572564612324 0.013020833333333334 0.040755467196819085
0 0.725 0.4125248508946322 0.014583333333333334 0.027833001988071572
0 0.5447916666666667 0.4025844930417495 0.014583333333333334 0.007952286282306162
0 0.7682291666666666 0.4165009940357853 0.01875 0.02584493041749503
0 0.9138020833333333 0.4194831013916501 0.008854166666666666 0.02982107355864811
0 0.5630208333333333 0.43439363817097415 0.015625 0.011928429423459244
0 0.6002604166666666 0.441351888667992 0.0109375 0.015904572564612324
0 0.61953125 0.4507952286282306 0.008854166666666666 0.018886679920477135
0 0.35390625 0.44980119284294234 0.0109375 0.016898608349900597
0 0.52421875 0.452286282306163 0.0109375 0.017892644135188866
0 0.6549479166666666 0.4726640159045726 0.028645833333333332 0.048707753479125246
0 0.5455729166666666 0.46669980119284293 0.005729166666666666 0.0268389662027833
0 0.44869791666666664 0.4731610337972167 0.015104166666666667 0.015904572564612324
0 0.3651041666666667 0.518389662027833 0.014583333333333334 0.016898608349900597
0 0.33046875 0.5417495029821073 0.0067708333333333336 0.019880715705765408
0 0.21015625 0.5591451292246521 0.013020833333333334 0.036779324055666
0 0.5091145833333334 0.55168986083499 0.009895833333333333 0.019880715705765408
0 0.49322916666666666 0.5546719681908548 0.0125 0.019880715705765408
0 0.55 0.5621272365805169 0.011458333333333333 0.030815109343936383
0 0.19817708333333334 0.558648111332008 0.0078125 0.02385685884691849
0 0.8177083333333334 0.5546719681908548 0.0125 0.009940357852882704
0 0.08619791666666667 0.5675944333996024 0.011979166666666667 0.033797216699801194
0 0.4828125 0.5775347912524851 0.008333333333333333 0.02385685884691849
0 0.6177083333333333 0.5889662027833003 0.0125 0.008946322067594433
0 0.33984375 0.5959244532803181 0.009895833333333333 0.018886679920477135
0 0.49895833333333334 0.6053677932405567 0.007291666666666667 0.03180914512922465
0 0.46484375 0.6038767395626242 0.0171875 0.018886679920477135
0 0.121875 0.6058648111332008 0.009375 0.014910536779324055
0 0.9997395833333333 0.6267395626242545 0.0005208333333333333 0.05268389662027833
0 0.571875 0.6163021868787276 0.007291666666666667 0.02584493041749503
0 0.6486979166666667 0.6123260437375746 0.0140625 0.011928429423459244
0 0.18177083333333333 0.6272365805168986 0.014583333333333334 0.041749502982107355
0 0.6572916666666667 0.6247514910536779 0.021875 0.02286282306163022
0 0.5161458333333333 0.6351888667992047 0.007291666666666667 0.02982107355864811
0 0.5317708333333333 0.6446322067594433 0.015625 0.0268389662027833
0 0.315625 0.6525844930417495 0.01875 0.03876739562624255
0 0.8494791666666667 0.6530815109343936 0.023958333333333335 0.02186878727634195
0 0.6018229166666667 0.6500994035785288 0.0109375 0.007952286282306162
0 0.25859375 0.6600397614314115 0.0140625 0.02584493041749503
0 0.28151041666666665 0.6669980119284294 0.0140625 0.02584493041749503
0 0.578125 0.6674950298210736 0.007291666666666667 0.018886679920477135
0 0.47890625 0.6665009940357853 0.0078125 0.016898608349900597
0 0.8677083333333333 0.6853876739562624 0.011458333333333333 0.042743538767395624
0 0.6471354166666666 0.6774353876739563 0.021354166666666667 0.0268389662027833
0 0.721875 0.6749502982107356 0.015625 0.019880715705765408
0 0.5630208333333333 0.6739562624254473 0.008333333333333333 0.015904572564612324
0 0.19739583333333333 0.6774353876739563 0.007291666666666667 0.016898608349900597
0 0.5703125 0.6978131212723658 0.005208333333333333 0.027833001988071572
0 0.5932291666666667 0.7017892644135189 0.00625 0.027833001988071572
0 0.47708333333333336 0.6938369781312127 0.015625 0.013916500994035786
0 0.46458333333333335 0.7137176938369781 0.017708333333333333 0.015904572564612324
0 0.5416666666666666 0.713220675944334 0.019791666666666666 0.012922465208747515
0 0.5127604166666667 0.7321073558648111 0.0234375 0.04473161033797217
0 0.8549479166666667 0.7301192842942346 0.015104166666666667 0.020874751491053677
0 0.6588541666666666 0.7370775347912525 0.021875 0.020874751491053677
0 0.48828125 0.7375745526838966 0.015104166666666667 0.011928429423459244
0 0.2640625 0.7455268389662028 0.010416666666666666 0.017892644135188866
0 0.6645833333333333 0.7599403578528827 0.021875 0.016898608349900597
0 0.3255208333333333 0.7614314115308151 0.013541666666666667 0.009940357852882704
0 0.35104166666666664 0.7629224652087475 0.013541666666666667 0.008946322067594433
0 0.6447916666666667 0.7897614314115308 0.014583333333333334 0.03479125248508946
0 0.61171875 0.7882703777335984 0.011979166666666667 0.027833001988071572
0 0.54140625 0.790258449304175 0.0046875 0.02584493041749503
0 0.59140625 0.8036779324055666 0.0171875 0.020874751491053677
0 0.7231770833333333 0.797713717693837 0.013020833333333334 0.006958250497017893
0 0.96015625 0.8101391650099403 0.0067708333333333336 0.015904572564612324
0 0.95 0.812624254473161 0.00625 0.014910536779324055
0 0.6291666666666667 0.8185884691848907 0.008333333333333333 0.02286282306163022
0 0.4635416666666667 0.8180914512922465 0.015625 0.017892644135188866
0 0.7096354166666666 0.8240556660039762 0.0140625 0.019880715705765408
0 0.078125 0.845427435387674 0.014583333333333334 0.04473161033797217
0 0.62890625 0.8399602385685885 0.0171875 0.015904572564612324
0 0.121875 0.8494035785288271 0.011458333333333333 0.0268389662027833
0 0.6127604166666667 0.8508946322067594 0.0078125 0.02584493041749503
0 0.7278645833333334 0.8518886679920478 0.018229166666666668 0.019880715705765408
0 0.49973958333333335 0.8653081510934394 0.019270833333333334 0.020874751491053677
0 0.5833333333333334 0.8697813121272365 0.010416666666666666 0.02186878727634195
0 0.5619791666666667 0.8692842942345924 0.009375 0.010934393638170975
0 0.6791666666666667 0.8841948310139165 0.007291666666666667 0.02882703777335984
0 0.049479166666666664 0.8777335984095428 0.010416666666666666 0.015904572564612324
0 0.2234375 0.8926441351888668 0.010416666666666666 0.02584493041749503
0 0.94765625 0.8996023856858847 0.0109375 0.03578528827037773
0 0.63828125 0.8936381709741551 0.0171875 0.017892644135188866
0 0.73515625 0.8936381709741551 0.0140625 0.013916500994035786
0 0.30833333333333335 0.8941351888667992 0.015625 0.014910536779324055
0 0.9908854166666666 0.9160039761431411 0.018229166666666668 0.05069582504970179
0 0.6244791666666667 0.9224652087475149 0.016666666666666666 0.02584493041749503
0 0.9744791666666667 0.9289264413518886 0.010416666666666666 0.0268389662027833
0 0.3984375 0.9224652087475149 0.007291666666666667 0.013916500994035786
0 0.48932291666666666 0.9348906560636183 0.021354166666666667 0.03479125248508946
0 0.38828125 0.9398608349900597 0.013020833333333334 0.02286282306163022
0 0.24479166666666666 0.9423459244532804 0.00625 0.02982107355864811
0 0.3065104166666667 0.9507952286282306 0.0078125 0.032803180914512925
0 0.9596354166666666 0.9547713717693836 0.0140625 0.020874751491053677
0 0.9934895833333334 0.9627236580516899 0.013020833333333334 0.032803180914512925
0 0.778125 0.9806163021868787 0.017708333333333333 0.036779324055666
0 0.88046875 0.9716699801192843 0.019270833333333334 0.014910536779324055
0 0.5080729166666667 0.9726640159045725 0.018229166666666668 0.010934393638170975
0 0.9973958333333334 0.9880715705765407 0.005208333333333333 0.013916500994035786