0 0.25833333333333336 0.22266401590457258 0.009375 0.017892644135188866
0 0.32734375 0.2967196819085487 0.008854166666666666 0.02882703777335984
0 0.684375 0.5288270377733598 0.011458333333333333 0.017892644135188866
0 0.23307291666666666 0.6048707753479126 0.008854166666666666 0.02286282306163022
0 0.4119791666666667 0.7415506958250497 0.010416666666666666 0.017892644135188866
0 0.18932291666666667 0.7549701789264414 0.015104166666666667 0.016898608349900597
0 0.2825520833333333 0.8106361829025845 0.0171875 0.02286282306163022
0 0.37916666666666665 0.8404572564612326 0.007291666666666667 0.036779324055666
0 0.3921875 0.9433399602385686 0.011458333333333333 0.02584493041749503
0 0.35520833333333335 0.9443339960238568 0.009375 0.007952286282306162
0 0.07291666666666667 0.9706759443339961 0.0125 0.014910536779324055
0 0.3924479166666667 0.9910536779324056 0.0078125 0.015904572564612324
0 0.40338541666666666 0.9930417495029821 0.008854166666666666 0.011928429423459244