0 0.06875 0.003976143141153081 0.0125 0.007952286282306162
0 0.08411458333333334 0.017892644135188866 0.027604166666666666 0.03578528827037773
0 0.13046875 0.007455268389662028 0.018229166666666668 0.014910536779324055
0 0.1796875 0.010437375745526839 0.022916666666666665 0.020874751491053677
0 0.425 0.010437375745526839 0.014583333333333334 0.020874751491053677
0 0.5307291666666667 0.017892644135188866 0.007291666666666667 0.03578528827037773
0 0.40963541666666664 0.01441351888667992 0.015104166666666667 0.018886679920477135
0 0.60234375 0.019880715705765408 0.019270833333333334 0.027833001988071572
0 0.26145833333333335 0.020874751491053677 0.007291666666666667 0.019880715705765408
0 0.39921875 0.0268389662027833 0.016145833333333335 0.013916500994035786
0 0.27395833333333336 0.03628230616302187 0.015625 0.020874751491053677
0 0.16145833333333334 0.05019880715705766 0.014583333333333334 0.032803180914512925
0 0.43333333333333335 0.04771371769383698 0.011458333333333333 0.02584493041749503
0 0.17864583333333334 0.045228628230616304 0.00625 0.012922465208747515
0 0.39088541666666665 0.055666003976143144 0.0140625 0.02385685884691849
0 0.28932291666666665 0.059145129224652086 0.009895833333333333 0.0268389662027833
0 0.41171875 0.073558648111332 0.019270833333333334 0.02584493041749503
0 0.4361979166666667 0.08399602385685885 0.019270833333333334 0.020874751491053677
0 0.49453125 0.11779324055666004 0.011979166666666667 0.042743538767395624
0 0.41484375 0.110337972166998 0.0078125 0.019880715705765408
0 0.19296875 0.13369781312127235 0.027604166666666666 0.04473161033797217
0 0.2677083333333333 0.13320079522862824 0.0125 0.02584493041749503
0 0.35833333333333334 0.1426441351888668 0.017708333333333333 0.02882703777335984
0 0.5270833333333333 0.15705765407554673 0.010416666666666666 0.02584493041749503
0 0.26197916666666665 0.1694831013916501 0.013541666666666667 0.042743538767395624
0 0.2765625 0.16003976143141152 0.015625 0.019880715705765408
0 0.31614583333333335 0.15805168986083498 0.008333333333333333 0.015904572564612324
0 0.29609375 0.16650099403578528 0.018229166666666668 0.0268389662027833
0 0.49557291666666664 0.16401590457256462 0.022395833333333334 0.017892644135188866
0 0.63046875 0.16550695825049702 0.018229166666666668 0.02286282306163022
0 0.0033854166666666668 0.17196819085487078 0.0067708333333333336 0.02186878727634195
0 0.20364583333333333 0.18190854870775347 0.0125 0.039761431411530816
0 0.7489583333333333 0.18687872763419483 0.017708333333333333 0.03180914512922465
0 0.30703125 0.1878727634194831 0.022395833333333334 0.03180914512922465
0 0.6598958333333333 0.19433399602385687 0.020833333333333332 0.03479125248508946
0 0.9622395833333334 0.1893638170974155 0.016145833333333335 0.02286282306163022
0 0.18203125 0.19135188866799205 0.013020833333333334 0.020874751491053677
0 0.21875 0.18886679920477137 0.010416666666666666 0.017892644135188866
0 0.375 0.20974155069582506 0.023958333333333335 0.02385685884691849
0 0.47421875 0.2062624254473161 0.0171875 0.010934393638170975
0 0.70234375 0.21222664015904572 0.021354166666666667 0.020874751491053677
0 0.5369791666666667 0.21272365805168986 0.016666666666666666 0.013916500994035786
0 0.10078125 0.2191848906560636 0.013020833333333334 0.02286282306163022
0 0.15989583333333332 0.2430417495029821 0.015625 0.042743538767395624
0 0.2734375 0.24502982107355864 0.015625 0.03479125248508946
0 0.8625 0.24950298210735586 0.014583333333333334 0.03777335984095427
0 0.9924479166666667 0.24055666003976142 0.0140625 0.019880715705765408
0 0.43046875 0.23906560636182903 0.015104166666666667 0.014910536779324055
0 0.1796875 0.24652087475149106 0.017708333333333333 0.02186878727634195
0 0.24505208333333334 0.2485089463220676 0.021354166666666667 0.02186878727634195
0 0.37447916666666664 0.25347912524850896 0.008333333333333333 0.03180914512922465
0 0.32447916666666665 0.28677932405566603 0.015625 0.04473161033797217
0 0.12239583333333333 0.29174950298210733 0.010416666666666666 0.02485089463220676
0 0.9890625 0.29721669980119286 0.0125 0.02584493041749503
0 0.47265625 0.30019880715705766 0.0171875 0.02186878727634195
0 0.2484375 0.31709741550695825 0.030208333333333334 0.041749502982107355
0 0.5036458333333333 0.3205765407554672 0.015625 0.03876739562624255
0 0.4783854166666667 0.33399602385685884 0.021354166666666667 0.041749502982107355
0 0.0067708333333333336 0.3230616302186879 0.010416666666666666 0.015904572564612324
0 0.6401041666666667 0.3503976143141153 0.020833333333333332 0.042743538767395624
0 0.07552083333333333 0.3518886679920477 0.0125 0.03578528827037773
0 0.38125 0.35984095427435386 0.014583333333333334 0.04771371769383698
0 0.14375 0.35685884691848907 0.03854166666666667 0.039761431411530816
0 0.2911458333333333 0.3533797216699801 0.022916666666666665 0.032803180914512925
0 0.037760416666666664 0.36381709741550694 0.0203125 0.041749502982107355
0 0.61875 0.3658051689860835 0.009375 0.03578528827037773
0 0.7036458333333333 0.3956262425447316 0.025 0.02982107355864811
0 0.33359375 0.40159045725646125 0.0078125 0.033797216699801194
0 0.4744791666666667 0.3996023856858847 0.01875 0.02385685884691849
0 0.008072916666666667 0.4150099403578529 0.016145833333333335 0.048707753479125246
0 0.38385416666666666 0.3996023856858847 0.022916666666666665 0.017892644135188866
0 0.25234375 0.40656063618290256 0.022395833333333334 0.027833001988071572
0 0.5471354166666667 0.4095427435387674 0.005729166666666666 0.027833001988071572
0 0.6033854166666667 0.4165009940357853 0.021354166666666667 0.041749502982107355
0 0.85546875 0.40755467196819084 0.0109375 0.019880715705765408
0 0.8416666666666667 0.42296222664015903 0.00625 0.030815109343936383
0 0.19088541666666667 0.41451292246520877 0.0140625 0.009940357852882704
0 0.46822916666666664 0.4294234592445328 0.015625 0.03578528827037773
0 0.42265625 0.4304174950298211 0.018229166666666668 0.033797216699801194
0 0.20703125 0.4254473161033797 0.015104166666666667 0.015904572564612324
0 0.9552083333333333 0.43737574552683894 0.011458333333333333 0.03578528827037773
0 0.30494791666666665 0.43141153081510936 0.013020833333333334 0.02186878727634195
0 0.6723958333333333 0.43737574552683894 0.007291666666666667 0.033797216699801194
0 0.259375 0.44532803180914515 0.01875 0.04572564612326044
0 0.050520833333333334 0.4363817097415507 0.011458333333333333 0.02385685884691849
0 0.09427083333333333 0.4403578528827038 0.015625 0.02982107355864811
0 0.18333333333333332 0.4398608349900596 0.00625 0.030815109343936383
0 0.43307291666666664 0.44980119284294234 0.0171875 0.032803180914512925
0 0.89375 0.4418489065606362 0.01875 0.014910536779324055
0 0.03723958333333333 0.4542743538767396 0.009895833333333333 0.027833001988071572
0 0.6359375 0.4537773359840954 0.021875 0.012922465208747515
0 0.11640625 0.46570576540755465 0.0140625 0.032803180914512925
0 0.36614583333333334 0.4701789264413519 0.010416666666666666 0.0437375745526839
0 0.34036458333333336 0.46222664015904574 0.0171875 0.017892644135188866
0 0.5484375 0.4696819085487077 0.022916666666666665 0.02286282306163022
0 0.2794270833333333 0.48956262425447317 0.005729166666666666 0.032803180914512925
0 0.32421875 0.4835984095427435 0.016145833333333335 0.016898608349900597
0 0.5276041666666667 0.51441351888668 0.009375 0.0705765407554672
0 0.4583333333333333 0.4995029821073559 0.017708333333333333 0.016898608349900597
0 0.3046875 0.5129224652087475 0.010416666666666666 0.03578528827037773
0 0.50390625 0.5069582504970179 0.008854166666666666 0.02186878727634195
0 0.74765625 0.5119284294234593 0.016145833333333335 0.02385685884691849
0 0.3625 0.5188866799204771 0.019791666666666666 0.02186878727634195
0 0.06744791666666666 0.5243538767395626 0.0109375 0.02882703777335984
0 0.5513020833333333 0.5372763419483101 0.016145833333333335 0.05069582504970179
0 0.39947916666666666 0.5253479125248509 0.013541666666666667 0.018886679920477135
0 0.5104166666666666 0.5278330019880716 0.00625 0.013916500994035786
0 0.6005208333333333 0.5273359840954275 0.014583333333333334 0.014910536779324055
0 0.36666666666666664 0.5387673956262425 0.017708333333333333 0.019880715705765408
0 0.44921875 0.5387673956262425 0.025520833333333333 0.017892644135188866
0 0.6802083333333333 0.5382703777335984 0.014583333333333334 0.006958250497017893
0 0.09348958333333333 0.5566600397614314 0.025520833333333333 0.039761431411530816
0 0.47265625 0.5546719681908548 0.008854166666666666 0.03777335984095427
0 0.64453125 0.5521868787276342 0.005729166666666666 0.02882703777335984
0 0.11744791666666667 0.5740556660039762 0.0234375 0.04473161033797217
0 0.17526041666666667 0.5695825049701789 0.009895833333333333 0.02584493041749503
0 0.36796875 0.5685884691848907 0.009895833333333333 0.019880715705765408
0 0.0484375 0.5675944333996024 0.00625 0.015904572564612324
0 0.4973958333333333 0.5780318091451292 0.009375 0.036779324055666
0 0.6341145833333334 0.5820079522862823 0.0265625 0.036779324055666
0 0.24088541666666666 0.5864811133200796 0.008854166666666666 0.039761431411530816
0 0.20677083333333332 0.5849900596421471 0.014583333333333334 0.02882703777335984
0 0.6796875 0.584493041749503 0.025 0.02385685884691849
0 0.16536458333333334 0.5904572564612326 0.0046875 0.027833001988071572
0 0.3645833333333333 0.5894632206759444 0.01875 0.019880715705765408
0 0.3333333333333333 0.5999005964214712 0.009375 0.02882703777335984
0 0.5065104166666666 0.606858846918489 0.005729166666666666 0.03876739562624255
0 0.39765625 0.6003976143141153 0.005729166666666666 0.019880715705765408
0 0.2604166666666667 0.6177932405566601 0.013541666666666667 0.05268389662027833
0 0.05390625 0.6023856858846919 0.0067708333333333336 0.017892644135188866
0 0.8494791666666667 0.602882703777336 0.016666666666666666 0.016898608349900597
0 0.29973958333333334 0.6038767395626242 0.005729166666666666 0.016898608349900597
0 0.11432291666666666 0.6123260437375746 0.016145833333333335 0.02982107355864811
0 0.42109375 0.6088469184890656 0.0171875 0.020874751491053677
0 0.14166666666666666 0.6182902584493042 0.011458333333333333 0.02186878727634195
0 0.5645833333333333 0.6177932405566601 0.021875 0.020874751491053677
0 0.496875 0.6257455268389662 0.013541666666666667 0.02286282306163022
0 0.09765625 0.6292246520874751 0.013020833333333334 0.02186878727634195
0 0.31302083333333336 0.6322067594433399 0.010416666666666666 0.02186878727634195
0 0.32890625 0.6441351888667992 0.0171875 0.041749502982107355
0 0.528125 0.6461232604373758 0.022916666666666665 0.04572564612326044
0 0.9458333333333333 0.6406560636182903 0.016666666666666666 0.03479125248508946
0 0.36276041666666664 0.6371769383697813 0.0109375 0.019880715705765408
0 0.6651041666666667 0.6739562624254473 0.021875 0.08349900596421471
0 0.8731770833333333 0.643141153081511 0.016145833333333335 0.02186878727634195
0 0.04895833333333333 0.6540755467196819 0.030208333333333334 0.041749502982107355
0 0.47994791666666664 0.6456262425447317 0.013020833333333334 0.014910536779324055
0 0.5502604166666667 0.6560636182902585 0.0140625 0.033797216699801194
0 0.1015625 0.647117296222664 0.0125 0.009940357852882704
0 0.6182291666666667 0.668986083499006 0.030208333333333334 0.0536779324055666
0 0.43697916666666664 0.6595427435387674 0.010416666666666666 0.032803180914512925
0 0.022135416666666668 0.6525844930417495 0.013020833333333334 0.014910536779324055
0 0.3140625 0.6575546719681908 0.019791666666666666 0.018886679920477135
0 0.68515625 0.6888667992047713 0.0140625 0.061630218687872766
0 0.5947916666666667 0.6734592445328031 0.0125 0.02485089463220676
0 0.65390625 0.6684890656063618 0.009895833333333333 0.012922465208747515
0 0.7026041666666667 0.7092445328031809 0.007291666666666667 0.040755467196819085
0 0.5596354166666667 0.7037773359840954 0.013020833333333334 0.015904572564612324
0 0.38958333333333334 0.7032803180914513 0.0125 0.012922465208747515
0 0.7677083333333333 0.7142147117296223 0.027083333333333334 0.02485089463220676
0 0.6166666666666667 0.7176938369781312 0.011458333333333333 0.015904572564612324
0 0.128125 0.73558648111332 0.013541666666666667 0.04771371769383698
0 0.19817708333333334 0.7276341948310139 0.0140625 0.015904572564612324
0 0.09270833333333334 0.7301192842942346 0.016666666666666666 0.012922465208747515
0 0.17005208333333333 0.7400596421471173 0.0109375 0.032803180914512925
0 0.6684895833333333 0.7301192842942346 0.018229166666666668 0.014910536779324055
0 0.5864583333333333 0.7380715705765407 0.00625 0.0268389662027833
0 0.2916666666666667 0.7509940357852882 0.017708333333333333 0.036779324055666
0 0.41328125 0.7470178926441352 0.005729166666666666 0.02882703777335984
0 0.68671875 0.7415506958250497 0.018229166666666668 0.017892644135188866
0 0.4557291666666667 0.7415506958250497 0.008333333333333333 0.009940357852882704
0 0.3958333333333333 0.7579522862823062 0.017708333333333333 0.036779324055666
0 0.46796875 0.7529821073558648 0.015104166666666667 0.014910536779324055
0 0.484375 0.7584493041749503 0.00625 0.02385685884691849
0 0.012239583333333333 0.7554671968190855 0.005729166666666666 0.013916500994035786
0 0.37890625 0.768389662027833 0.016145833333333335 0.03578528827037773
0 0.890625 0.7688866799204771 0.017708333333333333 0.03479125248508946
0 0.6153645833333333 0.7703777335984096 0.0046875 0.03180914512922465
0 0.5419270833333333 0.7738568588469185 0.0171875 0.02485089463220676
0 0.19661458333333334 0.775844930417495 0.011979166666666667 0.02286282306163022
0 0.5966145833333333 0.790258449304175 0.0109375 0.02982107355864811
0 0.47734375 0.7982107355864811 0.011979166666666667 0.041749502982107355
0 0.023177083333333334 0.8001988071570576 0.021354166666666667 0.03777335984095427
0 0.17916666666666667 0.7937375745526839 0.009375 0.0268389662027833
0 0.3419270833333333 0.8021868787276342 0.0067708333333333336 0.039761431411530816
0 0.6596354166666667 0.794234592445328 0.0171875 0.019880715705765408
0 0.20703125 0.8001988071570576 0.015104166666666667 0.027833001988071572
0 0.8239583333333333 0.7957256461232605 0.017708333333333333 0.016898608349900597
0 0.68828125 0.805168986083499 0.0140625 0.033797216699801194
0 0.09296875 0.8210735586481114 0.0328125 0.05964214711729622
0 0.50078125 0.8056660039761432 0.015104166666666667 0.02882703777335984
0 0.225 0.8021868787276342 0.017708333333333333 0.019880715705765408
0 0.25546875 0.80168986083499 0.0203125 0.018886679920477135
0 0.7088541666666667 0.8046719681908548 0.014583333333333334 0.020874751491053677
0 0.6252604166666667 0.8056660039761432 0.0067708333333333336 0.016898608349900597
0 0.6572916666666667 0.8240556660039762 0.009375 0.03180914512922465
0 0.3640625 0.8190854870775348 0.00625 0.017892644135188866
0 0.4440104166666667 0.8225646123260437 0.0171875 0.02286282306163022
0 0.21484375 0.8245526838966203 0.0046875 0.020874751491053677
0 0.6294270833333333 0.8245526838966203 0.008854166666666666 0.018886679920477135
0 0.38645833333333335 0.8290258449304175 0.009375 0.02385685884691849
0 0.5674479166666667 0.8265407554671969 0.021354166666666667 0.016898608349900597
0 0.0067708333333333336 0.8285288270377733 0.013541666666666667 0.014910536779324055
0 0.4 0.8290258449304175 0.0125 0.009940357852882704
0 0.5169270833333334 0.8469184890656064 0.011979166666666667 0.02584493041749503
0 0.6708333333333333 0.8459244532803181 0.008333333333333333 0.015904572564612324
0 0.15208333333333332 0.8484095427435387 0.010416666666666666 0.016898608349900597
0 0.5026041666666666 0.8633200795228628 0.01875 0.040755467196819085
0 0.005989583333333334 0.8658051689860835 0.011979166666666667 0.02186878727634195
0 0.10390625 0.8598409542743539 0.016145833333333335 0.009940357852882704
0 0.47239583333333335 0.8692842942345924 0.008333333333333333 0.010934393638170975
0 0.06927083333333334 0.8802186878727635 0.01875 0.0268389662027833
0 0.6286458333333333 0.8817097415506958 0.01875 0.02584493041749503
0 0.3768229166666667 0.8841948310139165 0.0109375 0.0268389662027833
0 0.5888020833333333 0.8861829025844931 0.0078125 0.030815109343936383
0 0.21119791666666668 0.8861829025844931 0.008854166666666666 0.02882703777335984
0 0.27265625 0.8812127236580517 0.008854166666666666 0.018886679920477135
0 0.6716145833333333 0.8926441351888668 0.034895833333333334 0.03180914512922465
0 0.25052083333333336 0.893141153081511 0.013541666666666667 0.02485089463220676
0 0.14869791666666668 0.9010934393638171 0.009895833333333333 0.02882703777335984
0 0.3888020833333333 0.9070576540755467 0.0171875 0.03876739562624255
0 0.40651041666666665 0.9090457256461233 0.0109375 0.040755467196819085
0 0.46588541666666666 0.9040755467196819 0.015104166666666667 0.030815109343936383
0 0.06041666666666667 0.9030815109343936 0.00625 0.012922465208747515
0 0.340625 0.915506958250497 0.011458333333333333 0.039761431411530816
0 0.24791666666666667 0.9090457256461233 0.007291666666666667 0.012922465208747515
0 0.3515625 0.915506958250497 0.008333333333333333 0.017892644135188866
0 0.0036458333333333334 0.9259443339960238 0.007291666666666667 0.03479125248508946
0 0.6643229166666667 0.9249502982107356 0.013020833333333334 0.030815109343936383
0 0.20989583333333334 0.9289264413518886 0.01875 0.0268389662027833
0 0.36822916666666666 0.9294234592445328 0.020833333333333332 0.019880715705765408
0 0.2677083333333333 0.9383697813121272 0.015625 0.02982107355864811
0 0.10130208333333333 0.9319085487077535 0.0140625 0.012922465208747515
0 0.15677083333333333 0.941351888667992 0.015625 0.02982107355864811
0 0.6322916666666667 0.9473161033797217 0.009375 0.0437375745526839
0 0.059895833333333336 0.9463220675944334 0.008333333333333333 0.02584493041749503
0 0.13619791666666667 0.9468190854870775 0.0109375 0.020874751491053677
0 0.38776041666666666 0.94831013916501 0.008854166666666666 0.02186878727634195
0 0.6651041666666667 0.9592445328031809 0.016666666666666666 0.015904572564612324
0 0.64609375 0.9761431411530815 0.016145833333333335 0.04572564612326044
0 0.07109375 0.9622266401590457 0.008854166666666666 0.013916500994035786
0 0.2864583333333333 0.9746520874751491 0.014583333333333334 0.036779324055666
0 0.3377604166666667 0.9776341948310139 0.0140625 0.042743538767395624
0 0.4401041666666667 0.9681908548707754 0.027083333333333334 0.02385685884691849
0 0.3033854166666667 0.9701789264413518 0.009895833333333333 0.02584493041749503
0 0.21041666666666667 0.9761431411530815 0.01875 0.033797216699801194
0 0.18671875 0.9840954274353877 0.019270833333333334 0.02982107355864811
0 0.39791666666666664 0.9831013916500994 0.01875 0.02584493041749503
0 0.009895833333333333 0.9850894632206759 0.019791666666666666 0.027833001988071572
0 0.0734375 0.9850894632206759 0.0125 0.027833001988071572
0 0.4734375 0.9870775347912525 0.009375 0.02385685884691849
0 0.36015625 0.9880715705765407 0.018229166666666668 0.02186878727634195
0 0.6984375 0.98558648111332 0.00625 0.014910536779324055
0 0.45651041666666664 0.9935387673956262 0.0140625 0.010934393638170975