0 0.740625 0.01143141153081511 0.015625 0.02286282306163022
0 0.9546875 0.009443339960238568 0.015625 0.018886679920477135
0 0.9197916666666667 0.017892644135188866 0.010416666666666666 0.017892644135188866
0 0.40572916666666664 0.029324055666003976 0.011458333333333333 0.02286282306163022
0 0.4427083333333333 0.05467196819085487 0.019791666666666666 0.02982107355864811
0 0.9234375 0.053180914512922464 0.040625 0.02882703777335984
0 0.7140625 0.06560636182902585 0.015625 0.019880715705765408
0 0.515625 0.06660039761431412 0.009375 0.015904572564612324
0 0.7234375 0.10188866799204771 0.016666666666666666 0.032803180914512925
0 0.8302083333333333 0.10139165009940358 0.009375 0.019880715705765408
0 0.7596354166666667 0.11630218687872763 0.011979166666666667 0.011928429423459244
0 0.8984375 0.12375745526838966 0.014583333333333334 0.018886679920477135
0 0.10182291666666667 0.12922465208747516 0.0109375 0.015904572564612324
0 0.9596354166666666 0.15159045725646123 0.019270833333333334 0.06063618290258449
0 0.08958333333333333 0.139662027833002 0.015625 0.030815109343936383
0 0.71171875 0.1426441351888668 0.013020833333333334 0.018886679920477135
0 0.9877604166666667 0.19383697813121273 0.0234375 0.019880715705765408
0 0.8473958333333333 0.1988071570576541 0.011458333333333333 0.015904572564612324
0 0.8903645833333333 0.23260437375745527 0.009895833333333333 0.02584493041749503
0 0.7015625 0.2554671968190855 0.00625 0.02584493041749503
0 0.6645833333333333 0.2614314115308151 0.004166666666666667 0.015904572564612324
0 0.85546875 0.2649105367793241 0.015104166666666667 0.020874751491053677
0 0.7830729166666667 0.27335984095427435 0.013020833333333334 0.011928429423459244
0 0.9729166666666667 0.2828031809145129 0.00625 0.014910536779324055
0 0.2526041666666667 0.30417495029821073 0.00625 0.02982107355864811
0 0.9890625 0.30467196819085485 0.020833333333333332 0.030815109343936383
0 0.7247395833333333 0.37326043737574555 0.03697916666666667 0.036779324055666
0 0.9408854166666667 0.378727634194831 0.015104166666666667 0.02982107355864811
0 0.7739583333333333 0.3812127236580517 0.010416666666666666 0.0268389662027833
0 0.8713541666666667 0.3851888667992048 0.009375 0.02286282306163022
0 0.7046875 0.38618290258449306 0.008333333333333333 0.020874751491053677
0 0.509375 0.4070576540755467 0.013541666666666667 0.0268389662027833
0 0.7669270833333334 0.4115308151093439 0.0078125 0.02186878727634195
0 0.46953125 0.41451292246520877 0.0078125 0.017892644135188866
0 0.9677083333333333 0.42147117296222664 0.0125 0.02584493041749503
0 0.8098958333333334 0.4254473161033797 0.0125 0.013916500994035786
0 0.7791666666666667 0.43439363817097415 0.007291666666666667 0.02186878727634195
0 0.8606770833333334 0.45029821073558646 0.034895833333333334 0.0437375745526839
0 0.9473958333333333 0.4408548707753479 0.017708333333333333 0.020874751491053677
0 0.8947916666666667 0.47664015904572565 0.030208333333333334 0.03876739562624255
0 0.6723958333333333 0.481610337972167 0.015625 0.04473161033797217
0 0.31536458333333334 0.47763419483101394 0.019270833333333334 0.02485089463220676
0 0.8377604166666667 0.48956262425447317 0.0203125 0.020874751491053677
0 0.64140625 0.4885685884691849 0.0171875 0.016898608349900597
0 0.7776041666666667 0.5094433399602386 0.014583333333333334 0.012922465208747515
0 0.21015625 0.5372763419483101 0.0078125 0.016898608349900597
0 0.9494791666666667 0.5511928429423459 0.016666666666666666 0.030815109343936383
0 0.83203125 0.5591451292246521 0.0067708333333333336 0.02485089463220676
0 0.96484375 0.5730616302186878 0.0140625 0.02286282306163022
0 0.88515625 0.5825049701789264 0.0046875 0.02982107355864811
0 0.6184895833333334 0.5815109343936382 0.016145833333333335 0.013916500994035786
0 0.7799479166666666 0.6232604373757455 0.015104166666666667 0.015904572564612324
0 0.55390625 0.6312127236580517 0.008854166666666666 0.015904572564612324
0 0.7799479166666666 0.6535785288270378 0.0067708333333333336 0.0268389662027833
0 0.7143229166666667 0.6645129224652088 0.009895833333333333 0.02286282306163022
0 0.6291666666666667 0.6660039761431411 0.0125 0.019880715705765408
0 0.7822916666666667 0.6858846918489065 0.009375 0.019880715705765408
0 0.8393229166666667 0.6968190854870775 0.0078125 0.027833001988071572
0 0.8645833333333334 0.6978131212723658 0.009375 0.02385685884691849
0 0.9252604166666667 0.7181908548707754 0.028645833333333332 0.04671968190854871
0 0.28177083333333336 0.7152087475149106 0.009375 0.032803180914512925
0 0.6895833333333333 0.7137176938369781 0.00625 0.02186878727634195
0 0.8911458333333333 0.7162027833001988 0.016666666666666666 0.020874751491053677
0 0.6932291666666667 0.7504970178926441 0.014583333333333334 0.041749502982107355
0 0.6513020833333333 0.742544731610338 0.011979166666666667 0.02385685884691849
0 0.765625 0.7385685884691849 0.013541666666666667 0.015904572564612324
0 0.6234375 0.7539761431411531 0.010416666666666666 0.032803180914512925
0 0.6744791666666666 0.7470178926441352 0.011458333333333333 0.012922465208747515
0 0.10286458333333333 0.7753479125248509 0.018229166666666668 0.05168986083499006
0 0.12760416666666666 0.7753479125248509 0.009375 0.033797216699801194
0 0.7020833333333333 0.7748508946322068 0.005208333333333333 0.030815109343936383
0 0.5809895833333333 0.775844930417495 0.0203125 0.020874751491053677
0 0.6375 0.7773359840954275 0.013541666666666667 0.017892644135188866
0 0.8041666666666667 0.7887673956262425 0.017708333333333333 0.03479125248508946
0 0.8408854166666667 0.7862823061630219 0.015104166666666667 0.02584493041749503
0 0.6510416666666666 0.790258449304175 0.007291666666666667 0.02385685884691849
0 0.7114583333333333 0.7912524850894632 0.009375 0.019880715705765408
0 0.35546875 0.7877733598409543 0.0140625 0.010934393638170975
0 0.82734375 0.8046719681908548 0.0109375 0.02485089463220676
0 0.80703125 0.8250497017892644 0.0140625 0.027833001988071572
0 0.4466145833333333 0.8404572564612326 0.0078125 0.020874751491053677
0 0.7190104166666667 0.841948310139165 0.0109375 0.02186878727634195
0 0.22421875 0.8424453280318092 0.016145833333333335 0.018886679920477135
0 0.4578125 0.8479125248508946 0.007291666666666667 0.019880715705765408
0 0.6455729166666667 0.8553677932405567 0.016145833333333335 0.018886679920477135
0 0.8091145833333333 0.8573558648111332 0.0171875 0.010934393638170975
0 0.04973958333333333 0.8717693836978131 0.019270833333333334 0.02385685884691849
0 0.20859375 0.8832007952286283 0.016145833333333335 0.040755467196819085
0 0.77734375 0.8832007952286283 0.009895833333333333 0.020874751491053677
0 0.47578125 0.9065606361829026 0.016145833333333335 0.02584493041749503
0 0.13098958333333333 0.922962226640159 0.019270833333333334 0.020874751491053677
0 0.79375 0.9363817097415507 0.008333333333333333 0.03777335984095427
0 0.8638020833333333 0.9368787276341949 0.0067708333333333336 0.02882703777335984
0 0.5630208333333333 0.9453280318091452 0.030208333333333334 0.03180914512922465
0 0.7013020833333333 0.9532803180914513 0.0171875 0.017892644135188866
0 0.53984375 0.9582504970178927 0.0078125 0.007952286282306162
0 0.56875 0.9691848906560636 0.005208333333333333 0.03180914512922465
0 0.81171875 0.9756461232604374 0.0078125 0.032803180914512925
0 0.49166666666666664 0.9781312127236581 0.015625 0.02584493041749503
0 0.11614583333333334 0.9806163021868787 0.010416666666666666 0.008946322067594433
0 0.5309895833333333 0.9880715705765407 0.008854166666666666 0.02186878727634195