0 0.17682291666666666 0.003976143141153081 0.0109375 0.007952286282306162
0 0.17473958333333334 0.02882703777335984 0.008854166666666666 0.02982107355864811
0 0.9463541666666667 0.02982107355864811 0.009375 0.02982107355864811
0 0.89609375 0.02982107355864811 0.0067708333333333336 0.02385685884691849
0 0.9130208333333333 0.031312127236580514 0.007291666666666667 0.010934393638170975
0 0.04348958333333333 0.042743538767395624 0.008854166666666666 0.019880715705765408
0 0.75703125 0.040755467196819085 0.0171875 0.013916500994035786
0 0.5497395833333333 0.07256461232604373 0.0109375 0.03777335984095427
0 0.7671875 0.0621272365805169 0.011458333333333333 0.016898608349900597
0 0.7369791666666666 0.06510934393638171 0.007291666666666667 0.016898608349900597
0 0.7791666666666667 0.0705765407554672 0.007291666666666667 0.011928429423459244
0 0.1921875 0.11530815109343936 0.017708333333333333 0.03777335984095427
0 0.796875 0.11630218687872763 0.0125 0.02584493041749503
0 0.8955729166666667 0.12922465208747516 0.013020833333333334 0.03777335984095427
0 0.2328125 0.13916500994035785 0.011458333333333333 0.041749502982107355
0 0.46796875 0.12922465208747516 0.013020833333333334 0.017892644135188866
0 0.978125 0.13618290258449303 0.009375 0.027833001988071572
0 0.93046875 0.176441351888668 0.0203125 0.02882703777335984
0 0.9763020833333333 0.17246520874751492 0.0140625 0.018886679920477135
0 0.196875 0.1878727634194831 0.014583333333333334 0.03180914512922465
0 0.23880208333333333 0.21570576540755468 0.024479166666666666 0.0437375745526839
0 0.0033854166666666668 0.23856858846918488 0.0067708333333333336 0.011928429423459244
0 0.59453125 0.2599403578528827 0.0046875 0.030815109343936383
0 0.3841145833333333 0.2659045725646123 0.009895833333333333 0.0268389662027833
0 0.020833333333333332 0.2768389662027833 0.009375 0.0268389662027833
0 0.7109375 0.2698807157057654 0.00625 0.012922465208747515
0 0.8932291666666666 0.28429423459244535 0.023958333333333335 0.02982107355864811
0 0.31953125 0.294234592445328 0.0078125 0.04572564612326044
0 0.8940104166666667 0.3245526838966203 0.015104166666666667 0.030815109343936383
0 0.6028645833333334 0.3190854870775348 0.0140625 0.013916500994035786
0 0.4986979166666667 0.3349900596421471 0.008854166666666666 0.03180914512922465
0 0.7986979166666667 0.34940357852882703 0.0046875 0.03479125248508946
0 0.5776041666666667 0.3518886679920477 0.014583333333333334 0.03578528827037773
0 0.94921875 0.3558648111332008 0.0067708333333333336 0.013916500994035786
0 0.19661458333333334 0.39314115308151093 0.013020833333333334 0.012922465208747515
0 0.99140625 0.4194831013916501 0.013020833333333334 0.02982107355864811
0 0.5479166666666667 0.4209741550695825 0.008333333333333333 0.016898608349900597
0 0.84921875 0.42992047713717696 0.008854166666666666 0.018886679920477135
0 0.38385416666666666 0.43538767395626243 0.0125 0.02186878727634195
0 0.23828125 0.44582504970178927 0.0067708333333333336 0.032803180914512925
0 0.8221354166666667 0.4567594433399602 0.0140625 0.016898608349900597
0 0.4627604166666667 0.4850894632206759 0.0296875 0.039761431411530816
0 0.2546875 0.470675944333996 0.010416666666666666 0.008946322067594433
0 0.5044270833333333 0.481610337972167 0.009895833333333333 0.030815109343936383
0 0.0036458333333333334 0.4915506958250497 0.007291666666666667 0.04671968190854871
0 0.7432291666666667 0.4960238568588469 0.025 0.02186878727634195
0 0.36796875 0.5034791252485089 0.0067708333333333336 0.030815109343936383
0 0.16484375 0.5149105367793241 0.005729166666666666 0.017892644135188866
0 0.2669270833333333 0.5134194831013916 0.008854166666666666 0.010934393638170975
0 0.3497395833333333 0.5268389662027833 0.0046875 0.02584493041749503
0 0.5283854166666667 0.5313121272365805 0.011979166666666667 0.016898608349900597
0 0.44869791666666664 0.5308151093439364 0.019270833333333334 0.013916500994035786
0 0.61875 0.5323061630218688 0.008333333333333333 0.014910536779324055
0 0.37135416666666665 0.5417495029821073 0.009375 0.027833001988071572
0 0.5169270833333334 0.5432405566600398 0.0067708333333333336 0.012922465208747515
0 0.671875 0.5492047713717694 0.017708333333333333 0.016898608349900597
0 0.3768229166666667 0.5611332007952287 0.0067708333333333336 0.02485089463220676
0 0.41458333333333336 0.5536779324055666 0.010416666666666666 0.009940357852882704
0 0.3921875 0.570079522862823 0.016666666666666666 0.030815109343936383
0 0.4513020833333333 0.5849900596421471 0.0203125 0.06262425447316103
0 0.4283854166666667 0.562624254473161 0.0109375 0.011928429423459244
0 0.47213541666666664 0.5710735586481114 0.0046875 0.0268389662027833
0 0.5692708333333333 0.5815109343936382 0.008333333333333333 0.03578528827037773
0 0.51796875 0.5765407554671969 0.019270833333333334 0.017892644135188866
0 0.5497395833333333 0.5839960238568589 0.0140625 0.02485089463220676
0 0.34817708333333336 0.5909542743538767 0.011979166666666667 0.030815109343936383
0 0.5856770833333333 0.5820079522862823 0.016145833333333335 0.008946322067594433
0 0.4953125 0.5904572564612326 0.01875 0.015904572564612324
0 0.29140625 0.5944333996023857 0.013020833333333334 0.009940357852882704
0 0.32786458333333335 0.5994035785288271 0.011979166666666667 0.019880715705765408
0 0.04635416666666667 0.606858846918489 0.010416666666666666 0.02485089463220676
0 0.5799479166666667 0.6217693836978131 0.0171875 0.014910536779324055
0 0.69765625 0.6401590457256461 0.0140625 0.041749502982107355
0 0.2598958333333333 0.6351888667992047 0.011458333333333333 0.017892644135188866
0 0.5567708333333333 0.6386679920477137 0.010416666666666666 0.02286282306163022
0 0.22395833333333334 0.6456262425447317 0.009375 0.032803180914512925
0 0.42630208333333336 0.6336978131212724 0.011979166666666667 0.008946322067594433
0 0.76796875 0.6525844930417495 0.024479166666666666 0.04473161033797217
0 0.5244791666666667 0.639662027833002 0.011458333333333333 0.014910536779324055
0 0.5096354166666667 0.6570576540755467 0.0067708333333333336 0.02584493041749503
0 0.40859375 0.654572564612326 0.011979166666666667 0.018886679920477135
0 0.4864583333333333 0.6640159045725647 0.016666666666666666 0.009940357852882704
0 0.2953125 0.6749502982107356 0.025 0.02186878727634195
0 0.8484375 0.6908548707753479 0.025 0.0536779324055666
0 0.31536458333333334 0.6843936381709742 0.005729166666666666 0.03479125248508946
0 0.5190104166666667 0.6739562624254473 0.0067708333333333336 0.013916500994035786
0 0.41953125 0.6938369781312127 0.008854166666666666 0.041749502982107355
0 0.46328125 0.6784294234592445 0.0140625 0.008946322067594433
0 0.9950520833333333 0.687375745526839 0.008854166666666666 0.02286282306163022
0 0.46979166666666666 0.6968190854870775 0.040625 0.03180914512922465
0 0.36614583333333334 0.6973161033797217 0.01875 0.02485089463220676
0 0.5463541666666667 0.7062624254473161 0.00625 0.02882703777335984
0 0.79375 0.705765407554672 0.013541666666666667 0.02385685884691849
0 0.8989583333333333 0.7206759443339961 0.011458333333333333 0.033797216699801194
0 0.48489583333333336 0.7142147117296223 0.013541666666666667 0.016898608349900597
0 0.6135416666666667 0.7216699801192843 0.009375 0.02385685884691849
0 0.20833333333333334 0.7296222664015904 0.009375 0.033797216699801194
0 0.14765625 0.7221669980119284 0.0140625 0.010934393638170975
0 0.78515625 0.739065606361829 0.0171875 0.0268389662027833
0 0.46458333333333335 0.7435387673956262 0.011458333333333333 0.015904572564612324
0 0.8723958333333334 0.7619284294234593 0.023958333333333335 0.05268389662027833
0 0.011979166666666667 0.7629224652087475 0.016666666666666666 0.0268389662027833
0 0.3528645833333333 0.7659045725646123 0.011979166666666667 0.0268389662027833
0 0.4234375 0.7703777335984096 0.004166666666666667 0.02385685884691849
0 0.4513020833333333 0.7713717693836978 0.011979166666666667 0.013916500994035786
0 0.34791666666666665 0.7907554671968191 0.004166666666666667 0.032803180914512925
0 0.59921875 0.7922465208747514 0.0109375 0.03180914512922465
0 0.005729166666666666 0.8071570576540755 0.011458333333333333 0.05765407554671968
0 0.7390625 0.8061630218687873 0.007291666666666667 0.04572564612326044
0 0.7005208333333334 0.7917495029821073 0.008333333333333333 0.012922465208747515
0 0.44505208333333335 0.7987077534791253 0.019270833333333334 0.02485089463220676
0 0.5 0.8021868787276342 0.009375 0.02982107355864811
0 0.9122395833333333 0.8096421471172962 0.015104166666666667 0.036779324055666
0 0.8080729166666667 0.7997017892644135 0.0078125 0.014910536779324055
0 0.39921875 0.8091451292246521 0.008854166666666666 0.02385685884691849
0 0.3841145833333333 0.8111332007952287 0.011979166666666667 0.017892644135188866
0 0.5458333333333333 0.820079522862823 0.009375 0.015904572564612324
0 0.8044270833333333 0.8230616302186878 0.015104166666666667 0.02186878727634195
0 0.11614583333333334 0.8613320079522863 0.016666666666666666 0.06461232604373758
0 0.29244791666666664 0.834493041749503 0.016145833333333335 0.012922465208747515
0 0.43463541666666666 0.838469184890656 0.0203125 0.020874751491053677
0 0.8247395833333333 0.8558648111332008 0.011979166666666667 0.05168986083499006
0 0.7427083333333333 0.8533797216699801 0.016666666666666666 0.030815109343936383
0 0.2984375 0.8548707753479126 0.019791666666666666 0.019880715705765408
0 0.13802083333333334 0.8593439363817097 0.014583333333333334 0.02286282306163022
0 0.17291666666666666 0.8772365805168986 0.0125 0.02485089463220676
0 0.44765625 0.8901590457256461 0.0140625 0.02485089463220676
0 0.6846354166666667 0.8906560636182903 0.009895833333333333 0.02186878727634195
0 0.8174479166666667 0.8906560636182903 0.011979166666666667 0.017892644135188866
0 0.9958333333333333 0.8901590457256461 0.007291666666666667 0.016898608349900597
0 0.3763020833333333 0.9000994035785288 0.013020833333333334 0.030815109343936383
0 0.54765625 0.8956262425447317 0.013020833333333334 0.009940357852882704
0 0.0234375 0.9085487077534792 0.028125 0.02385685884691849
0 0.06536458333333334 0.9110337972166997 0.024479166666666666 0.02485089463220676
0 0.76875 0.9085487077534792 0.0125 0.019880715705765408
0 0.31666666666666665 0.915506958250497 0.007291666666666667 0.02186878727634195
0 0.08489583333333334 0.9214711729622267 0.011458333333333333 0.02186878727634195
0 0.3885416666666667 0.9214711729622267 0.005208333333333333 0.017892644135188866
0 0.465625 0.9378727634194831 0.009375 0.0268389662027833
0 0.6989583333333333 0.929920477137177 0.013541666666666667 0.012922465208747515
0 0.7966145833333333 0.9463220675944334 0.011979166666666667 0.041749502982107355
0 0.5098958333333333 0.94831013916501 0.009375 0.027833001988071572
0 0.9575520833333333 0.9612326043737575 0.0140625 0.0437375745526839
0 0.7213541666666666 0.9582504970178927 0.010416666666666666 0.03180914512922465
0 0.8356770833333333 0.9716699801192843 0.0171875 0.05467196819085487
0 0.3606770833333333 0.9617296222664016 0.0046875 0.0268389662027833
0 0.9088541666666666 0.9666998011928429 0.013541666666666667 0.020874751491053677
0 0.37604166666666666 0.9751491053677932 0.0125 0.027833001988071572
0 0.8174479166666667 0.9751491053677932 0.018229166666666668 0.017892644135188866
0 0.17317708333333334 0.9860834990059643 0.018229166666666668 0.02584493041749503
0 0.35651041666666666 0.9880715705765407 0.013020833333333334 0.02186878727634195
0 0.7005208333333334 0.9880715705765407 0.00625 0.02186878727634195
0 0.9614583333333333 0.9965208747514911 0.017708333333333333 0.004970178926441352