0 0.7973958333333333 0.0054671968190854875 0.016666666666666666 0.010934393638170975
0 0.9997395833333333 0.06610337972166998 0.0005208333333333333 0.05864811133200795
0 0.8791666666666667 0.08101391650099403 0.021875 0.03479125248508946
0 0.646875 0.0989065606361829 0.007291666666666667 0.016898608349900597
0 0.9794270833333333 0.17693836978131214 0.0203125 0.033797216699801194
0 0.9872395833333333 0.2360834990059642 0.018229166666666668 0.05467196819085487
0 0.9614583333333333 0.22266401590457258 0.021875 0.027833001988071572
0 0.9895833333333334 0.2788270377733598 0.011458333333333333 0.02882703777335984
0 0.9940104166666667 0.3190854870775348 0.011979166666666667 0.05964214711729622
0 0.9325520833333333 0.37077534791252487 0.016145833333333335 0.027833001988071572
0 0.9713541666666666 0.3817097415506958 0.028125 0.039761431411530816
0 0.9158854166666667 0.4279324055666004 0.0140625 0.03479125248508946
0 0.9190104166666667 0.5969184890656064 0.009895833333333333 0.02286282306163022
0 0.9611979166666667 0.8379721669980119 0.025520833333333333 0.04771371769383698