0 0.9872395833333333 0.024353876739562623 0.0067708333333333336 0.014910536779324055
0 0.19427083333333334 0.03628230616302187 0.008333333333333333 0.02882703777335984
0 0.27005208333333336 0.036779324055666 0.011979166666666667 0.017892644135188866
0 0.7997395833333333 0.041749502982107355 0.015104166666666667 0.017892644135188866
0 0.8197916666666667 0.08250497017892644 0.013541666666666667 0.027833001988071572
0 0.6166666666666667 0.08797216699801193 0.014583333333333334 0.014910536779324055
0 0.4765625 0.091948310139165 0.005208333333333333 0.02286282306163022
0 0.24973958333333332 0.08996023856858847 0.005729166666666666 0.018886679920477135
0 0.007291666666666667 0.09244532803180915 0.013541666666666667 0.017892644135188866
0 0.3380208333333333 0.10337972166998012 0.009375 0.03180914512922465
0 0.41067708333333336 0.10089463220675944 0.005729166666666666 0.02286282306163022
0 0.6390625 0.10834990059642147 0.007291666666666667 0.015904572564612324
0 0.43385416666666665 0.11282306163021869 0.011458333333333333 0.008946322067594433
0 0.61328125 0.12524850894632206 0.0109375 0.011928429423459244
0 0.9697916666666667 0.12922465208747516 0.005208333333333333 0.015904572564612324
0 0.34296875 0.1317097415506958 0.013020833333333334 0.012922465208747515
0 0.90234375 0.1525844930417495 0.009895833333333333 0.02485089463220676
0 0.17239583333333333 0.15109343936381708 0.009375 0.017892644135188866
0 0.5536458333333333 0.16749502982107356 0.009375 0.02882703777335984
0 0.028125 0.16898608349900596 0.030208333333333334 0.033797216699801194
0 0.7755208333333333 0.19035785288270377 0.008333333333333333 0.02882703777335984
0 0.20416666666666666 0.18141153081510936 0.014583333333333334 0.010934393638170975
0 0.62734375 0.18439363817097415 0.009895833333333333 0.012922465208747515
0 0.9268229166666667 0.1978131212723658 0.0078125 0.015904572564612324
0 0.48151041666666666 0.2077534791252485 0.0109375 0.007952286282306162
0 0.1296875 0.2276341948310139 0.011458333333333333 0.019880715705765408
0 0.06328125 0.2286282306163022 0.015104166666666667 0.013916500994035786
0 0.35885416666666664 0.2504970178926441 0.013541666666666667 0.02186878727634195
0 0.41640625 0.2634194831013916 0.008854166666666666 0.02385685884691849
0 0.46432291666666664 0.27186878727634195 0.0140625 0.016898608349900597
0 0.5294270833333333 0.2788270377733598 0.019270833333333334 0.0268389662027833
0 0.29192708333333334 0.2698807157057654 0.011979166666666667 0.006958250497017893
0 0.16041666666666668 0.2738568588469185 0.008333333333333333 0.016898608349900597
0 0.35572916666666665 0.2788270377733598 0.013541666666666667 0.020874751491053677
0 0.3223958333333333 0.2962226640159046 0.010416666666666666 0.033797216699801194
0 0.37473958333333335 0.30069582504970177 0.005729166666666666 0.020874751491053677
0 0.20104166666666667 0.3071570576540755 0.007291666666666667 0.02186878727634195
0 0.14036458333333332 0.32852882703777336 0.0140625 0.020874751491053677
0 0.290625 0.3290258449304175 0.005208333333333333 0.017892644135188866
0 0.396875 0.3305168986083499 0.0125 0.008946322067594433
0 0.32135416666666666 0.3349900596421471 0.0125 0.017892644135188866
0 0.76328125 0.34642147117296224 0.008854166666666666 0.018886679920477135
0 0.20208333333333334 0.3663021868787276 0.014583333333333334 0.02286282306163022
0 0.7494791666666667 0.3772365805168986 0.01875 0.018886679920477135
0 0.14817708333333332 0.397117296222664 0.011979166666666667 0.014910536779324055
0 0.24244791666666668 0.4140159045725646 0.0036458333333333334 0.02882703777335984
0 0.1671875 0.41451292246520877 0.014583333333333334 0.02186878727634195
0 0.1984375 0.42147117296222664 0.010416666666666666 0.033797216699801194
0 0.46380208333333334 0.4274353876739563 0.0109375 0.013916500994035786
0 0.18411458333333333 0.4542743538767396 0.0203125 0.04771371769383698
0 0.8807291666666667 0.4423459244532803 0.009375 0.015904572564612324
0 0.85703125 0.44681908548707755 0.013020833333333334 0.016898608349900597
0 0.8111979166666666 0.4517892644135189 0.0109375 0.012922465208747515
0 0.76875 0.4592445328031809 0.015625 0.02385685884691849
0 0.9184895833333333 0.46322067594433397 0.0171875 0.019880715705765408
0 0.7018229166666666 0.4701789264413519 0.0140625 0.02385685884691849
0 0.24010416666666667 0.4676938369781312 0.009375 0.014910536779324055
0 0.7369791666666666 0.47514910536779326 0.008333333333333333 0.02584493041749503
0 0.65234375 0.4701789264413519 0.019270833333333334 0.011928429423459244
0 0.8731770833333333 0.47813121272365805 0.016145833333333335 0.013916500994035786
0 0.9963541666666667 0.49403578528827036 0.007291666666666667 0.017892644135188866
0 0.20677083333333332 0.5029821073558648 0.009375 0.03578528827037773
0 0.6763020833333333 0.5009940357852882 0.0078125 0.02584493041749503
0 0.17161458333333332 0.49801192842942343 0.013020833333333334 0.015904572564612324
0 0.7807291666666667 0.5024850894632207 0.0125 0.020874751491053677
0 0.3966145833333333 0.5014910536779325 0.0171875 0.008946322067594433
0 0.22291666666666668 0.5149105367793241 0.008333333333333333 0.02385685884691849
0 0.278125 0.5188866799204771 0.00625 0.015904572564612324
0 0.26510416666666664 0.5318091451292246 0.01875 0.02385685884691849
0 0.17942708333333332 0.5308151093439364 0.0171875 0.02186878727634195
0 0.5450520833333333 0.5492047713717694 0.0140625 0.02286282306163022
0 0.4171875 0.5656063618290258 0.015625 0.013916500994035786
0 0.6346354166666667 0.5834990059642147 0.015104166666666667 0.04572564612326044
0 0.8713541666666667 0.6063618290258449 0.015625 0.03578528827037773
0 0.15963541666666667 0.6197813121272365 0.009895833333333333 0.02286282306163022
0 0.3341145833333333 0.6138170974155069 0.015104166666666667 0.006958250497017893
0 0.6364583333333333 0.6202783300198808 0.009375 0.017892644135188866
0 0.72109375 0.6510934393638171 0.0140625 0.02584493041749503
0 0.8247395833333333 0.6665009940357853 0.008854166666666666 0.0268389662027833
0 0.47421875 0.665506958250497 0.0140625 0.02485089463220676
0 0.26223958333333336 0.6754473161033797 0.009895833333333333 0.016898608349900597
0 0.69375 0.6908548707753479 0.014583333333333334 0.02584493041749503
0 0.4630208333333333 0.713220675944334 0.010416666666666666 0.042743538767395624
0 0.6677083333333333 0.7142147117296223 0.010416666666666666 0.018886679920477135
0 0.5734375 0.7311133200795229 0.013541666666666667 0.010934393638170975
0 0.75390625 0.7375745526838966 0.0171875 0.015904572564612324
0 0.5953125 0.7619284294234593 0.030208333333333334 0.04473161033797217
0 0.24973958333333332 0.7673956262425448 0.0067708333333333336 0.02385685884691849
0 0.47994791666666664 0.7654075546719682 0.013020833333333334 0.011928429423459244
0 0.184375 0.7793240556660039 0.0125 0.02385685884691849
0 0.03619791666666667 0.7723658051689861 0.0078125 0.011928429423459244
0 0.71484375 0.775844930417495 0.0078125 0.010934393638170975
0 0.022916666666666665 0.7788270377733598 0.009375 0.012922465208747515
0 0.6833333333333333 0.794234592445328 0.010416666666666666 0.03777335984095427
0 0.5119791666666667 0.7892644135188867 0.011458333333333333 0.027833001988071572
0 0.65078125 0.7917495029821073 0.008854166666666666 0.016898608349900597
0 0.51640625 0.8255467196819085 0.022395833333333334 0.04473161033797217
0 0.49557291666666664 0.8170974155069582 0.0046875 0.02385685884691849
0 0.47682291666666665 0.8141153081510935 0.0078125 0.017892644135188866
0 0.75078125 0.8166003976143141 0.009895833333333333 0.020874751491053677
0 0.70390625 0.8315109343936382 0.008854166666666666 0.02882703777335984
0 0.5786458333333333 0.8399602385685885 0.016666666666666666 0.033797216699801194
0 0.3580729166666667 0.845427435387674 0.0109375 0.0268389662027833
0 0.4940104166666667 0.8538767395626242 0.008854166666666666 0.039761431411530816
0 0.9231770833333334 0.8588469184890656 0.016145833333333335 0.02982107355864811
0 0.5611979166666666 0.8548707753479126 0.0109375 0.007952286282306162
0 0.07578125 0.8658051689860835 0.016145833333333335 0.03180914512922465
0 0.6057291666666667 0.8613320079522863 0.010416666666666666 0.016898608349900597
0 0.23880208333333333 0.8653081510934394 0.0046875 0.02485089463220676
0 0.6856770833333333 0.8633200795228628 0.008854166666666666 0.018886679920477135
0 0.5200520833333333 0.8682902584493042 0.0067708333333333336 0.02286282306163022
0 0.46536458333333336 0.8702783300198808 0.011979166666666667 0.018886679920477135
0 0.04010416666666667 0.8792246520874751 0.009375 0.0268389662027833
0 0.3609375 0.8742544731610338 0.0125 0.010934393638170975
0 0.23072916666666668 0.8871769383697813 0.010416666666666666 0.016898608349900597
0 0.4796875 0.8881709741550696 0.009375 0.016898608349900597
0 0.48489583333333336 0.9055666003976143 0.029166666666666667 0.02982107355864811
0 0.5932291666666667 0.9100397614314115 0.008333333333333333 0.030815109343936383
0 0.5174479166666667 0.9259443339960238 0.0203125 0.04671968190854871
0 0.7184895833333333 0.9199801192842942 0.009895833333333333 0.0268389662027833
0 0.45807291666666666 0.9194831013916501 0.0046875 0.027833001988071572
0 0.54375 0.9184890656063618 0.011458333333333333 0.017892644135188866
0 0.7442708333333333 0.9249502982107356 0.008333333333333333 0.016898608349900597
0 0.6919270833333333 0.9249502982107356 0.009895833333333333 0.014910536779324055
0 0.41796875 0.9383697813121272 0.0067708333333333336 0.03180914512922465
0 0.5731770833333333 0.937375745526839 0.0078125 0.02385685884691849
0 0.49557291666666664 0.952286282306163 0.016145833333333335 0.04771371769383698
0 0.11380208333333333 0.93389662027833 0.0109375 0.010934393638170975
0 0.4752604166666667 0.9507952286282306 0.021354166666666667 0.040755467196819085
0 0.5197916666666667 0.9493041749502982 0.010416666666666666 0.03578528827037773
0 0.31484375 0.9527833001988072 0.016145833333333335 0.02882703777335984
0 0.8669270833333333 0.9547713717693836 0.016145833333333335 0.02286282306163022
0 0.8213541666666667 0.9781312127236581 0.020833333333333332 0.033797216699801194
0 0.7419270833333333 0.967196819085487 0.0171875 0.009940357852882704
0 0.13828125 0.9761431411530815 0.009895833333333333 0.027833001988071572
0 0.48828125 0.9840954274353877 0.018229166666666668 0.017892644135188866
0 0.35963541666666665 0.9880715705765407 0.011979166666666667 0.02186878727634195