0 0.184375 0.01341948310139165 0.01875 0.0268389662027833
0 0.46432291666666664 0.029324055666003976 0.0140625 0.0268389662027833
0 0.16796875 0.03180914512922465 0.0067708333333333336 0.015904572564612324
0 0.5177083333333333 0.051192842942345926 0.019791666666666666 0.036779324055666
0 0.33307291666666666 0.052186878727634195 0.0203125 0.014910536779324055
0 0.80234375 0.07405566600397614 0.016145833333333335 0.012922465208747515
0 0.37395833333333334 0.08946322067594434 0.015625 0.03180914512922465
0 0.41354166666666664 0.09095427435387674 0.011458333333333333 0.030815109343936383
0 0.6630208333333333 0.12972166998011928 0.010416666666666666 0.03876739562624255
0 0.47708333333333336 0.139662027833002 0.015625 0.032803180914512925
0 0.35911458333333335 0.1411530815109344 0.015104166666666667 0.019880715705765408
0 0.2859375 0.14910536779324055 0.020833333333333332 0.02186878727634195
0 0.41354166666666664 0.16053677932405566 0.014583333333333334 0.02882703777335984
0 0.44609375 0.17196819085487078 0.0078125 0.03777335984095427
0 0.27760416666666665 0.18041749502982107 0.021875 0.02485089463220676
0 0.35234375 0.19234592445328033 0.022395833333333334 0.032803180914512925
0 0.4075520833333333 0.213220675944334 0.015104166666666667 0.018886679920477135
0 0.33828125 0.24502982107355864 0.009895833333333333 0.036779324055666
0 0.7841145833333333 0.24204771371769385 0.019270833333333334 0.032803180914512925
0 0.3734375 0.2509940357852883 0.014583333333333334 0.03876739562624255
0 0.9356770833333333 0.26093439363817095 0.030729166666666665 0.03876739562624255
0 0.30182291666666666 0.2773359840954274 0.008854166666666666 0.033797216699801194
0 0.3453125 0.297713717693837 0.015625 0.018886679920477135
0 0.34088541666666666 0.31660039761431413 0.008854166666666666 0.02882703777335984
0 0.39921875 0.32803180914512925 0.011979166666666667 0.019880715705765408
0 0.02734375 0.3389662027833002 0.008854166666666666 0.02186878727634195
0 0.51484375 0.34493041749502984 0.0140625 0.02186878727634195
0 0.30494791666666665 0.3558648111332008 0.011979166666666667 0.033797216699801194
0 0.43984375 0.3797216699801193 0.011979166666666667 0.03180914512922465
0 0.46848958333333335 0.3856858846918489 0.009895833333333333 0.02584493041749503
0 0.13098958333333333 0.40159045725646125 0.0171875 0.009940357852882704
0 0.50625 0.4150099403578529 0.013541666666666667 0.032803180914512925
0 0.23828125 0.4209741550695825 0.015104166666666667 0.0268389662027833
0 0.4270833333333333 0.42296222664015903 0.013541666666666667 0.010934393638170975
0 0.4510416666666667 0.43141153081510936 0.013541666666666667 0.02385685884691849
0 0.25729166666666664 0.43538767395626243 0.010416666666666666 0.02982107355864811
0 0.05078125 0.43141153081510936 0.022395833333333334 0.017892644135188866
0 0.20390625 0.43240556660039764 0.016145833333333335 0.015904572564612324
0 0.39453125 0.4438369781312127 0.005729166666666666 0.018886679920477135
0 0.41171875 0.4517892644135189 0.011979166666666667 0.008946322067594433
0 0.4390625 0.4617296222664016 0.0125 0.012922465208747515
0 0.3703125 0.4850894632206759 0.016666666666666666 0.033797216699801194
0 0.35625 0.47813121272365805 0.011458333333333333 0.015904572564612324
0 0.41432291666666665 0.49304174950298213 0.028645833333333332 0.027833001988071572
0 0.4036458333333333 0.5089463220675944 0.011458333333333333 0.013916500994035786
0 0.4390625 0.5178926441351889 0.014583333333333334 0.009940357852882704
0 0.33255208333333336 0.5511928429423459 0.0078125 0.036779324055666
0 0.35989583333333336 0.5616302186878728 0.01875 0.04572564612326044
0 0.43307291666666664 0.555168986083499 0.015104166666666667 0.032803180914512925
0 0.2869791666666667 0.570079522862823 0.016666666666666666 0.02882703777335984
0 0.4630208333333333 0.5979125248508946 0.014583333333333334 0.014910536779324055
0 0.96328125 0.6197813121272365 0.015104166666666667 0.032803180914512925
0 0.4158854166666667 0.6232604373757455 0.0140625 0.009940357852882704
0 0.10364583333333334 0.6376739562624254 0.025 0.03479125248508946
0 0.15104166666666666 0.628727634194831 0.022916666666666665 0.018886679920477135
0 0.3453125 0.6446322067594433 0.014583333333333334 0.010934393638170975
0 0.3848958333333333 0.6679920477137177 0.011458333333333333 0.041749502982107355
0 0.29791666666666666 0.6674950298210736 0.008333333333333333 0.032803180914512925
0 0.3255208333333333 0.6714711729622267 0.015625 0.010934393638170975
0 0.23177083333333334 0.6893638170974155 0.014583333333333334 0.032803180914512925
0 0.7302083333333333 0.6903578528827038 0.008333333333333333 0.032803180914512925
0 0.4002604166666667 0.6809145129224652 0.019270833333333334 0.011928429423459244
0 0.46145833333333336 0.7102385685884692 0.011458333333333333 0.036779324055666
0 0.48671875 0.7311133200795229 0.022395833333333334 0.016898608349900597
0 0.20130208333333333 0.7564612326043738 0.019270833333333334 0.019880715705765408
0 0.3690104166666667 0.7629224652087475 0.021354166666666667 0.030815109343936383
0 0.44973958333333336 0.7778330019880716 0.0171875 0.0268389662027833
0 0.3875 0.7887673956262425 0.014583333333333334 0.02286282306163022
0 0.42578125 0.7962226640159046 0.0109375 0.03180914512922465
0 0.24453125 0.8091451292246521 0.0203125 0.0437375745526839
0 0.378125 0.8071570576540755 0.008333333333333333 0.017892644135188866
0 0.25885416666666666 0.8802186878727635 0.022916666666666665 0.06063618290258449
0 0.64453125 0.867296222664016 0.016145833333333335 0.02882703777335984
0 0.28098958333333335 0.8762425447316103 0.015104166666666667 0.02485089463220676
0 0.49505208333333334 0.8911530815109344 0.019270833333333334 0.0268389662027833
0 0.334375 0.9160039761431411 0.022916666666666665 0.06063618290258449
0 0.44921875 0.9378727634194831 0.022395833333333334 0.05666003976143141
0 0.6455729166666667 0.9329025844930418 0.016145833333333335 0.02485089463220676
0 0.2625 0.9622266401590457 0.015625 0.019880715705765408
0 0.24921875 0.9895626242544732 0.0078125 0.010934393638170975