0 0.6354166666666666 0.020377733598409543 0.0125 0.040755467196819085
0 0.14192708333333334 0.0268389662027833 0.0046875 0.015904572564612324
0 0.15026041666666667 0.04125248508946322 0.0046875 0.020874751491053677
0 0.32369791666666664 0.06809145129224652 0.0203125 0.0268389662027833
0 0.09895833333333333 0.08349900596421471 0.01875 0.03777335984095427
0 0.359375 0.08449304174950298 0.007291666666666667 0.039761431411530816
0 0.88125 0.09741550695825049 0.009375 0.019880715705765408
0 0.88515625 0.11133200795228629 0.008854166666666666 0.02186878727634195
0 0.5263020833333333 0.11878727634194831 0.0109375 0.030815109343936383
0 0.30833333333333335 0.12475149105367793 0.00625 0.03479125248508946
0 0.35234375 0.16451292246520874 0.016145833333333335 0.04473161033797217
0 0.44088541666666664 0.16650099403578528 0.0171875 0.03876739562624255
0 0.28489583333333335 0.1779324055666004 0.017708333333333333 0.041749502982107355
0 0.40260416666666665 0.16749502982107356 0.016666666666666666 0.012922465208747515
0 0.3203125 0.20377733598409542 0.014583333333333334 0.015904572564612324
0 0.8794270833333333 0.220675944333996 0.019270833333333334 0.03578528827037773
0 0.31614583333333335 0.2276341948310139 0.008333333333333333 0.015904572564612324
0 0.48333333333333334 0.24403578528827038 0.009375 0.036779324055666
0 0.21380208333333334 0.24353876739562624 0.0109375 0.02982107355864811
0 0.37265625 0.24602385685884692 0.0171875 0.018886679920477135
0 0.5041666666666667 0.24751491053677932 0.011458333333333333 0.02385685884691849
0 0.4049479166666667 0.25695825049701787 0.008854166666666666 0.02485089463220676
0 0.3260416666666667 0.25944333996023855 0.011458333333333333 0.015904572564612324
0 0.84375 0.2673956262425447 0.017708333333333333 0.027833001988071572
0 0.3390625 0.2649105367793241 0.007291666666666667 0.016898608349900597
0 0.365625 0.2768389662027833 0.016666666666666666 0.03479125248508946
0 0.49557291666666664 0.27037773359840955 0.0078125 0.019880715705765408
0 0.8127604166666667 0.2813121272365805 0.011979166666666667 0.007952286282306162
0 0.6122395833333333 0.2932405566600398 0.015104166666666667 0.02186878727634195
0 0.30572916666666666 0.3066600397614314 0.015625 0.040755467196819085
0 0.5916666666666667 0.308648111332008 0.023958333333333335 0.03479125248508946
0 0.340625 0.30467196819085485 0.013541666666666667 0.02286282306163022
0 0.528125 0.3101391650099404 0.023958333333333335 0.02982107355864811
0 0.928125 0.32803180914512925 0.016666666666666666 0.04771371769383698
0 0.1828125 0.3305168986083499 0.016666666666666666 0.040755467196819085
0 0.22786458333333334 0.3210735586481113 0.0140625 0.02186878727634195
0 0.40546875 0.3210735586481113 0.0203125 0.013916500994035786
0 0.8216145833333334 0.33399602385685884 0.018229166666666668 0.027833001988071572
0 0.5807291666666666 0.3508946322067594 0.009375 0.02982107355864811
0 0.42526041666666664 0.37077534791252487 0.022395833333333334 0.04771371769383698
0 0.3802083333333333 0.38618290258449306 0.014583333333333334 0.03479125248508946
0 0.7028645833333333 0.4025844930417495 0.0109375 0.03180914512922465
0 0.35911458333333335 0.4085487077534791 0.0078125 0.033797216699801194
0 0.45234375 0.43737574552683894 0.008854166666666666 0.02982107355864811
0 0.2518229166666667 0.44930417495029823 0.0171875 0.0437375745526839
0 0.37057291666666664 0.474155069582505 0.016145833333333335 0.02584493041749503
0 0.4044270833333333 0.47962226640159045 0.0109375 0.032803180914512925
0 0.47369791666666666 0.5039761431411531 0.018229166666666668 0.07157057654075547
0 0.78984375 0.4960238568588469 0.009895833333333333 0.03180914512922465
0 0.44869791666666664 0.4960238568588469 0.019270833333333334 0.02584493041749503
0 0.36380208333333336 0.5313121272365805 0.03177083333333333 0.02882703777335984
0 0.31328125 0.5407554671968191 0.016145833333333335 0.03180914512922465
0 0.44192708333333336 0.540258449304175 0.0109375 0.0268389662027833
0 0.39947916666666666 0.5487077534791253 0.019791666666666666 0.013916500994035786
0 0.36875 0.5497017892644135 0.015625 0.009940357852882704
0 0.48932291666666666 0.56610337972167 0.011979166666666667 0.03479125248508946
0 0.5869791666666667 0.5601391650099403 0.025 0.020874751491053677
0 0.33177083333333335 0.5606361829025845 0.014583333333333334 0.015904572564612324
0 0.26953125 0.5735586481113321 0.019270833333333334 0.03180914512922465
0 0.3770833333333333 0.5656063618290258 0.014583333333333334 0.015904572564612324
0 0.525 0.5760437375745527 0.016666666666666666 0.012922465208747515
0 0.9268229166666667 0.5869781312127237 0.0171875 0.03479125248508946
0 0.07109375 0.5969184890656064 0.021354166666666667 0.02882703777335984
0 0.37161458333333336 0.5944333996023857 0.021354166666666667 0.02186878727634195
0 0.7484375 0.6307157057654076 0.022916666666666665 0.030815109343936383
0 0.3684895833333333 0.6262425447316103 0.011979166666666667 0.013916500994035786
0 0.38984375 0.6346918489065606 0.009895833333333333 0.030815109343936383
0 0.5057291666666667 0.6267395626242545 0.009375 0.012922465208747515
0 0.8390625 0.6307157057654076 0.021875 0.016898608349900597
0 0.3067708333333333 0.654572564612326 0.014583333333333334 0.05069582504970179
0 0.3690104166666667 0.6466202783300199 0.008854166666666666 0.018886679920477135
0 0.5052083333333334 0.6535785288270378 0.007291666666666667 0.030815109343936383
0 0.48828125 0.6530815109343936 0.009895833333333333 0.019880715705765408
0 0.6895833333333333 0.6625248508946322 0.009375 0.032803180914512925
0 0.4830729166666667 0.6923459244532804 0.025520833333333333 0.030815109343936383
0 0.5760416666666667 0.7027833001988072 0.028125 0.05168986083499006
0 0.375 0.6938369781312127 0.014583333333333334 0.015904572564612324
0 0.44296875 0.7012922465208747 0.0109375 0.018886679920477135
0 0.2942708333333333 0.7216699801192843 0.013541666666666667 0.05168986083499006
0 0.39453125 0.7117296222664016 0.021354166666666667 0.02186878727634195
0 0.7307291666666667 0.7276341948310139 0.01875 0.03578528827037773
0 0.48411458333333335 0.7460238568588469 0.0203125 0.05268389662027833
0 0.11901041666666666 0.7375745526838966 0.0234375 0.03180914512922465
0 0.42890625 0.7331013916500994 0.015104166666666667 0.02485089463220676
0 0.3692708333333333 0.7395626242544732 0.014583333333333334 0.011928429423459244
0 0.35 0.7629224652087475 0.03125 0.030815109343936383
0 0.37734375 0.7698807157057654 0.018229166666666668 0.018886679920477135
0 0.42135416666666664 0.7713717693836978 0.010416666666666666 0.015904572564612324
0 0.4890625 0.7773359840954275 0.01875 0.017892644135188866
0 0.6697916666666667 0.8026838966202783 0.034375 0.030815109343936383
0 0.6145833333333334 0.8036779324055666 0.019791666666666666 0.016898608349900597
0 0.21640625 0.8180914512922465 0.0203125 0.041749502982107355
0 0.55859375 0.8146123260437376 0.0171875 0.03479125248508946
0 0.4296875 0.8573558648111332 0.025 0.05666003976143141
0 0.22135416666666666 0.864314115308151 0.021875 0.014910536779324055
0 0.4856770833333333 0.8986083499005965 0.0140625 0.033797216699801194
0 0.26640625 0.929920477137177 0.0140625 0.030815109343936383
0 0.7690104166666667 0.9274353876739563 0.0234375 0.02584493041749503
0 0.14036458333333332 0.9791252485089463 0.015104166666666667 0.039761431411530816
0 0.5640625 0.9865805168986084 0.007291666666666667 0.02485089463220676
0 0.6604166666666667 0.9885685884691849 0.015625 0.020874751491053677
0 0.3729166666666667 0.992544731610338 0.009375 0.012922465208747515