0 0.178125 0.019383697813121274 0.016666666666666666 0.03876739562624255
0 0.39739583333333334 0.01143141153081511 0.017708333333333333 0.02286282306163022
0 0.9497395833333333 0.002982107355864811 0.019270833333333334 0.005964214711729622
0 0.44973958333333336 0.02286282306163022 0.008854166666666666 0.027833001988071572
0 0.5026041666666666 0.03876739562624255 0.00625 0.03578528827037773
0 0.20052083333333334 0.04821073558648111 0.015625 0.040755467196819085
0 0.9119791666666667 0.06709741550695825 0.015625 0.030815109343936383
0 0.46588541666666666 0.07952286282306163 0.0078125 0.02186878727634195
0 0.4901041666666667 0.09145129224652088 0.00625 0.03777335984095427
0 0.9260416666666667 0.08151093439363817 0.007291666666666667 0.017892644135188866
0 0.025 0.11530815109343936 0.015625 0.039761431411530816
0 0.46067708333333335 0.12375745526838966 0.0234375 0.030815109343936383
0 0.47421875 0.11630218687872763 0.0109375 0.011928429423459244
0 0.6541666666666667 0.13916500994035785 0.017708333333333333 0.02385685884691849
0 0.5005208333333333 0.1386679920477137 0.011458333333333333 0.014910536779324055
0 0.15677083333333333 0.147117296222664 0.027083333333333334 0.02186878727634195
0 0.45651041666666664 0.15109343936381708 0.0140625 0.019880715705765408
0 0.2565104166666667 0.15904572564612326 0.021354166666666667 0.027833001988071572
0 0.9513020833333333 0.17047713717693838 0.0140625 0.036779324055666
0 0.6020833333333333 0.16898608349900596 0.019791666666666666 0.02186878727634195
0 0.4484375 0.1779324055666004 0.013541666666666667 0.02385685884691849
0 0.2682291666666667 0.18389662027833 0.019791666666666666 0.03180914512922465
0 0.4864583333333333 0.19532803180914513 0.01875 0.032803180914512925
0 0.09010416666666667 0.2047713717693837 0.030208333333333334 0.03180914512922465
0 0.5481770833333334 0.21222664015904572 0.011979166666666667 0.02286282306163022
0 0.5721354166666667 0.21421471172962225 0.016145833333333335 0.02286282306163022
0 0.4986979166666667 0.2286282306163022 0.0296875 0.03180914512922465
0 0.4734375 0.22962226640159045 0.013541666666666667 0.02584493041749503
0 0.271875 0.2276341948310139 0.008333333333333333 0.017892644135188866
0 0.33828125 0.24502982107355864 0.011979166666666667 0.02882703777335984
0 0.37447916666666664 0.2698807157057654 0.013541666666666667 0.05467196819085487
0 0.00703125 0.2664015904572565 0.0140625 0.02385685884691849
0 0.85390625 0.27335984095427435 0.008854166666666666 0.03777335984095427
0 0.45416666666666666 0.29174950298210733 0.015625 0.0268389662027833
0 0.096875 0.31709741550695825 0.015625 0.06560636182902585
0 0.3703125 0.31312127236580517 0.019791666666666666 0.013916500994035786
0 0.4127604166666667 0.32703777335984097 0.0078125 0.041749502982107355
0 0.32864583333333336 0.3503976143141153 0.023958333333333335 0.018886679920477135
0 0.35989583333333336 0.36133200795228626 0.007291666666666667 0.040755467196819085
0 0.0578125 0.3643141153081511 0.0125 0.040755467196819085
0 0.47291666666666665 0.3518886679920477 0.010416666666666666 0.011928429423459244
0 0.0234375 0.36530815109343934 0.019791666666666666 0.02485089463220676
0 0.6119791666666666 0.3697813121272366 0.0125 0.027833001988071572
0 0.38984375 0.3687872763419483 0.008854166666666666 0.013916500994035786
0 0.6877604166666667 0.3817097415506958 0.0171875 0.017892644135188866
0 0.2794270833333333 0.38966202783300197 0.008854166666666666 0.02982107355864811
0 0.721875 0.3817097415506958 0.00625 0.013916500994035786
0 0.4388020833333333 0.38469184890656066 0.018229166666666668 0.013916500994035786
0 0.17942708333333332 0.39314115308151093 0.0171875 0.018886679920477135
0 0.009375 0.40457256461232605 0.01875 0.03180914512922465
0 0.31197916666666664 0.4135188866799205 0.015625 0.0437375745526839
0 0.34140625 0.4010934393638171 0.025520833333333333 0.018886679920477135
0 0.37213541666666666 0.4010934393638171 0.008854166666666666 0.018886679920477135
0 0.6122395833333333 0.40407554671968193 0.011979166666666667 0.02485089463220676
0 0.4046875 0.42196819085487075 0.009375 0.042743538767395624
0 0.10572916666666667 0.43240556660039764 0.0375 0.0437375745526839
0 0.3919270833333333 0.4254473161033797 0.008854166666666666 0.02584493041749503
0 0.4270833333333333 0.452286282306163 0.01875 0.0636182902584493
0 0.5091145833333334 0.4274353876739563 0.0067708333333333336 0.013916500994035786
0 0.3390625 0.43489065606361826 0.0125 0.020874751491053677
0 0.36770833333333336 0.44582504970178927 0.014583333333333334 0.03876739562624255
0 0.7557291666666667 0.4507952286282306 0.011458333333333333 0.048707753479125246
0 0.5325520833333334 0.45278330019880714 0.013020833333333334 0.03876739562624255
0 0.022135416666666668 0.4537773359840954 0.009895833333333333 0.02286282306163022
0 0.13645833333333332 0.46520874751491054 0.01875 0.03777335984095427
0 0.31145833333333334 0.4716699801192843 0.019791666666666666 0.02882703777335984
0 0.45859375 0.4831013916500994 0.0140625 0.039761431411530816
0 0.36484375 0.49403578528827036 0.008854166666666666 0.03180914512922465
0 0.3888020833333333 0.4985089463220676 0.027604166666666666 0.03876739562624255
0 0.49765625 0.4900596421471173 0.015104166666666667 0.015904572564612324
0 0.55234375 0.5104373757455268 0.0109375 0.05467196819085487
0 0.14427083333333332 0.5044731610337972 0.015625 0.014910536779324055
0 0.6630208333333333 0.5039761431411531 0.019791666666666666 0.013916500994035786
0 0.4161458333333333 0.5124254473161034 0.017708333333333333 0.02882703777335984
0 0.4276041666666667 0.5288270377733598 0.01875 0.0536779324055666
0 0.25885416666666666 0.5193836978131213 0.016666666666666666 0.02882703777335984
0 0.28203125 0.5154075546719682 0.0203125 0.014910536779324055
0 0.6677083333333333 0.5347912524850894 0.013541666666666667 0.03180914512922465
0 0.37916666666666665 0.532803180914513 0.008333333333333333 0.019880715705765408
0 0.153125 0.547713717693837 0.016666666666666666 0.03777335984095427
0 0.2833333333333333 0.5452286282306164 0.014583333333333334 0.0268389662027833
0 0.403125 0.5541749502982107 0.009375 0.042743538767395624
0 0.47708333333333336 0.5561630218687873 0.014583333333333334 0.04671968190854871
0 0.31484375 0.5566600397614314 0.018229166666666668 0.017892644135188866
0 0.062239583333333334 0.5740556660039762 0.015104166666666667 0.030815109343936383
0 0.3763020833333333 0.5740556660039762 0.0203125 0.030815109343936383
0 0.7716145833333333 0.5760437375745527 0.0203125 0.0268389662027833
0 0.4588541666666667 0.5904572564612326 0.00625 0.02385685884691849
0 0.0515625 0.6192842942345924 0.020833333333333332 0.03777335984095427
0 0.33828125 0.621272365805169 0.0140625 0.02584493041749503
0 0.11354166666666667 0.6346918489065606 0.040625 0.040755467196819085
0 0.46145833333333336 0.6336978131212724 0.016666666666666666 0.016898608349900597
0 0.016927083333333332 0.6550695825049702 0.021354166666666667 0.033797216699801194
0 0.15729166666666666 0.658051689860835 0.008333333333333333 0.019880715705765408
0 0.5450520833333333 0.6635188866799204 0.008854166666666666 0.032803180914512925
0 0.5247395833333334 0.6819085487077535 0.021354166666666667 0.055666003976143144
0 0.9416666666666667 0.6665009940357853 0.022916666666666665 0.0268389662027833
0 0.075 0.6784294234592445 0.022916666666666665 0.036779324055666
0 0.290625 0.6819085487077535 0.013541666666666667 0.03777335984095427
0 0.5036458333333333 0.6784294234592445 0.016666666666666666 0.02485089463220676
0 0.41901041666666666 0.679920477137177 0.025520833333333333 0.02584493041749503
0 0.24140625 0.687375745526839 0.0203125 0.036779324055666
0 0.37135416666666665 0.6888667992047713 0.0125 0.039761431411530816
0 0.43385416666666665 0.6988071570576541 0.008333333333333333 0.02186878727634195
0 0.1171875 0.7017892644135189 0.020833333333333332 0.019880715705765408
0 0.25 0.7047713717693836 0.0125 0.013916500994035786
0 0.5065104166666666 0.7102385685884692 0.013020833333333334 0.02485089463220676
0 0.3653645833333333 0.7256461232604374 0.005729166666666666 0.033797216699801194
0 0.446875 0.7331013916500994 0.007291666666666667 0.018886679920477135
0 0.38776041666666666 0.75 0.0078125 0.012922465208747515
0 0.40208333333333335 0.7599403578528827 0.011458333333333333 0.014910536779324055
0 0.19739583333333333 0.7847912524850894 0.01875 0.03876739562624255
0 0.06901041666666667 0.7783300198807157 0.008854166666666666 0.019880715705765408
0 0.5390625 0.7768389662027833 0.009375 0.014910536779324055
0 0.7091145833333333 0.7842942345924453 0.015104166666666667 0.011928429423459244
0 0.8270833333333333 0.7937375745526839 0.013541666666666667 0.02882703777335984
0 0.26458333333333334 0.8141153081510935 0.013541666666666667 0.019880715705765408
0 0.32786458333333335 0.8300198807157058 0.04114583333333333 0.03180914512922465
0 0.40859375 0.8260437375745527 0.0140625 0.017892644135188866
0 0.4752604166666667 0.8295228628230616 0.0171875 0.02485089463220676
0 0.023697916666666666 0.8290258449304175 0.008854166666666666 0.017892644135188866
0 0.28177083333333336 0.8389662027833003 0.00625 0.03578528827037773
0 0.2140625 0.8305168986083499 0.01875 0.012922465208747515
0 0.18515625 0.8484095427435387 0.016145833333333335 0.032803180914512925
0 0.0390625 0.8513916500994035 0.019791666666666666 0.032803180914512925
0 0.4518229166666667 0.845427435387674 0.015104166666666667 0.02286282306163022
0 0.36875 0.8638170974155069 0.007291666666666667 0.019880715705765408
0 0.4901041666666667 0.8757455268389662 0.005208333333333333 0.02584493041749503
0 0.18020833333333333 0.8802186878727635 0.011458333333333333 0.0268389662027833
0 0.3575520833333333 0.9000994035785288 0.015104166666666667 0.048707753479125246
0 0.26119791666666664 0.8921471172962226 0.009895833333333333 0.016898608349900597
0 0.42916666666666664 0.8976143141153081 0.014583333333333334 0.02186878727634195
0 0.19921875 0.9075546719681908 0.021354166666666667 0.019880715705765408
0 0.22734375 0.9120278330019881 0.008854166666666666 0.02882703777335984
0 0.04192708333333333 0.9319085487077535 0.013020833333333334 0.036779324055666
0 0.2674479166666667 0.9284294234592445 0.0203125 0.02385685884691849
0 0.45208333333333334 0.9527833001988072 0.014583333333333334 0.0268389662027833
0 0.5651041666666666 0.9607355864811133 0.027083333333333334 0.02485089463220676
0 0.021354166666666667 0.9756461232604374 0.026041666666666668 0.04671968190854871
0 0.23567708333333334 0.9850894632206759 0.0234375 0.027833001988071572
0 0.5098958333333333 0.9850894632206759 0.015625 0.027833001988071572
0 0.6380208333333334 0.9826043737574552 0.00625 0.02286282306163022
0 0.45546875 0.9850894632206759 0.008854166666666666 0.011928429423459244