0 0.9114583333333334 0.008946322067594433 0.009375 0.013916500994035786
0 0.34921875 0.0064612326043737576 0.019270833333333334 0.006958250497017893
0 0.6268229166666667 0.021371769383697812 0.0140625 0.020874751491053677
0 0.96328125 0.02882703777335984 0.0109375 0.02982107355864811
0 0.8669270833333333 0.019383697813121274 0.015104166666666667 0.008946322067594433
0 0.17109375 0.041749502982107355 0.0078125 0.033797216699801194
0 0.29348958333333336 0.05417495029821073 0.0109375 0.03876739562624255
0 0.43645833333333334 0.07157057654075547 0.010416666666666666 0.05168986083499006
0 0.5677083333333334 0.08001988071570576 0.014583333333333334 0.030815109343936383
0 0.5377604166666666 0.08250497017892644 0.008854166666666666 0.03180914512922465
0 0.5231770833333333 0.09343936381709742 0.013020833333333334 0.02186878727634195
0 0.7731770833333333 0.10238568588469185 0.0140625 0.03180914512922465
0 0.7963541666666667 0.11332007952286283 0.020833333333333332 0.0437375745526839
0 0.47369791666666666 0.10337972166998012 0.0046875 0.015904572564612324
0 0.47682291666666665 0.1242544731610338 0.005729166666666666 0.013916500994035786
0 0.6104166666666667 0.1257455268389662 0.009375 0.012922465208747515
0 0.13854166666666667 0.1426441351888668 0.016666666666666666 0.04473161033797217
0 0.8515625 0.13518886679920478 0.008333333333333333 0.02982107355864811
0 0.6200520833333333 0.13916500994035785 0.0078125 0.011928429423459244
0 0.7057291666666666 0.15109343936381708 0.007291666666666667 0.02385685884691849
0 0.8934895833333333 0.1540755467196819 0.018229166666666668 0.02186878727634195
0 0.9802083333333333 0.16202783300198806 0.009375 0.03180914512922465
0 0.7677083333333333 0.16898608349900596 0.016666666666666666 0.03578528827037773
0 0.22994791666666667 0.17594433399602386 0.019270833333333334 0.041749502982107355
0 0.87578125 0.16898608349900596 0.009895833333333333 0.02385685884691849
0 0.15520833333333334 0.1824055666003976 0.026041666666666668 0.032803180914512925
0 0.61484375 0.20725646123260438 0.0171875 0.032803180914512925
0 0.5450520833333333 0.21769383697813122 0.011979166666666667 0.02584493041749503
0 0.5807291666666666 0.22813121272365805 0.007291666666666667 0.032803180914512925
0 0.49583333333333335 0.2286282306163022 0.011458333333333333 0.02385685884691849
0 0.7119791666666667 0.2355864811133201 0.01875 0.027833001988071572
0 0.37864583333333335 0.2524850894632207 0.007291666666666667 0.02982107355864811
0 0.39166666666666666 0.2554671968190855 0.004166666666666667 0.02982107355864811
0 0.8830729166666667 0.2544731610337972 0.009895833333333333 0.027833001988071572
0 0.9552083333333333 0.2539761431411531 0.009375 0.02882703777335984
0 0.5296875 0.25198807157057657 0.017708333333333333 0.014910536779324055
0 0.5520833333333334 0.2828031809145129 0.013541666666666667 0.03479125248508946
0 0.4388020833333333 0.3036779324055666 0.0078125 0.06461232604373758
0 0.4671875 0.31709741550695825 0.017708333333333333 0.027833001988071572
0 0.48359375 0.33250497017892644 0.0140625 0.030815109343936383
0 0.21640625 0.33697813121272363 0.0109375 0.033797216699801194
0 0.9247395833333333 0.34840954274353875 0.0171875 0.030815109343936383
0 0.03125 0.35636182902584496 0.014583333333333334 0.02882703777335984
0 0.12291666666666666 0.35984095427435386 0.014583333333333334 0.013916500994035786
0 0.13177083333333334 0.371272365805169 0.011458333333333333 0.018886679920477135
0 0.31614583333333335 0.37375745526838966 0.017708333333333333 0.011928429423459244
0 0.9958333333333333 0.38817097415506957 0.007291666666666667 0.012922465208747515
0 0.05625 0.4115308151093439 0.0125 0.04572564612326044
0 0.9822916666666667 0.3956262425447316 0.016666666666666666 0.011928429423459244
0 0.8807291666666667 0.3996023856858847 0.009375 0.013916500994035786
0 0.19765625 0.40407554671968193 0.019270833333333334 0.012922465208747515
0 0.7109375 0.4125248508946322 0.0125 0.03180914512922465
0 0.43671875 0.4120278330019881 0.0067708333333333336 0.0268389662027833
0 0.69375 0.4100397614314115 0.011458333333333333 0.010934393638170975
0 0.7315104166666667 0.41600397614314116 0.009895833333333333 0.020874751491053677
0 0.4513020833333333 0.42296222664015903 0.011979166666666667 0.02882703777335984
0 0.13359375 0.4294234592445328 0.0078125 0.027833001988071572
0 0.8263020833333333 0.43489065606361826 0.009895833333333333 0.020874751491053677
0 0.11119791666666666 0.4537773359840954 0.0140625 0.036779324055666
0 0.4869791666666667 0.4507952286282306 0.021875 0.02286282306163022
0 0.6549479166666666 0.44980119284294234 0.005729166666666666 0.014910536779324055
0 0.16484375 0.4577534791252485 0.013020833333333334 0.010934393638170975
0 0.5244791666666667 0.46222664015904574 0.0125 0.019880715705765408
0 0.7018229166666666 0.4572564612326044 0.016145833333333335 0.007952286282306162
0 0.1265625 0.4726640159045726 0.007291666666666667 0.030815109343936383
0 0.45208333333333334 0.4726640159045726 0.011458333333333333 0.018886679920477135
0 0.46770833333333334 0.47564612326043737 0.014583333333333334 0.020874751491053677
0 0.011197916666666667 0.4855864811133201 0.009895833333333333 0.030815109343936383
0 0.41875 0.510934393638171 0.013541666666666667 0.04572564612326044
0 0.85625 0.4990059642147117 0.01875 0.017892644135188866
0 0.6880208333333333 0.4990059642147117 0.010416666666666666 0.013916500994035786
0 0.5361979166666667 0.5034791252485089 0.015104166666666667 0.018886679920477135
0 0.6111979166666667 0.5089463220675944 0.009895833333333333 0.02186878727634195
0 0.66328125 0.5303180914512923 0.0203125 0.02286282306163022
0 0.5513020833333333 0.536779324055666 0.024479166666666666 0.017892644135188866
0 0.5911458333333334 0.5467196819085487 0.008333333333333333 0.03777335984095427
0 0.32109375 0.5521868787276342 0.015104166666666667 0.0268389662027833
0 0.6658854166666667 0.562624254473161 0.025520833333333333 0.041749502982107355
0 0.4075520833333333 0.5566600397614314 0.019270833333333334 0.02584493041749503
0 0.30364583333333334 0.5616302186878728 0.011458333333333333 0.03180914512922465
0 0.9822916666666667 0.5641153081510935 0.011458333333333333 0.03479125248508946
0 0.6471354166666666 0.558648111332008 0.011979166666666667 0.017892644135188866
0 0.46640625 0.5735586481113321 0.008854166666666666 0.03777335984095427
0 0.5731770833333333 0.5636182902584493 0.013020833333333334 0.011928429423459244
0 0.4244791666666667 0.5775347912524851 0.005208333333333333 0.03578528827037773
0 0.60546875 0.5765407554671969 0.018229166666666668 0.015904572564612324
0 0.6338541666666667 0.584493041749503 0.007291666666666667 0.03180914512922465
0 0.6890625 0.5939363817097415 0.019791666666666666 0.03479125248508946
0 0.40625 0.614314115308151 0.019791666666666666 0.04771371769383698
0 0.00546875 0.6083499005964215 0.0109375 0.02584493041749503
0 0.47942708333333334 0.6187872763419483 0.021354166666666667 0.042743538767395624
0 0.6072916666666667 0.6177932405566601 0.005208333333333333 0.032803180914512925
0 0.25286458333333334 0.6187872763419483 0.0067708333333333336 0.030815109343936383
0 0.30078125 0.6118290258449304 0.016145833333333335 0.008946322067594433
0 0.7653645833333333 0.6332007952286283 0.022395833333333334 0.0437375745526839
0 0.6765625 0.6307157057654076 0.008333333333333333 0.03479125248508946
0 0.7127604166666667 0.6371769383697813 0.025520833333333333 0.03180914512922465
0 0.175 0.6282306163021869 0.013541666666666667 0.009940357852882704
0 0.01328125 0.6436381709741551 0.0109375 0.032803180914512925
0 0.54765625 0.6336978131212724 0.0203125 0.010934393638170975
0 0.0026041666666666665 0.6391650099403579 0.005208333333333333 0.019880715705765408
0 0.30755208333333334 0.6411530815109344 0.027604166666666666 0.019880715705765408
0 0.34791666666666665 0.6585487077534792 0.011458333333333333 0.03479125248508946
0 0.48125 0.6620278330019881 0.011458333333333333 0.03578528827037773
0 0.9830729166666666 0.6669980119284294 0.008854166666666666 0.03578528827037773
0 0.465625 0.6660039761431411 0.009375 0.019880715705765408
0 0.5213541666666667 0.6635188866799204 0.013541666666666667 0.016898608349900597
0 0.6036458333333333 0.6734592445328031 0.008333333333333333 0.030815109343936383
0 0.928125 0.6734592445328031 0.01875 0.02286282306163022
0 0.7552083333333334 0.68389662027833 0.028125 0.041749502982107355
0 0.04583333333333333 0.6824055666003976 0.014583333333333334 0.010934393638170975
0 0.3380208333333333 0.6908548707753479 0.013541666666666667 0.02385685884691849
0 0.7947916666666667 0.6958250497017893 0.017708333333333333 0.015904572564612324
0 0.3875 0.7062624254473161 0.00625 0.02485089463220676
0 0.5375 0.7112326043737575 0.023958333333333335 0.02286282306163022
0 0.5786458333333333 0.7191848906560636 0.016666666666666666 0.02882703777335984
0 0.6143229166666667 0.724155069582505 0.015104166666666667 0.0268389662027833
0 0.9919270833333333 0.7321073558648111 0.015104166666666667 0.020874751491053677
0 0.37161458333333336 0.73558648111332 0.0067708333333333336 0.02584493041749503
0 0.41953125 0.73558648111332 0.021354166666666667 0.02385685884691849
0 0.7322916666666667 0.7410536779324056 0.008333333333333333 0.032803180914512925
0 0.7536458333333333 0.7380715705765407 0.017708333333333333 0.02286282306163022
0 0.12421875 0.7445328031809145 0.019270833333333334 0.02982107355864811
0 0.3497395833333333 0.7415506958250497 0.022395833333333334 0.019880715705765408
0 0.48776041666666664 0.7480119284294234 0.016145833333333335 0.02882703777335984
0 0.5770833333333333 0.7475149105367793 0.011458333333333333 0.019880715705765408
0 0.6450520833333333 0.7544731610337972 0.018229166666666668 0.03180914512922465
0 0.20416666666666666 0.7594433399602386 0.007291666666666667 0.02584493041749503
0 0.23984375 0.7649105367793241 0.015104166666666667 0.02882703777335984
0 0.34765625 0.7783300198807157 0.0296875 0.03180914512922465
0 0.5994791666666667 0.7728628230616302 0.007291666666666667 0.014910536779324055
0 0.13020833333333334 0.7882703777335984 0.008333333333333333 0.02584493041749503
0 0.46067708333333335 0.7857852882703777 0.0109375 0.020874751491053677
0 0.2953125 0.7987077534791253 0.014583333333333334 0.042743538767395624
0 0.5794270833333334 0.8116302186878728 0.027604166666666666 0.06858846918489066
0 0.18463541666666666 0.7922465208747514 0.024479166666666666 0.019880715705765408
0 0.09140625 0.7982107355864811 0.015104166666666667 0.02385685884691849
0 0.24088541666666666 0.7997017892644135 0.022395833333333334 0.02286282306163022
0 0.44479166666666664 0.8111332007952287 0.010416666666666666 0.039761431411530816
0 0.4875 0.8091451292246521 0.015625 0.03180914512922465
0 0.70703125 0.808648111332008 0.0140625 0.02882703777335984
0 0.5130208333333334 0.8170974155069582 0.008333333333333333 0.03180914512922465
0 0.0067708333333333336 0.8101391650099403 0.007291666666666667 0.013916500994035786
0 0.375 0.8170974155069582 0.007291666666666667 0.027833001988071572
0 0.6075520833333333 0.812624254473161 0.0171875 0.020874751491053677
0 0.35651041666666666 0.8339960238568589 0.013020833333333334 0.05964214711729622
0 0.9794270833333333 0.8215705765407555 0.0140625 0.02485089463220676
0 0.3875 0.8300198807157058 0.008333333333333333 0.02186878727634195
0 0.26536458333333335 0.8369781312127237 0.019270833333333334 0.027833001988071572
0 0.033854166666666664 0.8369781312127237 0.00625 0.019880715705765408
0 0.6489583333333333 0.8538767395626242 0.007291666666666667 0.0437375745526839
0 0.4864583333333333 0.8494035785288271 0.013541666666666667 0.02286282306163022
0 0.20989583333333334 0.8608349900596421 0.011458333333333333 0.041749502982107355
0 0.3963541666666667 0.8538767395626242 0.008333333333333333 0.02186878727634195
0 0.6018229166666667 0.8548707753479126 0.018229166666666668 0.015904572564612324
0 0.37005208333333334 0.8548707753479126 0.013020833333333334 0.011928429423459244
0 0.27395833333333336 0.867296222664016 0.020833333333333332 0.03479125248508946
0 0.878125 0.8653081510934394 0.011458333333333333 0.014910536779324055
0 0.24505208333333334 0.8757455268389662 0.0265625 0.03180914512922465
0 0.6854166666666667 0.8777335984095428 0.009375 0.02982107355864811
0 0.0296875 0.8752485089463221 0.01875 0.02286282306163022
0 0.44114583333333335 0.8792246520874751 0.010416666666666666 0.02485089463220676
0 0.5489583333333333 0.8767395626242545 0.011458333333333333 0.019880715705765408
0 0.64375 0.9005964214711729 0.008333333333333333 0.039761431411530816
0 0.67578125 0.9030815109343936 0.030729166666666665 0.04473161033797217
0 0.628125 0.8936381709741551 0.016666666666666666 0.019880715705765408
0 0.5145833333333333 0.8961232604373758 0.007291666666666667 0.016898608349900597
0 0.2669270833333333 0.9090457256461233 0.016145833333333335 0.030815109343936383
0 0.44479166666666664 0.9135188866799204 0.015625 0.027833001988071572
0 0.4869791666666667 0.9209741550695825 0.0125 0.03876739562624255
0 0.23958333333333334 0.9165009940357853 0.016666666666666666 0.019880715705765408
0 0.30182291666666666 0.9199801192842942 0.005729166666666666 0.02286282306163022
0 0.6755208333333333 0.9333996023856859 0.014583333333333334 0.02385685884691849
0 0.9653645833333333 0.9269383697813122 0.0171875 0.010934393638170975
0 0.5708333333333333 0.937375745526839 0.011458333333333333 0.019880715705765408
0 0.2421875 0.941351888667992 0.014583333333333334 0.019880715705765408
0 0.58359375 0.9388667992047713 0.005729166666666666 0.012922465208747515
0 0.9822916666666667 0.9368787276341949 0.011458333333333333 0.010934393638170975
0 0.5088541666666667 0.9468190854870775 0.00625 0.0268389662027833
0 0.2794270833333333 0.9622266401590457 0.015104166666666667 0.027833001988071572
0 0.13958333333333334 0.9676938369781312 0.009375 0.036779324055666
0 0.007291666666666667 0.9701789264413518 0.014583333333333334 0.03180914512922465
0 0.6880208333333333 0.9696819085487077 0.014583333333333334 0.032803180914512925
0 0.60625 0.9647117296222664 0.015625 0.012922465208747515
0 0.4934895833333333 0.9736580516898609 0.0171875 0.02485089463220676
0 0.9723958333333333 0.9706759443339961 0.011458333333333333 0.012922465208747515
0 0.88515625 0.9776341948310139 0.011979166666666667 0.02485089463220676
0 0.9200520833333333 0.9850894632206759 0.03802083333333333 0.011928429423459244
0 0.41822916666666665 0.9905566600397614 0.016666666666666666 0.016898608349900597
0 0.6223958333333334 0.9900596421471173 0.011458333333333333 0.017892644135188866
0 0.56171875 0.9905566600397614 0.013020833333333334 0.010934393638170975
0 0.06588541666666667 0.9930417495029821 0.011979166666666667 0.011928429423459244
0 0.9322916666666666 0.9950298210735586 0.06041666666666667 0.007952286282306162