0 0.83046875 0.011928429423459244 0.022395833333333334 0.02385685884691849
0 0.7338541666666667 0.013916500994035786 0.008333333333333333 0.02186878727634195
0 0.44479166666666664 0.02286282306163022 0.0125 0.011928429423459244
0 0.56328125 0.04970178926441352 0.008854166666666666 0.015904572564612324
0 0.7268229166666667 0.07654075546719682 0.013020833333333334 0.02385685884691849
0 0.7622395833333333 0.11083499005964215 0.0140625 0.014910536779324055
0 0.8497395833333333 0.12127236580516898 0.013020833333333334 0.013916500994035786
0 0.28854166666666664 0.14463220675944333 0.013541666666666667 0.02485089463220676
0 0.6479166666666667 0.147117296222664 0.008333333333333333 0.02385685884691849
0 0.20598958333333334 0.15457256461232605 0.011979166666666667 0.020874751491053677
0 0.5479166666666667 0.1555666003976143 0.011458333333333333 0.014910536779324055
0 0.6143229166666667 0.16053677932405566 0.0109375 0.018886679920477135
0 0.15026041666666667 0.1610337972166998 0.015104166666666667 0.015904572564612324
0 0.5885416666666666 0.16202783300198806 0.010416666666666666 0.019880715705765408
0 0.9494791666666667 0.1824055666003976 0.011458333333333333 0.02882703777335984
0 0.49140625 0.1779324055666004 0.016145833333333335 0.013916500994035786
0 0.56796875 0.20029821073558648 0.009895833333333333 0.02485089463220676
0 0.7841145833333333 0.1978131212723658 0.011979166666666667 0.015904572564612324
0 0.92734375 0.1978131212723658 0.009895833333333333 0.013916500994035786
0 0.53515625 0.21023856858846918 0.011979166666666667 0.018886679920477135
0 0.5533854166666666 0.21073558648111332 0.0140625 0.011928429423459244
0 0.96484375 0.21421471172962225 0.0140625 0.016898608349900597
0 0.6403645833333333 0.22564612326043737 0.005729166666666666 0.02186878727634195
0 0.8125 0.2360834990059642 0.005208333333333333 0.014910536779324055
0 0.5213541666666667 0.24751491053677932 0.009375 0.011928429423459244
0 0.60078125 0.24801192842942346 0.0109375 0.010934393638170975
0 0.61171875 0.2529821073558648 0.009895833333333333 0.02286282306163022
0 0.7130208333333333 0.25944333996023855 0.01875 0.02982107355864811
0 0.54375 0.25596421471172964 0.015625 0.018886679920477135
0 0.6734375 0.25795228628230615 0.00625 0.02286282306163022
0 0.9015625 0.27186878727634195 0.016666666666666666 0.018886679920477135
0 0.9859375 0.27236580516898606 0.009375 0.02186878727634195
0 0.5072916666666667 0.275844930417495 0.010416666666666666 0.02485089463220676
0 0.44947916666666665 0.27435387673956263 0.0125 0.015904572564612324
0 0.63125 0.2882703777335984 0.027083333333333334 0.02584493041749503
0 0.9265625 0.28479125248508946 0.0125 0.018886679920477135
0 0.6872395833333333 0.2907554671968191 0.011979166666666667 0.016898608349900597
0 0.7216145833333333 0.30467196819085485 0.009895833333333333 0.03479125248508946
0 0.6729166666666667 0.308648111332008 0.005208333333333333 0.018886679920477135
0 0.8606770833333334 0.31610337972166996 0.0046875 0.017892644135188866
0 0.8796875 0.323558648111332 0.009375 0.016898608349900597
0 0.6447916666666667 0.3394632206759443 0.009375 0.03876739562624255
0 0.9924479166666667 0.33250497017892644 0.0140625 0.018886679920477135
0 0.8002604166666667 0.3379721669980119 0.0078125 0.02584493041749503
0 0.5606770833333333 0.34244532803180916 0.015104166666666667 0.02286282306163022
0 0.6244791666666667 0.3379721669980119 0.013541666666666667 0.011928429423459244
0 0.59765625 0.3553677932405567 0.008854166666666666 0.02882703777335984
0 0.7434895833333334 0.3538767395626243 0.0078125 0.017892644135188866
0 0.6973958333333333 0.3672962226640159 0.011458333333333333 0.016898608349900597
0 0.6627604166666666 0.37524850894632206 0.0046875 0.02485089463220676
0 0.38203125 0.37475149105367794 0.0078125 0.015904572564612324
0 0.6065104166666667 0.3961232604373757 0.018229166666666668 0.048707753479125246
0 0.40911458333333334 0.39165009940357853 0.008854166666666666 0.02982107355864811
0 0.9677083333333333 0.4000994035785288 0.010416666666666666 0.018886679920477135
0 0.5346354166666667 0.40407554671968193 0.0078125 0.02286282306163022
0 0.5515625 0.408051689860835 0.00625 0.0268389662027833
0 0.18098958333333334 0.4105367793240557 0.0109375 0.02385685884691849
0 0.1265625 0.41302186878727637 0.008333333333333333 0.020874751491053677
0 0.9453125 0.4269383697813121 0.0125 0.014910536779324055
0 0.5515625 0.4408548707753479 0.00625 0.02485089463220676
0 0.29635416666666664 0.4532803180914513 0.011458333333333333 0.02186878727634195
0 0.8473958333333333 0.45278330019880714 0.011458333333333333 0.014910536779324055
0 0.86640625 0.4542743538767396 0.008854166666666666 0.019880715705765408
0 0.9385416666666667 0.4517892644135189 0.015625 0.014910536779324055
0 0.6854166666666667 0.47664015904572565 0.020833333333333332 0.02286282306163022
0 0.9828125 0.4721669980119284 0.016666666666666666 0.015904572564612324
0 0.33697916666666666 0.4746520874751491 0.016666666666666666 0.014910536779324055
0 0.8828125 0.47514910536779326 0.013541666666666667 0.013916500994035786
0 0.13802083333333334 0.48906560636182905 0.0125 0.027833001988071572
0 0.5739583333333333 0.49055666003976145 0.005208333333333333 0.02485089463220676
0 0.7002604166666667 0.4990059642147117 0.011979166666666667 0.019880715705765408
0 0.78515625 0.5054671968190855 0.011979166666666667 0.02882703777335984
0 0.29010416666666666 0.5164015904572564 0.007291666666666667 0.014910536779324055
0 0.95703125 0.5233598409542743 0.0109375 0.016898608349900597
0 0.17421875 0.5218687872763419 0.016145833333333335 0.011928429423459244
0 0.5356770833333333 0.5357852882703777 0.013020833333333334 0.017892644135188866
0 0.8098958333333334 0.5492047713717694 0.009375 0.03876739562624255
0 0.9434895833333333 0.5392644135188867 0.016145833333333335 0.008946322067594433
0 0.31328125 0.5462226640159046 0.015104166666666667 0.014910536779324055
0 0.35703125 0.5556660039761432 0.015104166666666667 0.02982107355864811
0 0.4778645833333333 0.562624254473161 0.013020833333333334 0.015904572564612324
0 0.4309895833333333 0.5680914512922465 0.013020833333333334 0.018886679920477135
0 0.84453125 0.570079522862823 0.0140625 0.006958250497017893
0 0.28229166666666666 0.5874751491053678 0.015625 0.03578528827037773
0 0.859375 0.5914512922465208 0.011458333333333333 0.02584493041749503
0 0.42890625 0.5864811133200796 0.021354166666666667 0.013916500994035786
0 0.565625 0.5979125248508946 0.004166666666666667 0.0268389662027833
0 0.9307291666666667 0.5999005964214712 0.008333333333333333 0.02286282306163022
0 0.9145833333333333 0.6013916500994035 0.013541666666666667 0.02385685884691849
0 0.6190104166666667 0.6058648111332008 0.015104166666666667 0.014910536779324055
0 0.29973958333333334 0.6118290258449304 0.0171875 0.016898608349900597
0 0.42604166666666665 0.6108349900596421 0.014583333333333334 0.012922465208747515
0 0.4856770833333333 0.6108349900596421 0.015104166666666667 0.012922465208747515
0 0.7458333333333333 0.621272365805169 0.004166666666666667 0.02385685884691849
0 0.5174479166666667 0.6232604373757455 0.0203125 0.019880715705765408
0 0.6958333333333333 0.6237574552683897 0.011458333333333333 0.020874751491053677
0 0.5901041666666667 0.6401590457256461 0.023958333333333335 0.03578528827037773
0 0.8192708333333333 0.632703777335984 0.014583333333333334 0.008946322067594433
0 0.6622395833333333 0.6530815109343936 0.011979166666666667 0.019880715705765408
0 0.7002604166666667 0.6660039761431411 0.0067708333333333336 0.02385685884691849
0 0.6473958333333333 0.6759443339960238 0.013541666666666667 0.03180914512922465
0 0.43359375 0.6863817097415507 0.005729166666666666 0.0268389662027833
0 0.45208333333333334 0.694831013916501 0.007291666666666667 0.033797216699801194
0 0.48880208333333336 0.6933399602385686 0.015104166666666667 0.016898608349900597
0 0.8049479166666667 0.6943339960238568 0.0140625 0.016898608349900597
0 0.7015625 0.69831013916501 0.00625 0.016898608349900597
0 0.6520833333333333 0.7112326043737575 0.007291666666666667 0.03479125248508946
0 0.5494791666666666 0.7037773359840954 0.015625 0.017892644135188866
0 0.7963541666666667 0.713220675944334 0.010416666666666666 0.0268389662027833
0 0.8497395833333333 0.7186878727634195 0.008854166666666666 0.019880715705765408
0 0.8161458333333333 0.7261431411530815 0.008333333333333333 0.030815109343936383
0 0.4783854166666667 0.7256461232604374 0.009895833333333333 0.02385685884691849
0 0.7244791666666667 0.7350894632206759 0.009375 0.02485089463220676
0 0.46848958333333335 0.73558648111332 0.008854166666666666 0.019880715705765408
0 0.15364583333333334 0.7400596421471173 0.011458333333333333 0.020874751491053677
0 0.44557291666666665 0.7465208747514911 0.0067708333333333336 0.033797216699801194
0 0.4278645833333333 0.7450298210735586 0.013020833333333334 0.02485089463220676
0 0.78515625 0.7509940357852882 0.005729166666666666 0.0268389662027833
0 0.8 0.7475149105367793 0.0125 0.017892644135188866
0 0.5174479166666667 0.7599403578528827 0.0109375 0.032803180914512925
0 0.8921875 0.7649105367793241 0.00625 0.030815109343936383
0 0.8455729166666667 0.7673956262425448 0.011979166666666667 0.027833001988071572
0 0.57578125 0.7629224652087475 0.016145833333333335 0.014910536779324055
0 0.6669270833333333 0.7668986083499006 0.011979166666666667 0.02485089463220676
0 0.77109375 0.7763419483101391 0.0140625 0.039761431411530816
0 0.9223958333333333 0.7659045725646123 0.008333333333333333 0.018886679920477135
0 0.5578125 0.7768389662027833 0.007291666666666667 0.020874751491053677
0 0.73046875 0.7763419483101391 0.0203125 0.019880715705765408
0 0.4315104166666667 0.7907554671968191 0.018229166666666668 0.03876739562624255
0 0.96640625 0.782803180914513 0.0109375 0.018886679920477135
0 0.9067708333333333 0.7897614314115308 0.007291666666666667 0.02882703777335984
0 0.32447916666666665 0.8091451292246521 0.007291666666666667 0.02982107355864811
0 0.5463541666666667 0.80168986083499 0.014583333333333334 0.014910536779324055
0 0.5921875 0.8081510934393639 0.005208333333333333 0.027833001988071572
0 0.7041666666666667 0.8001988071570576 0.010416666666666666 0.009940357852882704
0 0.57734375 0.8041749502982107 0.008854166666666666 0.015904572564612324
0 0.74296875 0.8151093439363817 0.0109375 0.027833001988071572
0 0.46510416666666665 0.8170974155069582 0.013541666666666667 0.027833001988071572
0 0.48151041666666666 0.8230616302186878 0.018229166666666668 0.02584493041749503
0 0.665625 0.8250497017892644 0.009375 0.009940357852882704
0 0.83203125 0.8399602385685885 0.005729166666666666 0.027833001988071572
0 0.8859375 0.8339960238568589 0.014583333333333334 0.015904572564612324
0 0.8104166666666667 0.8404572564612326 0.015625 0.018886679920477135
0 0.2546875 0.8429423459244533 0.01875 0.017892644135188866
0 0.30078125 0.8469184890656064 0.009895833333333333 0.019880715705765408
0 0.5705729166666667 0.8484095427435387 0.009895833333333333 0.020874751491053677
0 0.8682291666666667 0.8499005964214712 0.004166666666666667 0.02186878727634195
0 0.584375 0.8573558648111332 0.00625 0.0268389662027833
0 0.6442708333333333 0.8628230616302187 0.0125 0.033797216699801194
0 0.9036458333333334 0.8538767395626242 0.015625 0.015904572564612324
0 0.6729166666666667 0.8613320079522863 0.010416666666666666 0.016898608349900597
0 0.7854166666666667 0.8742544731610338 0.013541666666666667 0.0268389662027833
0 0.653125 0.8772365805168986 0.014583333333333334 0.018886679920477135
0 0.6216145833333333 0.8866799204771372 0.0046875 0.027833001988071572
0 0.8088541666666667 0.8841948310139165 0.015625 0.014910536779324055
0 0.38385416666666666 0.8851888667992047 0.013541666666666667 0.012922465208747515
0 0.6799479166666667 0.8876739562624254 0.0078125 0.017892644135188866
0 0.6966145833333334 0.8881709741550696 0.0109375 0.020874751491053677
0 0.4234375 0.9030815109343936 0.00625 0.032803180914512925
0 0.9544270833333334 0.8986083499005965 0.009895833333333333 0.02584493041749503
0 0.3450520833333333 0.9035785288270378 0.009895833333333333 0.02982107355864811
0 0.36796875 0.9110337972166997 0.008854166666666666 0.042743538767395624
0 0.3229166666666667 0.9035785288270378 0.009375 0.017892644135188866
0 0.5234375 0.915506958250497 0.009375 0.0437375745526839
0 0.7348958333333333 0.9184890656063618 0.011458333333333333 0.03180914512922465
0 0.6369791666666667 0.9145129224652088 0.007291666666666667 0.02186878727634195
0 0.8536458333333333 0.9174950298210736 0.0125 0.017892644135188866
0 0.8166666666666667 0.9169980119284294 0.01875 0.012922465208747515
0 0.8802083333333334 0.9174950298210736 0.008333333333333333 0.011928429423459244
0 0.6903645833333333 0.9343936381709742 0.019270833333333334 0.033797216699801194
0 0.31302083333333336 0.9463220675944334 0.008333333333333333 0.03180914512922465
0 0.5940104166666667 0.9488071570576541 0.024479166666666666 0.03876739562624255
0 0.6705729166666666 0.952286282306163 0.0203125 0.041749502982107355
0 0.89296875 0.9478131212723658 0.0109375 0.032803180914512925
0 0.3802083333333333 0.9443339960238568 0.008333333333333333 0.019880715705765408
0 0.4934895833333333 0.9423459244532804 0.013020833333333334 0.017892644135188866
0 0.4395833333333333 0.9428429423459245 0.015625 0.012922465208747515
0 0.6518229166666667 0.9537773359840954 0.008854166666666666 0.0268389662027833
0 0.7052083333333333 0.9562624254473161 0.015625 0.033797216699801194
0 0.5151041666666667 0.963220675944334 0.009375 0.02385685884691849
0 0.6361979166666667 0.9676938369781312 0.0140625 0.016898608349900597
0 0.74453125 0.9721669980119284 0.013020833333333334 0.02385685884691849
0 0.3328125 0.9781312127236581 0.00625 0.03180914512922465
0 0.5328125 0.9766401590457257 0.014583333333333334 0.02882703777335984
0 0.5473958333333333 0.9721669980119284 0.008333333333333333 0.017892644135188866
0 0.7208333333333333 0.9776341948310139 0.00625 0.0268389662027833
0 0.8549479166666667 0.9801192842942346 0.005729166666666666 0.017892644135188866
0 0.3770833333333333 0.9840954274353877 0.00625 0.017892644135188866
0 0.59296875 0.9850894632206759 0.011979166666666667 0.019880715705765408
0 0.6494791666666667 0.9840954274353877 0.019791666666666666 0.017892644135188866
0 0.32005208333333335 0.9885685884691849 0.005729166666666666 0.020874751491053677
0 0.515625 0.9850894632206759 0.008333333333333333 0.009940357852882704