0 0.5010416666666667 0.0004970178926441351 0.029166666666666667 0.0009940357852882703
0 0.39739583333333334 0.045228628230616304 0.015625 0.036779324055666
0 0.7130208333333333 0.08548707753479125 0.01875 0.033797216699801194
0 0.47291666666666665 0.1073558648111332 0.011458333333333333 0.03180914512922465
0 0.49921875 0.1496023856858847 0.015104166666666667 0.010934393638170975
0 0.6458333333333334 0.5079522862823062 0.008333333333333333 0.017892644135188866
0 0.5489583333333333 0.5283300198807157 0.009375 0.030815109343936383
0 0.4875 0.5775347912524851 0.023958333333333335 0.027833001988071572
0 0.4080729166666667 0.5969184890656064 0.009895833333333333 0.018886679920477135
0 0.5544270833333333 0.6192842942345924 0.009895833333333333 0.02186878727634195
0 0.3684895833333333 0.6416500994035785 0.016145833333333335 0.014910536779324055
0 0.56953125 0.6421471172962226 0.021354166666666667 0.013916500994035786
0 0.4401041666666667 0.6560636182902585 0.0125 0.015904572564612324
0 0.56328125 0.6789264413518886 0.013020833333333334 0.027833001988071572
0 0.7817708333333333 0.709741550695825 0.011458333333333333 0.011928429423459244
0 0.7421875 0.7579522862823062 0.0125 0.03479125248508946
0 0.8721354166666667 0.9095427435387674 0.005729166666666666 0.015904572564612324