0 0.018229166666666668 0.002485089463220676 0.017708333333333333 0.004970178926441352
0 0.03984375 0.0054671968190854875 0.008854166666666666 0.010934393638170975
0 0.2078125 0.0004970178926441351 0.03854166666666667 0.0009940357852882703
0 0.5776041666666667 0.0044731610337972166 0.011458333333333333 0.008946322067594433
0 0.6125 0.013916500994035786 0.010416666666666666 0.027833001988071572
0 0.73515625 0.010934393638170975 0.015104166666666667 0.02186878727634195
0 0.86484375 0.013916500994035786 0.0203125 0.027833001988071572
0 0.30494791666666665 0.0268389662027833 0.008854166666666666 0.03777335984095427
0 0.44244791666666666 0.018389662027833 0.015104166666666667 0.02286282306163022
0 0.46588541666666666 0.02385685884691849 0.0078125 0.02186878727634195
0 0.97734375 0.03628230616302187 0.0109375 0.040755467196819085
0 0.078125 0.04224652087475149 0.016666666666666666 0.016898608349900597
0 0.9192708333333334 0.06063618290258449 0.015625 0.041749502982107355
0 0.73984375 0.07405566600397614 0.0067708333333333336 0.032803180914512925
0 0.5059895833333333 0.08797216699801193 0.009895833333333333 0.010934393638170975
0 0.8432291666666667 0.10387673956262425 0.008333333333333333 0.03479125248508946
0 0.43307291666666664 0.10984095427435388 0.009895833333333333 0.036779324055666
0 0.49661458333333336 0.09791252485089463 0.0078125 0.012922465208747515
0 0.92890625 0.1073558648111332 0.0265625 0.03180914512922465
0 0.5854166666666667 0.1058648111332008 0.017708333333333333 0.016898608349900597
0 0.34791666666666665 0.15059642147117297 0.026041666666666668 0.0705765407554672
0 0.7877604166666666 0.13717693836978131 0.0140625 0.027833001988071572
0 0.8911458333333333 0.14612326043737575 0.025 0.039761431411530816
0 0.21666666666666667 0.15159045725646123 0.014583333333333334 0.04473161033797217
0 0.37864583333333335 0.15457256461232605 0.010416666666666666 0.04671968190854871
0 0.06510416666666667 0.1496023856858847 0.025 0.02882703777335984
0 0.64140625 0.15059642147117297 0.0078125 0.0268389662027833
0 0.3138020833333333 0.1625248508946322 0.013020833333333334 0.04671968190854871
0 0.12161458333333333 0.1525844930417495 0.0203125 0.018886679920477135
0 0.5317708333333333 0.17196819085487078 0.014583333333333334 0.041749502982107355
0 0.005208333333333333 0.17047713717693838 0.010416666666666666 0.02485089463220676
0 0.30026041666666664 0.17395626242544732 0.005729166666666666 0.03180914512922465
0 0.35182291666666665 0.20328031809145128 0.0203125 0.030815109343936383
0 0.37864583333333335 0.19831013916500995 0.019791666666666666 0.020874751491053677
0 0.5989583333333334 0.220675944333996 0.026041666666666668 0.03180914512922465
0 0.3145833333333333 0.23906560636182903 0.01875 0.04473161033797217
0 0.4083333333333333 0.2355864811133201 0.009375 0.03777335984095427
0 0.1515625 0.23956262425447317 0.021875 0.03180914512922465
0 0.5716145833333334 0.23508946322067595 0.0067708333333333336 0.020874751491053677
0 0.4356770833333333 0.24801192842942346 0.0067708333333333336 0.03876739562624255
0 0.38958333333333334 0.24701789264413518 0.01875 0.016898608349900597
0 0.29453125 0.27485089463220674 0.0234375 0.042743538767395624
0 0.2328125 0.2778330019880716 0.009375 0.0268389662027833
0 0.44505208333333335 0.2927435387673956 0.016145833333333335 0.04473161033797217
0 0.015104166666666667 0.28479125248508946 0.020833333333333332 0.02485089463220676
0 0.21770833333333334 0.2952286282306163 0.008333333333333333 0.04572564612326044
0 0.38723958333333336 0.2932405566600398 0.011979166666666667 0.0437375745526839
0 0.2734375 0.28777335984095426 0.0125 0.016898608349900597
0 0.6190104166666667 0.30168986083499005 0.025520833333333333 0.030815109343936383
0 0.30234375 0.3210735586481113 0.0078125 0.039761431411530816
0 0.35989583333333336 0.3116302186878728 0.0125 0.010934393638170975
0 0.33489583333333334 0.3190854870775348 0.00625 0.015904572564612324
0 0.9651041666666667 0.34095427435387676 0.014583333333333334 0.041749502982107355
0 0.3611979166666667 0.34244532803180916 0.015104166666666667 0.02882703777335984
0 0.28671875 0.3513916500994036 0.0140625 0.03479125248508946
0 0.42552083333333335 0.3503976143141153 0.011458333333333333 0.02882703777335984
0 0.7817708333333333 0.35934393638170975 0.014583333333333334 0.042743538767395624
0 0.33359375 0.36232604373757454 0.0171875 0.02485089463220676
0 0.40078125 0.3697813121272366 0.0171875 0.03578528827037773
0 0.59375 0.37673956262425445 0.011458333333333333 0.015904572564612324
0 0.74609375 0.3832007952286282 0.018229166666666668 0.0268389662027833
0 0.8979166666666667 0.3941351888667992 0.020833333333333332 0.042743538767395624
0 0.271875 0.3986083499005964 0.027083333333333334 0.02385685884691849
0 0.23385416666666667 0.4070576540755467 0.010416666666666666 0.020874751491053677
0 0.51171875 0.41998011928429424 0.0234375 0.030815109343936383
0 0.22291666666666668 0.41848906560636184 0.011458333333333333 0.015904572564612324
0 0.005989583333333334 0.43339960238568587 0.011979166666666667 0.017892644135188866
0 0.3260416666666667 0.44880715705765406 0.008333333333333333 0.04473161033797217
0 0.3924479166666667 0.46123260437375746 0.009895833333333333 0.017892644135188866
0 0.6200520833333333 0.4676938369781312 0.0171875 0.02286282306163022
0 0.4192708333333333 0.481610337972167 0.017708333333333333 0.02286282306163022
0 0.009114583333333334 0.48061630218687873 0.011979166666666667 0.016898608349900597
0 0.22369791666666666 0.4885685884691849 0.016145833333333335 0.032803180914512925
0 0.2596354166666667 0.49353876739562624 0.008854166666666666 0.032803180914512925
0 0.2 0.5004970178926441 0.007291666666666667 0.032803180914512925
0 0.6705729166666666 0.5069582504970179 0.018229166666666668 0.03578528827037773
0 0.5846354166666666 0.5129224652087475 0.0109375 0.033797216699801194
0 0.34036458333333336 0.5079522862823062 0.0078125 0.017892644135188866
0 0.7411458333333333 0.5313121272365805 0.013541666666666667 0.03479125248508946
0 0.5565104166666667 0.5392644135188867 0.008854166666666666 0.032803180914512925
0 0.6955729166666667 0.544234592445328 0.025520833333333333 0.02286282306163022
0 0.8361979166666667 0.5447316103379721 0.021354166666666667 0.011928429423459244
0 0.19505208333333332 0.5506958250497018 0.013020833333333334 0.02186878727634195
0 0.46822916666666664 0.5526838966202783 0.011458333333333333 0.017892644135188866
0 0.36354166666666665 0.5725646123260437 0.030208333333333334 0.041749502982107355
0 0.128125 0.595427435387674 0.020833333333333332 0.03180914512922465
0 0.21328125 0.6038767395626242 0.013020833333333334 0.040755467196819085
0 0.43515625 0.5994035785288271 0.0067708333333333336 0.02584493041749503
0 0.009635416666666667 0.5974155069582505 0.019270833333333334 0.019880715705765408
0 0.65390625 0.6093439363817097 0.015104166666666667 0.02584493041749503
0 0.07734375 0.6257455268389662 0.0067708333333333336 0.040755467196819085
0 0.5432291666666667 0.6158051689860835 0.00625 0.018886679920477135
0 0.5609375 0.6277335984095428 0.016666666666666666 0.02286282306163022
0 0.36041666666666666 0.6272365805168986 0.009375 0.013916500994035786
0 0.15026041666666667 0.6307157057654076 0.008854166666666666 0.016898608349900597
0 0.3731770833333333 0.6322067594433399 0.008854166666666666 0.013916500994035786
0 0.4356770833333333 0.6510934393638171 0.005729166666666666 0.03578528827037773
0 0.26953125 0.6575546719681908 0.018229166666666668 0.03876739562624255
0 0.33046875 0.6565606361829026 0.018229166666666668 0.020874751491053677
0 0.50625 0.6640159045725647 0.00625 0.02385685884691849
0 0.3809895833333333 0.6630218687872763 0.013020833333333334 0.013916500994035786
0 0.4875 0.6679920477137177 0.021875 0.019880715705765408
0 0.56953125 0.668986083499006 0.022395833333333334 0.02186878727634195
0 0.11041666666666666 0.6903578528827038 0.023958333333333335 0.040755467196819085
0 0.42552083333333335 0.6769383697813122 0.0125 0.009940357852882704
0 0.9307291666666667 0.6878727634194831 0.020833333333333332 0.02584493041749503
0 0.4466145833333333 0.6968190854870775 0.0109375 0.02982107355864811
0 0.37890625 0.691351888667992 0.018229166666666668 0.010934393638170975
0 0.4859375 0.6943339960238568 0.0125 0.012922465208747515
0 0.45989583333333334 0.7062624254473161 0.016666666666666666 0.02286282306163022
0 0.12317708333333334 0.7142147117296223 0.024479166666666666 0.03479125248508946
0 0.3809895833333333 0.7340954274353877 0.0067708333333333336 0.0268389662027833
0 0.40963541666666664 0.7335984095427436 0.005729166666666666 0.019880715705765408
0 0.14322916666666666 0.739065606361829 0.017708333333333333 0.014910536779324055
0 0.6083333333333333 0.7495029821073559 0.016666666666666666 0.033797216699801194
0 0.8192708333333333 0.7639165009940357 0.013541666666666667 0.040755467196819085
0 0.56484375 0.7649105367793241 0.021354166666666667 0.032803180914512925
0 0.36770833333333336 0.7872763419483101 0.009375 0.027833001988071572
0 0.484375 0.7932405566600398 0.020833333333333332 0.017892644135188866
0 0.3333333333333333 0.7982107355864811 0.017708333333333333 0.019880715705765408
0 0.43411458333333336 0.7972166998011928 0.009895833333333333 0.017892644135188866
0 0.93046875 0.8046719681908548 0.016145833333333335 0.02485089463220676
0 0.4552083333333333 0.8071570576540755 0.010416666666666666 0.013916500994035786
0 0.29609375 0.8285288270377733 0.033854166666666664 0.042743538767395624
0 0.2674479166666667 0.827037773359841 0.021354166666666667 0.013916500994035786
0 0.375 0.8359840954274353 0.016666666666666666 0.02385685884691849
0 0.6502604166666667 0.8533797216699801 0.019270833333333334 0.05069582504970179
0 0.7041666666666667 0.8449304174950298 0.010416666666666666 0.02982107355864811
0 0.3919270833333333 0.867296222664016 0.015104166666666667 0.02286282306163022
0 0.4700520833333333 0.8727634194831014 0.0078125 0.02584493041749503
0 0.17005208333333333 0.8951292246520874 0.0234375 0.048707753479125246
0 0.37083333333333335 0.8762425447316103 0.015625 0.012922465208747515
0 0.02578125 0.8886679920477137 0.018229166666666668 0.02584493041749503
0 0.08723958333333333 0.897117296222664 0.0078125 0.03479125248508946
0 0.42135416666666664 0.9000994035785288 0.00625 0.03479125248508946
0 0.37447916666666664 0.9055666003976143 0.020833333333333332 0.033797216699801194
0 0.6369791666666667 0.9015904572564613 0.016666666666666666 0.02385685884691849
0 0.7354166666666667 0.8981113320079522 0.020833333333333332 0.014910536779324055
0 0.784375 0.9249502982107356 0.013541666666666667 0.040755467196819085
0 0.33229166666666665 0.9289264413518886 0.014583333333333334 0.040755467196819085
0 0.38515625 0.9244532803180915 0.0203125 0.033797216699801194
0 0.5299479166666666 0.922962226640159 0.016145833333333335 0.016898608349900597
0 0.403125 0.9324055666003976 0.008333333333333333 0.033797216699801194
0 0.15026041666666667 0.9587475149105368 0.015104166666666667 0.05467196819085487
0 0.17057291666666666 0.9502982107355865 0.021354166666666667 0.015904572564612324
0 0.5057291666666667 0.9502982107355865 0.00625 0.013916500994035786
0 0.7317708333333334 0.9582504970178927 0.015625 0.02584493041749503
0 0.475 0.9622266401590457 0.014583333333333334 0.027833001988071572
0 0.34296875 0.9716699801192843 0.025520833333333333 0.0268389662027833
0 0.4421875 0.9761431411530815 0.005208333333333333 0.03180914512922465
0 0.17317708333333334 0.9826043737574552 0.0078125 0.032803180914512925