0 0.27239583333333334 0.015407554671968192 0.029166666666666667 0.030815109343936383
0 0.50234375 0.02385685884691849 0.018229166666666668 0.04771371769383698
0 0.6481770833333333 0.01441351888667992 0.009895833333333333 0.02882703777335984
0 0.21536458333333333 0.020874751491053677 0.0234375 0.02385685884691849
0 0.9640625 0.05864811133200795 0.03125 0.03578528827037773
0 0.18411458333333333 0.05467196819085487 0.008854166666666666 0.017892644135188866
0 0.49244791666666665 0.06560636182902585 0.0234375 0.039761431411530816
0 0.19270833333333334 0.07604373757455268 0.009375 0.016898608349900597
0 0.8692708333333333 0.1058648111332008 0.017708333333333333 0.036779324055666
0 0.6361979166666667 0.1073558648111332 0.015104166666666667 0.03180914512922465
0 0.9369791666666667 0.110337972166998 0.011458333333333333 0.019880715705765408
0 0.9515625 0.11928429423459244 0.017708333333333333 0.02982107355864811
0 0.4473958333333333 0.1272365805168986 0.016666666666666666 0.027833001988071572
0 0.33046875 0.12972166998011928 0.0140625 0.030815109343936383
0 0.5346354166666667 0.147117296222664 0.018229166666666668 0.02186878727634195
0 0.8609375 0.1481113320079523 0.009375 0.02385685884691849
0 0.5875 0.1540755467196819 0.017708333333333333 0.02584493041749503
0 0.42421875 0.16351888667992048 0.011979166666666667 0.040755467196819085
0 0.3828125 0.17196819085487078 0.007291666666666667 0.05168986083499006
0 0.4552083333333333 0.17743538767395625 0.013541666666666667 0.03876739562624255
0 0.27708333333333335 0.16998011928429424 0.014583333333333334 0.015904572564612324
0 0.5260416666666666 0.19035785288270377 0.0125 0.018886679920477135
0 0.3333333333333333 0.20228628230616302 0.00625 0.036779324055666
0 0.6783854166666666 0.19681908548707752 0.0109375 0.019880715705765408
0 0.3723958333333333 0.2147117296222664 0.014583333333333334 0.027833001988071572
0 0.5231770833333333 0.2276341948310139 0.0067708333333333336 0.015904572564612324
0 0.5598958333333334 0.23956262425447317 0.014583333333333334 0.039761431411530816
0 0.4432291666666667 0.23061630218687873 0.01875 0.013916500994035786
0 0.6140625 0.24900596421471172 0.00625 0.014910536779324055
0 0.7846354166666667 0.2639165009940358 0.025520833333333333 0.02882703777335984
0 0.47630208333333335 0.26888667992047716 0.0171875 0.02882703777335984
0 0.26510416666666664 0.2698807157057654 0.008333333333333333 0.016898608349900597
0 0.9263020833333333 0.28479125248508946 0.011979166666666667 0.030815109343936383
0 0.5705729166666667 0.2823061630218688 0.0078125 0.017892644135188866
0 0.7997395833333333 0.3066600397614314 0.013020833333333334 0.05268389662027833
0 0.09010416666666667 0.29870775347912526 0.014583333333333334 0.030815109343936383
0 0.6247395833333333 0.297713717693837 0.0171875 0.018886679920477135
0 0.5458333333333333 0.3096421471172962 0.017708333333333333 0.030815109343936383
0 0.5747395833333333 0.305168986083499 0.0109375 0.02385685884691849
0 0.671875 0.31660039761431413 0.0125 0.02882703777335984
0 0.6046875 0.3250497017892644 0.010416666666666666 0.033797216699801194
0 0.4986979166666667 0.32703777335984097 0.015104166666666667 0.02982107355864811
0 0.984375 0.334493041749503 0.030208333333333334 0.030815109343936383
0 0.459375 0.3379721669980119 0.011458333333333333 0.027833001988071572
0 0.5880208333333333 0.3275347912524851 0.014583333333333334 0.008946322067594433
0 0.14348958333333334 0.34343936381709744 0.0171875 0.0268389662027833
0 0.08046875 0.3429423459244533 0.005729166666666666 0.019880715705765408
0 0.5169270833333334 0.35785288270377735 0.027604166666666666 0.04970178926441352
0 0.6153645833333333 0.3538767395626243 0.0140625 0.027833001988071572
0 0.2578125 0.3658051689860835 0.0125 0.015904572564612324
0 0.5744791666666667 0.3871769383697813 0.026041666666666668 0.03479125248508946
0 0.43723958333333335 0.37673956262425445 0.009895833333333333 0.009940357852882704
0 0.88984375 0.38866799204771374 0.008854166666666666 0.027833001988071572
0 0.49661458333333336 0.3951292246520875 0.008854166666666666 0.03479125248508946
0 0.46380208333333334 0.40357852882703776 0.013020833333333334 0.03578528827037773
0 0.5234375 0.4224652087475149 0.010416666666666666 0.02186878727634195
0 0.10390625 0.42992047713717696 0.0140625 0.032803180914512925
0 0.3450520833333333 0.43687872763419483 0.0140625 0.048707753479125246
0 0.6091145833333333 0.4289264413518887 0.005729166666666666 0.030815109343936383
0 0.4518229166666667 0.4294234592445328 0.016145833333333335 0.02186878727634195
0 0.9458333333333333 0.44880715705765406 0.021875 0.05666003976143141
0 0.48333333333333334 0.43489065606361826 0.009375 0.016898608349900597
0 0.5549479166666667 0.44681908548707755 0.011979166666666667 0.0268389662027833
0 0.6375 0.45129224652087474 0.007291666666666667 0.033797216699801194
0 0.5955729166666667 0.470675944333996 0.018229166666666668 0.0268389662027833
0 0.44296875 0.4676938369781312 0.016145833333333335 0.018886679920477135
0 0.71796875 0.4726640159045726 0.025520833333333333 0.016898608349900597
0 0.5151041666666667 0.4855864811133201 0.0125 0.02882703777335984
0 0.565625 0.4900596421471173 0.007291666666666667 0.03578528827037773
0 0.23958333333333334 0.4915506958250497 0.007291666666666667 0.020874751491053677
0 0.47630208333333335 0.4955268389662028 0.030729166666666665 0.02286282306163022
0 0.42864583333333334 0.5149105367793241 0.013541666666666667 0.019880715705765408
0 0.9888020833333333 0.5193836978131213 0.021354166666666667 0.02882703777335984
0 0.6971354166666667 0.5362823061630219 0.0140625 0.02485089463220676
0 0.43020833333333336 0.5531809145129225 0.011458333333333333 0.04671968190854871
0 0.39869791666666665 0.5506958250497018 0.011979166666666667 0.027833001988071572
0 0.4973958333333333 0.5666003976143141 0.013541666666666667 0.019880715705765408
0 0.5119791666666667 0.584493041749503 0.015625 0.013916500994035786
0 0.8583333333333333 0.5934393638170974 0.023958333333333335 0.03180914512922465
0 0.5455729166666666 0.5929423459244533 0.016145833333333335 0.02286282306163022
0 0.6028645833333334 0.6078528827037774 0.019270833333333334 0.0268389662027833
0 0.34427083333333336 0.6113320079522863 0.017708333333333333 0.02584493041749503
0 0.3809895833333333 0.6043737574552683 0.019270833333333334 0.011928429423459244
0 0.5171875 0.6232604373757455 0.014583333333333334 0.027833001988071572
0 0.30885416666666665 0.6341948310139165 0.005208333333333333 0.02982107355864811
0 0.7244791666666667 0.6312127236580517 0.01875 0.013916500994035786
0 0.5901041666666667 0.6322067594433399 0.014583333333333334 0.009940357852882704
0 0.6174479166666667 0.6476143141153081 0.0067708333333333336 0.03876739562624255
0 0.5255208333333333 0.6491053677932406 0.019791666666666666 0.02186878727634195
0 0.6671875 0.6496023856858847 0.0125 0.020874751491053677
0 0.17135416666666667 0.661530815109344 0.015625 0.030815109343936383
0 0.3645833333333333 0.6585487077534792 0.022916666666666665 0.018886679920477135
0 0.7859375 0.6669980119284294 0.016666666666666666 0.03578528827037773
0 0.3885416666666667 0.6590457256461233 0.011458333333333333 0.013916500994035786
0 0.55390625 0.6903578528827038 0.008854166666666666 0.02286282306163022
0 0.5645833333333333 0.7062624254473161 0.014583333333333334 0.048707753479125246
0 0.6356770833333333 0.6943339960238568 0.018229166666666668 0.018886679920477135
0 0.5395833333333333 0.709741550695825 0.016666666666666666 0.02982107355864811
0 0.47734375 0.7236580516898609 0.013020833333333334 0.0437375745526839
0 0.528125 0.7246520874751491 0.011458333333333333 0.02186878727634195
0 0.5552083333333333 0.7350894632206759 0.007291666666666667 0.016898608349900597
0 0.53828125 0.7584493041749503 0.0234375 0.039761431411530816
0 0.7846354166666667 0.7584493041749503 0.0203125 0.02385685884691849
0 0.45286458333333335 0.760934393638171 0.018229166666666668 0.014910536779324055
0 0.51171875 0.7808151093439364 0.016145833333333335 0.03479125248508946
0 0.590625 0.7887673956262425 0.010416666666666666 0.012922465208747515
0 0.7791666666666667 0.7957256461232605 0.00625 0.0268389662027833
0 0.5403645833333334 0.7982107355864811 0.008854166666666666 0.02385685884691849
0 0.34921875 0.8359840954274353 0.0109375 0.03777335984095427
0 0.5263020833333333 0.8439363817097415 0.008854166666666666 0.027833001988071572
0 0.44973958333333336 0.8558648111332008 0.0140625 0.03578528827037773
0 0.5440104166666667 0.8752485089463221 0.0078125 0.02882703777335984
0 0.5247395833333334 0.8722664015904572 0.008854166666666666 0.018886679920477135
0 0.32578125 0.8836978131212724 0.027604166666666666 0.027833001988071572
0 0.4734375 0.8802186878727635 0.022916666666666665 0.016898608349900597
0 0.8796875 0.8901590457256461 0.01875 0.018886679920477135
0 0.6216145833333333 0.9015904572564613 0.008854166666666666 0.039761431411530816
0 0.2677083333333333 0.8996023856858847 0.01875 0.02584493041749503
0 0.46875 0.9199801192842942 0.007291666666666667 0.0268389662027833
0 0.49713541666666666 0.9329025844930418 0.011979166666666667 0.04473161033797217
0 0.6536458333333334 0.929920477137177 0.021875 0.03876739562624255
0 0.43515625 0.9249502982107356 0.005729166666666666 0.014910536779324055
0 0.58515625 0.9353876739562624 0.011979166666666667 0.033797216699801194
0 0.60703125 0.9537773359840954 0.008854166666666666 0.042743538767395624
0 0.9018229166666667 0.9567594433399602 0.022395833333333334 0.04671968190854871
0 0.6354166666666666 0.9572564612326043 0.017708333333333333 0.02982107355864811
0 0.32578125 0.9681908548707754 0.008854166666666666 0.04572564612326044
0 0.39817708333333335 0.9617296222664016 0.015104166666666667 0.0268389662027833
0 0.4713541666666667 0.9726640159045725 0.008333333333333333 0.02286282306163022
0 0.5078125 0.9826043737574552 0.01875 0.0268389662027833
0 0.4393229166666667 0.9840954274353877 0.0140625 0.015904572564612324
0 0.6932291666666667 0.992544731610338 0.0125 0.012922465208747515