0 0.41432291666666665 0.01242544731610338 0.011979166666666667 0.016898608349900597
0 0.6049479166666667 0.019880715705765408 0.016145833333333335 0.015904572564612324
0 0.17213541666666668 0.027335984095427434 0.019270833333333334 0.02485089463220676
0 0.7958333333333333 0.03180914512922465 0.005208333333333333 0.019880715705765408
0 0.17864583333333334 0.05168986083499006 0.011458333333333333 0.019880715705765408
0 0.44427083333333334 0.06411530815109344 0.008333333333333333 0.03479125248508946
0 0.46484375 0.09642147117296222 0.03802083333333333 0.03777335984095427
0 0.5973958333333333 0.09045725646123261 0.015625 0.02186878727634195
0 0.6395833333333333 0.09145129224652088 0.009375 0.02186878727634195
0 0.4231770833333333 0.12872763419483102 0.009895833333333333 0.03479125248508946
0 0.6044270833333333 0.1257455268389662 0.0109375 0.02286282306163022
0 0.5557291666666667 0.1341948310139165 0.007291666666666667 0.027833001988071572
0 0.16796875 0.13320079522862824 0.019270833333333334 0.017892644135188866
0 0.5786458333333333 0.1411530815109344 0.007291666666666667 0.02982107355864811
0 0.5309895833333333 0.15854870775347912 0.0203125 0.02286282306163022
0 0.41354166666666664 0.1694831013916501 0.021875 0.040755467196819085
0 0.3927083333333333 0.16998011928429424 0.013541666666666667 0.027833001988071572
0 0.7770833333333333 0.18141153081510936 0.0125 0.03876739562624255
0 0.26927083333333335 0.17445328031809146 0.011458333333333333 0.02286282306163022
0 0.43984375 0.17992047713717693 0.013020833333333334 0.02186878727634195
0 0.48463541666666665 0.19532803180914513 0.0109375 0.040755467196819085
0 0.4440104166666667 0.19582504970178927 0.015104166666666667 0.015904572564612324
0 0.5020833333333333 0.20228628230616302 0.009375 0.014910536779324055
0 0.5942708333333333 0.21669980119284293 0.0125 0.033797216699801194
0 0.4309895833333333 0.21719681908548708 0.016145833333333335 0.032803180914512925
0 0.7908854166666667 0.21123260437375746 0.009895833333333333 0.010934393638170975
0 0.8130208333333333 0.22415506958250497 0.0125 0.0268389662027833
0 0.48880208333333336 0.2331013916500994 0.013020833333333334 0.014910536779324055
0 0.9544270833333334 0.25596421471172964 0.019270833333333334 0.05467196819085487
0 0.4747395833333333 0.24602385685884692 0.013020833333333334 0.030815109343936383
0 0.4166666666666667 0.26093439363817095 0.010416666666666666 0.0268389662027833
0 0.521875 0.28180914512922467 0.013541666666666667 0.042743538767395624
0 0.98984375 0.2962226640159046 0.0203125 0.0437375745526839
0 0.5377604166666666 0.2912524850894632 0.0078125 0.02982107355864811
0 0.46067708333333335 0.2967196819085487 0.015104166666666667 0.012922465208747515
0 0.42578125 0.3121272365805169 0.025520833333333333 0.03777335984095427
0 0.4591145833333333 0.31858846918489064 0.0328125 0.036779324055666
0 0.3 0.3195825049701789 0.017708333333333333 0.02485089463220676
0 0.8505208333333333 0.341948310139165 0.020833333333333332 0.02385685884691849
0 0.40598958333333335 0.34393638170974156 0.005729166666666666 0.013916500994035786
0 0.45026041666666666 0.35636182902584496 0.0140625 0.030815109343936383
0 0.26796875 0.3503976143141153 0.0265625 0.016898608349900597
0 0.89140625 0.3702783300198807 0.018229166666666668 0.03479125248508946
0 0.503125 0.37773359840954274 0.013541666666666667 0.02186878727634195
0 0.6356770833333333 0.39314115308151093 0.016145833333333335 0.02286282306163022
0 0.3807291666666667 0.42196819085487075 0.0125 0.042743538767395624
0 0.05416666666666667 0.43538767395626243 0.020833333333333332 0.039761431411530816
0 0.56484375 0.43190854870775347 0.0140625 0.02485089463220676
0 0.3919270833333333 0.4403578528827038 0.0078125 0.027833001988071572
0 0.425 0.46272365805168986 0.021875 0.020874751491053677
0 0.49322916666666666 0.4855864811133201 0.026041666666666668 0.02485089463220676
0 0.19010416666666666 0.5039761431411531 0.022916666666666665 0.04771371769383698
0 0.6265625 0.5089463220675944 0.007291666666666667 0.03578528827037773
0 0.409375 0.5124254473161034 0.014583333333333334 0.030815109343936383
0 0.4828125 0.51441351888668 0.016666666666666666 0.018886679920477135
0 0.6609375 0.5238568588469185 0.016666666666666666 0.03578528827037773
0 0.6411458333333333 0.5223658051689861 0.013541666666666667 0.020874751491053677
0 0.45260416666666664 0.5392644135188867 0.005208333333333333 0.018886679920477135
0 0.5598958333333334 0.5467196819085487 0.021875 0.011928429423459244
0 0.9026041666666667 0.5636182902584493 0.011458333333333333 0.015904572564612324
0 0.31354166666666666 0.5765407554671969 0.009375 0.039761431411530816
0 0.6640625 0.5705765407554672 0.0125 0.013916500994035786
0 0.9088541666666666 0.5800198807157058 0.011458333333333333 0.020874751491053677
0 0.48098958333333336 0.5785288270377733 0.008854166666666666 0.013916500994035786
0 0.3763020833333333 0.602882703777336 0.0140625 0.040755467196819085
0 0.43645833333333334 0.5999005964214712 0.01875 0.02286282306163022
0 0.05911458333333333 0.6013916500994035 0.016145833333333335 0.027833001988071572
0 0.7075520833333333 0.6083499005964215 0.005729166666666666 0.02982107355864811
0 0.29765625 0.606858846918489 0.025520833333333333 0.018886679920477135
0 0.7247395833333333 0.6128230616302187 0.0171875 0.0268389662027833
0 0.4388020833333333 0.6366799204771372 0.0109375 0.02485089463220676
0 0.3546875 0.6486083499005965 0.016666666666666666 0.02882703777335984
0 0.5916666666666667 0.7002982107355865 0.007291666666666667 0.036779324055666
0 0.37942708333333336 0.69831013916501 0.009895833333333333 0.018886679920477135
0 0.48854166666666665 0.713220675944334 0.008333333333333333 0.030815109343936383
0 0.9026041666666667 0.717196819085487 0.027083333333333334 0.032803180914512925
0 0.35494791666666664 0.7350894632206759 0.013020833333333334 0.02286282306163022
0 0.5213541666666667 0.7559642147117296 0.0125 0.03479125248508946
0 0.4752604166666667 0.7519880715705766 0.0140625 0.02286282306163022
0 0.5416666666666666 0.76441351888668 0.007291666666666667 0.041749502982107355
0 0.43046875 0.7639165009940357 0.0109375 0.020874751491053677
0 0.8908854166666667 0.808648111332008 0.008854166666666666 0.03479125248508946
0 0.5111979166666667 0.8036779324055666 0.018229166666666668 0.012922465208747515
0 0.7809895833333333 0.8170974155069582 0.008854166666666666 0.027833001988071572
0 0.5705729166666667 0.8389662027833003 0.0109375 0.0437375745526839
0 0.6627604166666666 0.8354870775347912 0.013020833333333334 0.032803180914512925
0 0.46979166666666666 0.8339960238568589 0.017708333333333333 0.017892644135188866
0 0.49583333333333335 0.8598409542743539 0.019791666666666666 0.02385685884691849
0 0.5111979166666667 0.8692842942345924 0.019270833333333334 0.02882703777335984
0 0.75625 0.8996023856858847 0.013541666666666667 0.03777335984095427
0 0.54453125 0.9050695825049702 0.013020833333333334 0.03479125248508946
0 0.48932291666666666 0.9319085487077535 0.034895833333333334 0.03479125248508946
0 0.5255208333333333 0.9314115308151093 0.004166666666666667 0.027833001988071572
0 0.6796875 0.9304174950298211 0.019791666666666666 0.019880715705765408
0 0.67421875 0.9731610337972167 0.005729166666666666 0.02982107355864811
0 0.6088541666666667 0.9766401590457257 0.016666666666666666 0.03479125248508946
0 0.7919270833333333 0.9875745526838966 0.015104166666666667 0.02286282306163022
0 0.58359375 0.989065606361829 0.016145833333333335 0.019880715705765408
0 0.5114583333333333 0.9915506958250497 0.022916666666666665 0.014910536779324055