0 0.825 0.012922465208747515 0.013541666666666667 0.02584493041749503
0 0.5916666666666667 0.013916500994035786 0.011458333333333333 0.027833001988071572
0 0.2755208333333333 0.013916500994035786 0.01875 0.019880715705765408
0 0.5328125 0.015904572564612324 0.013541666666666667 0.02186878727634195
0 0.6856770833333333 0.023359840954274354 0.0203125 0.0268389662027833
0 0.6604166666666667 0.0268389662027833 0.009375 0.03180914512922465
0 0.7276041666666667 0.027833001988071572 0.022916666666666665 0.017892644135188866
0 0.57734375 0.03926441351888668 0.0140625 0.02882703777335984
0 0.5536458333333333 0.03827037773359841 0.013541666666666667 0.02485089463220676
0 0.9213541666666667 0.04572564612326044 0.016666666666666666 0.017892644135188866
0 0.825 0.04920477137176938 0.013541666666666667 0.012922465208747515
0 0.8169270833333333 0.07107355864811134 0.0234375 0.020874751491053677
0 0.6278645833333333 0.07952286282306163 0.0109375 0.033797216699801194
0 0.07864583333333333 0.08548707753479125 0.020833333333333332 0.03180914512922465
0 0.8955729166666667 0.09691848906560636 0.0171875 0.03876739562624255
0 0.3338541666666667 0.110337972166998 0.013541666666666667 0.027833001988071572
0 0.6890625 0.12375745526838966 0.009375 0.030815109343936383
0 0.5924479166666666 0.1441351888667992 0.008854166666666666 0.0437375745526839
0 0.70546875 0.15308151093439365 0.0109375 0.03777335984095427
0 0.15885416666666666 0.16749502982107356 0.008333333333333333 0.02882703777335984
0 0.8559895833333333 0.1754473161033797 0.013020833333333334 0.030815109343936383
0 0.7549479166666667 0.18439363817097415 0.0109375 0.03876739562624255
0 0.65 0.17892644135188868 0.008333333333333333 0.02584493041749503
0 0.59375 0.18687872763419483 0.020833333333333332 0.02982107355864811
0 0.32265625 0.20278330019880716 0.008854166666666666 0.0536779324055666
0 0.34010416666666665 0.18538767395626243 0.011458333333333333 0.014910536779324055
0 0.12890625 0.19483101391650098 0.0140625 0.02982107355864811
0 0.6348958333333333 0.20675944333996024 0.011458333333333333 0.015904572564612324
0 0.5861979166666667 0.21968190854870775 0.0265625 0.041749502982107355
0 0.21848958333333332 0.2077534791252485 0.0109375 0.011928429423459244
0 0.6080729166666666 0.21023856858846918 0.013020833333333334 0.010934393638170975
0 0.28177083333333336 0.2301192842942346 0.017708333333333333 0.030815109343936383
0 0.74609375 0.2301192842942346 0.015104166666666667 0.016898608349900597
0 0.65546875 0.24552683896620278 0.024479166666666666 0.04771371769383698
0 0.6802083333333333 0.24254473161033796 0.00625 0.02982107355864811
0 0.3299479166666667 0.2783300198807157 0.018229166666666668 0.039761431411530816
0 0.69453125 0.2698807157057654 0.016145833333333335 0.020874751491053677
0 0.61796875 0.2768389662027833 0.0171875 0.018886679920477135
0 0.7364583333333333 0.28628230616302186 0.008333333333333333 0.033797216699801194
0 0.24505208333333334 0.2783300198807157 0.018229166666666668 0.015904572564612324
0 0.8390625 0.28727634194831014 0.017708333333333333 0.03180914512922465
0 0.29296875 0.2982107355864811 0.009895833333333333 0.041749502982107355
0 0.036458333333333336 0.2907554671968191 0.0125 0.014910536779324055
0 0.5880208333333333 0.3096421471172962 0.013541666666666667 0.040755467196819085
0 0.07135416666666666 0.3061630218687873 0.035416666666666666 0.02982107355864811
0 0.66953125 0.32852882703777336 0.0067708333333333336 0.02286282306163022
0 0.2833333333333333 0.36779324055666 0.00625 0.033797216699801194
0 0.62734375 0.3742544731610338 0.0046875 0.02882703777335984
0 0.8515625 0.3727634194831014 0.025 0.019880715705765408
0 0.4309895833333333 0.37773359840954274 0.019270833333333334 0.02186878727634195
0 0.18984375 0.3946322067594433 0.016145833333333335 0.019880715705765408
0 0.7880208333333333 0.41749502982107356 0.016666666666666666 0.061630218687872766
0 0.5739583333333333 0.40904572564612324 0.01875 0.04473161033797217
0 0.6518229166666667 0.41302186878727637 0.016145833333333335 0.0268389662027833
0 0.1109375 0.40506958250497016 0.007291666666666667 0.012922465208747515
0 0.8315104166666667 0.4239562624254473 0.018229166666666668 0.040755467196819085
0 0.7565104166666666 0.4224652087475149 0.025520833333333333 0.019880715705765408
0 0.81015625 0.43687872763419483 0.019270833333333334 0.0268389662027833
0 0.24427083333333333 0.452286282306163 0.029166666666666667 0.0437375745526839
0 0.6533854166666667 0.45278330019880714 0.0171875 0.03479125248508946
0 0.6140625 0.4428429423459245 0.008333333333333333 0.014910536779324055
0 0.5315104166666667 0.4686878727634195 0.0109375 0.042743538767395624
0 0.6033854166666667 0.46123260437375746 0.016145833333333335 0.02385685884691849
0 0.8119791666666667 0.4711729622266402 0.034375 0.041749502982107355
0 0.5846354166666666 0.4761431411530815 0.009895833333333333 0.041749502982107355
0 0.4973958333333333 0.4647117296222664 0.010416666666666666 0.020874751491053677
0 0.6606770833333333 0.4831013916500994 0.0109375 0.017892644135188866
0 0.11588541666666667 0.5 0.019270833333333334 0.04970178926441352
0 0.61015625 0.5034791252485089 0.013020833333333334 0.040755467196819085
0 0.4127604166666667 0.49502982107355864 0.008854166666666666 0.015904572564612324
0 0.77265625 0.4955268389662028 0.0171875 0.014910536779324055
0 0.6286458333333333 0.5149105367793241 0.005208333333333333 0.015904572564612324
0 0.41067708333333336 0.5203777335984096 0.011979166666666667 0.02286282306163022
0 0.3338541666666667 0.5303180914512923 0.009375 0.03876739562624255
0 0.7611979166666667 0.5342942345924453 0.013020833333333334 0.03876739562624255
0 0.5796875 0.5333001988071571 0.011458333333333333 0.036779324055666
0 0.9502604166666667 0.5318091451292246 0.019270833333333334 0.03180914512922465
0 0.5356770833333333 0.5457256461232605 0.009895833333333333 0.027833001988071572
0 0.60390625 0.5571570576540755 0.013020833333333334 0.03479125248508946
0 0.6356770833333333 0.5601391650099403 0.008854166666666666 0.020874751491053677
0 0.6846354166666667 0.5680914512922465 0.013020833333333334 0.02882703777335984
0 0.8864583333333333 0.5641153081510935 0.009375 0.012922465208747515
0 0.5158854166666667 0.5675944333996024 0.0067708333333333336 0.019880715705765408
0 0.049479166666666664 0.5800198807157058 0.020833333333333332 0.036779324055666
0 0.5703125 0.5869781312127237 0.025 0.032803180914512925
0 0.22630208333333332 0.5869781312127237 0.021354166666666667 0.02485089463220676
0 0.8067708333333333 0.5904572564612326 0.015625 0.013916500994035786
0 0.640625 0.591948310139165 0.00625 0.014910536779324055
0 0.39791666666666664 0.5949304174950298 0.013541666666666667 0.02286282306163022
0 0.44817708333333334 0.602882703777336 0.0078125 0.012922465208747515
0 0.72578125 0.6217693836978131 0.015104166666666667 0.042743538767395624
0 0.6088541666666667 0.6187872763419483 0.016666666666666666 0.014910536779324055
0 0.5263020833333333 0.6411530815109344 0.022395833333333334 0.02385685884691849
0 0.79453125 0.6515904572564613 0.022395833333333334 0.02882703777335984
0 0.19635416666666666 0.6610337972166997 0.025 0.04572564612326044
0 0.8817708333333333 0.6660039761431411 0.015625 0.0437375745526839
0 0.42421875 0.6694831013916501 0.015104166666666667 0.036779324055666
0 0.78046875 0.6709741550695825 0.022395833333333334 0.033797216699801194
0 0.8419270833333333 0.6794234592445328 0.008854166666666666 0.042743538767395624
0 0.47109375 0.6853876739562624 0.011979166666666667 0.03479125248508946
0 0.77265625 0.6923459244532804 0.009895833333333333 0.032803180914512925
0 0.6713541666666667 0.7191848906560636 0.017708333333333333 0.07654075546719682
0 0.8268229166666666 0.7112326043737575 0.0067708333333333336 0.03479125248508946
0 0.5635416666666667 0.7206759443339961 0.011458333333333333 0.04970178926441352
0 0.709375 0.7231610337972167 0.007291666666666667 0.02882703777335984
0 0.5403645833333334 0.7221669980119284 0.018229166666666668 0.02286282306163022
0 0.008333333333333333 0.7286282306163022 0.015625 0.017892644135188866
0 0.8041666666666667 0.7405566600397614 0.014583333333333334 0.019880715705765408
0 0.5010416666666667 0.7619284294234593 0.007291666666666667 0.036779324055666
0 0.7544270833333333 0.7713717693836978 0.0234375 0.0536779324055666
0 0.22682291666666668 0.7664015904572564 0.0109375 0.02982107355864811
0 0.6328125 0.786779324055666 0.01875 0.05864811133200795
0 0.7296875 0.7773359840954275 0.00625 0.033797216699801194
0 0.34817708333333336 0.7842942345924453 0.0109375 0.03180914512922465
0 0.4903645833333333 0.7987077534791253 0.011979166666666667 0.02882703777335984
0 0.33697916666666666 0.8011928429423459 0.013541666666666667 0.027833001988071572
0 0.94609375 0.8111332007952287 0.011979166666666667 0.03777335984095427
0 0.8091145833333333 0.8096421471172962 0.0140625 0.032803180914512925
0 0.009895833333333333 0.8220675944333996 0.01875 0.04572564612326044
0 0.9255208333333333 0.8255467196819085 0.014583333333333334 0.04473161033797217
0 0.46432291666666664 0.8185884691848907 0.0140625 0.018886679920477135
0 0.5638020833333334 0.8464214711729622 0.0203125 0.02485089463220676
0 0.4171875 0.8578528827037774 0.014583333333333334 0.02584493041749503
0 0.2598958333333333 0.8623260437375746 0.022916666666666665 0.036779324055666
0 0.54765625 0.8613320079522863 0.0203125 0.018886679920477135
0 0.4557291666666667 0.8638170974155069 0.016666666666666666 0.011928429423459244
0 0.37578125 0.8832007952286283 0.0067708333333333336 0.02882703777335984
0 0.008854166666666666 0.9050695825049702 0.016666666666666666 0.03479125248508946
0 0.6924479166666667 0.9105367793240556 0.0234375 0.02584493041749503
0 0.4979166666666667 0.9085487077534792 0.021875 0.019880715705765408
0 0.34401041666666665 0.9294234592445328 0.019270833333333334 0.019880715705765408
0 0.5247395833333334 0.941351888667992 0.015104166666666667 0.033797216699801194
0 0.8486979166666667 0.9607355864811133 0.022395833333333334 0.04671968190854871
0 0.49244791666666665 0.9488071570576541 0.019270833333333334 0.020874751491053677
0 0.7385416666666667 0.9612326043737575 0.007291666666666667 0.0437375745526839