0 0.7908854166666667 0.007952286282306162 0.050520833333333334 0.015904572564612324
0 0.50703125 0.0064612326043737576 0.0171875 0.012922465208747515
0 0.32890625 0.0054671968190854875 0.013020833333333334 0.010934393638170975
0 0.5822916666666667 0.017892644135188866 0.013541666666666667 0.02186878727634195
0 0.1953125 0.027335984095427434 0.010416666666666666 0.03479125248508946
0 0.7833333333333333 0.04125248508946322 0.013541666666666667 0.04473161033797217
0 0.34010416666666665 0.0268389662027833 0.011458333333333333 0.013916500994035786
0 0.5486979166666667 0.04821073558648111 0.0109375 0.040755467196819085
0 0.7674479166666667 0.08151093439363817 0.0078125 0.03180914512922465
0 0.7052083333333333 0.07803180914512922 0.014583333333333334 0.0268389662027833
0 0.40677083333333336 0.10785288270377734 0.007291666666666667 0.03479125248508946
0 0.7825520833333334 0.11083499005964215 0.011979166666666667 0.030815109343936383
0 0.64140625 0.11530815109343936 0.013020833333333334 0.02385685884691849
0 0.4825520833333333 0.11679920477137178 0.022395833333333334 0.018886679920477135
0 0.68671875 0.12176938369781312 0.015104166666666667 0.012922465208747515
0 0.7416666666666667 0.12475149105367793 0.015625 0.014910536779324055
0 0.425 0.14214711729622267 0.009375 0.03180914512922465
0 0.46041666666666664 0.15854870775347912 0.009375 0.016898608349900597
0 0.6510416666666666 0.18737574552683897 0.011458333333333333 0.016898608349900597
0 0.6278645833333333 0.18687872763419483 0.0140625 0.015904572564612324
0 0.18333333333333332 0.21123260437375746 0.011458333333333333 0.036779324055666
0 0.80234375 0.20924453280318092 0.019270833333333334 0.02882703777335984
0 0.30494791666666665 0.21520874751491054 0.0109375 0.02882703777335984
0 0.6401041666666667 0.2201789264413519 0.025 0.014910536779324055
0 0.04739583333333333 0.23111332007952287 0.026041666666666668 0.03479125248508946
0 0.8065104166666667 0.24900596421471172 0.0203125 0.036779324055666
0 0.3046875 0.25497017892644136 0.017708333333333333 0.02882703777335984
0 0.6872395833333333 0.25497017892644136 0.011979166666666667 0.020874751491053677
0 0.6330729166666667 0.2823061630218688 0.0109375 0.039761431411530816
0 0.9192708333333334 0.2852882703777336 0.010416666666666666 0.041749502982107355
0 0.65625 0.27236580516898606 0.00625 0.013916500994035786
0 0.6604166666666667 0.2992047713717694 0.015625 0.03578528827037773
0 0.42526041666666664 0.2947316103379722 0.009895833333333333 0.018886679920477135
0 0.06484375 0.2932405566600398 0.009895833333333333 0.013916500994035786
0 0.08776041666666666 0.3101391650099404 0.025520833333333333 0.04572564612326044
0 0.12838541666666667 0.3290258449304175 0.0109375 0.03777335984095427
0 0.5752604166666667 0.3429423459244533 0.005729166666666666 0.017892644135188866
0 0.5302083333333333 0.3588469184890656 0.017708333333333333 0.019880715705765408
0 0.6421875 0.36083499005964215 0.014583333333333334 0.015904572564612324
0 0.6104166666666667 0.3643141153081511 0.017708333333333333 0.020874751491053677
0 0.6578125 0.3757455268389662 0.016666666666666666 0.015904572564612324
0 0.62421875 0.378727634194831 0.0078125 0.017892644135188866
0 0.7158854166666667 0.40059642147117297 0.0109375 0.019880715705765408
0 0.6317708333333333 0.40357852882703776 0.022916666666666665 0.02584493041749503
0 0.66953125 0.40506958250497016 0.019270833333333334 0.02485089463220676
0 0.5505208333333333 0.4234592445328032 0.008333333333333333 0.03180914512922465
0 0.6421875 0.4547713717693837 0.020833333333333332 0.06858846918489066
0 0.8197916666666667 0.4418489065606362 0.011458333333333333 0.016898608349900597
0 0.659375 0.44930417495029823 0.016666666666666666 0.02385685884691849
0 0.6169270833333333 0.4592445328031809 0.022395833333333334 0.027833001988071572
0 0.7059895833333333 0.46371769383697814 0.0140625 0.03479125248508946
0 0.020833333333333332 0.4691848906560636 0.0125 0.03180914512922465
0 0.29296875 0.4686878727634195 0.008854166666666666 0.02286282306163022
0 0.4361979166666667 0.4716699801192843 0.016145833333333335 0.010934393638170975
0 0.73515625 0.4865805168986084 0.0078125 0.02286282306163022
0 0.55 0.5019880715705766 0.00625 0.027833001988071572
0 0.42578125 0.51441351888668 0.009895833333333333 0.03479125248508946
0 0.40390625 0.5 0.015104166666666667 0.007952286282306162
0 0.5247395833333334 0.5084493041749503 0.0078125 0.020874751491053677
0 0.4825520833333333 0.5268389662027833 0.009895833333333333 0.0437375745526839
0 0.8716145833333333 0.525844930417495 0.019270833333333334 0.03777335984095427
0 0.4505208333333333 0.5193836978131213 0.009375 0.0268389662027833
0 0.8346354166666666 0.5193836978131213 0.018229166666666668 0.018886679920477135
0 0.7869791666666667 0.5521868787276342 0.009375 0.0268389662027833
0 0.6755208333333333 0.5566600397614314 0.011458333333333333 0.011928429423459244
0 0.7140625 0.5785288270377733 0.015625 0.0437375745526839
0 0.68671875 0.5616302186878728 0.008854166666666666 0.011928429423459244
0 0.51796875 0.5670974155069582 0.0078125 0.016898608349900597
0 0.64296875 0.5735586481113321 0.0109375 0.019880715705765408
0 0.62265625 0.6038767395626242 0.005729166666666666 0.02882703777335984
0 0.56953125 0.5989065606361829 0.021354166666666667 0.018886679920477135
0 0.9098958333333333 0.617296222664016 0.020833333333333332 0.02982107355864811
0 0.6901041666666666 0.6247514910536779 0.007291666666666667 0.042743538767395624
0 0.5119791666666667 0.6217693836978131 0.010416666666666666 0.030815109343936383
0 0.59921875 0.628727634194831 0.009895833333333333 0.036779324055666
0 0.52890625 0.6346918489065606 0.0067708333333333336 0.03876739562624255
0 0.9268229166666667 0.6267395626242545 0.013020833333333334 0.016898608349900597
0 0.7036458333333333 0.6535785288270378 0.011458333333333333 0.03876739562624255
0 0.61171875 0.6496023856858847 0.0067708333333333336 0.02882703777335984
0 0.9122395833333333 0.6605367793240556 0.021354166666666667 0.036779324055666
0 0.37916666666666665 0.6694831013916501 0.005208333333333333 0.0268389662027833
0 0.6401041666666667 0.6819085487077535 0.019791666666666666 0.02982107355864811
0 0.3606770833333333 0.6824055666003976 0.013020833333333334 0.030815109343936383
0 0.7481770833333333 0.6903578528827038 0.0203125 0.014910536779324055
0 0.3703125 0.717196819085487 0.015625 0.02286282306163022
0 0.5630208333333333 0.7206759443339961 0.0125 0.013916500994035786
0 0.0828125 0.7286282306163022 0.011458333333333333 0.03180914512922465
0 0.640625 0.7236580516898609 0.015625 0.013916500994035786
0 0.6192708333333333 0.7370775347912525 0.014583333333333334 0.020874751491053677
0 0.4953125 0.7490059642147118 0.019791666666666666 0.03479125248508946
0 0.65390625 0.7460238568588469 0.022395833333333334 0.020874751491053677
0 0.6361979166666667 0.7584493041749503 0.005729166666666666 0.03777335984095427
0 0.84296875 0.7733598409542743 0.0171875 0.02186878727634195
0 0.6536458333333334 0.775844930417495 0.015625 0.018886679920477135
0 0.6229166666666667 0.7738568588469185 0.010416666666666666 0.012922465208747515
0 0.55859375 0.7723658051689861 0.0078125 0.009940357852882704
0 0.6848958333333334 0.7818091451292246 0.019791666666666666 0.018886679920477135
0 0.5815104166666667 0.7778330019880716 0.013020833333333334 0.008946322067594433
0 0.47734375 0.7907554671968191 0.0046875 0.018886679920477135
0 0.6856770833333333 0.8260437375745527 0.022395833333333334 0.02982107355864811
0 0.7432291666666667 0.834493041749503 0.021875 0.012922465208747515
0 0.4078125 0.8469184890656064 0.020833333333333332 0.019880715705765408
0 0.43046875 0.856858846918489 0.0203125 0.03578528827037773
0 0.8463541666666666 0.856858846918489 0.016666666666666666 0.02584493041749503
0 0.5390625 0.8548707753479126 0.025 0.017892644135188866
0 0.7984375 0.8653081510934394 0.017708333333333333 0.02485089463220676
0 0.7682291666666666 0.8747514910536779 0.009375 0.03777335984095427
0 0.31692708333333336 0.9090457256461233 0.0109375 0.05864811133200795
0 0.5885416666666666 0.9030815109343936 0.022916666666666665 0.020874751491053677
0 0.7315104166666667 0.918986083499006 0.011979166666666667 0.05069582504970179
0 0.5708333333333333 0.9160039761431411 0.01875 0.04473161033797217
0 0.9861979166666667 0.9239562624254473 0.011979166666666667 0.040755467196819085
0 0.6778645833333333 0.9244532803180915 0.016145833333333335 0.039761431411530816
0 0.85 0.9562624254473161 0.014583333333333334 0.04771371769383698
0 0.5963541666666666 0.9443339960238568 0.013541666666666667 0.011928429423459244
0 0.54296875 0.9552683896620279 0.024479166666666666 0.03578528827037773
0 0.9497395833333333 0.9900596421471173 0.011979166666666667 0.017892644135188866
0 0.6856770833333333 0.9930417495029821 0.0109375 0.011928429423459244