0 0.6440104166666667 0.0054671968190854875 0.0067708333333333336 0.010934393638170975
0 0.79609375 0.002485089463220676 0.05260416666666667 0.0009940357852882703
0 0.765625 0.04721669980119284 0.011458333333333333 0.010934393638170975
0 0.6768229166666667 0.09990059642147117 0.018229166666666668 0.05268389662027833
0 0.7434895833333334 0.09741550695825049 0.0078125 0.017892644135188866
0 0.7395833333333334 0.12524850894632206 0.0125 0.02385685884691849
0 0.48333333333333334 0.13568588469184892 0.009375 0.032803180914512925
0 0.71015625 0.15656063618290258 0.0078125 0.03876739562624255
0 0.7919270833333333 0.1918489065606362 0.0078125 0.015904572564612324
0 0.5018229166666667 0.22912524850894633 0.0265625 0.040755467196819085
0 0.7171875 0.23807157057654074 0.00625 0.020874751491053677
0 0.17265625 0.25198807157057657 0.0140625 0.02882703777335984
0 0.5841145833333333 0.2509940357852883 0.0171875 0.014910536779324055
0 0.8505208333333333 0.2614314115308151 0.009375 0.02385685884691849
0 0.6611979166666667 0.2584493041749503 0.018229166666666668 0.015904572564612324
0 0.8294270833333334 0.25894632206759444 0.016145833333333335 0.010934393638170975
0 0.14244791666666667 0.2738568588469185 0.016145833333333335 0.0268389662027833
0 0.4635416666666667 0.28429423459244535 0.010416666666666666 0.011928429423459244
0 0.28854166666666664 0.2837972166998012 0.020833333333333332 0.012922465208747515
0 0.9854166666666667 0.3061630218687873 0.013541666666666667 0.02186878727634195
0 0.80546875 0.3265407554671968 0.0078125 0.02882703777335984
0 0.7940104166666667 0.3404572564612326 0.0067708333333333336 0.030815109343936383
0 0.20416666666666666 0.3513916500994036 0.013541666666666667 0.042743538767395624
0 0.7145833333333333 0.3489065606361829 0.016666666666666666 0.027833001988071572
0 0.5890625 0.37077534791252487 0.009375 0.02385685884691849
0 0.6763020833333333 0.3697813121272366 0.005729166666666666 0.015904572564612324
0 0.6611979166666667 0.3841948310139165 0.0078125 0.016898608349900597
0 0.92734375 0.38866799204771374 0.022395833333333334 0.015904572564612324
0 0.5802083333333333 0.3951292246520875 0.007291666666666667 0.012922465208747515
0 0.42994791666666665 0.39363817097415504 0.0140625 0.009940357852882704
0 0.5143229166666666 0.43290258449304175 0.022395833333333334 0.012922465208747515
0 0.6669270833333333 0.444831013916501 0.011979166666666667 0.018886679920477135
0 0.6817708333333333 0.46123260437375746 0.008333333333333333 0.039761431411530816
0 0.7513020833333334 0.510934393638171 0.013020833333333334 0.02584493041749503
0 0.6966145833333334 0.5104373757455268 0.0078125 0.020874751491053677
0 0.46796875 0.5114314115308151 0.0109375 0.018886679920477135
0 0.6734375 0.5457256461232605 0.016666666666666666 0.03180914512922465
0 0.26484375 0.558648111332008 0.019270833333333334 0.02385685884691849
0 0.5651041666666666 0.5636182902584493 0.0125 0.03180914512922465
0 0.6169270833333333 0.5864811133200796 0.011979166666666667 0.02385685884691849
0 0.6989583333333333 0.5830019880715706 0.007291666666666667 0.014910536779324055
0 0.7481770833333333 0.614314115308151 0.008854166666666666 0.03777335984095427
0 0.6473958333333333 0.6113320079522863 0.014583333333333334 0.013916500994035786
0 0.2713541666666667 0.621272365805169 0.00625 0.033797216699801194
0 0.7721354166666666 0.6665009940357853 0.021354166666666667 0.06461232604373758
0 0.3377604166666667 0.6486083499005965 0.016145833333333335 0.0268389662027833
0 0.6419270833333334 0.6496023856858847 0.005729166666666666 0.014910536779324055
0 0.24869791666666666 0.665506958250497 0.019270833333333334 0.04473161033797217
0 0.534375 0.6794234592445328 0.015625 0.04473161033797217
0 0.6591145833333333 0.668986083499006 0.016145833333333335 0.013916500994035786
0 0.215625 0.6819085487077535 0.015625 0.02584493041749503
0 0.66796875 0.7067594433399602 0.008854166666666666 0.011928429423459244
0 0.67890625 0.7216699801192843 0.0109375 0.027833001988071572
0 0.7036458333333333 0.7723658051689861 0.013541666666666667 0.033797216699801194
0 0.08776041666666666 0.76441351888668 0.015104166666666667 0.019880715705765408
0 0.73984375 0.7897614314115308 0.0078125 0.0268389662027833
0 0.57578125 0.8071570576540755 0.005729166666666666 0.02982107355864811
0 0.6059895833333333 0.808648111332008 0.0078125 0.018886679920477135
0 0.5546875 0.8180914512922465 0.015625 0.02385685884691849
0 0.6890625 0.8210735586481114 0.010416666666666666 0.019880715705765408
0 0.7213541666666666 0.831013916500994 0.016666666666666666 0.033797216699801194
0 0.6059895833333333 0.841948310139165 0.008854166666666666 0.02385685884691849
0 0.46536458333333336 0.8558648111332008 0.009895833333333333 0.011928429423459244
0 0.11692708333333333 0.8697813121272365 0.013020833333333334 0.03578528827037773
0 0.55703125 0.8682902584493042 0.008854166666666666 0.02286282306163022
0 0.6958333333333333 0.8792246520874751 0.013541666666666667 0.0268389662027833
0 0.6111979166666667 0.9060636182902585 0.0078125 0.03876739562624255
0 0.7317708333333334 0.9249502982107356 0.015625 0.010934393638170975
0 0.6768229166666667 0.9398608349900597 0.016145833333333335 0.032803180914512925
0 0.9317708333333333 0.9358846918489065 0.021875 0.016898608349900597
0 0.8684895833333334 0.9428429423459245 0.009895833333333333 0.02882703777335984
0 0.503125 0.9587475149105368 0.0125 0.03479125248508946
0 0.73671875 0.9577534791252486 0.0078125 0.02485089463220676
0 0.8458333333333333 0.963220675944334 0.007291666666666667 0.019880715705765408
0 0.7513020833333334 0.9662027833001988 0.0109375 0.017892644135188866