0 0.9494791666666667 0.018389662027833 0.030208333333333334 0.036779324055666
0 0.60625 0.007455268389662028 0.019791666666666666 0.014910536779324055
0 0.58046875 0.003976143141153081 0.016145833333333335 0.007952286282306162
0 0.5020833333333333 0.009940357852882704 0.0125 0.019880715705765408
0 0.48385416666666664 0.015904572564612324 0.008333333333333333 0.03180914512922465
0 0.3536458333333333 0.024353876739562623 0.015625 0.02882703777335984
0 0.7270833333333333 0.03876739562624255 0.011458333333333333 0.04771371769383698
0 0.56953125 0.037276341948310136 0.019270833333333334 0.02286282306163022
0 0.4453125 0.06759443339960239 0.011458333333333333 0.03578528827037773
0 0.5809895833333333 0.06709741550695825 0.030729166666666665 0.030815109343936383
0 0.06796875 0.07654075546719682 0.0140625 0.04572564612326044
0 0.4864583333333333 0.073558648111332 0.01875 0.015904572564612324
0 0.5395833333333333 0.10536779324055666 0.010416666666666666 0.04970178926441352
0 0.21171875 0.09095427435387674 0.013020833333333334 0.016898608349900597
0 0.58828125 0.09493041749502983 0.0171875 0.016898608349900597
0 0.47552083333333334 0.11332007952286283 0.0125 0.0437375745526839
0 0.7630208333333334 0.10039761431411531 0.020833333333333332 0.015904572564612324
0 0.7145833333333333 0.10884691848906561 0.017708333333333333 0.018886679920477135
0 0.84453125 0.12773359840954274 0.016145833333333335 0.040755467196819085
0 0.35260416666666666 0.12375745526838966 0.023958333333333335 0.02882703777335984
0 0.44557291666666665 0.1312127236580517 0.011979166666666667 0.041749502982107355
0 0.51953125 0.12872763419483102 0.0203125 0.014910536779324055
0 0.3411458333333333 0.15208747514910537 0.008333333333333333 0.02186878727634195
0 0.45807291666666666 0.15904572564612326 0.0046875 0.033797216699801194
0 0.49114583333333334 0.17743538767395625 0.016666666666666666 0.032803180914512925
0 0.8567708333333334 0.18041749502982107 0.020833333333333332 0.030815109343936383
0 0.44973958333333336 0.18737574552683897 0.028645833333333332 0.02485089463220676
0 0.8809895833333333 0.2345924453280318 0.0203125 0.02982107355864811
0 0.43307291666666664 0.22962226640159045 0.0067708333333333336 0.019880715705765408
0 0.5869791666666667 0.23210735586481113 0.015625 0.010934393638170975
0 0.5161458333333333 0.24403578528827038 0.011458333333333333 0.014910536779324055
0 0.40130208333333334 0.2698807157057654 0.009895833333333333 0.032803180914512925
0 0.9643229166666667 0.29174950298210733 0.019270833333333334 0.030815109343936383
0 0.45416666666666666 0.30318091451292245 0.013541666666666667 0.041749502982107355
0 0.6260416666666667 0.2912524850894632 0.014583333333333334 0.009940357852882704
0 0.553125 0.31262425447316106 0.019791666666666666 0.0268389662027833
0 0.59609375 0.32554671968190857 0.011979166666666667 0.032803180914512925
0 0.42994791666666665 0.34542743538767395 0.0234375 0.05069582504970179
0 0.6729166666666667 0.3394632206759443 0.017708333333333333 0.012922465208747515
0 0.5111979166666667 0.3513916500994036 0.013020833333333334 0.02286282306163022
0 0.5619791666666667 0.35636182902584496 0.014583333333333334 0.012922465208747515
0 0.58984375 0.3672962226640159 0.005729166666666666 0.02882703777335984
0 0.66875 0.37375745526838966 0.016666666666666666 0.011928429423459244
0 0.9744791666666667 0.39165009940357853 0.014583333333333334 0.02584493041749503
0 0.3888020833333333 0.40556660039761433 0.0109375 0.02982107355864811
0 0.2703125 0.4010934393638171 0.021875 0.018886679920477135
0 0.4078125 0.41699801192842945 0.01875 0.03479125248508946
0 0.5091145833333334 0.426441351888668 0.0078125 0.02982107355864811
0 0.5494791666666666 0.4279324055666004 0.011458333333333333 0.020874751491053677
0 0.23932291666666666 0.4284294234592445 0.016145833333333335 0.013916500994035786
0 0.5234375 0.44532803180914515 0.005208333333333333 0.02982107355864811
0 0.50234375 0.4701789264413519 0.016145833333333335 0.055666003976143144
0 0.3140625 0.455765407554672 0.011458333333333333 0.02485089463220676
0 0.12890625 0.4577534791252485 0.0296875 0.030815109343936383
0 0.5591145833333333 0.47912524850894633 0.005729166666666666 0.02186878727634195
0 0.6213541666666667 0.4995029821073559 0.00625 0.02882703777335984
0 0.2986979166666667 0.4955268389662028 0.0203125 0.016898608349900597
0 0.4161458333333333 0.5228628230616302 0.01875 0.033797216699801194
0 0.7192708333333333 0.5347912524850894 0.00625 0.03578528827037773
0 0.46510416666666665 0.5298210735586482 0.015625 0.017892644135188866
0 0.3171875 0.5447316103379721 0.023958333333333335 0.013916500994035786
0 0.421875 0.5636182902584493 0.008333333333333333 0.033797216699801194
0 0.12473958333333333 0.588469184890656 0.016145833333333335 0.017892644135188866
0 0.4044270833333333 0.595427435387674 0.0140625 0.02385685884691849
0 0.5013020833333334 0.6043737574552683 0.0078125 0.011928429423459244
0 0.4515625 0.6197813121272365 0.010416666666666666 0.042743538767395624
0 0.9255208333333333 0.6153081510934394 0.015625 0.02385685884691849
0 0.4856770833333333 0.6605367793240556 0.0078125 0.032803180914512925
0 0.6479166666666667 0.658051689860835 0.011458333333333333 0.02584493041749503
0 0.42604166666666665 0.6575546719681908 0.013541666666666667 0.016898608349900597
0 0.3765625 0.6679920477137177 0.014583333333333334 0.02385685884691849
0 0.115625 0.6863817097415507 0.017708333333333333 0.06063618290258449
0 0.47682291666666665 0.6928429423459245 0.027604166666666666 0.04970178926441352
0 0.5260416666666666 0.694831013916501 0.0125 0.03777335984095427
0 0.009635416666666667 0.7042743538767395 0.0067708333333333336 0.030815109343936383
0 0.5010416666666667 0.709741550695825 0.023958333333333335 0.013916500994035786
0 0.446875 0.7206759443339961 0.009375 0.02982107355864811
0 0.5075520833333333 0.7335984095427436 0.0140625 0.011928429423459244
0 0.41770833333333335 0.742544731610338 0.014583333333333334 0.02385685884691849
0 0.51484375 0.7778330019880716 0.013020833333333334 0.030815109343936383
0 0.9260416666666667 0.782803180914513 0.015625 0.032803180914512925
0 0.87578125 0.8205765407554672 0.027604166666666666 0.020874751491053677
0 0.043229166666666666 0.8389662027833003 0.026041666666666668 0.039761431411530816
0 0.3776041666666667 0.8285288270377733 0.015625 0.016898608349900597
0 0.14348958333333334 0.8588469184890656 0.022395833333333334 0.02186878727634195
0 0.43984375 0.8613320079522863 0.016145833333333335 0.018886679920477135
0 0.50078125 0.878727634194831 0.0109375 0.041749502982107355
0 0.4822916666666667 0.8742544731610338 0.010416666666666666 0.030815109343936383
0 0.51953125 0.8782306163021869 0.011979166666666667 0.030815109343936383
0 0.60390625 0.8782306163021869 0.0109375 0.02882703777335984
0 0.82890625 0.9035785288270378 0.0109375 0.04572564612326044
0 0.44635416666666666 0.9070576540755467 0.005208333333333333 0.018886679920477135
0 0.8135416666666667 0.9294234592445328 0.020833333333333332 0.02385685884691849
0 0.4440104166666667 0.967196819085487 0.0171875 0.041749502982107355
0 0.36796875 0.9612326043737575 0.0109375 0.02584493041749503
0 0.6541666666666667 0.9880715705765407 0.014583333333333334 0.02186878727634195