0 0.146875 0.005964214711729622 0.007291666666666667 0.011928429423459244
0 0.20416666666666666 0.01242544731610338 0.011458333333333333 0.02485089463220676
0 0.9828125 0.008946322067594433 0.016666666666666666 0.017892644135188866
0 0.14166666666666666 0.03330019880715706 0.014583333333333334 0.032803180914512925
0 0.39817708333333335 0.06113320079522863 0.005729166666666666 0.03479125248508946
0 0.28411458333333334 0.09145129224652088 0.021354166666666667 0.02584493041749503
0 0.054947916666666666 0.13469184890656064 0.019270833333333334 0.0268389662027833
0 0.9580729166666667 0.13916500994035785 0.009895833333333333 0.02584493041749503
0 0.27838541666666666 0.16202783300198806 0.0203125 0.017892644135188866
0 0.88828125 0.1794234592445328 0.018229166666666668 0.030815109343936383
0 0.8171875 0.19284294234592445 0.008333333333333333 0.02584493041749503
0 0.01796875 0.2077534791252485 0.0171875 0.04572564612326044
0 0.6830729166666667 0.21520874751491054 0.016145833333333335 0.06063618290258449
0 0.8458333333333333 0.20228628230616302 0.008333333333333333 0.02882703777335984
0 0.7375 0.23409542743538767 0.029166666666666667 0.048707753479125246
0 0.30963541666666666 0.23409542743538767 0.021354166666666667 0.012922465208747515
0 0.10703125 0.2678926441351889 0.009895833333333333 0.042743538767395624
0 0.048177083333333336 0.2837972166998012 0.013020833333333334 0.0268389662027833
0 0.7044270833333334 0.28429423459244535 0.0140625 0.02584493041749503
0 0.8513020833333333 0.294234592445328 0.019270833333333334 0.033797216699801194
0 0.8169270833333333 0.2967196819085487 0.011979166666666667 0.014910536779324055
0 0.9786458333333333 0.31312127236580517 0.021875 0.03180914512922465
0 0.7041666666666667 0.32007952286282304 0.005208333333333333 0.027833001988071572
0 0.7723958333333333 0.35685884691848907 0.015625 0.02385685884691849
0 0.13489583333333333 0.35685884691848907 0.019791666666666666 0.019880715705765408
0 0.02578125 0.36033797216699803 0.013020833333333334 0.020874751491053677
0 0.465625 0.3633200795228628 0.011458333333333333 0.02882703777335984
0 0.2296875 0.37524850894632206 0.015625 0.018886679920477135
0 0.6416666666666667 0.3797216699801193 0.009375 0.017892644135188866
0 0.7619791666666667 0.3836978131212724 0.011458333333333333 0.02385685884691849
0 0.7361979166666667 0.44880715705765406 0.013020833333333334 0.020874751491053677
0 0.70234375 0.444831013916501 0.015104166666666667 0.004970178926441352
0 0.7151041666666667 0.45825049701789267 0.010416666666666666 0.03180914512922465
0 0.6578125 0.46073558648111335 0.014583333333333334 0.020874751491053677
0 0.43671875 0.4701789264413519 0.008854166666666666 0.013916500994035786
0 0.39036458333333335 0.4875745526838966 0.008854166666666666 0.02485089463220676
0 0.5528645833333333 0.49055666003976145 0.016145833333333335 0.0268389662027833
0 0.89609375 0.4875745526838966 0.0109375 0.014910536779324055
0 0.7489583333333333 0.5019880715705766 0.010416666666666666 0.02982107355864811
0 0.05260416666666667 0.5069582504970179 0.013541666666666667 0.027833001988071572
0 0.36041666666666666 0.5014910536779325 0.013541666666666667 0.014910536779324055
0 0.49453125 0.49801192842942343 0.011979166666666667 0.007952286282306162
0 0.5059895833333333 0.5129224652087475 0.005729166666666666 0.02584493041749503
0 0.20859375 0.5089463220675944 0.0078125 0.013916500994035786
0 0.41041666666666665 0.518389662027833 0.004166666666666667 0.0268389662027833
0 0.7145833333333333 0.5213717693836978 0.017708333333333333 0.030815109343936383
0 0.46380208333333334 0.5178926441351889 0.0171875 0.019880715705765408
0 0.41953125 0.5213717693836978 0.0046875 0.018886679920477135
0 0.35651041666666666 0.5397614314115308 0.011979166666666667 0.02186878727634195
0 0.47421875 0.5462226640159046 0.011979166666666667 0.02286282306163022
0 0.128125 0.5591451292246521 0.014583333333333334 0.04473161033797217
0 0.5291666666666667 0.5497017892644135 0.007291666666666667 0.02584493041749503
0 0.6661458333333333 0.5492047713717694 0.014583333333333334 0.02286282306163022
0 0.16822916666666668 0.5680914512922465 0.004166666666666667 0.02485089463220676
0 0.14739583333333334 0.588469184890656 0.0125 0.02385685884691849
0 0.4075520833333333 0.581013916500994 0.0203125 0.010934393638170975
0 0.9677083333333333 0.5879721669980119 0.013541666666666667 0.02485089463220676
0 0.26484375 0.6073558648111332 0.009895833333333333 0.027833001988071572
0 0.5919270833333333 0.610337972166998 0.0067708333333333336 0.02982107355864811
0 0.51328125 0.6158051689860835 0.0140625 0.030815109343936383
0 0.3265625 0.6153081510934394 0.008333333333333333 0.027833001988071572
0 0.4953125 0.6158051689860835 0.014583333333333334 0.02485089463220676
0 0.7184895833333333 0.6302186878727635 0.016145833333333335 0.02584493041749503
0 0.36614583333333334 0.6361829025844931 0.010416666666666666 0.027833001988071572
0 0.6776041666666667 0.647117296222664 0.007291666666666667 0.02982107355864811
0 0.33932291666666664 0.6515904572564613 0.009895833333333333 0.0268389662027833
0 0.4197916666666667 0.658051689860835 0.009375 0.03578528827037773
0 0.44479166666666664 0.6555666003976143 0.0125 0.0268389662027833
0 0.5822916666666667 0.654572564612326 0.008333333333333333 0.02485089463220676
0 0.9778645833333334 0.6674950298210736 0.016145833333333335 0.02485089463220676
0 0.07473958333333333 0.6754473161033797 0.018229166666666668 0.020874751491053677
0 0.4895833333333333 0.6824055666003976 0.020833333333333332 0.032803180914512925
0 0.7002604166666667 0.6724652087475149 0.018229166666666668 0.014910536779324055
0 0.8239583333333333 0.6769383697813122 0.009375 0.015904572564612324
0 0.740625 0.6858846918489065 0.010416666666666666 0.02982107355864811
0 0.28567708333333336 0.7062624254473161 0.016145833333333335 0.03876739562624255
0 0.75859375 0.69831013916501 0.0067708333333333336 0.016898608349900597
0 0.18880208333333334 0.7027833001988072 0.011979166666666667 0.02385685884691849
0 0.3828125 0.705765407554672 0.011458333333333333 0.02186878727634195
0 0.01015625 0.7181908548707754 0.0203125 0.040755467196819085
0 0.5419270833333333 0.7047713717693836 0.0171875 0.013916500994035786
0 0.8033854166666666 0.7117296222664016 0.008854166666666666 0.02982107355864811
0 0.2640625 0.7147117296222664 0.0125 0.02385685884691849
0 0.83671875 0.7176938369781312 0.0140625 0.013916500994035786
0 0.3625 0.7181908548707754 0.013541666666666667 0.010934393638170975
0 0.3890625 0.7286282306163022 0.011458333333333333 0.013916500994035786
0 0.3015625 0.7395626242544732 0.017708333333333333 0.02584493041749503
0 0.39427083333333335 0.7529821073558648 0.015625 0.05069582504970179
0 0.07057291666666667 0.7400596421471173 0.024479166666666666 0.016898608349900597
0 0.4625 0.7678926441351889 0.016666666666666666 0.02286282306163022
0 0.5700520833333333 0.7668986083499006 0.013020833333333334 0.020874751491053677
0 0.584375 0.7738568588469185 0.009375 0.032803180914512925
0 0.16953125 0.7678926441351889 0.0140625 0.016898608349900597
0 0.27786458333333336 0.7659045725646123 0.0171875 0.014910536779324055
0 0.928125 0.7778330019880716 0.0125 0.02485089463220676
0 0.6252604166666667 0.7917495029821073 0.005729166666666666 0.02485089463220676
0 0.45260416666666664 0.7997017892644135 0.00625 0.02882703777335984
0 0.23619791666666667 0.8066600397614314 0.015104166666666667 0.032803180914512925
0 0.5265625 0.794234592445328 0.014583333333333334 0.007952286282306162
0 0.35104166666666664 0.8136182902584493 0.009375 0.03479125248508946
0 0.7541666666666667 0.8111332007952287 0.00625 0.02982107355864811
0 0.47942708333333334 0.8076540755467196 0.013020833333333334 0.016898608349900597
0 0.63671875 0.8121272365805169 0.009895833333333333 0.02385685884691849
0 0.4231770833333333 0.8151093439363817 0.0078125 0.02584493041749503
0 0.72734375 0.8280318091451292 0.009895833333333333 0.04572564612326044
0 0.0546875 0.8245526838966203 0.01875 0.0268389662027833
0 0.3328125 0.8369781312127237 0.015625 0.027833001988071572
0 0.8861979166666667 0.8285288270377733 0.0140625 0.012922465208747515
0 0.6979166666666666 0.8379721669980119 0.011458333333333333 0.02584493041749503
0 0.12395833333333334 0.8389662027833003 0.007291666666666667 0.02584493041749503
0 0.2986979166666667 0.8499005964214712 0.0203125 0.039761431411530816
0 0.76796875 0.8588469184890656 0.018229166666666668 0.03180914512922465
0 0.22864583333333333 0.8553677932405567 0.011458333333333333 0.02286282306163022
0 0.40703125 0.8548707753479126 0.016145833333333335 0.015904572564612324
0 0.36953125 0.8608349900596421 0.0078125 0.02385685884691849
0 0.4283854166666667 0.8722664015904572 0.0078125 0.032803180914512925
0 0.14765625 0.8817097415506958 0.024479166666666666 0.04572564612326044
0 0.3138020833333333 0.8792246520874751 0.009895833333333333 0.03876739562624255
0 0.12161458333333333 0.885685884691849 0.0109375 0.03777335984095427
0 0.10182291666666667 0.8777335984095428 0.0171875 0.019880715705765408
0 0.4041666666666667 0.8861829025844931 0.020833333333333332 0.018886679920477135
0 0.6270833333333333 0.8956262425447317 0.021875 0.039761431411530816
0 0.03567708333333333 0.9010934393638171 0.008854166666666666 0.03479125248508946
0 0.3609375 0.893141153081511 0.021875 0.012922465208747515
0 0.8981770833333333 0.8976143141153081 0.0067708333333333336 0.015904572564612324
0 0.5390625 0.9095427435387674 0.005208333333333333 0.033797216699801194
0 0.9723958333333333 0.9075546719681908 0.0125 0.02584493041749503
0 0.4315104166666667 0.9135188866799204 0.016145833333333335 0.019880715705765408
0 0.5268229166666667 0.922962226640159 0.013020833333333334 0.03876739562624255
0 0.3028645833333333 0.9324055666003976 0.0109375 0.041749502982107355
0 0.55078125 0.9274353876739563 0.008854166666666666 0.02584493041749503
0 0.41848958333333336 0.9319085487077535 0.018229166666666668 0.020874751491053677
0 0.8184895833333333 0.9324055666003976 0.016145833333333335 0.019880715705765408
0 0.10260416666666666 0.941351888667992 0.016666666666666666 0.03578528827037773
0 0.4390625 0.9438369781312127 0.010416666666666666 0.032803180914512925
0 0.5690104166666666 0.9398608349900597 0.011979166666666667 0.016898608349900597
0 0.4127604166666667 0.9532803180914513 0.011979166666666667 0.02186878727634195
0 0.36770833333333336 0.959741550695825 0.007291666666666667 0.0268389662027833
0 0.528125 0.9542743538767395 0.011458333333333333 0.015904572564612324
0 0.4817708333333333 0.963220675944334 0.007291666666666667 0.011928429423459244
0 0.49557291666666664 0.9781312127236581 0.011979166666666667 0.02982107355864811
0 0.39427083333333335 0.9766401590457257 0.009375 0.020874751491053677
0 0.44453125 0.9831013916500994 0.028645833333333332 0.03180914512922465
0 0.47265625 0.9761431411530815 0.0140625 0.017892644135188866
0 0.87890625 0.9776341948310139 0.0109375 0.012922465208747515
0 0.16458333333333333 0.9885685884691849 0.013541666666666667 0.020874751491053677
0 0.878125 0.9940357852882704 0.008333333333333333 0.009940357852882704