0 0.32135416666666666 0.011928429423459244 0.019791666666666666 0.02385685884691849
0 0.7122395833333334 0.01143141153081511 0.0203125 0.02286282306163022
0 0.04453125 0.010437375745526839 0.009895833333333333 0.012922465208747515
0 0.30520833333333336 0.040755467196819085 0.010416666666666666 0.06958250497017893
0 0.3625 0.024353876739562623 0.009375 0.03479125248508946
0 0.8533854166666667 0.015407554671968192 0.008854166666666666 0.012922465208747515
0 0.42109375 0.020377733598409543 0.0067708333333333336 0.014910536779324055
0 0.39947916666666666 0.03827037773359841 0.010416666666666666 0.030815109343936383
0 0.765625 0.052186878727634195 0.014583333333333334 0.040755467196819085
0 0.63828125 0.04324055666003976 0.0109375 0.016898608349900597
0 0.83984375 0.055666003976143144 0.0171875 0.039761431411530816
0 0.055989583333333336 0.07306163021868788 0.016145833333333335 0.048707753479125246
0 0.22994791666666667 0.06709741550695825 0.0171875 0.030815109343936383
0 0.8028645833333333 0.0775347912524851 0.0140625 0.03180914512922465
0 0.09270833333333334 0.10536779324055666 0.020833333333333332 0.0536779324055666
0 0.3770833333333333 0.12326043737574553 0.010416666666666666 0.03180914512922465
0 0.20416666666666666 0.1312127236580517 0.00625 0.015904572564612324
0 0.3921875 0.13717693836978131 0.010416666666666666 0.02385685884691849
0 0.1390625 0.16003976143141152 0.021875 0.03777335984095427
0 0.45364583333333336 0.15705765407554673 0.0125 0.02982107355864811
0 0.77265625 0.17047713717693838 0.0109375 0.0268389662027833
0 0.7234375 0.18091451292246521 0.0125 0.033797216699801194
0 0.3177083333333333 0.1978131212723658 0.014583333333333334 0.03180914512922465
0 0.4635416666666667 0.19483101391650098 0.014583333333333334 0.019880715705765408
0 0.153125 0.21570576540755468 0.0125 0.04771371769383698
0 0.7705729166666667 0.20576540755467196 0.009895833333333333 0.017892644135188866
0 0.28411458333333334 0.22216699801192843 0.011979166666666667 0.02286282306163022
0 0.2596354166666667 0.2286282306163022 0.016145833333333335 0.03180914512922465
0 0.9263020833333333 0.23508946322067595 0.025520833333333333 0.02286282306163022
0 0.33359375 0.24950298210735586 0.021354166666666667 0.04771371769383698
0 0.39739583333333334 0.24751491053677932 0.010416666666666666 0.027833001988071572
0 0.3125 0.25894632206759444 0.014583333333333334 0.02286282306163022
0 0.4002604166666667 0.28479125248508946 0.009895833333333333 0.018886679920477135
0 0.3885416666666667 0.29721669980119286 0.013541666666666667 0.015904572564612324
0 0.30520833333333336 0.30417495029821073 0.013541666666666667 0.017892644135188866
0 0.5252604166666667 0.30566600397614313 0.016145833333333335 0.020874751491053677
0 0.9575520833333333 0.31461232604373757 0.016145833333333335 0.036779324055666
0 0.0078125 0.3205765407554672 0.008333333333333333 0.0268389662027833
0 0.37864583333333335 0.31660039761431413 0.00625 0.016898608349900597
0 0.18802083333333333 0.33697813121272363 0.01875 0.04771371769383698
0 0.3411458333333333 0.32007952286282304 0.010416666666666666 0.013916500994035786
0 0.59921875 0.32952286282306165 0.018229166666666668 0.016898608349900597
0 0.3125 0.34940357852882703 0.00625 0.018886679920477135
0 0.9947916666666666 0.3543737574552684 0.009375 0.020874751491053677
0 0.3453125 0.36182902584493043 0.007291666666666667 0.011928429423459244
0 0.76875 0.37673956262425445 0.0125 0.039761431411530816
0 0.4473958333333333 0.37922465208747513 0.013541666666666667 0.040755467196819085
0 0.36875 0.3802186878727634 0.0125 0.014910536779324055
0 0.25234375 0.40208747514910537 0.0171875 0.042743538767395624
0 0.31614583333333335 0.3976143141153082 0.00625 0.02186878727634195
0 0.3528645833333333 0.3941351888667992 0.015104166666666667 0.008946322067594433
0 0.3328125 0.40606361829025844 0.016666666666666666 0.018886679920477135
0 0.43463541666666666 0.426441351888668 0.011979166666666667 0.033797216699801194
0 0.10078125 0.42196819085487075 0.0140625 0.016898608349900597
0 0.3203125 0.4274353876739563 0.009375 0.027833001988071572
0 0.4666666666666667 0.44930417495029823 0.008333333333333333 0.011928429423459244
0 0.9927083333333333 0.4547713717693837 0.013541666666666667 0.020874751491053677
0 0.5388020833333333 0.4617296222664016 0.0067708333333333336 0.02485089463220676
0 0.9744791666666667 0.4726640159045726 0.008333333333333333 0.020874751491053677
0 0.40390625 0.4835984095427435 0.0078125 0.02882703777335984
0 0.6411458333333333 0.4945328031809145 0.007291666666666667 0.032803180914512925
0 0.35963541666666665 0.4900596421471173 0.008854166666666666 0.015904572564612324
0 0.23802083333333332 0.5009940357852882 0.009375 0.02982107355864811
0 0.3458333333333333 0.518389662027833 0.010416666666666666 0.012922465208747515
0 0.85078125 0.5273359840954275 0.0171875 0.02882703777335984
0 0.4552083333333333 0.5278330019880716 0.01875 0.013916500994035786
0 0.69453125 0.5462226640159046 0.019270833333333334 0.020874751491053677
0 0.2078125 0.5636182902584493 0.028125 0.041749502982107355
0 0.24479166666666666 0.5596421471172962 0.01875 0.013916500994035786
0 0.1515625 0.5710735586481114 0.026041666666666668 0.03479125248508946
0 0.7580729166666667 0.5670974155069582 0.018229166666666668 0.02485089463220676
0 0.35859375 0.5745526838966203 0.016145833333333335 0.03180914512922465
0 0.3924479166666667 0.5755467196819085 0.011979166666666667 0.027833001988071572
0 0.6934895833333333 0.5750497017892644 0.019270833333333334 0.018886679920477135
0 0.46171875 0.5750497017892644 0.015104166666666667 0.010934393638170975
0 0.23802083333333332 0.584493041749503 0.023958333333333335 0.019880715705765408
0 0.16510416666666666 0.6113320079522863 0.008333333333333333 0.041749502982107355
0 0.32578125 0.6088469184890656 0.016145833333333335 0.03876739562624255
0 0.2921875 0.6108349900596421 0.00625 0.036779324055666
0 0.41432291666666665 0.6008946322067594 0.0140625 0.016898608349900597
0 0.2046875 0.610337972166998 0.019791666666666666 0.02186878727634195
0 0.4010416666666667 0.6227634194831014 0.015625 0.02286282306163022
0 0.271875 0.6361829025844931 0.010416666666666666 0.04572564612326044
0 0.4908854166666667 0.6322067594433399 0.009895833333333333 0.03578528827037773
0 0.5533854166666666 0.6317097415506958 0.0078125 0.03479125248508946
0 0.7643229166666666 0.6336978131212724 0.0109375 0.032803180914512925
0 0.4473958333333333 0.6456262425447317 0.009375 0.02485089463220676
0 0.21458333333333332 0.6535785288270378 0.008333333333333333 0.032803180914512925
0 0.12135416666666667 0.6505964214711729 0.023958333333333335 0.02286282306163022
0 0.41171875 0.6679920477137177 0.0171875 0.02385685884691849
0 0.8611979166666667 0.6754473161033797 0.0203125 0.0268389662027833
0 0.853125 0.6968190854870775 0.014583333333333334 0.02982107355864811
0 0.3807291666666667 0.713220675944334 0.021875 0.02286282306163022
0 0.29192708333333334 0.7529821073558648 0.0296875 0.048707753479125246
0 0.3690104166666667 0.7569582504970179 0.013020833333333334 0.0268389662027833
0 0.9869791666666666 0.7837972166998012 0.025 0.032803180914512925
0 0.3380208333333333 0.790258449304175 0.0375 0.0437375745526839
0 0.7229166666666667 0.7788270377733598 0.01875 0.020874751491053677
0 0.16015625 0.7847912524850894 0.022395833333333334 0.02485089463220676
0 0.9127604166666666 0.7897614314115308 0.0203125 0.018886679920477135
0 0.8658854166666666 0.8046719681908548 0.0140625 0.03479125248508946
0 0.48489583333333336 0.8021868787276342 0.025 0.02186878727634195
0 0.509375 0.8021868787276342 0.009375 0.02186878727634195
0 0.6364583333333333 0.8071570576540755 0.020833333333333332 0.033797216699801194
0 0.740625 0.8230616302186878 0.019791666666666666 0.05765407554671968
0 0.5268229166666667 0.8146123260437376 0.0078125 0.036779324055666
0 0.26145833333333335 0.8205765407554672 0.007291666666666667 0.042743538767395624
0 0.7575520833333333 0.8583499005964215 0.0171875 0.04473161033797217
0 0.5966145833333333 0.8553677932405567 0.015104166666666667 0.020874751491053677
0 0.18880208333333334 0.8921471172962226 0.011979166666666667 0.05069582504970179
0 0.4317708333333333 0.8876739562624254 0.007291666666666667 0.02982107355864811
0 0.3854166666666667 0.8861829025844931 0.011458333333333333 0.020874751491053677
0 0.30572916666666666 0.8911530815109344 0.021875 0.02485089463220676
0 0.7489583333333333 0.9100397614314115 0.021875 0.018886679920477135
0 0.006510416666666667 0.9214711729622267 0.013020833333333334 0.03180914512922465
0 0.41796875 0.9309145129224652 0.021354166666666667 0.040755467196819085