0 0.23958333333333334 0.007455268389662028 0.0125 0.014910536779324055
0 0.6309895833333333 0.0437375745526839 0.018229166666666668 0.03777335984095427
0 0.49192708333333335 0.06411530815109344 0.008854166666666666 0.048707753479125246
0 0.40651041666666665 0.07256461232604373 0.022395833333333334 0.017892644135188866
0 0.7177083333333333 0.09244532803180915 0.014583333333333334 0.05168986083499006
0 0.54921875 0.11232604373757456 0.022395833333333334 0.04970178926441352
0 0.43046875 0.12773359840954274 0.03177083333333333 0.04473161033797217
0 0.9325520833333333 0.12673956262425448 0.013020833333333334 0.02485089463220676
0 0.275 0.13369781312127235 0.019791666666666666 0.030815109343936383
0 0.51328125 0.15854870775347912 0.018229166666666668 0.04473161033797217
0 0.1953125 0.15357852882703776 0.023958333333333335 0.02882703777335984
0 0.5643229166666667 0.1625248508946322 0.0140625 0.042743538767395624
0 0.32083333333333336 0.16699801192842942 0.027083333333333334 0.04970178926441352
0 0.40677083333333336 0.17147117296222664 0.01875 0.030815109343936383
0 0.4901041666666667 0.1779324055666004 0.019791666666666666 0.02385685884691849
0 0.0015625 0.18737574552683897 0.003125 0.03479125248508946
0 0.5528645833333333 0.18290258449304175 0.0109375 0.011928429423459244
0 0.85234375 0.1908548707753479 0.019270833333333334 0.013916500994035786
0 0.5390625 0.19582504970178927 0.00625 0.015904572564612324
0 0.5471354166666667 0.20228628230616302 0.0067708333333333336 0.016898608349900597
0 0.80625 0.2201789264413519 0.046875 0.03479125248508946
0 0.5455729166666666 0.24105367793240556 0.015104166666666667 0.020874751491053677
0 0.00859375 0.25497017892644136 0.0171875 0.036779324055666
0 0.4283854166666667 0.2584493041749503 0.0109375 0.041749502982107355
0 0.5723958333333333 0.24502982107355864 0.008333333333333333 0.012922465208747515
0 0.00234375 0.28727634194831014 0.0046875 0.02385685884691849
0 0.6888020833333334 0.28727634194831014 0.0140625 0.007952286282306162
0 0.4869791666666667 0.3210735586481113 0.013541666666666667 0.02385685884691849
0 0.4635416666666667 0.334493041749503 0.008333333333333333 0.020874751491053677
0 0.39479166666666665 0.3474155069582505 0.021875 0.02286282306163022
0 0.33151041666666664 0.34840954274353875 0.0203125 0.014910536779324055
0 0.5526041666666667 0.3702783300198807 0.016666666666666666 0.014910536779324055
0 0.029427083333333333 0.371272365805169 0.011979166666666667 0.012922465208747515
0 0.32838541666666665 0.3802186878727634 0.0203125 0.018886679920477135
0 0.40546875 0.37922465208747513 0.0203125 0.014910536779324055
0 0.58125 0.40407554671968193 0.014583333333333334 0.010934393638170975
0 0.38125 0.4125248508946322 0.021875 0.017892644135188866
0 0.4828125 0.4234592445328032 0.011458333333333333 0.03180914512922465
0 0.596875 0.4279324055666004 0.020833333333333332 0.03479125248508946
0 0.5403645833333334 0.44980119284294234 0.009895833333333333 0.020874751491053677
0 0.3296875 0.4801192842942346 0.010416666666666666 0.019880715705765408
0 0.7401041666666667 0.4821073558648111 0.015625 0.015904572564612324
0 0.6028645833333334 0.4990059642147117 0.0078125 0.03578528827037773
0 0.5026041666666666 0.5104373757455268 0.019791666666666666 0.05268389662027833
0 0.20572916666666666 0.5114314115308151 0.015625 0.04671968190854871
0 0.5822916666666667 0.5193836978131213 0.008333333333333333 0.02286282306163022
0 0.8505208333333333 0.5253479125248509 0.023958333333333335 0.030815109343936383
0 0.45807291666666666 0.5243538767395626 0.013020833333333334 0.020874751491053677
0 0.98125 0.5308151093439364 0.010416666666666666 0.019880715705765408
0 0.559375 0.5293240556660039 0.013541666666666667 0.010934393638170975
0 0.9028645833333333 0.5531809145129225 0.005729166666666666 0.018886679920477135
0 0.5497395833333333 0.5765407554671969 0.025520833333333333 0.0437375745526839
0 0.4981770833333333 0.5760437375745527 0.008854166666666666 0.014910536779324055
0 0.16067708333333333 0.5889662027833003 0.018229166666666668 0.016898608349900597
0 0.490625 0.6038767395626242 0.009375 0.030815109343936383
0 0.5682291666666667 0.6003976143141153 0.010416666666666666 0.02584493041749503
0 0.42942708333333335 0.606858846918489 0.015104166666666667 0.016898608349900597
0 0.43828125 0.6585487077534792 0.018229166666666668 0.02286282306163022
0 0.9283854166666666 0.6878727634194831 0.0234375 0.02385685884691849
0 0.8955729166666667 0.6908548707753479 0.0171875 0.013916500994035786
0 0.5575520833333333 0.7186878727634195 0.005729166666666666 0.027833001988071572
0 0.3651041666666667 0.7296222664015904 0.023958333333333335 0.03578528827037773
0 0.53671875 0.7455268389662028 0.013020833333333334 0.027833001988071572
0 0.496875 0.7559642147117296 0.00625 0.02485089463220676
0 0.5640625 0.7678926441351889 0.011458333333333333 0.03479125248508946
0 0.35104166666666664 0.790258449304175 0.007291666666666667 0.02982107355864811
0 0.46015625 0.8260437375745527 0.0046875 0.03180914512922465
0 0.40651041666666665 0.8623260437375746 0.027604166666666666 0.03479125248508946
0 0.4984375 0.8682902584493042 0.008333333333333333 0.04671968190854871
0 0.19947916666666668 0.9040755467196819 0.025 0.02882703777335984
0 0.25390625 0.904572564612326 0.019270833333333334 0.015904572564612324
0 0.9651041666666667 0.9165009940357853 0.027083333333333334 0.02584493041749503
0 0.5572916666666666 0.9358846918489065 0.009375 0.03479125248508946
0 0.22578125 0.9453280318091452 0.0067708333333333336 0.03180914512922465
0 0.99453125 0.9652087475149106 0.009895833333333333 0.04572564612326044
0 0.5549479166666667 0.9726640159045725 0.0203125 0.030815109343936383
0 0.6145833333333334 0.9950298210735586 0.013541666666666667 0.007952286282306162