0 0.965625 0.008449304174950299 0.06770833333333333 0.016898608349900597
0 0.5690104166666666 0.015407554671968192 0.009895833333333333 0.012922465208747515
0 0.6854166666666667 0.0268389662027833 0.007291666666666667 0.019880715705765408
0 0.32421875 0.029324055666003976 0.013020833333333334 0.018886679920477135
0 0.6010416666666667 0.03180914512922465 0.009375 0.017892644135188866
0 0.3302083333333333 0.05268389662027833 0.009375 0.02584493041749503
0 0.6364583333333333 0.0536779324055666 0.010416666666666666 0.027833001988071572
0 0.871875 0.0621272365805169 0.021875 0.04671968190854871
0 0.6729166666666667 0.04920477137176938 0.0125 0.008946322067594433
0 0.15703125 0.06113320079522863 0.011979166666666667 0.018886679920477135
0 0.6166666666666667 0.07654075546719682 0.028125 0.03578528827037773
0 0.6875 0.06461232604373758 0.011458333333333333 0.011928429423459244
0 0.6645833333333333 0.07107355864811134 0.00625 0.016898608349900597
0 0.17838541666666666 0.07256461232604373 0.013020833333333334 0.015904572564612324
0 0.09427083333333333 0.08648111332007952 0.009375 0.027833001988071572
0 0.3177083333333333 0.09343936381709742 0.015625 0.015904572564612324
0 0.8997395833333334 0.09691848906560636 0.016145833333333335 0.016898608349900597
0 0.35052083333333334 0.10337972166998012 0.015625 0.017892644135188866
0 0.5299479166666666 0.10536779324055666 0.009895833333333333 0.013916500994035786
0 0.8122395833333333 0.11580516898608349 0.0078125 0.020874751491053677
0 0.8888020833333333 0.11530815109343936 0.019270833333333334 0.017892644135188866
0 0.04192708333333333 0.1242544731610338 0.015104166666666667 0.03180914512922465
0 0.25833333333333336 0.12972166998011928 0.023958333333333335 0.016898608349900597
0 0.8356770833333333 0.1386679920477137 0.0067708333333333336 0.020874751491053677
0 0.9963541666666667 0.14761431411530815 0.00625 0.02485089463220676
0 0.18802083333333333 0.15009940357852883 0.010416666666666666 0.02584493041749503
0 0.28515625 0.1550695825049702 0.009895833333333333 0.033797216699801194
0 0.16484375 0.15009940357852883 0.0078125 0.019880715705765408
0 0.24765625 0.15606361829025844 0.0067708333333333336 0.03180914512922465
0 0.32526041666666666 0.15159045725646123 0.016145833333333335 0.02286282306163022
0 0.49713541666666666 0.1496023856858847 0.0109375 0.012922465208747515
0 0.5231770833333333 0.15308151093439365 0.013020833333333334 0.015904572564612324
0 0.06171875 0.1540755467196819 0.0078125 0.009940357852882704
0 0.23020833333333332 0.16053677932405566 0.005208333333333333 0.018886679920477135
0 0.8390625 0.1595427435387674 0.0125 0.016898608349900597
0 0.38125 0.16500994035785288 0.0125 0.02186878727634195
0 0.1484375 0.17196819085487078 0.008333333333333333 0.02385685884691849
0 0.7973958333333333 0.1749502982107356 0.009375 0.017892644135188866
0 0.32421875 0.1749502982107356 0.0067708333333333336 0.013916500994035786
0 0.56171875 0.1863817097415507 0.0067708333333333336 0.020874751491053677
0 0.8697916666666666 0.1918489065606362 0.008333333333333333 0.02584493041749503
0 0.9747395833333333 0.1978131212723658 0.021354166666666667 0.02982107355864811
0 0.6598958333333333 0.20079522862823063 0.01875 0.02982107355864811
0 0.89609375 0.20178926441351888 0.008854166666666666 0.013916500994035786
0 0.471875 0.20427435387673956 0.007291666666666667 0.012922465208747515
0 0.24635416666666668 0.22117296222664015 0.009375 0.020874751491053677
0 0.36744791666666665 0.2301192842942346 0.018229166666666668 0.03876739562624255
0 0.9049479166666666 0.22365805168986083 0.011979166666666667 0.02186878727634195
0 0.2552083333333333 0.22664015904572565 0.008333333333333333 0.02186878727634195
0 0.8346354166666666 0.2271371769383698 0.0067708333333333336 0.020874751491053677
0 0.12526041666666668 0.23359840954274355 0.008854166666666666 0.015904572564612324
0 0.040625 0.2360834990059642 0.017708333333333333 0.016898608349900597
0 0.6453125 0.2514910536779324 0.010416666666666666 0.015904572564612324
0 0.5153645833333333 0.2664015904572565 0.016145833333333335 0.02982107355864811
0 0.23359375 0.27087475149105367 0.016145833333333335 0.02286282306163022
0 0.675 0.28479125248508946 0.013541666666666667 0.018886679920477135
0 0.5049479166666667 0.28677932405566603 0.0067708333333333336 0.014910536779324055
0 0.6609375 0.28727634194831014 0.009375 0.013916500994035786
0 0.6416666666666667 0.29174950298210733 0.009375 0.018886679920477135
0 0.6994791666666667 0.2932405566600398 0.0125 0.019880715705765408
0 0.7674479166666667 0.2952286282306163 0.0067708333333333336 0.019880715705765408
0 0.859375 0.29174950298210733 0.010416666666666666 0.008946322067594433
0 0.9174479166666667 0.30019880715705766 0.009895833333333333 0.02385685884691849
0 0.23125 0.2982107355864811 0.00625 0.013916500994035786
0 0.05807291666666667 0.3106361829025845 0.011979166666666667 0.032803180914512925
0 0.11197916666666667 0.31610337972166996 0.008333333333333333 0.019880715705765408
0 0.26588541666666665 0.31411530815109345 0.015104166666666667 0.017892644135188866
0 0.65859375 0.3116302186878728 0.015104166666666667 0.010934393638170975
0 0.07239583333333334 0.3230616302186879 0.010416666666666666 0.02982107355864811
0 0.16822916666666668 0.3230616302186879 0.015625 0.011928429423459244
0 0.24713541666666666 0.3275347912524851 0.0140625 0.020874751491053677
0 0.315625 0.32703777335984097 0.020833333333333332 0.019880715705765408
0 0.21015625 0.32554671968190857 0.011979166666666667 0.012922465208747515
0 0.5822916666666667 0.323558648111332 0.0125 0.008946322067594433
0 0.5625 0.33300198807157055 0.005208333333333333 0.017892644135188866
0 0.21979166666666666 0.3374751491053678 0.008333333333333333 0.010934393638170975
0 0.5731770833333333 0.3399602385685885 0.011979166666666667 0.017892644135188866
0 0.209375 0.3523856858846918 0.008333333333333333 0.0268389662027833
0 0.77109375 0.3513916500994036 0.0067708333333333336 0.02286282306163022
0 0.05286458333333333 0.3588469184890656 0.0203125 0.02186878727634195
0 0.23828125 0.36530815109343934 0.005729166666666666 0.02485089463220676
0 0.8578125 0.37524850894632206 0.013541666666666667 0.010934393638170975
0 0.0026041666666666665 0.37773359840954274 0.005208333333333333 0.013916500994035786
0 0.4622395833333333 0.38469184890656066 0.0078125 0.027833001988071572
0 0.221875 0.3941351888667992 0.013541666666666667 0.03479125248508946
0 0.1203125 0.40208747514910537 0.013541666666666667 0.032803180914512925
0 0.23333333333333334 0.41699801192842945 0.00625 0.02485089463220676
0 0.40963541666666664 0.41749502982107356 0.005729166666666666 0.02385685884691849
0 0.8109375 0.4194831013916501 0.009375 0.027833001988071572
0 0.5666666666666667 0.4209741550695825 0.015625 0.018886679920477135
0 0.69921875 0.42196819085487075 0.0067708333333333336 0.02286282306163022
0 0.13359375 0.4179920477137177 0.011979166666666667 0.008946322067594433
0 0.36041666666666666 0.4269383697813121 0.004166666666666667 0.02485089463220676
0 0.7403645833333333 0.43489065606361826 0.008854166666666666 0.018886679920477135
0 0.7958333333333333 0.43489065606361826 0.005208333333333333 0.018886679920477135
0 0.1953125 0.44781312127236583 0.020833333333333332 0.020874751491053677
0 0.03958333333333333 0.44980119284294234 0.017708333333333333 0.02286282306163022
0 0.7911458333333333 0.45825049701789267 0.009375 0.033797216699801194
0 0.16067708333333333 0.46123260437375746 0.0109375 0.013916500994035786
0 0.016927083333333332 0.4731610337972167 0.0234375 0.02584493041749503
0 0.057291666666666664 0.47564612326043737 0.00625 0.02286282306163022
0 0.7783854166666667 0.4701789264413519 0.0109375 0.009940357852882704
0 0.3533854166666667 0.4826043737574553 0.0036458333333333334 0.02286282306163022
0 0.17682291666666666 0.4840954274353877 0.016145833333333335 0.013916500994035786
0 0.0734375 0.48807157057654077 0.010416666666666666 0.019880715705765408
0 0.47317708333333336 0.49105367793240556 0.0067708333333333336 0.02186878727634195
0 0.14817708333333332 0.5129224652087475 0.018229166666666668 0.02982107355864811
0 0.17682291666666666 0.5164015904572564 0.0067708333333333336 0.014910536779324055
0 0.45703125 0.5159045725646123 0.013020833333333334 0.009940357852882704
0 0.4153645833333333 0.5159045725646123 0.0109375 0.007952286282306162
0 0.7888020833333333 0.5238568588469185 0.0140625 0.013916500994035786
0 0.37942708333333336 0.5323061630218688 0.011979166666666667 0.020874751491053677
0 0.140625 0.5377733598409543 0.011458333333333333 0.027833001988071572
0 0.3546875 0.5372763419483101 0.017708333333333333 0.020874751491053677
0 0.8190104166666666 0.5357852882703777 0.005729166666666666 0.017892644135188866
0 0.44869791666666664 0.5427435387673957 0.0078125 0.009940357852882704
0 0.19557291666666668 0.5581510934393639 0.018229166666666668 0.016898608349900597
0 0.42942708333333335 0.562624254473161 0.0109375 0.015904572564612324
0 0.4583333333333333 0.5670974155069582 0.004166666666666667 0.02286282306163022
0 0.6880208333333333 0.5765407554671969 0.016666666666666666 0.041749502982107355
0 0.26614583333333336 0.5715705765407555 0.0125 0.02584493041749503
0 0.8174479166666667 0.5750497017892644 0.018229166666666668 0.016898608349900597
0 0.48541666666666666 0.5805168986083499 0.004166666666666667 0.02186878727634195
0 0.41901041666666666 0.5785288270377733 0.013020833333333334 0.011928429423459244
0 0.49453125 0.5834990059642147 0.0046875 0.02385685884691849
0 0.2911458333333333 0.5834990059642147 0.022916666666666665 0.019880715705765408
0 0.6703125 0.5939363817097415 0.008333333333333333 0.0268389662027833
0 0.45026041666666666 0.6008946322067594 0.008854166666666666 0.032803180914512925
0 0.0036458333333333334 0.5969184890656064 0.007291666666666667 0.010934393638170975
0 0.13177083333333334 0.6003976143141153 0.007291666666666667 0.017892644135188866
0 0.55234375 0.6098409542743539 0.018229166666666668 0.016898608349900597
0 0.3645833333333333 0.614314115308151 0.009375 0.013916500994035786
0 0.5078125 0.6461232604373758 0.010416666666666666 0.03180914512922465
0 0.3770833333333333 0.6466202783300199 0.010416666666666666 0.030815109343936383
0 0.8270833333333333 0.6560636182902585 0.010416666666666666 0.03180914512922465
0 0.29296875 0.6704771371769384 0.018229166666666668 0.030815109343936383
0 0.36380208333333336 0.6694831013916501 0.016145833333333335 0.02485089463220676
0 0.8611979166666667 0.6704771371769384 0.0140625 0.014910536779324055
0 0.8450520833333334 0.6789264413518886 0.009895833333333333 0.019880715705765408
0 0.31302083333333336 0.6888667992047713 0.023958333333333335 0.02982107355864811
0 0.6049479166666667 0.6774353876739563 0.015104166666666667 0.008946322067594433
0 0.4361979166666667 0.679920477137177 0.015104166666666667 0.007952286282306162
0 0.47682291666666665 0.6923459244532804 0.0078125 0.02882703777335984
0 0.403125 0.6903578528827038 0.011458333333333333 0.012922465208747515
0 0.26276041666666666 0.6998011928429424 0.0067708333333333336 0.02584493041749503
0 0.20885416666666667 0.7002982107355865 0.010416666666666666 0.016898608349900597
0 0.39557291666666666 0.705765407554672 0.0078125 0.017892644135188866
0 0.6184895833333334 0.7082504970178927 0.005729166666666666 0.02286282306163022
0 0.33307291666666666 0.7087475149105368 0.009895833333333333 0.019880715705765408
0 0.3151041666666667 0.7147117296222664 0.005208333333333333 0.02385685884691849
0 0.6661458333333333 0.709741550695825 0.011458333333333333 0.013916500994035786
0 0.3572916666666667 0.7147117296222664 0.00625 0.015904572564612324
0 0.9067708333333333 0.7166998011928429 0.009375 0.013916500994035786
0 0.91796875 0.7251491053677932 0.009895833333333333 0.018886679920477135
0 0.30026041666666664 0.7306163021868787 0.005729166666666666 0.027833001988071572
0 0.2791666666666667 0.7326043737574552 0.010416666666666666 0.027833001988071572
0 0.6361979166666667 0.7400596421471173 0.009895833333333333 0.03479125248508946
0 0.33984375 0.7380715705765407 0.018229166666666668 0.02485089463220676
0 0.353125 0.7519880715705766 0.011458333333333333 0.03876739562624255
0 0.23072916666666668 0.7594433399602386 0.009375 0.03180914512922465
0 0.1734375 0.7629224652087475 0.01875 0.032803180914512925
0 0.29010416666666666 0.7634194831013916 0.014583333333333334 0.033797216699801194
0 0.3143229166666667 0.7554671968190855 0.0109375 0.009940357852882704
0 0.3697916666666667 0.7599403578528827 0.013541666666666667 0.012922465208747515
0 0.5111979166666667 0.7698807157057654 0.0046875 0.030815109343936383
0 0.4869791666666667 0.7808151093439364 0.00625 0.042743538767395624
0 0.2677083333333333 0.7793240556660039 0.014583333333333334 0.03777335984095427
0 0.32369791666666664 0.7743538767395626 0.0234375 0.017892644135188866
0 0.44192708333333336 0.7773359840954275 0.0067708333333333336 0.02584493041749503
0 0.5236979166666667 0.7798210735586482 0.005729166666666666 0.0268389662027833
0 0.8440104166666667 0.7793240556660039 0.0140625 0.02584493041749503
0 0.8140625 0.7847912524850894 0.011458333333333333 0.020874751491053677
0 0.9109375 0.7922465208747514 0.014583333333333334 0.03578528827037773
0 0.5606770833333333 0.8021868787276342 0.0140625 0.041749502982107355
0 0.43723958333333335 0.794234592445328 0.008854166666666666 0.019880715705765408
0 0.5369791666666667 0.7957256461232605 0.011458333333333333 0.02286282306163022
0 0.7135416666666666 0.797713717693837 0.007291666666666667 0.02485089463220676
0 0.22265625 0.8076540755467196 0.015104166666666667 0.02882703777335984
0 0.2559895833333333 0.808648111332008 0.008854166666666666 0.030815109343936383
0 0.6791666666666667 0.8081510934393639 0.008333333333333333 0.02982107355864811
0 0.4283854166666667 0.8131212723658051 0.009895833333333333 0.03180914512922465
0 0.6385416666666667 0.8106361829025845 0.0125 0.020874751491053677
0 0.4671875 0.808648111332008 0.008333333333333333 0.012922465208747515
0 0.6184895833333334 0.8190854870775348 0.011979166666666667 0.019880715705765408
0 0.53671875 0.834493041749503 0.009895833333333333 0.040755467196819085
0 0.5981770833333333 0.8374751491053678 0.0140625 0.032803180914512925
0 0.390625 0.834493041749503 0.0125 0.018886679920477135
0 0.21015625 0.8330019880715706 0.018229166666666668 0.011928429423459244
0 0.21432291666666667 0.8717693836978131 0.024479166666666666 0.04572564612326044
0 0.7432291666666667 0.8588469184890656 0.017708333333333333 0.019880715705765408
0 0.6119791666666666 0.8583499005964215 0.010416666666666666 0.014910536779324055
0 0.3890625 0.860337972166998 0.015625 0.012922465208747515
0 0.9270833333333334 0.8752485089463221 0.019791666666666666 0.042743538767395624
0 0.37213541666666666 0.8697813121272365 0.0109375 0.019880715705765408
0 0.4830729166666667 0.8667992047713717 0.0067708333333333336 0.013916500994035786
0 0.89296875 0.8802186878727635 0.0109375 0.036779324055666
0 0.51484375 0.8727634194831014 0.015104166666666667 0.017892644135188866
0 0.4401041666666667 0.8752485089463221 0.009375 0.016898608349900597
0 0.31197916666666664 0.8936381709741551 0.011458333333333333 0.04970178926441352
0 0.35260416666666666 0.8797216699801192 0.013541666666666667 0.017892644135188866
0 0.5893229166666667 0.8782306163021869 0.011979166666666667 0.016898608349900597
0 0.6091145833333333 0.8871769383697813 0.015104166666666667 0.008946322067594433
0 0.51953125 0.9050695825049702 0.0067708333333333336 0.030815109343936383
0 0.48098958333333336 0.9025844930417495 0.0067708333333333336 0.013916500994035786
0 0.49270833333333336 0.9110337972166997 0.026041666666666668 0.02882703777335984
0 0.45729166666666665 0.9100397614314115 0.013541666666666667 0.02485089463220676
0 0.53984375 0.908051689860835 0.016145833333333335 0.020874751491053677
0 0.40625 0.9348906560636183 0.020833333333333332 0.06461232604373758
0 0.43125 0.9179920477137177 0.017708333333333333 0.02485089463220676
0 0.49947916666666664 0.9363817097415507 0.015625 0.03777335984095427
0 0.4591145833333333 0.929920477137177 0.009895833333333333 0.010934393638170975
0 0.9432291666666667 0.9309145129224652 0.0125 0.014910536779324055
0 0.17317708333333334 0.9463220675944334 0.011979166666666667 0.03578528827037773
0 0.6388020833333333 0.9443339960238568 0.0203125 0.02385685884691849
0 0.36276041666666664 0.9498011928429424 0.008854166666666666 0.030815109343936383
0 0.51484375 0.9418489065606361 0.0067708333333333336 0.014910536779324055
0 0.565625 0.94831013916501 0.009375 0.02186878727634195
0 0.35208333333333336 0.9502982107355865 0.013541666666666667 0.019880715705765408
0 0.8028645833333333 0.9617296222664016 0.011979166666666667 0.03876739562624255
0 0.39010416666666664 0.9602385685884692 0.023958333333333335 0.02982107355864811
0 0.32447916666666665 0.9577534791252486 0.014583333333333334 0.018886679920477135
0 0.8549479166666667 0.9567594433399602 0.016145833333333335 0.018886679920477135
0 0.2203125 0.9647117296222664 0.015625 0.0268389662027833
0 0.44114583333333335 0.9756461232604374 0.022916666666666665 0.04671968190854871
0 0.08411458333333334 0.9756461232604374 0.005729166666666666 0.03479125248508946
0 0.34453125 0.9831013916500994 0.013020833333333334 0.03180914512922465
0 0.9338541666666667 0.9821073558648111 0.0125 0.019880715705765408
0 0.5890625 0.9835984095427436 0.022916666666666665 0.020874751491053677
0 0.2981770833333333 0.9870775347912525 0.011979166666666667 0.013916500994035786
0 0.4158854166666667 0.989065606361829 0.0265625 0.019880715705765408
0 0.7239583333333334 0.9935387673956262 0.007291666666666667 0.010934393638170975
0 0.5109375 0.9940357852882704 0.013541666666666667 0.009940357852882704