0 0.28984375 0.027335984095427434 0.011979166666666667 0.0268389662027833
0 0.0421875 0.04224652087475149 0.009375 0.016898608349900597
0 0.13671875 0.25497017892644136 0.019270833333333334 0.02485089463220676
0 0.38776041666666666 0.6207753479125249 0.008854166666666666 0.030815109343936383
0 0.1546875 0.7226640159045725 0.007291666666666667 0.02186878727634195
0 0.3841145833333333 0.7564612326043738 0.008854166666666666 0.02982107355864811
0 0.07890625 0.8116302186878728 0.0109375 0.02286282306163022
0 0.5130208333333334 0.8275347912524851 0.017708333333333333 0.014910536779324055
0 0.67421875 0.8618290258449304 0.018229166666666668 0.04572564612326044
0 0.43802083333333336 0.867296222664016 0.008333333333333333 0.030815109343936383
0 0.5971354166666667 0.8737574552683897 0.0109375 0.02584493041749503
0 0.3736979166666667 0.871272365805169 0.0067708333333333336 0.02286282306163022
0 0.45338541666666665 0.8767395626242545 0.015104166666666667 0.015904572564612324
0 0.46588541666666666 0.9100397614314115 0.015104166666666667 0.032803180914512925
0 0.665625 0.9110337972166997 0.015625 0.02485089463220676
0 0.31953125 0.904572564612326 0.015104166666666667 0.011928429423459244
0 0.3377604166666667 0.9100397614314115 0.0067708333333333336 0.010934393638170975
0 0.5783854166666667 0.9135188866799204 0.013020833333333334 0.011928429423459244
0 0.39166666666666666 0.9358846918489065 0.009375 0.014910536779324055
0 0.32369791666666664 0.9358846918489065 0.009895833333333333 0.014910536779324055
0 0.4348958333333333 0.9453280318091452 0.0125 0.013916500994035786
0 0.709375 0.9910536779324056 0.009375 0.015904572564612324