0 0.3455729166666667 0.008449304174950299 0.0109375 0.016898608349900597
0 0.40651041666666665 0.009443339960238568 0.021354166666666667 0.018886679920477135
0 0.7369791666666666 0.010934393638170975 0.011458333333333333 0.02186878727634195
0 0.8046875 0.008946322067594433 0.013541666666666667 0.017892644135188866
0 0.078125 0.02882703777335984 0.017708333333333333 0.03777335984095427
0 0.696875 0.02385685884691849 0.009375 0.027833001988071572
0 0.41171875 0.03180914512922465 0.008854166666666666 0.03578528827037773
0 0.5208333333333334 0.0268389662027833 0.007291666666666667 0.02186878727634195
0 0.6450520833333333 0.028330019880715707 0.0078125 0.020874751491053677
0 0.871875 0.027335984095427434 0.015625 0.020874751491053677
0 0.9234375 0.03926441351888668 0.014583333333333334 0.03479125248508946
0 0.46796875 0.05715705765407555 0.028645833333333332 0.048707753479125246
0 0.7046875 0.06262425447316103 0.019791666666666666 0.05964214711729622
0 0.43307291666666664 0.05019880715705766 0.016145833333333335 0.02286282306163022
0 0.35052083333333334 0.05864811133200795 0.009375 0.033797216699801194
0 0.7786458333333334 0.05815109343936382 0.016666666666666666 0.02485089463220676
0 0.2799479166666667 0.06411530815109344 0.0140625 0.02286282306163022
0 0.08697916666666666 0.0705765407554672 0.009375 0.011928429423459244
0 0.1234375 0.07007952286282307 0.016666666666666666 0.010934393638170975
0 0.42265625 0.0805168986083499 0.0109375 0.013916500994035786
0 0.49296875 0.08598409542743539 0.013020833333333334 0.020874751491053677
0 0.9442708333333333 0.09443339960238568 0.0125 0.03578528827037773
0 0.26588541666666665 0.09244532803180915 0.011979166666666667 0.027833001988071572
0 0.2916666666666667 0.11928429423459244 0.023958333333333335 0.06560636182902585
0 0.38828125 0.10288270377733598 0.0140625 0.02485089463220676
0 0.4588541666666667 0.10934393638170974 0.01875 0.033797216699801194
0 0.36223958333333334 0.10685884691848907 0.018229166666666668 0.02286282306163022
0 0.6658854166666667 0.10188866799204771 0.013020833333333334 0.014910536779324055
0 0.8994791666666667 0.12176938369781312 0.017708333333333333 0.036779324055666
0 0.48151041666666666 0.13618290258449303 0.0078125 0.0437375745526839
0 0.7364583333333333 0.13469184890656064 0.007291666666666667 0.030815109343936383
0 0.6973958333333333 0.13518886679920478 0.0125 0.011928429423459244
0 0.82265625 0.13618290258449303 0.016145833333333335 0.015904572564612324
0 0.6151041666666667 0.15159045725646123 0.007291666666666667 0.032803180914512925
0 0.7791666666666667 0.15208747514910537 0.023958333333333335 0.03578528827037773
0 0.43411458333333336 0.14314115308151093 0.0109375 0.013916500994035786
0 0.8546875 0.147117296222664 0.014583333333333334 0.019880715705765408
0 0.6796875 0.1595427435387674 0.01875 0.02882703777335984
0 0.8700520833333333 0.16302186878727634 0.005729166666666666 0.02385685884691849
0 0.9434895833333333 0.1709741550695825 0.016145833333333335 0.039761431411530816
0 0.28984375 0.16898608349900596 0.008854166666666666 0.027833001988071572
0 0.659375 0.16650099403578528 0.019791666666666666 0.02485089463220676
0 0.13958333333333334 0.1824055666003976 0.0125 0.048707753479125246
0 0.40338541666666666 0.18190854870775347 0.011979166666666667 0.0437375745526839
0 0.56328125 0.1709741550695825 0.027604166666666666 0.019880715705765408
0 0.321875 0.1749502982107356 0.015625 0.02385685884691849
0 0.35598958333333336 0.17594433399602386 0.0078125 0.02584493041749503
0 0.8908854166666667 0.18886679920477137 0.022395833333333334 0.04572564612326044
0 0.16145833333333334 0.18986083499005965 0.0125 0.039761431411530816
0 0.8666666666666667 0.18836978131212723 0.009375 0.020874751491053677
0 0.41510416666666666 0.20725646123260438 0.028125 0.04473161033797217
0 0.27630208333333334 0.2191848906560636 0.025520833333333333 0.05864811133200795
0 0.32526041666666666 0.1978131212723658 0.011979166666666667 0.013916500994035786
0 0.50546875 0.2062624254473161 0.009895833333333333 0.02485089463220676
0 0.315625 0.21669980119284293 0.00625 0.017892644135188866
0 0.3341145833333333 0.23111332007952287 0.019270833333333334 0.036779324055666
0 0.43125 0.2286282306163022 0.017708333333333333 0.013916500994035786
0 0.11848958333333333 0.2331013916500994 0.009895833333333333 0.018886679920477135
0 0.19114583333333332 0.23757455268389663 0.00625 0.02186878727634195
0 0.59921875 0.2355864811133201 0.019270833333333334 0.017892644135188866
0 0.4127604166666667 0.24055666003976142 0.015104166666666667 0.015904572564612324
0 0.2955729166666667 0.25 0.024479166666666666 0.032803180914512925
0 0.25729166666666664 0.25347912524850896 0.015625 0.03578528827037773
0 0.24348958333333334 0.25695825049701787 0.013020833333333334 0.03479125248508946
0 0.6791666666666667 0.24950298210735586 0.009375 0.015904572564612324
0 0.59296875 0.25596421471172964 0.025520833333333333 0.020874751491053677
0 0.7411458333333333 0.26093439363817095 0.019791666666666666 0.02485089463220676
0 0.51796875 0.2634194831013916 0.0067708333333333336 0.015904572564612324
0 0.22526041666666666 0.29721669980119286 0.024479166666666666 0.061630218687872766
0 0.29739583333333336 0.28926441351888665 0.011458333333333333 0.039761431411530816
0 0.37447916666666664 0.2828031809145129 0.00625 0.016898608349900597
0 0.19635416666666666 0.294234592445328 0.010416666666666666 0.03578528827037773
0 0.18046875 0.297713717693837 0.016145833333333335 0.040755467196819085
0 0.01328125 0.2957256461232604 0.008854166666666666 0.020874751491053677
0 0.8596354166666667 0.30069582504970177 0.013020833333333334 0.02882703777335984
0 0.31223958333333335 0.30417495029821073 0.0140625 0.02186878727634195
0 0.2734375 0.30566600397614313 0.007291666666666667 0.016898608349900597
0 0.42994791666666665 0.31709741550695825 0.016145833333333335 0.039761431411530816
0 0.5151041666666667 0.3121272365805169 0.00625 0.02385685884691849
0 0.4122395833333333 0.3101391650099404 0.013020833333333334 0.017892644135188866
0 0.5919270833333333 0.31610337972166996 0.0203125 0.027833001988071572
0 0.88046875 0.31262425447316106 0.018229166666666668 0.020874751491053677
0 0.9265625 0.31312127236580517 0.008333333333333333 0.02385685884691849
0 0.16484375 0.31759443339960236 0.019270833333333334 0.014910536779324055
0 0.34296875 0.3305168986083499 0.013020833333333334 0.042743538767395624
0 0.2640625 0.33001988071570576 0.021875 0.027833001988071572
0 0.3958333333333333 0.33300198807157055 0.011458333333333333 0.02385685884691849
0 0.19635416666666666 0.3414512922465209 0.011458333333333333 0.032803180914512925
0 0.3848958333333333 0.33697813121272363 0.007291666666666667 0.017892644135188866
0 0.478125 0.34592445328031807 0.01875 0.02385685884691849
0 0.04192708333333333 0.3558648111332008 0.0078125 0.03578528827037773
0 0.23645833333333333 0.34840954274353875 0.019791666666666666 0.016898608349900597
0 0.9427083333333334 0.35934393638170975 0.030208333333333334 0.03479125248508946
0 0.17213541666666668 0.3543737574552684 0.005729166666666666 0.014910536779324055
0 0.4484375 0.3727634194831014 0.022916666666666665 0.05168986083499006
0 0.7088541666666667 0.3648111332007952 0.01875 0.03180914512922465
0 0.10546875 0.38469184890656066 0.0078125 0.03180914512922465
0 0.23098958333333333 0.40159045725646125 0.0171875 0.039761431411530816
0 0.6919270833333333 0.39065606361829025 0.016145833333333335 0.013916500994035786
0 0.6697916666666667 0.4110337972166998 0.009375 0.04473161033797217
0 0.14401041666666667 0.4095427435387674 0.013020833333333334 0.03777335984095427
0 0.3424479166666667 0.3966202783300199 0.0067708333333333336 0.011928429423459244
0 0.36354166666666665 0.40357852882703776 0.016666666666666666 0.017892644135188866
0 0.029427083333333333 0.4115308151093439 0.025520833333333333 0.02385685884691849
0 0.4015625 0.4239562624254473 0.023958333333333335 0.03479125248508946
0 0.9119791666666667 0.43588469184890655 0.034375 0.042743538767395624
0 0.1171875 0.4403578528827038 0.011458333333333333 0.04771371769383698
0 0.3328125 0.4309145129224652 0.007291666666666667 0.020874751491053677
0 0.23177083333333334 0.43439363817097415 0.009375 0.013916500994035786
0 0.9645833333333333 0.4423459244532803 0.007291666666666667 0.03180914512922465
0 0.36692708333333335 0.44582504970178927 0.005729166666666666 0.012922465208747515
0 0.35598958333333336 0.455765407554672 0.009895833333333333 0.030815109343936383
0 0.25807291666666665 0.4562624254473161 0.015104166666666667 0.02186878727634195
0 0.08723958333333333 0.4696819085487077 0.019270833333333334 0.042743538767395624
0 0.2109375 0.4587475149105368 0.005208333333333333 0.012922465208747515
0 0.33567708333333335 0.47564612326043737 0.0140625 0.032803180914512925
0 0.2520833333333333 0.48807157057654077 0.034375 0.04771371769383698
0 0.35885416666666664 0.48807157057654077 0.020833333333333332 0.03180914512922465
0 0.21145833333333333 0.4840954274353877 0.007291666666666667 0.015904572564612324
0 0.4393229166666667 0.5 0.0140625 0.0437375745526839
0 0.020833333333333332 0.4850894632206759 0.009375 0.009940357852882704
0 0.009895833333333333 0.49502982107355864 0.009375 0.009940357852882704
0 0.825 0.5 0.009375 0.017892644135188866
0 0.42109375 0.5079522862823062 0.019270833333333334 0.027833001988071572
0 0.37916666666666665 0.5248508946322068 0.009375 0.033797216699801194
0 0.28932291666666665 0.5288270377733598 0.015104166666666667 0.03777335984095427
0 0.8677083333333333 0.5352882703777336 0.0125 0.042743538767395624
0 0.5317708333333333 0.5392644135188867 0.007291666666666667 0.03479125248508946
0 0.6479166666666667 0.5347912524850894 0.029166666666666667 0.02385685884691849
0 0.090625 0.5571570576540755 0.008333333333333333 0.03479125248508946
0 0.2520833333333333 0.562624254473161 0.00625 0.033797216699801194
0 0.41015625 0.5656063618290258 0.009895833333333333 0.039761431411530816
0 0.5169270833333334 0.5581510934393639 0.0140625 0.02286282306163022
0 0.425 0.5680914512922465 0.010416666666666666 0.012922465208747515
0 0.8393229166666667 0.5765407554671969 0.0234375 0.019880715705765408
0 0.5018229166666667 0.5969184890656064 0.0171875 0.02882703777335984
0 0.43697916666666664 0.5914512922465208 0.007291666666666667 0.015904572564612324
0 0.44921875 0.6003976143141153 0.013020833333333334 0.033797216699801194
0 0.81875 0.6033797216699801 0.020833333333333332 0.017892644135188866
0 0.7989583333333333 0.6088469184890656 0.017708333333333333 0.016898608349900597
0 0.41302083333333334 0.6113320079522863 0.010416666666666666 0.017892644135188866
0 0.26796875 0.6138170974155069 0.013020833333333334 0.020874751491053677
0 0.39114583333333336 0.6158051689860835 0.007291666666666667 0.020874751491053677
0 0.7333333333333333 0.6242544731610338 0.023958333333333335 0.02982107355864811
0 0.46432291666666664 0.6262425447316103 0.011979166666666667 0.027833001988071572
0 0.39765625 0.6297216699801192 0.015104166666666667 0.020874751491053677
0 0.42890625 0.6620278330019881 0.0203125 0.08349900596421471
0 0.09921875 0.6371769383697813 0.005729166666666666 0.02982107355864811
0 0.5856770833333333 0.6426441351888668 0.008854166666666666 0.02882703777335984
0 0.4161458333333333 0.6500994035785288 0.016666666666666666 0.041749502982107355
0 0.5020833333333333 0.6341948310139165 0.015625 0.009940357852882704
0 0.04479166666666667 0.6590457256461233 0.03229166666666667 0.0437375745526839
0 0.8520833333333333 0.6510934393638171 0.025 0.02584493041749503
0 0.47552083333333334 0.6500994035785288 0.01875 0.017892644135188866
0 0.6057291666666667 0.6635188866799204 0.008333333333333333 0.040755467196819085
0 0.3046875 0.6665009940357853 0.020833333333333332 0.014910536779324055
0 0.3268229166666667 0.6645129224652088 0.011979166666666667 0.010934393638170975
0 0.5380208333333333 0.679920477137177 0.022916666666666665 0.02186878727634195
0 0.4739583333333333 0.6883697813121272 0.009375 0.02286282306163022
0 0.29739583333333336 0.6938369781312127 0.010416666666666666 0.02186878727634195
0 0.13411458333333334 0.6973161033797217 0.019270833333333334 0.012922465208747515
0 0.15520833333333334 0.7087475149105368 0.005208333333333333 0.03180914512922465
0 0.0036458333333333334 0.7196819085487077 0.007291666666666667 0.03578528827037773
0 0.28229166666666666 0.7271371769383698 0.025 0.04671968190854871
0 0.9385416666666667 0.7206759443339961 0.015625 0.019880715705765408
0 0.421875 0.7306163021868787 0.019791666666666666 0.02385685884691849
0 0.57421875 0.7326043737574552 0.018229166666666668 0.027833001988071572
0 0.7729166666666667 0.7514910536779325 0.007291666666666667 0.04771371769383698
0 0.033854166666666664 0.7524850894632207 0.01875 0.04771371769383698
0 0.33151041666666664 0.7350894632206759 0.019270833333333334 0.010934393638170975
0 0.051041666666666666 0.757455268389662 0.011458333333333333 0.041749502982107355
0 0.3984375 0.7559642147117296 0.009375 0.030815109343936383
0 0.41875 0.7564612326043738 0.01875 0.03180914512922465
0 0.078125 0.7589463220675944 0.019791666666666666 0.014910536779324055
0 0.19348958333333333 0.7564612326043738 0.009895833333333333 0.011928429423459244
0 0.690625 0.768389662027833 0.011458333333333333 0.03578528827037773
0 0.23619791666666667 0.7673956262425448 0.018229166666666668 0.015904572564612324
0 0.5802083333333333 0.7823061630218688 0.017708333333333333 0.02982107355864811
0 0.011458333333333333 0.7882703777335984 0.017708333333333333 0.027833001988071572
0 0.3609375 0.7887673956262425 0.010416666666666666 0.02286282306163022
0 0.459375 0.7852882703777336 0.007291666666666667 0.017892644135188866
0 0.4875 0.7917495029821073 0.005208333333333333 0.02286282306163022
0 0.9484375 0.7907554671968191 0.021875 0.018886679920477135
0 0.5307291666666667 0.7962226640159046 0.015625 0.017892644135188866
0 0.33958333333333335 0.8036779324055666 0.0125 0.02882703777335984
0 0.09166666666666666 0.8136182902584493 0.021875 0.02485089463220676
0 0.39375 0.8166003976143141 0.007291666666666667 0.016898608349900597
0 0.5752604166666667 0.8349900596421471 0.009895833333333333 0.03578528827037773
0 0.9645833333333333 0.8369781312127237 0.025 0.03777335984095427
0 0.6299479166666667 0.8424453280318092 0.0109375 0.042743538767395624
0 0.3046875 0.8538767395626242 0.0125 0.017892644135188866
0 0.9059895833333333 0.8782306163021869 0.011979166666666667 0.04671968190854871
0 0.3729166666666667 0.8846918489065606 0.03854166666666667 0.055666003976143144
0 0.13046875 0.8687872763419483 0.0109375 0.017892644135188866
0 0.6380208333333334 0.8817097415506958 0.015625 0.02584493041749503
0 0.40572916666666664 0.9035785288270378 0.022916666666666665 0.033797216699801194
0 0.32265625 0.9050695825049702 0.0109375 0.030815109343936383
0 0.2513020833333333 0.9085487077534792 0.0036458333333333334 0.027833001988071572
0 0.55 0.9219681908548708 0.017708333333333333 0.036779324055666
0 0.8984375 0.9179920477137177 0.016666666666666666 0.014910536779324055
0 0.38177083333333334 0.9214711729622267 0.01875 0.017892644135188866
0 0.34921875 0.937375745526839 0.0067708333333333336 0.03578528827037773
0 0.6453125 0.9363817097415507 0.01875 0.02982107355864811
0 0.6192708333333333 0.9383697813121272 0.014583333333333334 0.02584493041749503
0 0.15963541666666667 0.9637176938369781 0.019270833333333334 0.018886679920477135
0 0.21692708333333333 0.9845924453280318 0.0234375 0.02882703777335984
0 0.18125 0.9850894632206759 0.01875 0.027833001988071572
0 0.32473958333333336 0.9850894632206759 0.008854166666666666 0.027833001988071572
0 0.40989583333333335 0.9850894632206759 0.009375 0.027833001988071572
0 0.12604166666666666 0.9900596421471173 0.009375 0.017892644135188866